0.000000000000000000e+00
0.000000000000000000e+00
-1.348570322079468249e-08
-8.156731610142747048e-08
-2.561677797530138654e-07
-5.706769047719719228e-07
-1.093044350000127587e-06
-1.630186754937312993e-06
-2.480293489952600557e-06
-3.383117011708237108e-06
-4.188418181456655141e-06
-4.848813271109976667e-06
-5.372755233565840206e-06
-4.840804770083196034e-06
-3.214299370029038745e-06
1.960126860467434822e-07
5.989975895772659800e-06
1.477044263765492550e-05
3.173970688976624746e-05
6.119504176922420076e-05
1.045098302597580376e-04
1.686997392857847900e-04
2.567426355267344446e-04
3.769441282088337826e-04
5.336807628805220185e-04
7.352505957419455847e-04
9.849264433319153498e-04
1.295722663187462431e-03
1.670318670355755777e-03
2.120375275396782500e-03
2.653001822316129136e-03
3.280287660443265835e-03
4.016132481181104892e-03
4.868244878732642077e-03
5.844531856262167972e-03
6.963821105443915999e-03
8.229095391714057531e-03
9.649371556722598914e-03
1.122692485877223485e-02
1.296965172120280625e-02
1.488008355327792402e-02
1.697004546948619255e-02
1.922508349248118475e-02
2.166107689567751959e-02
2.427196686693377722e-02
2.705352997013278291e-02
3.000459616609759544e-02
3.313459759184069625e-02
3.641790067382998791e-02
3.987136369177050887e-02
4.347707157560535413e-02
4.726242189832873669e-02
5.121843104788012524e-02
5.532912646957584279e-02
5.959398960300632542e-02
6.401059841343112455e-02
6.859710907169527805e-02
7.335314130016512557e-02
7.826469754406160939e-02
8.332885777183716980e-02
8.853955482670014532e-02
9.389823829361144958e-02
9.940631782242002890e-02
1.050870588941210659e-01
1.109339973849886862e-01
1.169680819434756464e-01
1.231576285285586325e-01
1.294935951156253040e-01
1.359892294330233842e-01
1.426511863393420398e-01
1.494882289094562056e-01
1.565038142127627430e-01
1.637082484883899125e-01
1.710774127168292469e-01
1.785904315633410344e-01
1.862638792914980690e-01
1.941075119895571688e-01
2.021337602061862027e-01
2.103146747274035611e-01
2.186656651420230413e-01
2.271673587483997725e-01
2.358667418880101008e-01
2.447406700772877253e-01
2.537556192798252619e-01
2.629101071281070845e-01
2.721898672504062811e-01
2.816361758632297541e-01
2.912347963971729237e-01
3.009904376191730457e-01
3.108958486241931718e-01
3.209842375440234430e-01
3.312825909776325184e-01
3.418087283296222800e-01
3.525374666375751809e-01
3.634882560891743442e-01
3.746395865602131781e-01
3.860312167329426614e-01
3.976106694860098156e-01
4.093863788766500811e-01
4.213507524652120306e-01
4.335144880933400890e-01
4.458704439324971958e-01
4.584301844758626454e-01
4.712324575109121394e-01
4.842760578317283349e-01
4.975480273885367621e-01
5.110218433065055743e-01
5.246993199510215922e-01
5.386117020768759200e-01
5.527535799665090899e-01
5.671483305616018544e-01
5.817270973844167470e-01
5.965338162107106657e-01
6.115438178701040339e-01
6.267987731618520630e-01
6.423185077829001166e-01
6.580636719388600619e-01
6.740669540090199474e-01
6.903318790120716031e-01
7.068804720563525157e-01
7.237177280110950184e-01
7.408152261895769586e-01
7.581878057641617819e-01
7.758228496236435623e-01
7.936894658727280394e-01
8.117901567144027997e-01
8.301153269929519851e-01
8.485932675523392144e-01
8.672509375733964410e-01
8.860788074655169266e-01
9.051419404668444857e-01
9.244229904336567216e-01
9.438951090497611496e-01
9.635664120835900626e-01
9.834640470666526912e-01
1.003618284813844852e+00
1.024040254704438935e+00
1.044670602433168005e+00
1.065553437821351368e+00
1.086685337178193489e+00
1.108025001637422013e+00
1.129600674263917304e+00
1.151389650456391855e+00
1.173338076226197568e+00
1.195517958752595700e+00
1.217878231160127278e+00
1.240433768383943036e+00
1.263173426739655714e+00
1.286047810666047342e+00
1.309110621563874366e+00
1.332330974690400183e+00
1.355704731099091509e+00
1.379222268216095726e+00
1.402929207436524273e+00
1.426844369523011080e+00
1.451004404179535578e+00
1.475358718983612594e+00
1.499951984040222452e+00
1.524750694386444394e+00
1.549831902138672390e+00
1.575181612126312691e+00
1.600763472668610188e+00
1.626583289257965692e+00
1.652627350441895127e+00
1.678955301396332311e+00
1.705493079773865439e+00
1.732307392708740901e+00
1.759379703156433772e+00
1.786737915627442108e+00
1.814341694466553356e+00
1.842174874894104475e+00
1.870221740357361107e+00
1.898528625122986258e+00
1.927097982518158226e+00
1.955955025307617445e+00
1.985042933575592139e+00
2.014386006943664764e+00
2.043946313015900351e+00
2.073734470955811204e+00
2.103742064587555749e+00
2.133956994168243693e+00
2.164351376645050173e+00
2.194908372513733053e+00
2.225581471077881179e+00
2.256344360463104159e+00
2.287147995583495685e+00
2.317960197083434704e+00
2.348743573777159810e+00
2.379470671765288703e+00
2.410118180863341841e+00
2.440663277260741726e+00
2.471085278145751740e+00
2.501368323914490155e+00
2.531499785534820912e+00
2.561484603039703156e+00
2.591314844243011617e+00
2.620983001343689445e+00
2.650502006165466717e+00
2.679865082852325830e+00
2.709072376839599894e+00
2.738121317975006352e+00
2.767015091530761861e+00
2.795751682869873633e+00
2.824334630124054613e+00
2.852735594860992929e+00
2.880965468041382316e+00
2.908997668377838686e+00
2.936847232930146046e+00
2.964486247651062278e+00
2.991906317822418782e+00
3.019123868100129116e+00
3.046111857048951155e+00
3.072888652436219559e+00
3.099426983944856051e+00
3.125746521107636955e+00
3.151830727211915928e+00
3.177710720650636755e+00
3.203365356080019488e+00
3.228797117821657459e+00
3.253999585263215977e+00
3.278976081959688482e+00
3.303738140217745478e+00
3.328282958619082077e+00
3.352580584637606442e+00
3.376635560147249748e+00
3.400436035744630825e+00
3.424014147870027891e+00
3.447370280377352270e+00
3.470486749760592460e+00
3.493386708847964428e+00
3.516043237797702226e+00
3.538478101841891821e+00
3.560710901371920922e+00
3.582710138909305009e+00
3.604495274178470154e+00
3.626058265320742713e+00
3.647411388508761565e+00
3.668575255028688975e+00
3.689521288029634860e+00
3.710268138997041998e+00
3.730799745671236067e+00
3.751139906994783058e+00
3.771286043278657907e+00
3.791226133458101444e+00
3.810988637558901271e+00
3.830555934063875956e+00
3.849947409979785018e+00
3.869159658305132865e+00
3.888180891625368396e+00
3.907035099617921947e+00
3.925706173531496201e+00
3.944211390368425718e+00
3.962547191731416785e+00
3.980701990477525598e+00
3.998676870219194157e+00
4.016474403492891199e+00
4.034092655531847704e+00
4.051537362687076538e+00
4.068812786690678251e+00
4.085919660679783405e+00
4.102863643519367720e+00
4.119630219094242207e+00
4.136225560061420836e+00
4.152641737811054057e+00
4.168892786852802068e+00
4.184981062762226145e+00
4.200895374171222940e+00
4.216644955031360276e+00
4.232222814909899711e+00
4.247624758831942238e+00
4.262864996544802665e+00
4.277940097205126690e+00
4.292844428173983040e+00
4.307583021275483759e+00
4.322127098195038819e+00
4.336465021721803481e+00
4.350611913554155663e+00
4.364546070448839465e+00
4.378258451573335819e+00
4.391766217104875913e+00
4.405033358685457756e+00
4.418057016484224775e+00
4.430863789669954755e+00
4.443418089501345314e+00
4.455717692725145618e+00
4.467772323243105248e+00
4.479581582896197567e+00
4.491147431485140729e+00
4.502479826561892828e+00
4.513577787033999478e+00
4.524417711846315804e+00
4.535005647294009457e+00
4.545351978890384004e+00
4.555440762392962917e+00
4.565280782334292908e+00
4.574859338752712112e+00
4.584158044211354088e+00
4.593197930805172469e+00
4.601962116114582280e+00
4.610445775739636431e+00
4.618665557257618737e+00
4.626614139430012429e+00
4.634281331650701219e+00
4.641697747461285495e+00
4.648847418181386359e+00
4.655734032742468109e+00
4.662375883810010890e+00
4.668768087975470493e+00
4.674902485362975035e+00
4.680811199895827279e+00
4.686476918808905268e+00
4.691906442396131638e+00
4.697115711323705867e+00
4.702100434951273833e+00
4.706852807752578194e+00
4.711400691322771728e+00
4.715735655180900210e+00
4.719883105508774435e+00
4.723826416484802948e+00
4.727571311645001551e+00
4.731140117399186273e+00
4.734532105676621860e+00
4.737744917027443492e+00
4.740809143833606853e+00
4.743717637412040666e+00
4.746492075972049030e+00
4.749124554745642435e+00
4.751616964690176026e+00
4.753981201551643387e+00
4.756219216786115034e+00
4.758330254904715062e+00
4.760333179138390491e+00
4.762226608149497054e+00
4.764016117654530369e+00
4.765712939850775598e+00
4.767321609310594788e+00
4.768848742298570365e+00
4.770303799114910426e+00
4.771693648151842382e+00
4.773022982083049648e+00
4.774300153158394622e+00
4.775533036865083680e+00
4.776728725485293481e+00
4.777894479907839553e+00
4.779040176398842377e+00
4.780172327734320881e+00
4.781297650612681416e+00
4.782423225544182976e+00
4.783552881456701655e+00
4.784691957659809702e+00
4.785844297535508218e+00
4.787016078658192342e+00
4.788207932315557080e+00
4.789421190075366042e+00
4.790662474758713429e+00
4.791931869961111978e+00
4.793233472235291615e+00
4.794566962994426085e+00
4.795932914443106654e+00
4.797332295305818839e+00
4.798766212291806887e+00
4.800239823885052992e+00
4.801748187519402578e+00
4.803288868345114260e+00
4.804862561054322967e+00
4.806468658275696804e+00
4.808110652096362791e+00
4.809782986171337704e+00
4.811482586093038805e+00
4.813209698326677000e+00
4.814963677651969753e+00
4.816747663445561045e+00
4.818556171633094465e+00
4.820385977752299489e+00
4.822237192667813588e+00
4.824109233595224033e+00
4.826004752941222442e+00
4.827918629623741964e+00
4.829847986526580428e+00
4.831792685664982656e+00
4.833752471335023948e+00
4.835729375012011388e+00
4.837718681372495055e+00
4.839718410648198521e+00
4.841724907286258706e+00
4.843740097410770495e+00
4.845763485260101255e+00
4.847793220110030887e+00
4.849826321430296794e+00
4.851859287746042249e+00
4.853889525510163061e+00
4.855915970332713272e+00
4.857935726918072739e+00
4.859945278890224429e+00
4.861940032221168551e+00
4.863916387088387694e+00
4.865874752379744095e+00
4.867813319243280645e+00
4.869729134864894782e+00
4.871618029154626939e+00
4.873477639831392594e+00
4.875308614350644554e+00
4.877111126608936864e+00
4.878886975772468659e+00
4.880635609455196366e+00
4.882354821242182119e+00
4.884041847564070338e+00
4.885694903410762180e+00
4.887314492441504399e+00
4.888901084638922256e+00
4.890456421352713079e+00
4.891979843951552276e+00
4.893471579380125114e+00
4.894933187193960755e+00
4.896365876026244734e+00
4.897772217370362391e+00
4.899152302868456488e+00
4.900504626311152911e+00
4.901828113771766304e+00
4.903120473302692517e+00
4.904379822440237291e+00
4.905606831736652573e+00
4.906803692109672710e+00
4.907972177840559169e+00
4.909112120471684548e+00
4.910223308183041979e+00
4.911306597567882015e+00
4.912364730216350672e+00
4.913400016553487681e+00
4.914412538535679609e+00
4.915402567438566628e+00
4.916369857765520379e+00
4.917315607048356796e+00
4.918238393716301005e+00
4.919136004052843347e+00
4.920008223257745783e+00
4.920854010484898566e+00
4.921673355228984192e+00
4.922465081639372464e+00
4.923231134168589485e+00
4.923974060095632765e+00
4.924694574750745346e+00
4.925394157223188962e+00
4.926072863988363970e+00
4.926731046639168277e+00
4.927368308059656421e+00
4.927984235711182492e+00
4.928579793289091349e+00
4.929155404917683114e+00
4.929712596140588765e+00
4.930252476162994668e+00
4.930775556020225991e+00
4.931283440977121124e+00
4.931777136266018324e+00
4.932258423693266280e+00
4.932728600591207879e+00
4.933189988970544171e+00
4.933643802270081480e+00
4.934090869068886498e+00
4.934532819889273725e+00
4.934970865450588384e+00
4.935406399011400325e+00
4.935839238926555517e+00
4.936267889603761283e+00
4.936693426497070547e+00
4.937114923499314578e+00
4.937534863963512599e+00
4.937953929170755707e+00
4.938370969570962998e+00
4.938787288382438412e+00
4.939203421972480967e+00
4.939621349103537007e+00
4.940041775867130447e+00
4.940463252045002029e+00
4.940885139867451592e+00
4.941306722625878223e+00
4.941730433605399320e+00
4.942158684409942992e+00
4.942591043464628520e+00
4.943028061069337120e+00
4.943468521624591716e+00
4.943914500936653411e+00
4.944368161126758032e+00
4.944826090499545579e+00
4.945288055553817230e+00
4.945749752424442924e+00
4.946211078479671563e+00
4.946672525085293870e+00
4.947135641068005185e+00
4.947600518815004733e+00
4.948066941849674549e+00
4.948537385739173011e+00
4.949012253336396050e+00
4.949494670867708557e+00
4.949986323505428665e+00
4.950489375233439127e+00
4.951007682807532895e+00
4.951537147812334005e+00
4.952078878670720385e+00
4.952631722107319057e+00
4.953196566678372825e+00
4.953776048026767853e+00
4.954365674011198983e+00
4.954964277274696016e+00
4.955566862873522105e+00
4.956172006480184855e+00
4.956776243984487351e+00
4.957378878943410783e+00
4.957981104083148516e+00
4.958580350853291741e+00
4.959175698064056448e+00
4.959764551982072334e+00
4.960345860063817724e+00
4.960918486133006233e+00
4.961486455626573644e+00
4.962052669279065853e+00
4.962617501333144610e+00
4.963181358068970539e+00
4.963741796627429537e+00
4.964298523306635680e+00
4.964848714113024641e+00
4.965391185074834013e+00
4.965924688219813810e+00
4.966452920786825764e+00
4.966978294528809457e+00
4.967501195199576891e+00
4.968022024795201830e+00
4.968539491198746383e+00
4.969052065476565083e+00
4.969559219307987163e+00
4.970061326972929017e+00
4.970557926349130184e+00
4.971045871875967137e+00
4.971525738142218209e+00
4.971995199300136115e+00
4.972453674912239663e+00
4.972900045193518359e+00
4.973334408566142173e+00
4.973755839332724804e+00
4.974161013938273257e+00
4.974548903532113542e+00
4.974917963795150833e+00
4.975268116682554087e+00
4.975597855500661915e+00
4.975903682984196941e+00
4.976184502705716994e+00
4.976438755389088975e+00
4.976666342872912097e+00
4.976865404281551442e+00
4.977032476305747188e+00
4.977166380468541540e+00
4.977265569479922824e+00
4.977330686175982954e+00
4.977363857748706266e+00
4.977361745454246034e+00
4.977325015211819803e+00
4.977253150785683644e+00
4.977145987231626378e+00
4.977005559703677307e+00
4.976830612117766783e+00
4.976623523416339623e+00
4.976383963296531654e+00
4.976114185149191904e+00
4.975817878743974632e+00
4.975496351620522617e+00
4.975152622809973835e+00
4.974787086634305133e+00
4.974402913054791320e+00
4.974004911905494986e+00
4.973594464151528172e+00
4.973175213983621390e+00
4.972747594094242274e+00
4.972314494824375153e+00
4.971881295530462985e+00
4.971449043205345752e+00
4.971021773083474038e+00
4.970599853260781131e+00
4.970184916606511294e+00
4.969779469011689876e+00
4.969386270618404211e+00
4.969009820720519777e+00
4.968648392347957632e+00
4.968301767645741940e+00
4.967971572852099449e+00
4.967659783209080082e+00
4.967370836617763352e+00
4.967102752844210656e+00
4.966854737321255264e+00
4.966628369534728193e+00
4.966425349669870037e+00
4.966250082267785970e+00
4.966100719966331845e+00
4.965976293146946219e+00
4.965879388790914284e+00
4.965809261286037390e+00
4.965763952801341752e+00
4.965741212642158509e+00
4.965737967833689481e+00
4.965753712416905330e+00
4.965786068830917444e+00
4.965833879928382544e+00
4.965895645497644395e+00
4.965968846651072077e+00
4.966053335750753028e+00
4.966146249156722092e+00
4.966247425414898942e+00
4.966355458544843948e+00
4.966467945967146136e+00
4.966584673654564241e+00
4.966703016469531384e+00
4.966822713483400875e+00
4.966942385863788445e+00
4.967059814539083185e+00
4.967174359737241751e+00
4.967284150440523405e+00
4.967393657751658864e+00
4.967504797596762778e+00
4.967618528558219282e+00
4.967735384516695163e+00
4.967854431588480502e+00
4.967975844936723284e+00
4.968098742189163808e+00
4.968222023081311889e+00
4.968344759391897902e+00
4.968465101123133998e+00
4.968582334565277314e+00
4.968695241660157969e+00
4.968806057153548394e+00
4.968914717184659047e+00
4.969023515889701592e+00
4.969133051410599577e+00
4.969245150815977397e+00
4.969361648978947166e+00
4.969484760202750095e+00
4.969617070406957993e+00
4.969757320443451754e+00
4.969908626489624837e+00
4.970070408135935480e+00
4.970245002173169446e+00
4.970433196630610340e+00
4.970632213596536175e+00
4.970844342541231420e+00
4.971068197228295737e+00
4.971305697858615424e+00
4.971557362973972438e+00
4.971820200123175049e+00
4.972096358370318825e+00
4.972384248357549552e+00
4.972685997169747907e+00
4.973001628537014440e+00
4.973329781685308149e+00
4.973670057151749369e+00
4.974021981563702788e+00
4.974384072218374087e+00
4.974755692016617381e+00
4.975135367978648304e+00
4.975522098038628549e+00
4.975915137399271160e+00
4.976312984284296803e+00
4.976714823860958425e+00
4.977119207363859488e+00
4.977525044698551504e+00
4.977931602765157670e+00
4.978337504808144409e+00
4.978741775956290638e+00
4.979142992031115433e+00
4.979539976734954188e+00
4.979931853767769923e+00
4.980317389723198929e+00
4.980695633199352379e+00
4.981065399889189393e+00
4.981425389405627513e+00
4.981774876062114998e+00
4.982116510663470166e+00
4.982450838815710270e+00
4.982781076859971847e+00
4.983108192179640739e+00
4.983430653456886184e+00
4.983748335000415253e+00
4.984061496760983978e+00
4.984371147454074169e+00
4.984678361509284450e+00
4.984979537315955334e+00
4.985273735225488778e+00
4.985560859199901884e+00
4.985841939728995698e+00
4.986118279565412870e+00
4.986386380084145920e+00
4.986645589806427026e+00
4.986895811967839265e+00
4.987138310168225175e+00
4.987374490164506291e+00
4.987605452202546807e+00
4.987832126021672252e+00
4.988056133576024287e+00
4.988280142173458387e+00
4.988501756228793660e+00
4.988720878344316212e+00
4.988939005527932125e+00
4.989158210661548409e+00
4.989381568692909497e+00
4.989606942553359126e+00
4.989834310859727395e+00
4.990065057706373430e+00
4.990301342793094896e+00
4.990546371266531445e+00
4.990798114929634544e+00
4.991056367364067547e+00
4.991322489977171095e+00
4.991598594263483513e+00
4.991888128649729417e+00
4.992189010419237682e+00
4.992501042615909768e+00
4.992825515698928740e+00
4.993164510820347957e+00
4.993521693181533827e+00
4.993894932326216285e+00
4.994283953365224349e+00
4.994689978491799742e+00
4.995115081724065931e+00
4.995563164111514354e+00
4.996031961497207519e+00
4.996522008050519936e+00
4.997029868606763792e+00
4.997557443883556161e+00
4.998103806022839990e+00
4.998664758336085256e+00
4.999241543840902580e+00
4.999831509087520942e+00
5.000436994117039902e+00
5.001057478580910320e+00
5.001688663084346231e+00
5.002331960741715378e+00
5.002984968070224525e+00
5.003649930451348204e+00
5.004326108563973641e+00
5.005009685326650803e+00
5.005701894481017433e+00
5.006400505993798156e+00
5.007107570711806233e+00
5.007822188902928850e+00
5.008540865127280917e+00
5.009260622728900714e+00
5.009978256095486415e+00
5.010691271443205252e+00
5.011396852154570425e+00
5.012092423383432305e+00
5.012775280271010381e+00
5.013443049807388086e+00
5.014093275685148399e+00
5.014723508376914829e+00
5.015333960224229060e+00
5.015925515089469933e+00
5.016499499399501794e+00
5.017053635549086898e+00
5.017587152067857659e+00
5.018101459536986830e+00
5.018598249052005578e+00
5.019079532008904110e+00
5.019543181117909647e+00
5.019988885317284044e+00
5.020414349008638588e+00
5.020819406304794619e+00
5.021201775055664562e+00
5.021557799075085704e+00
5.021887402106361975e+00
5.022188512496934543e+00
5.022461890243278937e+00
5.022704987041938018e+00
5.022914239522355828e+00
5.023089401237953666e+00
5.023228619024444619e+00
5.023332388121922065e+00
5.023399359481696358e+00
5.023430107995224603e+00
5.023426601460667662e+00
5.023390415785831564e+00
5.023323057084340348e+00
5.023222674331623061e+00
5.023089510216373732e+00
5.022925250041295087e+00
5.022731327950020308e+00
5.022510814699341353e+00
5.022266216124403826e+00
5.022000115565020018e+00
5.021711543216365037e+00
5.021401252537027737e+00
5.021071612103835236e+00
5.020724913417355495e+00
5.020364140770391614e+00
5.019988225228146916e+00
5.019597800052719272e+00
5.019195129401044397e+00
5.018782908036367729e+00
5.018364097415464187e+00
5.017937828502612163e+00
5.017504222295239735e+00
5.017065741918041333e+00
5.016624804041341257e+00
5.016185146472409428e+00
5.015745692863120553e+00
5.015306420749976013e+00
5.014869681387199130e+00
5.014437868087543215e+00
5.014015031955195489e+00
5.013599703996433732e+00
5.013192215464068902e+00
5.012793037160289344e+00
5.012402067459178490e+00
5.012019258416247069e+00
5.011644430025468999e+00
5.011277059107075438e+00
5.010916989683161127e+00
5.010563857830116596e+00
5.010217080353745800e+00
5.009876695475528052e+00
5.009542279778966822e+00
5.009213772355566974e+00
5.008891181661736525e+00
5.008574244393956931e+00
5.008263419358980784e+00
5.007958609475742229e+00
5.007660489822725935e+00
5.007369523919176224e+00
5.007086138850997514e+00
5.006809479738572932e+00
5.006537841702799696e+00
5.006268601114850725e+00
5.006004462945264244e+00
5.005745858694416128e+00
5.005493836137456576e+00
5.005249701193524636e+00
5.005015420964910255e+00
5.004787812451824358e+00
5.004565305630667815e+00
5.004348037294102269e+00
5.004136892366212841e+00
5.003933822042298196e+00
5.003735561124038611e+00
5.003540770201933441e+00
5.003349573998701949e+00
5.003162855035616197e+00
5.002982496651810607e+00
5.002805244284670216e+00
5.002629791307252383e+00
5.002456235694689113e+00
5.002285502604199685e+00
5.002119292798444583e+00
5.001957803531542623e+00
5.001799230850295430e+00
5.001646608305156505e+00
5.001500221253365019e+00
5.001364407776845766e+00
5.001241002078159248e+00
5.001129705109624624e+00
5.001029161219475050e+00
5.000936584747386782e+00
5.000854347529811506e+00
5.000783026213747817e+00
5.000721288169724055e+00
5.000666868551624233e+00
5.000616632802401540e+00
5.000572576620608167e+00
5.000534991577726629e+00
5.000502323911053537e+00
5.000472182387013298e+00
5.000441585148212909e+00
5.000412415601307892e+00
5.000384840632317918e+00
5.000358260574280678e+00
5.000331813551016857e+00
5.000304534074381912e+00
5.000280312527898730e+00
5.000261760194549154e+00
5.000249711459033186e+00
5.000244527845640441e+00
5.000245796079540561e+00
5.000253012504687788e+00
5.000265792493735262e+00
5.000283181909033203e+00
5.000304413029950545e+00
5.000328449671651576e+00
5.000354313440182885e+00
5.000381200732224585e+00
5.000407992740653285e+00
5.000433745954212306e+00
5.000457365272593435e+00
5.000477828094297195e+00
5.000494283542064267e+00
5.000505557470749096e+00
5.000510681986487072e+00
5.000508529331416874e+00
5.000498081856057375e+00
5.000478729453752713e+00
5.000452901729730115e+00
5.000420804148888010e+00
5.000385276236919196e+00
5.000346608454709241e+00
5.000303043978635564e+00
5.000256483838309229e+00
5.000206641400579244e+00
5.000156101453464785e+00
5.000105091537696111e+00
5.000052349529576112e+00
5.000000265775596198e+00
4.999949083038953468e+00
4.999901953194640036e+00
4.999859863514429570e+00
4.999821206232881288e+00
4.999788543972535138e+00
4.999761948079684437e+00
4.999744745239731003e+00
4.999738074614431760e+00
4.999740193147587775e+00
4.999752457039573272e+00
4.999772323696085152e+00
4.999799991015021483e+00
4.999838499634203792e+00
4.999886058352565499e+00
4.999944017336383162e+00
5.000009832980721214e+00
5.000083844249747500e+00
5.000167001790976506e+00
5.000254416277309488e+00
5.000342969165791907e+00
5.000431006399590039e+00
5.000517522746372734e+00
5.000602038817155481e+00
5.000679606117914844e+00
5.000747284123350234e+00
5.000803914147105900e+00
5.000849071208064878e+00
5.000882797578957373e+00
5.000902738277943627e+00
5.000905501754165705e+00
5.000890826756510421e+00
5.000857070499476364e+00
5.000804878451305946e+00
5.000733296951653806e+00
5.000644399147854635e+00
5.000541403737293500e+00
5.000424901541696165e+00
5.000297381595151691e+00
5.000158873765172096e+00
5.000011448176952200e+00
4.999854326328637022e+00
4.999684896493705288e+00
4.999503772450984762e+00
4.999309541942925428e+00
4.999103356549890798e+00
4.998883703170719173e+00
4.998647751348467949e+00
4.998395663394036958e+00
4.998125840729477964e+00
4.997839206835631209e+00
4.997534770300988249e+00
4.997214322654905949e+00
4.996880668295923478e+00
4.996533456003669826e+00
4.996174302144352097e+00
4.995802170081439897e+00
4.995418400286141036e+00
4.995026073797050437e+00
4.994624730093781828e+00
4.994216097971801105e+00
4.993799052058164101e+00
4.993374870872500537e+00
4.992946976391973379e+00
4.992519779919089906e+00
4.992098859442773318e+00
4.991685210099818804e+00
4.991281990675631164e+00
4.990888328446449584e+00
4.990505988156797024e+00
4.990139283357561517e+00
4.989787759898603348e+00
4.989454027755560794e+00
4.989136360926927694e+00
4.988836047189685097e+00
4.988557370311024641e+00
4.988299597433210941e+00
4.988065350136163367e+00
4.987852660237254376e+00
4.987663642881812187e+00
4.987497256646306276e+00
4.987348813793064828e+00
4.987218465252222011e+00
4.987102590814606273e+00
4.987001910373940916e+00
4.986914323034138619e+00
4.986834746409580355e+00
4.986762846216000966e+00
4.986695012209378497e+00
4.986631654506921585e+00
4.986570118341036029e+00
4.986507634074800244e+00
4.986446272327007989e+00
4.986386014722662630e+00
4.986325806967356833e+00
4.986263621501999310e+00
4.986196967671998159e+00
4.986128154016472358e+00
4.986057267423160688e+00
4.985983327283897815e+00
4.985904352144712171e+00
4.985818011510560588e+00
4.985726487777571769e+00
4.985630053832570852e+00
4.985528384699861704e+00
4.985420425125772326e+00
4.985305087549054548e+00
4.985185848894903238e+00
4.985064364188724895e+00
4.984941137508863918e+00
4.984816074717233647e+00
4.984688242218833665e+00
4.984561486645977091e+00
4.984437740697900132e+00
4.984317674302871204e+00
4.984201287079047304e+00
4.984087314439381800e+00
4.983979943610171937e+00
4.983881228586101386e+00
4.983791867309622425e+00
4.983711820637249268e+00
4.983639756707848534e+00
4.983578363695555957e+00
4.983527255464719197e+00
4.983483330469021588e+00
4.983448172543571530e+00
4.983419978987799759e+00
4.983401090275871859e+00
4.983390705498310425e+00
4.983387324094508131e+00
4.983394860761906742e+00
4.983415317285540880e+00
4.983449474544466185e+00
4.983497084248082132e+00
4.983557414961250487e+00
4.983629650891961305e+00
4.983713020616414191e+00
4.983806844650971790e+00
4.983910417425650330e+00
4.984023096299935673e+00
4.984144219876473159e+00
4.984273046608289626e+00
4.984409581533839173e+00
4.984554195906240714e+00
4.984707497413475963e+00
4.984870264976492216e+00
4.985043915434945738e+00
4.985223995371925731e+00
4.985407884846645210e+00
4.985594338848458484e+00
4.985782800800370396e+00
4.985973414032923046e+00
4.986161094623821732e+00
4.986342875677364894e+00
4.986517333313095435e+00
4.986683847177045159e+00
4.986842257063105244e+00
4.986991415879890255e+00
4.987130135772019024e+00
4.987261170818671374e+00
4.987385559770479482e+00
4.987502669933454591e+00
4.987611011144907458e+00
4.987709169470907256e+00
4.987799751152486749e+00
4.987883662385137029e+00
4.987960210548916251e+00
4.988027893662656531e+00
4.988085280763190354e+00
4.988134843911249838e+00
4.988177457357963362e+00
4.988212445554530028e+00
4.988238311353347498e+00
4.988253614035642158e+00
4.988260847084314165e+00
4.988261156690826148e+00
4.988257445926540079e+00
4.988249450702097576e+00
4.988239301232498590e+00
4.988227838731947195e+00
4.988214925530011890e+00
4.988199891889345317e+00
4.988181631225270252e+00
4.988158853435997742e+00
4.988130013891605152e+00
4.988093413547722399e+00
4.988047281899599561e+00
4.987989812605193585e+00
4.987919184216409008e+00
4.987833679658471908e+00
4.987732635145186499e+00
4.987615991146413741e+00
4.987484140661655907e+00
4.987337768566904472e+00
4.987177595854847212e+00
4.987004700196085771e+00
4.986820160863100426e+00
4.986625075121520645e+00
4.986420666710584371e+00
4.986208064914791294e+00
4.985988557101336482e+00
4.985763406441656720e+00
4.985533814584013790e+00
4.985301084262427906e+00
4.985066433032153022e+00
4.984831176367698014e+00
4.984596588225213232e+00
4.984364029639509752e+00
4.984134763726141060e+00
4.983910073884871395e+00
4.983691238858845018e+00
4.983479612735208342e+00
4.983276449763324401e+00
4.983082997729178842e+00
4.982901141294386882e+00
4.982726736762669084e+00
4.982557422225472266e+00
4.982392161437418032e+00
4.982230467596198586e+00
4.982072707177247040e+00
4.981916571105937663e+00
4.981757519389610422e+00
4.981595222908180354e+00
4.981426840159220326e+00
4.981252806014491163e+00
4.981071177567464758e+00
4.980882704365176217e+00
4.980690321880501870e+00
4.980493034641368055e+00
4.980292562614303975e+00
4.980087373177630283e+00
4.979878820325358113e+00
4.979670232194585822e+00
4.979460621322615133e+00
4.979251972879393584e+00
4.979042715760988891e+00
4.978834184757543468e+00
4.978629823993070858e+00
4.978428776445909421e+00
4.978233153480216444e+00
4.978041242766306773e+00
4.977854331317471015e+00
4.977675117883014977e+00
4.977501295334773701e+00
4.977333243391590223e+00
4.977167234639750859e+00
4.977002407475487722e+00
4.976839860952573247e+00
4.976680186051058108e+00
4.976523869442868175e+00
4.976370953242408746e+00
4.976221554051266871e+00
4.976077333814577841e+00
4.975940643637553507e+00
4.975815313044115840e+00
4.975699703334942825e+00
4.975594104551822383e+00
4.975500499704033075e+00
4.975421292022914166e+00
4.975360853327550181e+00
4.975317426687218436e+00
4.975292196017802482e+00
4.975281958980597885e+00
4.975286077175516297e+00
4.975307349230389420e+00
4.975343194402049640e+00
4.975394694151583863e+00
4.975458672538626281e+00
4.975534549521508865e+00
4.975624992715422579e+00
4.975727509239915136e+00
4.975843074087280549e+00
4.975968528183403627e+00
4.976103421308326169e+00
4.976249864071833784e+00
4.976409044012653382e+00
4.976581327848363046e+00
4.976766684137512442e+00
4.976964429252076272e+00
4.977175407435971977e+00
4.977402563028264559e+00
4.977643333345879384e+00
4.977898145679612973e+00
4.978162993740519404e+00
4.978436619032402533e+00
4.978720382087161056e+00
4.979010726519157437e+00
4.979307278570016315e+00
4.979605685536048654e+00
4.979904551681360481e+00
4.980204508330901447e+00
4.980502284400391666e+00
4.980797130398680217e+00
4.981084860123921487e+00
4.981364228397835880e+00
4.981635727331270580e+00
4.981898661207637247e+00
4.982155381541928385e+00
4.982405893400540187e+00
4.982648614950706545e+00
4.982885722451140253e+00
4.983117415223499158e+00
4.983346816737434182e+00
4.983574576907089160e+00
4.983799260787894703e+00
4.984023413144280212e+00
4.984247210983415499e+00
4.984473971229275158e+00
4.984704660967222090e+00
4.984937728166809912e+00
4.985175001275023554e+00
4.985415122665695975e+00
4.985659787643930585e+00
4.985907868508478558e+00
4.986155555572589826e+00
4.986403182417383562e+00
4.986648465346774195e+00
4.986892329555233871e+00
4.987132995154937021e+00
4.987368855744829688e+00
4.987600183811268018e+00
4.987828196536978176e+00
4.988054872684410057e+00
4.988277588848254673e+00
4.988495754793516035e+00
4.988710324418031306e+00
4.988922906134510171e+00
4.989135954443598031e+00
4.989347137592964998e+00
4.989555864062392487e+00
4.989757938634837409e+00
4.989951659988845378e+00
4.990137287423248580e+00
4.990315899074311723e+00
4.990488645330304784e+00
4.990652164060854545e+00
4.990805012842872479e+00
4.990947420716518756e+00
4.991080035612220023e+00
4.991203843726077061e+00
4.991315512683474509e+00
4.991413627675034270e+00
4.991498477997488692e+00
4.991570784084729873e+00
4.991631835590347066e+00
4.991682647329985123e+00
4.991724143222204368e+00
4.991761615342224623e+00
4.991798563136947919e+00
4.991837403451320654e+00
4.991879549662811222e+00
4.991925653259499107e+00
4.991978926275154826e+00
4.992044416450193367e+00
4.992122666005275100e+00
4.992217013862213726e+00
4.992326604983067462e+00
4.992453360611802005e+00
4.992602314854271306e+00
4.992773182856150349e+00
4.992969472797819108e+00
4.993189973848172869e+00
4.993437633587279656e+00
4.993712351506808034e+00
4.994009396748849916e+00
4.994329941811271212e+00
4.994670854637631052e+00
4.995033997239778145e+00
4.995417999269674780e+00
4.995818019265543697e+00
4.996234644556652782e+00
4.996664713824403137e+00
4.997109782004964806e+00
4.997568131106209677e+00
4.998035216311227380e+00
4.998511384183775164e+00
4.998993763046573058e+00
4.999483667629072592e+00
4.999979223998495925e+00
5.000476244257995972e+00
5.000974732393632216e+00
5.001472321802983956e+00
5.001970023306320456e+00
5.002465825693916734e+00
5.002955874854933427e+00
5.003440038131783396e+00
5.003916196653853454e+00
5.004385050514946975e+00
5.004844736920904147e+00
5.005293619388949899e+00
5.005730083974314404e+00
5.006156641038370658e+00
5.006574005352568690e+00
5.006981574239444122e+00
5.007377991171787279e+00
5.007761909010120860e+00
5.008135981017955984e+00
5.008501124920556435e+00
5.008856803903590560e+00
5.009201718846570728e+00
5.009533898996424206e+00
5.009851705076409090e+00
5.010153643803906043e+00
5.010438783185790612e+00
5.010706351584057749e+00
5.010955667512725142e+00
5.011186168508837468e+00
5.011395943200450454e+00
5.011583532875640401e+00
5.011750561984492869e+00
5.011896769663557016e+00
5.012020539807394037e+00
5.012118856914580256e+00
5.012189921679214955e+00
5.012234692734905295e+00
5.012252645013626662e+00
5.012241867021197450e+00
5.012199823050299763e+00
5.012124764387968057e+00
5.012017235522630898e+00
5.011876483680221206e+00
5.011700518233242363e+00
5.011486742337707412e+00
5.011233150502207856e+00
5.010941276931675681e+00
5.010610301130922650e+00
5.010238667809876922e+00
5.009826084011708147e+00
5.009370937952314584e+00
5.008873937399600962e+00
5.008335456074688885e+00
5.007755134785089268e+00
5.007131929816220683e+00
5.006465084002827304e+00
5.005754050733063565e+00
5.005002333120916802e+00
5.004213496045682774e+00
5.003389266626449228e+00
5.002530685560318879e+00
5.001638672025415566e+00
5.000717509435030905e+00
4.999771007569047576e+00
4.998802914367528771e+00
4.997814175458166197e+00
4.996805857913108717e+00
4.995782105670781625e+00
4.994746762113185135e+00
4.993704324485273460e+00
4.992657020361633613e+00
4.991608864487618646e+00
4.990564019949644603e+00
4.989526531891435468e+00
4.988500056089371526e+00
4.987488650055140305e+00
4.986495875911325371e+00
4.985526265399068180e+00
4.984581803055017524e+00
4.983660664902537007e+00
4.982766706542579804e+00
4.981899780751674278e+00
4.981064539374320255e+00
4.980263075576631948e+00
4.979493339033334465e+00
4.978759335549085563e+00
4.978060716436714550e+00
4.977402245522945634e+00
4.976786302783994920e+00
4.976212586545853078e+00
4.975679537029472854e+00
4.975182568178979636e+00
4.974724101060536974e+00
4.974304096372334172e+00
4.973922005937900792e+00
4.973576973126735190e+00
4.973265790221748084e+00
4.972992817228195861e+00
4.972760738105979073e+00
4.972570906402078883e+00
4.972423477042003270e+00
4.972315625398888272e+00
4.972252446929461556e+00
4.972237127813979640e+00
4.972271449025257972e+00
4.972355675166009625e+00
4.972486544083341009e+00
4.972669412660881250e+00
4.972907218932642870e+00
4.973201674930288085e+00
4.973553584627345536e+00
4.973962857163980900e+00
4.974429097622171447e+00
4.974951399415270537e+00
4.975529728829399367e+00
4.976163933425680419e+00
4.976854183524386244e+00
4.977599924280779575e+00
4.978404400944249630e+00
4.979261208697693952e+00
4.980165739878552600e+00
4.981115156262653443e+00
4.982107479869859468e+00
4.983143803476828282e+00
4.984216900243896298e+00
4.985321663692134031e+00
4.986454891114968646e+00
4.987614472209949135e+00
4.988800011798282696e+00
4.990005079209346661e+00
4.991224715262193357e+00
4.992455729245680374e+00
4.993696151300806463e+00
4.994944678768058921e+00
4.996195221468349601e+00
4.997443183511039777e+00
4.998685608952783355e+00
4.999920672326825688e+00
5.001146272196912435e+00
5.002356581091427223e+00
5.003547177612329477e+00
5.004715544059420651e+00
5.005859874933505260e+00
5.006978933661723197e+00
5.008071941211366784e+00
5.009136745631242782e+00
5.010168111845399785e+00
5.011162603422546269e+00
5.012118085398816980e+00
5.013033095597767108e+00
5.013906590193057511e+00
5.014737928285742719e+00
5.015526677071596495e+00
5.016272656693603338e+00
5.016975698396111127e+00
5.017635606526875236e+00
5.018252459801280985e+00
5.018826236277366348e+00
5.019356974623645939e+00
5.019844678937936067e+00
5.020289334244573354e+00
5.020691043696844602e+00
5.021049824952627638e+00
5.021365895196344020e+00
5.021639310903395881e+00
5.021870026234085849e+00
5.022058289292747446e+00
5.022205588323543246e+00
5.022315127038877058e+00
5.022389680533218659e+00
5.022432689861874522e+00
5.022445795860389417e+00
5.022429122697343651e+00
5.022384428685312763e+00
5.022314625751008954e+00
5.022222954664161243e+00
5.022112453538706944e+00
5.021981748180246896e+00
5.021831733571150203e+00
5.021662490447766913e+00
5.021477743597484888e+00
5.021279339069284475e+00
5.021069655889428773e+00
5.020847591968037094e+00
5.020613006992049598e+00
5.020367733375884711e+00
5.020113873766519852e+00
5.019854431902774472e+00
5.019591260483272421e+00
5.019325194960244652e+00
5.019056684827216230e+00
5.018785687839395493e+00
5.018514441983557006e+00
5.018241257803296662e+00
5.017967157611403550e+00
5.017689808482084679e+00
5.017409435311114052e+00
5.017128455383486063e+00
5.016845309311306345e+00
5.016561025442337396e+00
5.016273306576318092e+00
5.015982423206574836e+00
5.015689562974280591e+00
5.015396283907599617e+00
5.015104686567345205e+00
5.014811766469636112e+00
5.014516426833131924e+00
5.014218973988452177e+00
5.013920339183666641e+00
5.013622192913451237e+00
5.013321180237241492e+00
5.013015969699034180e+00
5.012706767698535515e+00
5.012394424868532816e+00
5.012080481318542446e+00
5.011761579481669671e+00
5.011436368642159245e+00
5.011104984177061183e+00
5.010768409004219492e+00
5.010428065141446119e+00
5.010080617038316753e+00
5.009724747096904629e+00
5.009360627239353825e+00
5.008989220862993363e+00
5.008612066922493611e+00
5.008229337302751993e+00
5.007840502826280904e+00
5.007449067985424662e+00
5.007056793203362943e+00
5.006668708888599717e+00
5.006287817923137595e+00
5.005914507290134097e+00
5.005553806690284269e+00
5.005207657074342009e+00
5.004882062157403055e+00
5.004580752724567816e+00
5.004305043747435455e+00
5.004055261375169650e+00
5.003829287202814946e+00
5.003631170248397986e+00
5.003463079729835172e+00
5.003325248244937740e+00
5.003217200502541040e+00
5.003136016880881165e+00
5.003085500370498373e+00
5.003067586856914772e+00
5.003082412080392949e+00
5.003129339264258846e+00
5.003205502037444852e+00
5.003314174036050943e+00
5.003456327155720196e+00
5.003630789671580814e+00
5.003835411094617491e+00
5.004065664191288398e+00
5.004323705848797488e+00
5.004609484136595121e+00
5.004921308946355119e+00
5.005256554935618496e+00
5.005610707369193335e+00
5.005985505287096515e+00
5.006380870458229992e+00
5.006795046259207460e+00
5.007225135643524894e+00
5.007666989345593400e+00
5.008122195046885494e+00
5.008590531800433787e+00
5.009070031572624870e+00
5.009557868805274872e+00
5.010050222319111235e+00
5.010548574295386359e+00
5.011052417796595826e+00
5.011562367719157862e+00
5.012073803212985901e+00
5.012584048439308937e+00
5.013086819801969796e+00
5.013578495089454634e+00
5.014057387117787812e+00
5.014522939552112923e+00
5.014974608015760005e+00
5.015408021923644100e+00
5.015820935037476502e+00
5.016212503802520040e+00
5.016582901444774478e+00
5.016931703839937917e+00
5.017255406905451132e+00
5.017552716978380012e+00
5.017823720094301443e+00
5.018069603410102886e+00
5.018290833648777927e+00
5.018485376131271991e+00
5.018653623912967099e+00
5.018797071449943026e+00
5.018918462008722159e+00
5.019019990427902478e+00
5.019100686260050459e+00
5.019160372628382660e+00
5.019197408027965324e+00
5.019212075705425491e+00
5.019201821592421453e+00
5.019163571084633624e+00
5.019096345231650602e+00
5.018998341207175251e+00
5.018869455764785492e+00
5.018708173940673589e+00
5.018515662039415126e+00
5.018294180529906612e+00
5.018046962014182988e+00
5.017776427129997607e+00
5.017481962992591527e+00
5.017164631440086175e+00
5.016826904034955348e+00
5.016471794201774692e+00
5.016102107605680871e+00
5.015717046624765807e+00
5.015317495382173973e+00
5.014905868648333431e+00
5.014485221720081931e+00
5.014058815679294234e+00
5.013625693536145178e+00
5.013186649969560982e+00
5.012744051209432783e+00
5.012300941302222590e+00
5.011861215150696047e+00
5.011423698804122751e+00
5.010989255263251785e+00
5.010556840403718404e+00
5.010129448725624712e+00
5.009707890777630901e+00
5.009290837823194842e+00
5.008876042208415313e+00
5.008460364854675717e+00
5.008045472382349317e+00
5.007631029366296893e+00
5.007220188743215950e+00
5.006813990800423220e+00
5.006411197959226733e+00
5.006015070519191035e+00
5.005626002318005696e+00
5.005248080297152846e+00
5.004883035785297807e+00
5.004529638281801418e+00
5.004191522068122566e+00
5.003868962852993540e+00
5.003566444488951603e+00
5.003286014358290679e+00
5.003026807467231940e+00
5.002788673854213997e+00
5.002572179726106683e+00
5.002378218090874462e+00
5.002209276436610175e+00
5.002061031852631068e+00
5.001930788262529681e+00
5.001817799369586481e+00
5.001722034374965098e+00
5.001644723509220292e+00
5.001581519316665059e+00
5.001529339785470540e+00
5.001487363833716060e+00
5.001455432193599115e+00
5.001434331667389266e+00
5.001419901926548839e+00
5.001409492721561989e+00
5.001402072818729394e+00
5.001397537080758404e+00
5.001396368732223152e+00
5.001399708971277391e+00
5.001408813665168651e+00
5.001423219085683769e+00
5.001442009062286864e+00
5.001462925412472948e+00
5.001489256544284778e+00
5.001522195242126045e+00
5.001561195399392368e+00
5.001605280242641172e+00
5.001652134704186459e+00
5.001705042073285590e+00
5.001765097557350437e+00
5.001831907076545569e+00
5.001904484784016169e+00
5.001980522759975401e+00
5.002063279506535842e+00
5.002153880876274883e+00
5.002252142513889055e+00
5.002357295575338370e+00
5.002467682846608810e+00
5.002581412969875352e+00
5.002696357547092632e+00
5.002811237499837027e+00
5.002925270610276698e+00
5.003038030481684828e+00
5.003149207905654094e+00
5.003258731226225109e+00
5.003366632508834400e+00
5.003473062767435309e+00
5.003578218296889979e+00
5.003682253305588468e+00
5.003785410309930626e+00
5.003887923463036458e+00
5.003990082182712129e+00
5.004092206080234639e+00
5.004194470067298006e+00
5.004297388029074867e+00
5.004401173806538594e+00
5.004506123411258223e+00
5.004612526410048723e+00
5.004720534357032236e+00
5.004830689971125679e+00
5.004940071367448340e+00
5.005049471269151340e+00
5.005156652713915300e+00
5.005262105288704966e+00
5.005363876010082258e+00
5.005457641427196513e+00
5.005542970989621310e+00
5.005617156364746023e+00
5.005680033770180337e+00
5.005729705282277564e+00
5.005766474090772356e+00
5.005792252291715094e+00
5.005805422333789778e+00
5.005806000404437128e+00
5.005791752967661878e+00
5.005762801929987127e+00
5.005721104704454305e+00
5.005666930829784533e+00
5.005602987008778371e+00
5.005529962373573838e+00
5.005446639727478164e+00
5.005355657456120433e+00
5.005257398016428994e+00
5.005155217084713115e+00
5.005050109974718886e+00
5.004940695088034630e+00
5.004829845303349067e+00
5.004717811733164545e+00
5.004608129249565884e+00
5.004501781040482378e+00
5.004397572200424804e+00
5.004293278880097340e+00
5.004185569272988410e+00
5.004075682000868497e+00
5.003963006581791717e+00
5.003850356205976624e+00
5.003738322570598918e+00
5.003625336639260901e+00
5.003513997099971355e+00
5.003404493523439633e+00
5.003300264985910850e+00
5.003202513601309853e+00
5.003109635082684470e+00
5.003024596037023208e+00
5.002947509419783501e+00
5.002882178109749667e+00
5.002829877571813633e+00
5.002788843932241214e+00
5.002762264586664287e+00
5.002750008230241185e+00
5.002756117921117074e+00
5.002782062928917917e+00
5.002826878292278678e+00
5.002888438444376362e+00
5.002962774814828428e+00
5.003051584906665461e+00
5.003154450239404305e+00
5.003269201250536646e+00
5.003392759369475584e+00
5.003520971605342815e+00
5.003655032193075947e+00
5.003794021265369985e+00
5.003939832927447817e+00
5.004090674411292738e+00
5.004247603941497147e+00
5.004410137370017608e+00
5.004576450850602320e+00
5.004744063321288294e+00
5.004910023811992126e+00
5.005076295625206839e+00
5.005243075009225606e+00
5.005409028179733433e+00
5.005572023320733699e+00
5.005729596301701889e+00
5.005883762569887097e+00
5.006034868959126527e+00
5.006183414406863541e+00
5.006330013353166741e+00
5.006475348317785290e+00
5.006614985441578902e+00
5.006746333151846251e+00
5.006868151699914726e+00
5.006979880401655869e+00
5.007080964524089239e+00
5.007166619388175199e+00
5.007233993894209867e+00
5.007281664692586176e+00
5.007309022821741173e+00
5.007315980131992639e+00
5.007302882841345060e+00
5.007270283913261899e+00
5.007218822054587015e+00
5.007149450811580138e+00
5.007063039843947294e+00
5.006960891480581211e+00
5.006843823180557429e+00
5.006713270400674709e+00
5.006570384553657327e+00
5.006416092901515569e+00
5.006251887953865776e+00
5.006078606038379952e+00
5.005897791027116739e+00
5.005710513736145728e+00
5.005518065760869106e+00
5.005321849784838406e+00
5.005122747044103981e+00
5.004921077280330088e+00
5.004716287958460796e+00
5.004507448184329910e+00
5.004293543635894181e+00
5.004072933807063528e+00
5.003844226836252851e+00
5.003605623892535270e+00
5.003355450048140085e+00
5.003091924949577773e+00
5.002813915754695806e+00
5.002523798565408519e+00
5.002222130126348532e+00
5.001912432475975834e+00
5.001595834097852133e+00
5.001271772324133558e+00
5.000943352966595867e+00
5.000611641532767493e+00
5.000280560418058684e+00
4.999951634793569077e+00
4.999624032839227183e+00
4.999301187894333864e+00
4.998983879252364204e+00
4.998676301105905218e+00
4.998380261170702887e+00
4.998094555023150143e+00
4.997822889792757017e+00
4.997565719424772013e+00
4.997327380250232487e+00
4.997110029752390936e+00
4.996912450804400052e+00
4.996737121972280704e+00
4.996582041285027032e+00
4.996447399971102321e+00
4.996337341512579577e+00
4.996250028074743277e+00
4.996187909347960421e+00
4.996148681039946915e+00
4.996132807780548468e+00
4.996142746921421463e+00
4.996173802941364706e+00
4.996223258214329555e+00
4.996290294431409151e+00
4.996374056065713276e+00
4.996475927081216462e+00
4.996590695889925549e+00
4.996715323241685880e+00
4.996848637691025274e+00
4.996989921383817368e+00
4.997140012631450467e+00
4.997293754784647213e+00
4.997448215201752753e+00
4.997602277059363551e+00
4.997755195830272612e+00
4.997907505367207293e+00
4.998059481742116006e+00
4.998211936388419652e+00
4.998364150455476995e+00
4.998514497509481735e+00
4.998660702394577271e+00
4.998805326601745591e+00
4.998948986601340572e+00
4.999090809194628449e+00
4.999229033408941980e+00
4.999361406114207540e+00
4.999490395268679777e+00
4.999616398472594092e+00
4.999738728773103880e+00
4.999855569271624667e+00
4.999964790722610353e+00
5.000068779304879030e+00
5.000168041592719881e+00
5.000262498814867840e+00
5.000351494007067465e+00
5.000434353227050543e+00
5.000514923684553636e+00
5.000595471464350794e+00
5.000676900936543490e+00
5.000759452075020484e+00
5.000842674399048171e+00
5.000925810035569796e+00
5.001007897477848907e+00
5.001087580356998963e+00
5.001163636447182093e+00
5.001234469750216682e+00
5.001298549958757889e+00
5.001354776519604250e+00
5.001405898375690384e+00
5.001453193296931943e+00
5.001500808043658708e+00
5.001550859200089683e+00
5.001603330277160531e+00
5.001662222627803800e+00
5.001728993520394795e+00
5.001808503760278413e+00
5.001903545471162005e+00
5.002014249978840255e+00
5.002139729304492022e+00
5.002277500253423881e+00
5.002430373873814062e+00
5.002599350471301776e+00
5.002783500753595014e+00
5.002981101289643462e+00
5.003189033583059775e+00
5.003409813639029480e+00
5.003644012339666602e+00
5.003890609327958039e+00
5.004147729702546954e+00
5.004412271488710040e+00
5.004686712358398459e+00
5.004971425548447428e+00
5.005265395134939510e+00
5.005566685606046562e+00
5.005872299108906631e+00
5.006184589430943355e+00
5.006503898814574249e+00
5.006829223424450248e+00
5.007158574216321156e+00
5.007489101231351825e+00
5.007823103681459997e+00
5.008160858989015196e+00
5.008501350522294615e+00
5.008842570834114660e+00
5.009181827843443457e+00
5.009521361455576027e+00
5.009861384459094680e+00
5.010200787946835987e+00
5.010537686288611070e+00
5.010869419291869242e+00
5.011198289931074967e+00
5.011524406351402838e+00
5.011846703157083027e+00
5.012163156174377576e+00
5.012471214939163922e+00
5.012770701922732108e+00
5.013058874007570331e+00
5.013335809331642245e+00
5.013603076968595751e+00
5.013858895261093629e+00
5.014103534143671048e+00
5.014334591046227807e+00
5.014552455168470146e+00
5.014758814644320495e+00
5.014952178407712680e+00
5.015132828463120696e+00
5.015298397202297309e+00
5.015449331203727823e+00
5.015587276896715352e+00
5.015710799532264730e+00
5.015820129156367102e+00
5.015912990603851540e+00
5.015989893270910827e+00
5.016052516220391055e+00
5.016099638576872799e+00
5.016132060125258363e+00
5.016148140297757685e+00
5.016148733876420351e+00
5.016134113982793963e+00
5.016104478497531716e+00
5.016059775339913429e+00
5.015999710659039046e+00
5.015924191522885600e+00
5.015833287063529156e+00
5.015728661531124288e+00
5.015608936260927742e+00
5.015474634851802449e+00
5.015323855747942261e+00
5.015157242474618471e+00
5.014977527169052429e+00
5.014788376336459130e+00
5.014594080747578175e+00
5.014394889829222102e+00
5.014192749971066121e+00
5.013986370453152652e+00
5.013776834981057640e+00
5.013567073681865160e+00
5.013355998510036216e+00
5.013144884036394799e+00
5.012931709290953997e+00
5.012717119009706401e+00
5.012503866387072904e+00
5.012290645522537780e+00
5.012078629454138401e+00
5.011865687166812577e+00
5.011652424504520198e+00
5.011441506055654749e+00
5.011234732141257808e+00
5.011032850669237426e+00
5.010836462584795648e+00
5.010645495635927205e+00
5.010459807702811297e+00
5.010279114322274907e+00
5.010102895462424932e+00
5.009930674528241923e+00
5.009761807472915329e+00
5.009595682696910579e+00
5.009431588110986766e+00
5.009268884865108795e+00
5.009106827063027012e+00
5.008944758513483642e+00
5.008782007267239322e+00
5.008617769481154447e+00
5.008451438826980073e+00
5.008282175903678635e+00
5.008109374103606903e+00
5.007932283060164025e+00
