0.000000000000000000e+00
0.000000000000000000e+00
-1.338780180049071020e-08
-8.083371426437228645e-08
-2.532496989715583687e-07
-5.617160684323608812e-07
-1.070890820074055388e-06
-1.587822833926111936e-06
-2.399863941491276621e-06
-3.249504796940529298e-06
-4.062253491383674592e-06
-4.952932130208868080e-06
-1.961329897994805148e-06
6.048188016620769807e-06
2.248499885467936463e-05
5.400346003739286862e-05
1.026804639798229048e-04
1.725626212385123121e-04
2.696648460653250845e-04
4.006137733188098343e-04
5.713544261482185384e-04
7.886562903252072269e-04
1.062323212328237891e-03
1.399433485868258010e-03
1.805259011390489710e-03
2.293998993637841929e-03
2.872144527437966652e-03
3.553846649530213730e-03
4.350548036101143864e-03
5.274670593145173135e-03
6.333354510071557281e-03
7.539389155509752284e-03
8.892485968473237690e-03
1.041493611753253543e-02
1.211806180298594972e-02
1.401537107646732075e-02
1.611088158905772671e-02
1.839164914906291429e-02
2.087075325072078325e-02
2.355289640248088220e-02
2.644822033465174527e-02
2.955877872526911643e-02
3.287767382681635459e-02
3.640835138380792146e-02
4.014968039810921235e-02
4.407221915543342583e-02
4.819253685295845496e-02
5.250498624861503483e-02
5.702355178416038117e-02
6.174439760267997485e-02
6.664334299385810123e-02
7.173218908131387406e-02
7.701161863625315129e-02
8.249044897377758034e-02
8.817172529518869928e-02
9.402274849236276488e-02
1.000628710013654749e-01
1.062897283059385245e-01
1.127377581816938340e-01
1.193930226784971071e-01
1.262836802226331434e-01
1.333982694369581223e-01
1.407113152962949643e-01
1.482195186835554290e-01
1.559284574013975466e-01
1.638339352828291073e-01
1.719462907534864415e-01
1.802146268111493588e-01
1.886710930091168859e-01
1.973063349944378930e-01
2.061225921136166372e-01
2.151348728162075508e-01
2.243386060220028955e-01
2.337460702878262908e-01
2.433086002093579614e-01
2.530613255721356203e-01
2.629960787516857357e-01
2.731117272597576306e-01
2.834064173918987573e-01
2.938875580054546299e-01
3.045790863257671344e-01
3.155094254237438833e-01
3.266509390097882548e-01
3.379786110144878952e-01
3.494865858775402789e-01
3.611650037986066097e-01
3.730204189044262764e-01
3.850179541331554267e-01
3.972072708827281140e-01
4.095561897975231180e-01
4.221138608676220372e-01
4.348501956683422653e-01
4.477799940329815764e-01
4.609241891127849877e-01
4.742521751147533715e-01
4.877907455188059682e-01
5.015153360587382148e-01
5.154152155143045810e-01
5.294819176417611128e-01
5.437526667338631325e-01
5.582135904055854914e-01
5.729003381949686613e-01
5.877876651507640826e-01
6.028502714854503397e-01
6.181230259162211471e-01
6.335803461295390626e-01
6.492530346137309616e-01
6.650803232413553534e-01
6.811042618972086293e-01
6.973178005439065741e-01
7.137566399794840200e-01
7.304381001216196934e-01
7.473204541426921033e-01
7.644318592768932774e-01
7.817474091273570735e-01
7.992985964041973146e-01
8.170637178641582121e-01
8.350775361281660425e-01
8.533527136069564145e-01
8.718433010798719573e-01
8.905773174983289131e-01
9.095607412081982979e-01
9.288135767203593574e-01
9.483760309439923653e-01
9.681763386946943273e-01
9.882701444846418992e-01
1.008640651724937332e+00
1.029251067660453600e+00
1.050105986617210441e+00
1.071189193747642987e+00
1.092516829989555571e+00
1.114121408484581410e+00
1.135924267790916709e+00
1.157979710124138029e+00
1.180271129630211080e+00
1.202764658949974308e+00
1.225498685858848802e+00
1.248448526881340337e+00
1.271654377005699610e+00
1.295139355681542037e+00
1.318837578318718728e+00
1.342794806979302313e+00
1.367008705161217419e+00
1.391422076247338158e+00
1.416064696334008000e+00
1.440855419657830039e+00
1.465848438761833794e+00
1.491029992125634029e+00
1.516366486571434580e+00
1.541890854857567383e+00
1.567574677489403712e+00
1.593457961104516096e+00
1.619471647761468125e+00
1.645681242964868174e+00
1.672093360446099686e+00
1.698746821902398008e+00
1.725647373221520509e+00
1.752695565245751430e+00
1.779928991816643880e+00
1.807287180445794172e+00
1.834822280429009744e+00
1.862491872332696197e+00
1.890321667216424029e+00
1.918344812415246459e+00
1.946573207400445371e+00
1.974980957530145576e+00
2.003582849524621956e+00
2.032371001265650179e+00
2.061345496199732175e+00
2.090499770663385881e+00
2.119841096423273008e+00
2.149332609198693955e+00
2.179025900385980652e+00
2.208902711890344595e+00
2.238959624789361502e+00
2.269177832625512536e+00
2.299572358153467277e+00
2.330111432097559110e+00
2.360796961806421290e+00
2.391581330321435495e+00
2.422466039679650684e+00
2.453424661181573097e+00
2.484446406386498385e+00
2.515502955935600582e+00
2.546574182532433284e+00
2.577637462638024068e+00
2.608673744223717783e+00
2.639663751147393267e+00
2.670582885764244629e+00
2.701411554835442264e+00
2.732120244525078068e+00
2.762693574450615142e+00
2.793099896929863046e+00
2.823331747077109988e+00
2.853369994185569247e+00
2.883226289771201323e+00
2.912882952712180007e+00
2.942358346007468484e+00
2.971633951686027508e+00
3.000732190631034690e+00
3.029633290789726097e+00
3.058361141703727970e+00
3.086865670703057063e+00
3.115178008101585849e+00
3.143247041724327229e+00
3.171085035822990950e+00
3.198650646231774086e+00
3.225960218928459966e+00
3.252975091956261444e+00
3.279717993758324290e+00
3.306154375098351306e+00
3.332311875842216775e+00
3.358158333323601585e+00
3.383725259326103796e+00
3.408981838248375418e+00
3.433958623431327961e+00
3.458621578238609384e+00
3.483000221274497932e+00
3.507102766059043919e+00
3.530952601454857120e+00
3.554542422316673278e+00
3.577889874003532533e+00
3.600980694316032515e+00
3.623829438708427109e+00
3.646421277545096817e+00
3.668802721522452792e+00
3.690955109618308416e+00
3.712908682845237340e+00
3.734640414736869474e+00
3.756177134535911399e+00
3.777515578292015341e+00
3.798637874148490745e+00
3.819546487353446373e+00
3.840188448451163250e+00
3.860578901789786244e+00
3.880735940955282626e+00
3.900658699296118304e+00
3.920358871243597498e+00
3.939816447518469378e+00
3.959033073208929387e+00
3.977997556946875068e+00
3.996741496346594591e+00
4.015219813607336263e+00
4.033430501244665400e+00
4.051417970679404235e+00
4.069141236565711139e+00
4.086638422034384988e+00
4.103898564599158583e+00
4.120957026503684340e+00
4.137795134804847841e+00
4.154404546044471402e+00
4.170776468537453319e+00
4.186901856682900380e+00
4.202819032691125223e+00
4.218520433924797253e+00
4.234032197020653143e+00
4.249335827849510139e+00
4.264429363034369480e+00
4.279296717665793004e+00
4.293935006878973226e+00
4.308375942729116836e+00
4.322603230498434534e+00
4.336617840550542446e+00
4.350406154416203819e+00
4.363966546080709108e+00
4.377331224702000867e+00
4.390487024806142280e+00
4.403408511899114863e+00
4.416134748480916805e+00
4.428659350894093905e+00
4.441006008408665551e+00
4.453161914370656227e+00
4.465117797873616290e+00
4.476901054404377689e+00
4.488483589909672666e+00
4.499863551877140821e+00
4.511056213400959081e+00
4.522056785843967752e+00
4.532888780854342770e+00
4.543541963122485150e+00
4.554010651133654441e+00
4.564303556702730802e+00
4.574416006825563485e+00
4.584334022424814137e+00
4.594083983920213221e+00
4.603662554643747740e+00
4.613055765054819624e+00
4.622287438533899007e+00
4.631344100258942831e+00
4.640225823543664418e+00
4.648946216128465814e+00
4.657494400165674620e+00
4.665869246147273053e+00
4.674075410388110363e+00
4.682104844473002458e+00
4.689941663764116697e+00
4.697596803925630837e+00
4.705060728810426696e+00
4.712338426135178615e+00
4.719421962521668235e+00
4.726302962921257844e+00
4.732991536877746874e+00
4.739478625677223889e+00
4.745774006269570577e+00
4.751868287943002755e+00
4.757770010851023024e+00
4.763469299696084569e+00
4.768963523529168747e+00
4.774254841826555129e+00
4.779334501646157918e+00
4.784215219042894596e+00
4.788879156432744644e+00
4.793335884533520996e+00
4.797578097603913072e+00
4.801605048499698825e+00
4.805431168101425676e+00
4.809063031099434227e+00
4.812504408977623882e+00
4.815760238788720393e+00
4.818832135818596818e+00
4.821718703232403591e+00
4.824428939543362382e+00
4.826960478447075431e+00
4.829319648019667177e+00
4.831520256273146074e+00
4.833562376968260743e+00
4.835453484974499894e+00
4.837193379722234177e+00
4.838787380329963028e+00
4.840248720369932478e+00
4.841574657581446672e+00
4.842774771921036780e+00
4.843849339209197247e+00
4.844803362957832427e+00
4.845649642891881825e+00
4.846387596375940632e+00
4.847024108044503343e+00
4.847570196300445389e+00
4.848031505144832387e+00
4.848419609762428806e+00
4.848737911119758159e+00
4.848992678880392759e+00
4.849193837776481608e+00
4.849346835756375818e+00
4.849458261303305484e+00
4.849533179270737016e+00
4.849575662495269945e+00
4.849592202776046079e+00
4.849586831211862403e+00
4.849564946651743647e+00
4.849530673203343412e+00
4.849488539229430906e+00
4.849444426222987659e+00
4.849402794152781304e+00
4.849368946146503490e+00
4.849347665937900231e+00
4.849343956607269135e+00
4.849363977849360907e+00
4.849407516383443806e+00
4.849476721282925062e+00
4.849574109740432348e+00
4.849703835310290145e+00
4.849872146328786826e+00
4.850078538047025489e+00
4.850325464034328071e+00
4.850611538594463923e+00
4.850936947284142597e+00
4.851302831401925530e+00
4.851712441114587548e+00
4.852168652420743022e+00
4.852677034480375795e+00
4.853234666293364086e+00
4.853840539162855627e+00
4.854490907272199784e+00
4.855187863862018283e+00
4.855936896508436185e+00
4.856735147541265007e+00
4.857584059690933209e+00
4.858477473785978162e+00
4.859414618393284258e+00
4.860395807852845529e+00
4.861421599393587201e+00
4.862496874263386282e+00
4.863614179348449085e+00
4.864772708048919370e+00
4.865972342273096274e+00
4.867213652437427207e+00
4.868501295601824097e+00
4.869828855996826356e+00
4.871194038545588079e+00
4.872591057574251927e+00
4.874017345910768739e+00
4.875471968805293876e+00
4.876953966623048586e+00
4.878459232007961610e+00
4.879983938937882293e+00
4.881525121038654547e+00
4.883082195972898276e+00
4.884656141703823451e+00
4.886244547819593720e+00
4.887844627654054364e+00
4.889453821783760645e+00
4.891072399621704037e+00
4.892702184622981676e+00
4.894339943831660378e+00
4.895983310347297390e+00
4.897629877632358131e+00
4.899281000649430062e+00
4.900938062077261570e+00
4.902597964113450502e+00
4.904259291743731097e+00
4.905917857443785834e+00
4.907570172553755050e+00
4.909213077580429463e+00
4.910846926128364487e+00
4.912471573358274668e+00
4.914083794062829469e+00
4.915680061882234497e+00
4.917258166527247454e+00
4.918817924117541374e+00
4.920359008615708518e+00
4.921882024710870773e+00
4.923386069690681488e+00
4.924871142959095671e+00
4.926334311371541652e+00
4.927772213226056408e+00
4.929183259611821022e+00
4.930565353339408929e+00
4.931917399471497099e+00
4.933236261760686858e+00
4.934520498370623010e+00
4.935768258130050157e+00
4.936978698899842755e+00
4.938150621583559108e+00
4.939282929232217789e+00
4.940375907426574287e+00
4.941428264831998263e+00
4.942439459940292323e+00
4.943408589070536152e+00
4.944334786763287859e+00
4.945218402301765792e+00
4.946058620294428998e+00
4.946855800306297013e+00
4.947608878916001984e+00
4.948317048331596801e+00
4.948983063777782299e+00
4.949610250523187815e+00
4.950201938120521561e+00
4.950758901281155033e+00
4.951282117856538711e+00
4.951773740393914380e+00
4.952235642341770827e+00
4.952667812114454726e+00
4.953069127207495370e+00
4.953440849004185687e+00
4.953782910486554059e+00
4.954096676936243782e+00
4.954382233997677965e+00
4.954640652021264025e+00
4.954873138615731420e+00
4.955081078061703614e+00
4.955265868628266901e+00
4.955429241290184805e+00
4.955573595665263120e+00
4.955700758645178894e+00
4.955812722198532860e+00
4.955911139543966115e+00
4.955998524879904110e+00
4.956076501231508225e+00
4.956143767196552474e+00
4.956201330363618318e+00
4.956251729569265407e+00
4.956294208253602562e+00
4.956329616732764620e+00
4.956355934537350016e+00
4.956373838956570133e+00
4.956385848797728144e+00
4.956393592980095519e+00
4.956397340837503052e+00
4.956397316119072194e+00
4.956393415449383610e+00
4.956390125876896313e+00
4.956390604381596177e+00
4.956396292892896405e+00
4.956408237752184753e+00
4.956426098552911164e+00
4.956449806789313683e+00
4.956479004762512908e+00
4.956515489147422571e+00
4.956558557121462094e+00
4.956610977706878529e+00
4.956673383737362215e+00
4.956744054599112381e+00
4.956825611187523073e+00
4.956917963797605076e+00
4.957024491025513235e+00
4.957146641841537082e+00
4.957282809378956934e+00
4.957430579314387131e+00
4.957586637098721383e+00
4.957752657305828592e+00
4.957928096555552777e+00
4.958116248153529249e+00
4.958318324923895126e+00
4.958533156156919475e+00
4.958763551503800215e+00
4.959009031333408757e+00
4.959272812452547363e+00
4.959555543192109894e+00
4.959854891091963758e+00
4.960173168756447204e+00
4.960509521864734594e+00
4.960866646372160460e+00
4.961245317288121015e+00
4.961643912434954728e+00
4.962060580939430032e+00
4.962492329866069696e+00
4.962941431567450046e+00
4.963409019016106427e+00
4.963893632457036631e+00
4.964393372066695065e+00
4.964905288681762840e+00
4.965431740522760151e+00
4.965973186247427229e+00
4.966532038540025340e+00
4.967105723001440154e+00
4.967694876730820219e+00
4.968295724705239280e+00
4.968907576665660741e+00
4.969532262139401801e+00
4.970166780479632784e+00
4.970811240204058734e+00
4.971461810447655338e+00
4.972117537089070893e+00
4.972775780164084836e+00
4.973436531700573759e+00
4.974096500926100006e+00
4.974755025111518236e+00
4.975410691403230778e+00
4.976061070613941872e+00
4.976703506239137376e+00
4.977334871866187171e+00
4.977952063210688394e+00
4.978552739486478806e+00
4.979138177238786156e+00
4.979708534233653339e+00
4.980262516193473488e+00
4.980798262559257061e+00
4.981314463891467703e+00
4.981812919617078173e+00
4.982294323571404782e+00
4.982758535050234805e+00
4.983205207340798637e+00
4.983633564055344856e+00
4.984043371580920478e+00
4.984434181467077174e+00
4.984801444687328775e+00
4.985142989658197799e+00
4.985457734331867563e+00
4.985745098978659584e+00
4.986005430069198496e+00
4.986238988299300345e+00
4.986446895447006256e+00
4.986630205992985232e+00
4.986789737340439288e+00
4.986926870296154668e+00
4.987042734833812219e+00
4.987138848273461100e+00
4.987216530238656631e+00
4.987277339991560865e+00
4.987322498719588104e+00
4.987353679411026697e+00
4.987371600717452225e+00
4.987372516186515448e+00
4.987354760676462995e+00
4.987317637185406660e+00
4.987261470699523080e+00
4.987186885521588842e+00
4.987094842920853033e+00
4.986986812128527902e+00
4.986864242981031481e+00
4.986728296185686027e+00
4.986580729157505942e+00
4.986423247278509940e+00
4.986257716034380394e+00
4.986085739143966578e+00
4.985909114246099172e+00
4.985729314972489945e+00
4.985548336104333345e+00
4.985367777728319183e+00
4.985184709847747975e+00
4.984997208983478423e+00
4.984805394028155590e+00
4.984609566283253024e+00
4.984410655469473816e+00
4.984210143432792783e+00
4.984009345014420056e+00
4.983810172629382862e+00
4.983614405643966627e+00
4.983423938703564815e+00
4.983240779516128427e+00
4.983067260038880342e+00
4.982900242832330129e+00
4.982738169868317080e+00
4.982580831543382160e+00
4.982428708121950933e+00
4.982282672439541038e+00
4.982143888342033478e+00
4.982013380032802807e+00
4.981892186635012543e+00
4.981781311630109954e+00
4.981681801452139347e+00
4.981594704220840164e+00
4.981521618239420413e+00
4.981458155418585498e+00
4.981401573385881854e+00
4.981350582455124076e+00
4.981304555655295729e+00
4.981263310703287317e+00
4.981227107049270408e+00
4.981196359013046582e+00
4.981171793061147213e+00
4.981154140497164207e+00
4.981144385956649323e+00
4.981143442568281010e+00
4.981152412808877550e+00
4.981170059275026318e+00
4.981195745903678862e+00
4.981229517341271951e+00
4.981271579296008944e+00
4.981322599218839464e+00
4.981380700471491174e+00
4.981441357771546841e+00
4.981504468496570581e+00
4.981567187097536653e+00
4.981630013792456957e+00
4.981690901697295004e+00
4.981750170921588783e+00
4.981810100858712786e+00
4.981873714451357849e+00
4.981945443817094699e+00
4.982024544424058732e+00
4.982112632508071570e+00
4.982209389575439573e+00
4.982319204502420718e+00
4.982444650691615351e+00
4.982586368352787787e+00
4.982744077586250597e+00
4.982915961716937403e+00
4.983105741229521435e+00
4.983315477178114072e+00
4.983545616895573183e+00
4.983795676299052069e+00
4.984064257827268030e+00
4.984349793375149495e+00
4.984649411284044263e+00
4.984966355182842257e+00
4.985301798947768148e+00
4.985655190043762452e+00
4.986025601506843152e+00
4.986410716392708942e+00
4.986809193112565097e+00
4.987220704585923592e+00
4.987639113769545496e+00
4.988060650855912215e+00
4.988482956246150124e+00
4.988904645436120333e+00
4.989324669980121918e+00
4.989742581725730375e+00
4.990158370204878402e+00
4.990572078295661740e+00
4.990983969599617431e+00
4.991394278996301281e+00
4.991803147860480294e+00
4.992211008847368348e+00
4.992615508467567409e+00
4.993017637238513551e+00
4.993415830463776572e+00
4.993811112411925102e+00
4.994202024259277728e+00
4.994585183628507785e+00
4.994960704140970265e+00
4.995326774299750028e+00
4.995683946267374331e+00
4.996031100966640714e+00
4.996369397856899042e+00
4.996697203770883888e+00
4.997011509679860630e+00
4.997312248677618030e+00
4.997597699121244297e+00
4.997868579228081920e+00
4.998123118218638972e+00
4.998359763093897179e+00
4.998580082443216277e+00
4.998784685947605944e+00
4.998976820923992648e+00
4.999157249827542060e+00
4.999325615365663111e+00
4.999483651642360194e+00
4.999630757675176618e+00
4.999768648801973470e+00
4.999896082461481761e+00
5.000010262711575670e+00
5.000111424310734520e+00
5.000198041286921580e+00
5.000270941320478002e+00
5.000328973352580419e+00
5.000373621296739124e+00
5.000407715481841819e+00
5.000432920437442696e+00
5.000449660309959299e+00
5.000457790836945193e+00
5.000456689246050246e+00
5.000445981588265809e+00
5.000425043163406080e+00
5.000389192063876109e+00
5.000335863280624515e+00
5.000263997359716939e+00
5.000173374830329642e+00
5.000064191423871485e+00
4.999936672334143850e+00
4.999791645050565059e+00
4.999633533541630648e+00
4.999465541594249274e+00
4.999289458632986793e+00
4.999106796958070476e+00
4.998918569941590562e+00
4.998730187636385658e+00
4.998545441959570290e+00
4.998366662838082952e+00
4.998195632655691334e+00
4.998033169691036726e+00
4.997879845627170248e+00
4.997736209851276534e+00
4.997602251755591141e+00
4.997478104873145810e+00
4.997363462640488585e+00
4.997258101149046894e+00
4.997161591208124420e+00
4.997076975262308984e+00
4.997005017196344490e+00
4.996943354389214775e+00
4.996894420004963422e+00
4.996857438168071042e+00
4.996835573985289436e+00
4.996829490567606058e+00
4.996837784076624267e+00
4.996858496769846170e+00
4.996888349881910329e+00
4.996929466292776567e+00
4.996982165949002130e+00
4.997045036555781472e+00
4.997115900187334425e+00
4.997191582332877857e+00
4.997274099859922103e+00
4.997363413825212319e+00
4.997462488684384141e+00
4.997570597316649099e+00
4.997690282437529774e+00
4.997821206712674602e+00
4.997959885142323699e+00
4.998107307387096299e+00
4.998261297039269024e+00
4.998423381998717829e+00
4.998592411364942478e+00
4.998764392315924177e+00
4.998939911882908760e+00
4.999116672288210772e+00
4.999295957304120464e+00
4.999476272176535119e+00
4.999657619624914062e+00
4.999838073934943949e+00
5.000019413988621153e+00
5.000201137635441384e+00
5.000385881505492236e+00
5.000573817353280326e+00
5.000762781995864437e+00
5.000954650967898374e+00
5.001148818611683922e+00
5.001348042796882609e+00
5.001552538975658102e+00
5.001760021049113547e+00
5.001972434643239929e+00
5.002189084693372756e+00
5.002412736314862940e+00
5.002643702711492502e+00
5.002879810642033576e+00
5.003119491274984121e+00
5.003361891835511166e+00
5.003606387592435922e+00
5.003852689053447378e+00
5.004100740786226353e+00
5.004350333950998042e+00
5.004601634993734116e+00
5.004854688953193964e+00
5.005109628151688916e+00
5.005366658988926964e+00
5.005625963985507632e+00
5.005884759641772597e+00
5.006143756724481975e+00
5.006400874565874126e+00
5.006657028823678246e+00
5.006910381234770391e+00
5.007159674141145267e+00
5.007403969849981706e+00
5.007642624351717586e+00
5.007875053315943958e+00
5.008100737250930301e+00
5.008319240223205071e+00
5.008528895090853972e+00
5.008727652422672705e+00
5.008913520417697107e+00
5.009088765933699783e+00
5.009253887638040581e+00
5.009407867027037220e+00
5.009549183977358489e+00
5.009676252428032051e+00
5.009791483107544963e+00
5.009896137836911123e+00
5.009994202993401480e+00
5.010087754709237728e+00
5.010176929795707501e+00
5.010260916893895633e+00
5.010338398303429308e+00
5.010412132382916717e+00
5.010483165645563730e+00
5.010550932205805275e+00
5.010614050209112769e+00
5.010670732764118895e+00
5.010723629623243802e+00
5.010773753134126096e+00
5.010824495653213972e+00
5.010876279181393222e+00
5.010932192757318049e+00
5.010992528825590320e+00
5.011054875889385585e+00
5.011120820512587670e+00
5.011189236903156541e+00
5.011262314628402770e+00
5.011339627426643517e+00
5.011418260528300195e+00
5.011499513403107287e+00
5.011582053458843333e+00
5.011667912971754291e+00
5.011756380374137620e+00
5.011849798268233513e+00
5.011947948920135509e+00
5.012048051326130960e+00
5.012151491946135629e+00
5.012256931193699749e+00
5.012366498575141271e+00
5.012479586644624341e+00
5.012593278192510660e+00
5.012708803961579918e+00
5.012824754423056639e+00
5.012943137378026215e+00
5.013063334428299989e+00
5.013182455326025355e+00
5.013301650375654894e+00
5.013419577057068643e+00
5.013538157312725119e+00
5.013656703426097039e+00
5.013776586900061005e+00
5.013895496592453149e+00
5.014013651773860047e+00
5.014133204982211822e+00
5.014252089482327257e+00
5.014370748378862430e+00
5.014486241281558065e+00
5.014598390847972098e+00
5.014708958562991370e+00
5.014815746188691747e+00
5.014918949898859779e+00
5.015015659301137241e+00
5.015105348747749936e+00
5.015186199859310356e+00
5.015259607077170223e+00
5.015324769706059449e+00
5.015379543096352144e+00
5.015425332343729892e+00
5.015461769792308289e+00
5.015491166148855484e+00
5.015513417640756089e+00
5.015526776811163323e+00
5.015532989079654058e+00
5.015531830022444737e+00
5.015525839628169891e+00
5.015515305999650231e+00
5.015503054332437927e+00
5.015489413374088379e+00
5.015472510424659802e+00
5.015454180219893310e+00
5.015433856505185695e+00
5.015413996731147073e+00
5.015394552679715012e+00
5.015373274056689645e+00
5.015351871479285073e+00
5.015329615926817475e+00
5.015308874304388986e+00
5.015289589124946268e+00
5.015270051744514568e+00
5.015247877740979909e+00
5.015220337657004812e+00
5.015189024850472244e+00
5.015153928131542926e+00
5.015113300697625398e+00
5.015064683344894192e+00
5.015005584249951021e+00
5.014937518190339283e+00
5.014860839888199529e+00
5.014778754811479722e+00
5.014692466238258817e+00
5.014601400101303064e+00
5.014506652408956988e+00
5.014406119107945869e+00
5.014300180140628171e+00
5.014190890386446497e+00
5.014076469771309164e+00
5.013957287778822547e+00
5.013830665711058288e+00
5.013696678530170203e+00
5.013557272160170442e+00
5.013414608666417749e+00
5.013271013673139542e+00
5.013128847766413543e+00
5.012990883577360002e+00
5.012854486189527670e+00
5.012718693351119192e+00
5.012583880524829283e+00
5.012451106708244453e+00
5.012322212846696878e+00
5.012193726466716903e+00
5.012064340699211584e+00
5.011934065825984774e+00
5.011803748428570238e+00
5.011674745695414046e+00
5.011548814454795497e+00
5.011428270086393688e+00
5.011310128623367000e+00
5.011193339077502529e+00
5.011078056663021307e+00
5.010965246537447904e+00
5.010856648402035596e+00
5.010748825862751055e+00
5.010640432925641541e+00
5.010531512105584007e+00
5.010422970724969893e+00
5.010316207704812008e+00
5.010213035734115472e+00
5.010115792739880725e+00
5.010021511696023389e+00
5.009929134778422721e+00
5.009838892517355369e+00
5.009751789493230412e+00
5.009669633812946721e+00
5.009588988579553259e+00
5.009508523789910406e+00
5.009428320143115343e+00
5.009349231093865207e+00
5.009272888505574173e+00
5.009195913642388476e+00
5.009116939387959988e+00
5.009036004662257291e+00
5.008954002063465083e+00
5.008872371444222260e+00
5.008792975030583072e+00
5.008718095224092615e+00
5.008644821734840491e+00
5.008572145530695074e+00
5.008500351237805681e+00
5.008430487227367500e+00
5.008364341205658654e+00
5.008298590665425820e+00
5.008231908686202161e+00
5.008164404935878444e+00
5.008097053228621753e+00
5.008031325477849904e+00
5.007969095304352081e+00
5.007912762717087851e+00
5.007859425449487922e+00
5.007808089528907658e+00
5.007759042980825193e+00
5.007713354563085417e+00
5.007672858291981832e+00
5.007634219231759332e+00
5.007596076594410306e+00
5.007558624446602380e+00
5.007522667935328187e+00
5.007489989833184829e+00
5.007457215127279149e+00
5.007422935136338182e+00
5.007387336828023727e+00
5.007351243591609880e+00
5.007316233630034752e+00
5.007284132791890663e+00
5.007257341249121474e+00
5.007233042605427897e+00
5.007210159814191819e+00
5.007189108431544966e+00
5.007170843507834590e+00
5.007157200538991049e+00
5.007144880446344537e+00
5.007132461186470707e+00
5.007120202294522926e+00
5.007108856652834561e+00
5.007100129075319650e+00
5.007092710174240402e+00
5.007088313723127015e+00
5.007085947245853319e+00
5.007082135510485976e+00
5.007077489108983315e+00
5.007069956566760460e+00
5.007060648431855832e+00
5.007048045376635947e+00
5.007028584058484277e+00
5.007002549268857905e+00
5.006967989904426375e+00
5.006925775222101471e+00
5.006874681515239622e+00
5.006816267142623289e+00
5.006753716012082300e+00
5.006686426805883272e+00
5.006615973845675249e+00
5.006540919467426853e+00
5.006462299422912210e+00
5.006383187742524221e+00
5.006302708861970707e+00
5.006222528069833366e+00
5.006140944975980389e+00
5.006058850697793439e+00
5.005974221080163211e+00
5.005884950542443868e+00
5.005788896763318618e+00
5.005683873490983871e+00
5.005567621001596024e+00
5.005437953928108641e+00
5.005293427062775358e+00
5.005136800864334212e+00
5.004969331146773115e+00
5.004791142893578737e+00
5.004601674703505587e+00
5.004400440742816869e+00
5.004190980316695736e+00
5.003975224708762326e+00
5.003753636115785497e+00
5.003525960305329257e+00
5.003291684863713229e+00
5.003054534094032668e+00
5.002816697330770168e+00
5.002581466706094382e+00
5.002347712711987526e+00
5.002116453060506451e+00
5.001885096476970993e+00
5.001653602504729790e+00
5.001423900397123035e+00
5.001194359017165247e+00
5.000966111449153928e+00
5.000737151456625007e+00
5.000508287781479488e+00
5.000282561601699705e+00
5.000059084025771483e+00
4.999839509343357413e+00
4.999622164042296646e+00
4.999408105713876616e+00
4.999195249592516710e+00
4.998982246378068872e+00
4.998767756567899845e+00
4.998550803335016113e+00
4.998330385507649076e+00
4.998105607675021211e+00
4.997875793045019499e+00
4.997640162026141475e+00
4.997398053044086019e+00
4.997148759523040162e+00
4.996891594649857993e+00
4.996626215306676499e+00
4.996355360215163799e+00
4.996079381061352187e+00
4.995801309710003579e+00
4.995521660307057132e+00
4.995243614324935244e+00
4.994967803926773975e+00
4.994692513784029231e+00
4.994419920621075981e+00
4.994149563582250373e+00
4.993884287019827006e+00
4.993624434163428383e+00
4.993367828642584882e+00
4.993116575991372486e+00
4.992870027543615308e+00
4.992630989858518831e+00
4.992399787576506931e+00
4.992174147171537513e+00
4.991956225307296435e+00
4.991745277223746946e+00
4.991544222486775872e+00
4.991352930077924022e+00
4.991174702578796030e+00
4.991010343962921425e+00
4.990857679322003193e+00
4.990719078210755555e+00
4.990593706769510085e+00
4.990484752859561723e+00
4.990392841882645314e+00
4.990315419598123192e+00
4.990254906718259775e+00
4.990210285721919270e+00
4.990184773911829019e+00
4.990179060548767254e+00
4.990190693667615918e+00
4.990220601813859069e+00
4.990265203899695301e+00
4.990323719390659107e+00
4.990397537428877150e+00
4.990489112980655229e+00
4.990603005396193836e+00
4.990737819610154169e+00
4.990895417233919495e+00
4.991072669172649690e+00
4.991269051836794368e+00
4.991487290946758471e+00
4.991724580259984556e+00
4.991981687223530528e+00
4.992254820106542645e+00
4.992543087000020030e+00
4.992848755972453034e+00
4.993168919006355289e+00
4.993504057073957725e+00
4.993850439259775342e+00
4.994207777151830285e+00
4.994572115050621264e+00
4.994942323969669751e+00
4.995320045942433396e+00
4.995702431643374908e+00
4.996089564518996440e+00
4.996478030787773861e+00
4.996867059836156422e+00
4.997258285129435151e+00
4.997649099746711343e+00
4.998039508419103605e+00
4.998426244178779676e+00
4.998808633344241414e+00
4.999186130383977300e+00
4.999562269071110343e+00
4.999938847528765606e+00
5.000316121237348810e+00
5.000693554574620947e+00
5.001069961110125917e+00
5.001448811063539779e+00
5.001831877933812009e+00
5.002219353759657317e+00
5.002610704520712659e+00
5.003004557745526881e+00
5.003399367215107141e+00
5.003793191382655436e+00
5.004188539044926998e+00
5.004585952939460292e+00
5.004984954925248530e+00
5.005384663412342228e+00
5.005783763820299548e+00
5.006184406870969994e+00
5.006586363421747343e+00
5.006987235130736735e+00
5.007387503528960337e+00
5.007784606212743128e+00
5.008178661162027367e+00
5.008566767083475035e+00
5.008943988116452140e+00
5.009308831984171206e+00
5.009657894963392089e+00
5.009990179495878770e+00
5.010302910612888461e+00
5.010596348153419477e+00
5.010871962489551912e+00
5.011128591703242208e+00
5.011366640305137565e+00
5.011584390731518290e+00
5.011782816773269644e+00
5.011963848764065865e+00
5.012126629738125949e+00
5.012271800212551476e+00
5.012397778242816848e+00
5.012505338046691072e+00
5.012595518765961877e+00
5.012667947941451096e+00
5.012722131003617854e+00
5.012760670614886394e+00
5.012785155909593726e+00
5.012799568745766265e+00
5.012805842067105999e+00
5.012803797694146191e+00
5.012792249192938421e+00
5.012769804311904664e+00
5.012738833920088233e+00
5.012700019687401642e+00
5.012652283943245912e+00
5.012593748079599898e+00
5.012522619347073771e+00
5.012440987228401923e+00
5.012349747641930975e+00
5.012252645500923087e+00
5.012151396785849755e+00
5.012045907116482901e+00
5.011937824347043602e+00
5.011830032131620705e+00
5.011726068713689308e+00
5.011630359905758780e+00
5.011542253931040136e+00
5.011463266284192919e+00
5.011390814798873272e+00
5.011324750598510569e+00
5.011267287525338787e+00
5.011215930799012064e+00
5.011170973581252852e+00
5.011128965806207702e+00
5.011089231268493371e+00
5.011053184847337860e+00
5.011023298927107739e+00
5.011003442531442253e+00
5.010992370235259230e+00
5.010991338725003352e+00
5.010997494270128527e+00
5.011010504139854049e+00
5.011032494002288118e+00
5.011060898598083568e+00
5.011096000963155994e+00
5.011134315054664334e+00
5.011175138271214635e+00
5.011219916409614505e+00
5.011270863433169964e+00
5.011331238137358923e+00
5.011398935858891512e+00
5.011474163244277413e+00
5.011552997576803392e+00
5.011634041267245543e+00
5.011717870124414276e+00
5.011805427214859776e+00
5.011897829566880347e+00
5.011996383379011988e+00
5.012102842396854996e+00
5.012214912977799308e+00
5.012333695144191026e+00
5.012456804607793970e+00
5.012584983465061761e+00
5.012716065981224212e+00
5.012845224543273304e+00
5.012971654712020886e+00
5.013092137547939586e+00
5.013206375800802306e+00
5.013311265465599575e+00
5.013402140988765687e+00
5.013477558471059581e+00
5.013534574802760879e+00
5.013572455587127941e+00
5.013588872104445926e+00
5.013584514035755113e+00
5.013561177923254952e+00
5.013518259677947064e+00
5.013456579413176684e+00
5.013374904779628771e+00
5.013274636514396754e+00
5.013158220820040256e+00
5.013025339789599855e+00
5.012877172235310930e+00
5.012712528783739963e+00
5.012532258763821247e+00
5.012336376126767412e+00
5.012127731148064314e+00
5.011906989239067300e+00
5.011673669669687747e+00
5.011430695377200983e+00
5.011179207455278117e+00
5.010923064485102607e+00
5.010663867112159942e+00
5.010400981794954411e+00
5.010132756814272170e+00
5.009856955263674472e+00
5.009575460538178149e+00
5.009288570884526060e+00
5.008999664954752795e+00
5.008709986660541347e+00
5.008418846916318223e+00
5.008129581607789760e+00
5.007843051500529441e+00
5.007563539672553077e+00
5.007292957402675881e+00
5.007030918024390154e+00
5.006775957889765039e+00
5.006525271519928211e+00
5.006281088333485840e+00
5.006043607503084303e+00
5.005811318088230877e+00
5.005581894539203880e+00
5.005352184440847729e+00
5.005123944453801599e+00
5.004897048942650528e+00
5.004674910999740156e+00
5.004458909168744363e+00
5.004247922584318609e+00
5.004045528679990973e+00
5.003852346226477010e+00
5.003672811075949411e+00
5.003509031835848830e+00
5.003360706608647845e+00
5.003226463602761243e+00
5.003103217169548422e+00
5.002993358125817025e+00
5.002896540131327008e+00
5.002816712366326080e+00
5.002755614308550314e+00
5.002712548681445881e+00
5.002686356707853221e+00
5.002674394484054154e+00
5.002679920285152626e+00
5.002704454744378637e+00
5.002747816895279698e+00
5.002809135816205455e+00
5.002886400786374033e+00
5.002979345577914572e+00
5.003089863634813561e+00
5.003215956944185194e+00
5.003359575928333136e+00
5.003519834247561526e+00
5.003692413461538813e+00
5.003878004164578286e+00
5.004073924706459842e+00
5.004281485215903658e+00
5.004498775904208330e+00
5.004726677877037844e+00
5.004962102682470437e+00
5.005204450027227026e+00
5.005455809761910402e+00
5.005713519514677579e+00
5.005977866561292622e+00
5.006245476068137634e+00
5.006515553151398734e+00
5.006789872334478808e+00
5.007065709293959443e+00
5.007343187932995043e+00
5.007618912109313314e+00
5.007892343462584606e+00
5.008164940686105737e+00
5.008434169539390801e+00
5.008699887567340525e+00
5.008958912235824457e+00
5.009210307807801854e+00
5.009450493645995373e+00
5.009678852972716534e+00
5.009896182497175054e+00
5.010100175258846100e+00
5.010290243686319478e+00
5.010463281055122842e+00
5.010619078320593722e+00
5.010758844823718583e+00
5.010882652518482416e+00
5.010989424348951893e+00
5.011077548940808590e+00
5.011146139362968377e+00
5.011197600159935206e+00
5.011232952661956119e+00
5.011251614996142578e+00
5.011252480708131785e+00
5.011234663726131799e+00
5.011200153854511896e+00
5.011150073477834255e+00
5.011087610171011342e+00
5.011014000385833889e+00
5.010929049201141794e+00
5.010835705486891278e+00
5.010735331823882532e+00
5.010631737498399296e+00
5.010526785081085066e+00
5.010419746184554768e+00
5.010308852935042800e+00
5.010191929288041024e+00
5.010070778405126823e+00
5.009945655831899991e+00
5.009819342115727103e+00
5.009691866556015505e+00
5.009565990440378869e+00
5.009446829868311468e+00
5.009335326323117066e+00
5.009235399722883564e+00
5.009147182306104895e+00
5.009074117363261358e+00
5.009016714956442407e+00
5.008972131394611615e+00
5.008942156197799811e+00
5.008925240607996265e+00
5.008923689734865903e+00
5.008937173966762302e+00
5.008962292958961449e+00
5.009000466539504259e+00
5.009049936094301714e+00
5.009112824154066779e+00
5.009188564931023713e+00
5.009275069738720276e+00
5.009369989278709134e+00
5.009470337041636689e+00
5.009578631342372468e+00
5.009695695637709001e+00
5.009820949853381222e+00
5.009953032088451330e+00
5.010089848143032931e+00
5.010231102061442066e+00
5.010378284360266221e+00
5.010529891028053129e+00
5.010687765869295873e+00
5.010851097068732329e+00
5.011016416474229906e+00
5.011184544227069715e+00
5.011353587134724563e+00
5.011525080705975910e+00
5.011697780936009039e+00
5.011873453798687983e+00
5.012051276954806234e+00
5.012228009569443365e+00
5.012404473814167538e+00
5.012578936236896432e+00
5.012752822971888733e+00
5.012924951742389723e+00
5.013092048111358778e+00
5.013254692665289447e+00
5.013411258383642988e+00
5.013562985452812981e+00
5.013708880179551741e+00
5.013849557478903485e+00
5.013982530691652784e+00
5.014107757871031801e+00
5.014226684597312911e+00
5.014337215022176331e+00
5.014439117451190420e+00
5.014529425025909148e+00
5.014607832198023196e+00
5.014675604583686663e+00
5.014732821838920884e+00
5.014777930964706698e+00
5.014808862213035567e+00
5.014823958608544352e+00
5.014825124849670246e+00
5.014813157188111603e+00
5.014789083877915665e+00
5.014750272401944819e+00
5.014696258491242453e+00
5.014628023983317640e+00
5.014547412361356038e+00
5.014456344892609607e+00
5.014352637159977810e+00
5.014235822971317091e+00
5.014105050157162680e+00
5.013961518670770445e+00
5.013807923117059140e+00
5.013647661631332575e+00
5.013484763664530774e+00
5.013318908655421957e+00
5.013151676741766316e+00
5.012981568903999374e+00
5.012810143933968732e+00
5.012635893051848868e+00
5.012455339891241479e+00
5.012268585165368329e+00
5.012073312563227745e+00
5.011870252986775576e+00
5.011657663186419143e+00
5.011435224463570037e+00
5.011203517292964982e+00
5.010963583358902795e+00
5.010716928554106886e+00
5.010465233748187863e+00
5.010210314982910695e+00
5.009949955170382552e+00
5.009683988870460958e+00
5.009409254522401156e+00
5.009125192885624855e+00
5.008832961556839436e+00
5.008530748256820431e+00
5.008218972471880193e+00
5.007895678033457365e+00
5.007561605361625645e+00
5.007219267015682540e+00
5.006867720683443324e+00
5.006508058135736405e+00
5.006138702978718769e+00
5.005760664170015417e+00
5.005377033477055093e+00
5.004991675553250197e+00
5.004609364097345470e+00
5.004230218877423475e+00
5.003856506434609663e+00
5.003486681183209939e+00
5.003121506360701964e+00
5.002764162731699216e+00
5.002413165246478499e+00
5.002069901501171145e+00
5.001732003328733356e+00
5.001399823588663196e+00
5.001075837363834431e+00
5.000762609665626357e+00
5.000462704462342423e+00
5.000178751734428495e+00
4.999914430895231909e+00
4.999666831096045705e+00
4.999434954555116661e+00
4.999219091211787536e+00
4.999020235793076417e+00
4.998840606038801759e+00
4.998678186604165852e+00
4.998534212590537429e+00
4.998409543217500861e+00
4.998304131779229387e+00
4.998217964371074906e+00
4.998150462604466604e+00
4.998101037497041155e+00
4.998069149528969746e+00
4.998053921962496204e+00
4.998054754005211819e+00
4.998070677905275261e+00
4.998100844565711576e+00
4.998144167382202241e+00
4.998202444952845269e+00
4.998272601878201549e+00
4.998354673553188299e+00
4.998444802425732192e+00
4.998541940962826224e+00
4.998647708995197725e+00
4.998759096832876558e+00
4.998875979604131103e+00
4.998994649397141110e+00
4.999114172877676232e+00
4.999235803158887492e+00
4.999361814763331857e+00
4.999495795303891654e+00
4.999636393040354676e+00
4.999784658690850314e+00
4.999937620833452279e+00
5.000094782933528492e+00
5.000257999896938976e+00
5.000424555335131416e+00
5.000594502687390808e+00
5.000764299929079115e+00
5.000933144949313736e+00
5.001102407015797446e+00
5.001272257063474669e+00
5.001441877297993166e+00
5.001609979774738868e+00
5.001774804573442701e+00
5.001936004105890454e+00
5.002094196639890633e+00
5.002245542695681557e+00
5.002388027980859242e+00
5.002516497420081976e+00
5.002628581421386222e+00
5.002723696362162187e+00
5.002802235642383799e+00
5.002864641579735761e+00
5.002907750732201286e+00
5.002930506870552740e+00
5.002933208586991753e+00
5.002916900049540594e+00
5.002882322927116654e+00
5.002826669818832173e+00
5.002748963853455244e+00
5.002649703204743226e+00
5.002529991438724011e+00
5.002390984308086708e+00
5.002231699239573892e+00
5.002053328149133726e+00
5.001858993221187433e+00
5.001650567419939186e+00
5.001429673779867358e+00
5.001197394441924793e+00
5.000954572923594021e+00
5.000705220617466473e+00
5.000450734749549042e+00
5.000190971858912370e+00
4.999928442400062956e+00
4.999662622541302781e+00
4.999396003570520719e+00
4.999128086950742400e+00
4.998857671983653717e+00
4.998587877184265338e+00
4.998319632049763150e+00
4.998057682413722169e+00
4.997804407395537218e+00
4.997560037870074190e+00
4.997325722549223137e+00
4.997103638865167063e+00
4.996896348141246946e+00
4.996707612268740384e+00
4.996535263519847447e+00
4.996378882799411336e+00
4.996239649729917076e+00
4.996119369819874478e+00
4.996021240355560167e+00
4.995944158432187088e+00
4.995890738775135453e+00
4.995860777739083325e+00
4.995850012356761738e+00
4.995859448906497136e+00
4.995886283818628648e+00
4.995932005340228521e+00
4.995994838237757918e+00
4.996073938500131817e+00
4.996169352674851183e+00
4.996281470753246801e+00
4.996410955920810082e+00
4.996558739649126224e+00
4.996726885879406943e+00
4.996911013325670226e+00
4.997108538163820057e+00
4.997318336213001366e+00
4.997540014548221166e+00
4.997774179833003316e+00
4.998017849842081084e+00
4.998271030945697468e+00
4.998535851998248347e+00
4.998809235965826936e+00
4.999090848689893285e+00
4.999376400945702237e+00
4.999664276609190772e+00
4.999955157073208589e+00
5.000245366426179672e+00
5.000533817460754982e+00
5.000816122287877974e+00
5.001090760542073355e+00
5.001358286732801695e+00
5.001620286697514572e+00
5.001879130410022967e+00
5.002132831545538671e+00
5.002381258862085289e+00
5.002623012302435335e+00
5.002860279804087540e+00
5.003093112254505037e+00
5.003319669155393612e+00
5.003537112506096562e+00
5.003742443634187076e+00
5.003936610253516548e+00
5.004118792315933817e+00
5.004287063324813545e+00
5.004438880387683142e+00
5.004572279820208358e+00
5.004688961025317795e+00
5.004789166975757375e+00
5.004872762098899308e+00
5.004939530216148569e+00
5.004989508887743632e+00
5.005025294827286864e+00
5.005050741726522645e+00
5.005066670156307573e+00
5.005075852923551949e+00
5.005078303141568874e+00
5.005076311866510252e+00
5.005069273638878435e+00
5.005054488146783775e+00
5.005032594524895018e+00
5.005002102497606131e+00
5.004964213939024908e+00
5.004917790386467225e+00
5.004864777386761610e+00
5.004808436897224766e+00
5.004748552874304757e+00
5.004686879282458811e+00
5.004621939016147714e+00
5.004555243346481497e+00
5.004490012395766740e+00
5.004425779087108950e+00
5.004364291885506688e+00
5.004303957153681814e+00
5.004246193589280800e+00
5.004188934322083782e+00
5.004133249478983636e+00
5.004082238701741403e+00
5.004035042333054406e+00
5.003993558571311340e+00
5.003955936061321275e+00
5.003923407718176009e+00
5.003899433654370732e+00
5.003883165943773470e+00
5.003876745682429572e+00
5.003878370376990681e+00
5.003889544388734123e+00
5.003908418095891264e+00
5.003931818017957056e+00
5.003961388496903417e+00
5.003996421098928948e+00
5.004039898505653561e+00
5.004092448116498559e+00
5.004152370300361419e+00
5.004222351606221864e+00
5.004302391656891835e+00
5.004395996895836696e+00
5.004504408897117784e+00
5.004626515018971489e+00
5.004759891606154198e+00
5.004900928070054711e+00
5.005050892275974661e+00
5.005209245444492083e+00
5.005373692256615215e+00
5.005540902898863997e+00
5.005707108439162667e+00
5.005873151836202517e+00
5.006038201288538048e+00
5.006204842054501114e+00
5.006373382513628734e+00
5.006542394967036458e+00
5.006714340080725023e+00
5.006889343061700970e+00
5.007070889068052644e+00
5.007260095072195050e+00
5.007455842443957472e+00
5.007655641460075913e+00
5.007856333074376387e+00
5.008059006543115643e+00
5.008263045703278848e+00
5.008466199659959983e+00
5.008665053998337946e+00
5.008856347766923456e+00
5.009040730041670386e+00
5.009217499182777367e+00
5.009389337194368963e+00
5.009556525894657497e+00
5.009717527334794696e+00
5.009870391278742119e+00
5.010012722076131908e+00
5.010142168966337906e+00
5.010256792712241669e+00
5.010356241767511598e+00
5.010441264990001642e+00
5.010512459236413640e+00
5.010566793563992150e+00
5.010603391623805969e+00
5.010622624993772867e+00
5.010625738511077287e+00
5.010613753338326148e+00
5.010583752751331943e+00
5.010535028496739152e+00
5.010468061127681949e+00
5.010384276452455765e+00
5.010285428686980680e+00
5.010173647076804571e+00
5.010050836558435527e+00
5.009914667912740427e+00
5.009764777802844016e+00
5.009601819169689385e+00
5.009427294255216268e+00
5.009242520918120611e+00
5.009044688184729921e+00
5.008833120957934426e+00
5.008608299632543392e+00
5.008371616051519482e+00
5.008124587991263255e+00
5.007867087748821611e+00
5.007598106161680995e+00
5.007320143160400860e+00
5.007034059585063090e+00
5.006743511640457278e+00
5.006449901246456058e+00
5.006152591303914434e+00
5.005852467929005734e+00
5.005551468626588729e+00
5.005252189756362213e+00
5.004957663369356879e+00
5.004670555730341697e+00
5.004392798923880115e+00
5.004126171533942014e+00
5.003872388516545477e+00
5.003632759292602650e+00
5.003408694070755836e+00
5.003201295071273869e+00
5.003011800524770791e+00
5.002841584653586970e+00
5.002691046333864300e+00
5.002560642304824334e+00
5.002450133067549487e+00
5.002359230359078701e+00
5.002287880605080339e+00
5.002235484979109081e+00
5.002201847370241872e+00
5.002186229961451680e+00
5.002188295428139142e+00
5.002207323263363925e+00
5.002241234019829008e+00
5.002285792491828254e+00
5.002341916756201989e+00
5.002407823614273497e+00
5.002485285670926096e+00
5.002574405827989068e+00
5.002671940735971212e+00
5.002777005619799766e+00
5.002889738147577425e+00
5.003010985366499241e+00
5.003142527807002082e+00
5.003285234011207727e+00
5.003439243286346816e+00
5.003604420218116466e+00
5.003780393897987011e+00
5.003966707493609611e+00
5.004162532817071352e+00
5.004367087333893238e+00
5.004579272847121452e+00
5.004798106885944620e+00
5.005022762845699802e+00
5.005252152885740102e+00
5.005485347900038740e+00
5.005721232201401527e+00
5.005958779770376843e+00
5.006197708490731202e+00
5.006438359207900035e+00
5.006681494377047237e+00
5.006928003951401251e+00
5.007178979496897497e+00
5.007435522712261999e+00
5.007698929197580640e+00
5.007970455996186843e+00
5.008251481726261112e+00
5.008543418142439307e+00
5.008848340119661735e+00
5.009162243250253610e+00
5.009482695999983193e+00
5.009808843787255661e+00
5.010140428374947774e+00
5.010478097777308015e+00
5.010817098002376291e+00
5.011154577750206229e+00
5.011489349882544353e+00
5.011820934731008315e+00
5.012149487789216096e+00
5.012474126349629522e+00
5.012793264444412422e+00
5.013108063395561587e+00
5.013417100961746975e+00
5.013719799704344560e+00
5.014016313310206918e+00
5.014307081214577799e+00
5.014592861197384011e+00
5.014874540827664262e+00
5.015152975245804612e+00
5.015424093156547691e+00
5.015685606542469088e+00
5.015936530064285748e+00
5.016176564897836698e+00
5.016405823602767100e+00
5.016623569242151248e+00
5.016828994452449564e+00
5.017025198507549355e+00
5.017213545590133883e+00
5.017393904607237332e+00
5.017565364874394085e+00
5.017726491204889783e+00
5.017877113799991129e+00
5.018017894699664083e+00
5.018148442711174440e+00
5.018267402555286694e+00
5.018373036551713184e+00
5.018464004620402541e+00
5.018542842138050908e+00
5.018610465968451173e+00
5.018666340959681449e+00
5.018709349496712768e+00
5.018738446442366552e+00
5.018756544622082316e+00
5.018764788784973341e+00
5.018762790843537047e+00
5.018749557114132287e+00
5.018724012486562636e+00
5.018689176991973255e+00
5.018646580700222515e+00
5.018599258342218761e+00
5.018547029218098032e+00
5.018491805281882101e+00
5.018432642125915777e+00
5.018371114714460290e+00
5.018310774543711439e+00
5.018251264847272353e+00
5.018194795462692426e+00
5.018140227806213716e+00
5.018089084133896982e+00
5.018039977576043142e+00
5.017988893596846189e+00
5.017935634588281957e+00
5.017877526369336039e+00
5.017814844127201468e+00
5.017745268961803617e+00
5.017667029856162308e+00
5.017578490993398255e+00
5.017478286011535005e+00
5.017365049284340905e+00
5.017237443851696455e+00
5.017094560873153419e+00
5.016936729543300721e+00
5.016765111770871144e+00
5.016581002597156669e+00
5.016383324128034005e+00
5.016169955537113090e+00
5.015941934224608545e+00
5.015698771991226934e+00
5.015442385200802988e+00
5.015172584161553537e+00
5.014889795028063091e+00
5.014598474253358695e+00
5.014301711183430932e+00
5.014001451462895886e+00
5.013699015036613638e+00
5.013395230558157500e+00
5.013090584457308374e+00
5.012785288535446249e+00
5.012479394443722036e+00
5.012172851499557602e+00
5.011865452483683647e+00
5.011557054065556294e+00
5.011247397691401595e+00
5.010940293513629129e+00
5.010636892255785568e+00
5.010341799568775123e+00
5.010057190034928887e+00
5.009782900002243800e+00
5.009517714318278969e+00
5.009258961465599569e+00
5.009009077225270445e+00
5.008768522564712278e+00
5.008535995718482958e+00
5.008309378039483839e+00
5.008085522272084589e+00
5.007866482057070634e+00
5.007652194008624491e+00
5.007445492159967593e+00
5.007245667029564196e+00
5.007054931383970953e+00
5.006873717561754589e+00
5.006700828031096506e+00
5.006534213062765915e+00
5.006370962385478407e+00
5.006213285487536524e+00
5.006061593855190672e+00
5.005914684983361340e+00
5.005770539438742617e+00
5.005626414085197595e+00
5.005484477451462411e+00
5.005344967397321376e+00
5.005211826024969390e+00
5.005086820099895917e+00
5.004969704013711329e+00
5.004859227773196473e+00
5.004752939001120282e+00
5.004653402112817062e+00
5.004561191743631454e+00
5.004475273361822296e+00
5.004393787274529437e+00
5.004314013572803255e+00
5.004238182136251822e+00
5.004166608259476234e+00
5.004101718135571808e+00
5.004041803863294113e+00
5.003987691972799468e+00
5.003937758251488788e+00
5.003894113472127536e+00
5.003856437639262467e+00
5.003822046741772667e+00
5.003792616366337320e+00
5.003767153208538154e+00
5.003748179383038952e+00
5.003735719927281167e+00
5.003727283979460871e+00
5.003724340435801388e+00
5.003725446876486238e+00
5.003732412006355545e+00
5.003744254283954085e+00
5.003762205030650279e+00
5.003783890548509028e+00
5.003809709834746933e+00
5.003842368295296161e+00
5.003880203654403225e+00
5.003924336027700370e+00
5.003972234292302979e+00
5.004024231889632190e+00
5.004083075480883380e+00
5.004147151153882866e+00
5.004217503787366184e+00
5.004291595010434079e+00
5.004369764108558272e+00
5.004449165327822691e+00
5.004529823720804238e+00
5.004614012934617051e+00
5.004699852014310224e+00
5.004787962459377404e+00
5.004875593589969363e+00
5.004962865714334797e+00
5.005052098170275521e+00
5.005141491139659671e+00
5.005231762141343133e+00
5.005320219429561845e+00
5.005406834561729745e+00
5.005490931928509468e+00
5.005575080192067539e+00
5.005659178462230408e+00
5.005746034657933663e+00
5.005835835816689006e+00
5.005926318293787425e+00
5.006019295411533676e+00
5.006113950288271219e+00
