0.000000000000000000e+00
0.000000000000000000e+00
-1.474031159887091088e-06
-7.729507196927444028e-06
-1.977893654839135937e-05
-3.498266116366722259e-05
-4.973106333636677942e-05
-2.737033661105667948e-05
4.512949235504516970e-06
9.544975342578256483e-05
2.803654338640627084e-04
5.800444747728761155e-04
9.951745461148674490e-04
1.615544531814521465e-03
2.393882397882408399e-03
3.382288415305084815e-03
4.593787465564673836e-03
6.087113295070594593e-03
7.838973377220099722e-03
9.853544358484213339e-03
1.220207658814615771e-02
1.499520269440836676e-02
1.817412403630442805e-02
2.172639397191233543e-02
2.573017058180995104e-02
3.007511017131037773e-02
3.484437939929194150e-02
4.015169021891779738e-02
4.581380901145166301e-02
5.195682225035853224e-02
5.853749272631830758e-02
6.557541248606865714e-02
7.312827048110191741e-02
8.110824820803826107e-02
8.950672981547540263e-02
9.827590880202477508e-02
1.074234926443023014e-01
1.169609153013152214e-01
1.269135904054564390e-01
1.372521483640593565e-01
1.481321084241789821e-01
1.593184447030943640e-01
1.709754705171507572e-01
1.829514479379576453e-01
1.953382527570647065e-01
2.080927288274687648e-01
2.211636388044280199e-01
2.345806669931334576e-01
2.483810722570341523e-01
2.625110602121275005e-01
2.769590103368681500e-01
2.917790996770781020e-01
3.068398093919676439e-01
3.222149514894409039e-01
3.378373098115844408e-01
3.537446522455138798e-01
3.699520349244995732e-01
3.863810407857819484e-01
4.030634700994416564e-01
4.199798869829103332e-01
4.371332955102845697e-01
4.545825552682801751e-01
4.722076570730133760e-01
4.901537346582336419e-01
5.082781171541137510e-01
5.267171609144134514e-01
5.453989803533477732e-01
5.643261801938934674e-01
5.834835397939605039e-01
6.028706228475494422e-01
6.225425922613067042e-01
6.424677920083921023e-01
6.627440595369260556e-01
6.832704424600520854e-01
7.040354132394708309e-01
7.249826335649407483e-01
7.461267828683769698e-01
7.675141167383110474e-01
7.891612386445916449e-01
8.110087275247489513e-01
8.331159972886954534e-01
8.555301880578909390e-01
8.780769276361379827e-01
9.008429002504263483e-01
9.237498950700675504e-01
9.468646025400075938e-01
9.701666092615042203e-01
9.936141371469411343e-01
1.017234027359953830e+00
1.041066260312071501e+00
1.065097675297728363e+00
1.089358444188109010e+00
1.113828570816985053e+00
1.138583424065581440e+00
1.163576133225432852e+00
1.188730051491729167e+00
1.214045009587279456e+00
1.239545986626616747e+00
1.265237388585082501e+00
1.291128878567687543e+00
1.317220857117644917e+00
1.343553731415740637e+00
1.370058090661040895e+00
1.396791973088256755e+00
1.423685002301208202e+00
1.450783138249389426e+00
1.478042616818420196e+00
1.505399646733275976e+00
1.532889785740844335e+00
1.560473263237945440e+00
1.588090245697967529e+00
1.615796587441436838e+00
1.643541233513824196e+00
1.671337425683013578e+00
1.699114599202148135e+00
1.726888649437896550e+00
1.754684002373687601e+00
1.782413458798400629e+00
1.810083591912261314e+00
1.837647409413329491e+00
1.865106554005614647e+00
1.892509019349089883e+00
1.919779980156890442e+00
1.946970810864440793e+00
1.973991816018096701e+00
2.000838723156921350e+00
2.027584590886107652e+00
2.054160068009368345e+00
2.080631937954894095e+00
2.106903538678160714e+00
2.132986445401182873e+00
2.158879554245940025e+00
2.184586422417631901e+00
2.210097012494077973e+00
2.235356862519254584e+00
2.260387921307554393e+00
2.285202231381407323e+00
2.309810612175932309e+00
2.334219708416929162e+00
2.358431022141446398e+00
2.382393982384671371e+00
2.406200640175808925e+00
2.429748659108151188e+00
2.453108391736019911e+00
2.476188545201290836e+00
2.499019112561215117e+00
2.521632707093227843e+00
2.544000382397640703e+00
2.566118352387417367e+00
2.587964215252864797e+00
2.609487633679378860e+00
2.630788943741787289e+00
2.651822216485012706e+00
2.672687504265774727e+00
2.693260183308590960e+00
2.713561737511624550e+00
2.733617579911221895e+00
2.753436486695279406e+00
2.772978006575574028e+00
2.792230291340817239e+00
2.811112246487606825e+00
2.829729423497189700e+00
2.848150472615231354e+00
2.866325461838711508e+00
2.884405347083081050e+00
2.902312936757077022e+00
2.920047248576153720e+00
2.937803021643628387e+00
2.955507875655163375e+00
2.973290859435070210e+00
2.991067814801204872e+00
3.008833749268520652e+00
3.026790504429805573e+00
3.044845653746593328e+00
3.063120791886318361e+00
3.081532283995617405e+00
3.100070867512691564e+00
3.118945026371944707e+00
3.138043450091350994e+00
3.157456058238018670e+00
3.177083480332363319e+00
3.197001879189480533e+00
3.217112057183254770e+00
3.237493760560024914e+00
3.258053362343777515e+00
3.278829271767605302e+00
3.299803192589748857e+00
3.321008484337796052e+00
3.342413735363949812e+00
3.364055075619686974e+00
3.385893826458920675e+00
3.407925903771389819e+00
3.430027570698727324e+00
3.452249171708096309e+00
3.474485492680539522e+00
3.496807734940518664e+00
3.519117085907926157e+00
3.541524932358731892e+00
3.563927707646360243e+00
3.586437556717863462e+00
3.608917856190672513e+00
3.631351754639616569e+00
3.653656575654021132e+00
3.675854084465971283e+00
3.697885496590604948e+00
3.719788434479704087e+00
3.741515424225797304e+00
3.763110849831571514e+00
3.784532322857847131e+00
3.805812289689054051e+00
3.827063984845151534e+00
3.848278474781980485e+00
3.869529268715849124e+00
3.890753982041349701e+00
3.912080452416411003e+00
3.933355922673217098e+00
3.954670422051421497e+00
3.975892848942748969e+00
3.997082436058990940e+00
4.018229823086731045e+00
4.039320356820097935e+00
4.060321619484891897e+00
4.081229066822996465e+00
4.101915056679716010e+00
4.122503206704130285e+00
4.142871420357694845e+00
4.163134036038389496e+00
4.183174071286192230e+00
4.203072520468702500e+00
4.222815011713971778e+00
4.242422655795087927e+00
4.261787378762235790e+00
4.280906085942259409e+00
4.299668556426039068e+00
4.318118255112639581e+00
4.336176137898436700e+00
4.353880292151442788e+00
4.371302481863966527e+00
4.388406290982237223e+00
4.405140684817304475e+00
4.421473757002821081e+00
4.437480627272597289e+00
4.453244428608885030e+00
4.468748396609297124e+00
4.483919328425398199e+00
4.498865497086515397e+00
4.513589682553281079e+00
4.527983165953625821e+00
4.542175992701519505e+00
4.556034009430874221e+00
4.569515782568919882e+00
4.582798759911525188e+00
4.595777415011394140e+00
4.608465619061457907e+00
4.620920625899302081e+00
4.633116490815150534e+00
4.644975011322963532e+00
4.656614210579860469e+00
4.668035935137736736e+00
4.679192818377482688e+00
4.690204439137446890e+00
4.701007885907161565e+00
4.711553794119823557e+00
4.721872358296383076e+00
4.732034220669735447e+00
4.742047498200404831e+00
4.751835000489222693e+00
4.761392540905941217e+00
4.770895629499425361e+00
4.780310679648390071e+00
4.789649815533628008e+00
4.798883601997364856e+00
4.807969871137609097e+00
4.816977674935331244e+00
4.825982206438054867e+00
4.834950682495107621e+00
4.843990892742146670e+00
4.853106952283848585e+00
4.862314156864155912e+00
4.871640030715932213e+00
4.881154046628942034e+00
4.890789788935651750e+00
4.900635567281713456e+00
4.910720390651694522e+00
4.920941520307533068e+00
4.931367951009742789e+00
4.941958190773002357e+00
4.952718250129692024e+00
4.963737775657645734e+00
4.974949657295219652e+00
4.986333436344138725e+00
4.997897172544472078e+00
5.009668138597480613e+00
5.021556890581122978e+00
5.033641650054923922e+00
5.045915008161537152e+00
5.058346734617225060e+00
5.070924747560491497e+00
5.083668500755299746e+00
5.096539016340244643e+00
5.109494470928180654e+00
5.122510226343143458e+00
5.135571647260655403e+00
5.148642404649724114e+00
5.161701644037236747e+00
5.174702256296147773e+00
5.187628932569493756e+00
5.200463786695470603e+00
5.213193061922063443e+00
5.225799928281774420e+00
5.238304745529164919e+00
5.250669221256245578e+00
5.262907108638752440e+00
5.275016437147129977e+00
5.287003968332279591e+00
5.298863657091129831e+00
5.310573986146916781e+00
5.322104595277776795e+00
5.333464700553884441e+00
5.344672289464940995e+00
5.355729102466573188e+00
5.366645370100011192e+00
5.377391734693517833e+00
5.387969987962714313e+00
5.398404682252875730e+00
5.408663518999091480e+00
5.418761368368140374e+00
5.428719812605849349e+00
5.438524378512374469e+00
5.448213441942208135e+00
5.457778715465538610e+00
5.467242193196289790e+00
5.476583089802734783e+00
5.485814237568848561e+00
5.494944340560906859e+00
5.503968145225518249e+00
5.512900641534798751e+00
5.521730509374611628e+00
5.530442946527474923e+00
5.539073041651719542e+00
5.547594044778818123e+00
5.556037393782609968e+00
5.564352912877076562e+00
5.572534530137055242e+00
5.580605618331902384e+00
5.588564873311989700e+00
5.596417744133942662e+00
5.604170001123421230e+00
5.611806344960204918e+00
5.619360065434449325e+00
5.626795182798379535e+00
5.634157630179399412e+00
5.641413691614145520e+00
5.648573554132456209e+00
5.655663689349168521e+00
5.662634127710336251e+00
5.669529767606729109e+00
5.676310071919434819e+00
5.682963730071061370e+00
5.689527373884193828e+00
5.695985107396118963e+00
5.702362455699913291e+00
5.708621515605919683e+00
5.714756310556404983e+00
5.720804664466851541e+00
5.726755179141037821e+00
5.732617226217262996e+00
5.738405034516328662e+00
5.744082287524217456e+00
5.749672767494196535e+00
5.755162804697032009e+00
5.760552939746851564e+00
5.765866832707400746e+00
5.771088151309961667e+00
5.776232073281282631e+00
5.781280582521433509e+00
5.786240805957787892e+00
5.791122865949148490e+00
5.795887909505838209e+00
5.800576781306737040e+00
5.805170787547105249e+00
5.809684451792710647e+00
5.814083874199861057e+00
5.818379055831903734e+00
5.822578820858474558e+00
5.826687260840412996e+00
5.830707900796410215e+00
5.834611564550872487e+00
5.838407973323341160e+00
5.842106564615246356e+00
5.845710267696855311e+00
5.849222694013592516e+00
5.852604266975397707e+00
5.855866467926972518e+00
5.859020516548627100e+00
5.862071688745492004e+00
5.865025422547333278e+00
5.867870260749332267e+00
5.870588765416613342e+00
5.873189097319118090e+00
5.875677814904919138e+00
5.878061054174176903e+00
5.880328841779701499e+00
5.882465336893075047e+00
5.884508656535617277e+00
5.886435596172085560e+00
5.888249269102087347e+00
5.889940206084720131e+00
5.891492059056035124e+00
5.892946461711397355e+00
5.894281392518749385e+00
5.895529298384060368e+00
5.896652385715713152e+00
5.897629411269296185e+00
5.898503964964615598e+00
5.899253523398505727e+00
5.899912905294763199e+00
5.900445963789091586e+00
5.900861334253417745e+00
5.901173418660031977e+00
5.901356017247158192e+00
5.901445049422178180e+00
5.901410193624757383e+00
5.901240243404021868e+00
5.900977494357935171e+00
5.900603652945569877e+00
5.900149358189515247e+00
5.899568100697210937e+00
5.898862005374244433e+00
5.898045530817321414e+00
5.897107590860537485e+00
5.896083787283709299e+00
5.894957693493773299e+00
5.893710763952542564e+00
5.892353359958935499e+00
5.890875442079114954e+00
5.889311603954838326e+00
5.887648014179275968e+00
5.885869901529357406e+00
5.884010138413711566e+00
5.882039781859917937e+00
5.879986248365446144e+00
5.877836441001696777e+00
5.875576912811800057e+00
5.873239625147386178e+00
5.870800315341753617e+00
5.868298233947560227e+00
5.865708090565011190e+00
5.863050878546044231e+00
5.860311440429493146e+00
5.857462982735440526e+00
5.854554037949847078e+00
5.851551337442205458e+00
5.848495727977559788e+00
5.845350218615338100e+00
5.842073540589617586e+00
5.838721843859957517e+00
5.835253375968740386e+00
5.831718203327463712e+00
5.828073312840269971e+00
5.824275296828554715e+00
5.820390654406354614e+00
5.816376840970323592e+00
5.812289291820333048e+00
5.808086289665506108e+00
5.803760496578023620e+00
5.799333111545846187e+00
5.794781744382188293e+00
5.790142359933660110e+00
5.785393845341013197e+00
5.780518773696230461e+00
5.775547907850549834e+00
5.770444934866236331e+00
5.765265465876863615e+00
5.759973813197420967e+00
5.754573687813090643e+00
5.749081006548212969e+00
5.743463995358751184e+00
5.737774461409852478e+00
5.731985359689995008e+00
5.726131863496108032e+00
5.720195400020881671e+00
5.714177592298789854e+00
5.708095225593848632e+00
5.701952907345101629e+00
5.695761703154847311e+00
5.689522198936745490e+00
5.683242496154114143e+00
5.676931995651527174e+00
5.670603819391533129e+00
5.664263093373580915e+00
5.657931307456300019e+00
5.651617809436126905e+00
5.645328935882852228e+00
5.639086589119240323e+00
5.632876830599113482e+00
5.626732525727553558e+00
5.620652685067457632e+00
5.614642199179930238e+00
5.608722856542867952e+00
5.602875971696180457e+00
5.597137059471411824e+00
5.591494765183729676e+00
5.585950319669050756e+00
5.580526525280279593e+00
5.575196031234068705e+00
5.569979476234717453e+00
5.564890873334211285e+00
5.559899353585046278e+00
5.555056247613232578e+00
5.550296367904942407e+00
5.545667574009697454e+00
5.541175428232948619e+00
5.536776718399326391e+00
5.532518155476847888e+00
5.528337995312015529e+00
5.524281418523589338e+00
5.520330947837631008e+00
5.516478914222518348e+00
5.512763135037223705e+00
5.509121745726863750e+00
5.505595245859423947e+00
5.502166648707190966e+00
5.498829909167090690e+00
5.495600366196433662e+00
5.492452108166019364e+00
5.489417244694035247e+00
5.486494048139851643e+00
5.483650160631936110e+00
5.480892344913285363e+00
5.478199092051784902e+00
5.475593736073773421e+00
5.473075218698781441e+00
5.470619245371621808e+00
5.468232280216021479e+00
5.465898163220686001e+00
5.463624215475125112e+00
5.461432625106375838e+00
5.459294336042207263e+00
5.457211936763329163e+00
5.455172029635710018e+00
5.453178060999913868e+00
5.451244650683209514e+00
5.449350718012854422e+00
5.447493311068817512e+00
5.445663776746792806e+00
5.443862956068319825e+00
5.442102241567177145e+00
5.440362354866069339e+00
5.438651581159631654e+00
5.436959457597533962e+00
5.435281162015001222e+00
5.433621881059209180e+00
5.431972032240429904e+00
5.430335780433216186e+00
5.428706222227611455e+00
5.427084770253697066e+00
5.425463863215245652e+00
5.423839755705394339e+00
5.422208449146546982e+00
5.420571420541801189e+00
5.418924302062788634e+00
5.417257645777263875e+00
5.415577786466875487e+00
5.413880176446236980e+00
5.412171478918589962e+00
5.410448858490981117e+00
5.408711020550525994e+00
5.406965054622687283e+00
5.405202597728766989e+00
5.403428377709188268e+00
5.401639480790891845e+00
5.399836313179530833e+00
5.398026539734401830e+00
5.396208084723748577e+00
5.394385858527220634e+00
5.392554117790259838e+00
5.390710877827205039e+00
5.388862730762757458e+00
5.387008990994490709e+00
5.385154250613250149e+00
5.383297509304084905e+00
5.381443714699544856e+00
5.379591486207046636e+00
5.377739320150413782e+00
5.375889829001226694e+00
5.374038526317873377e+00
5.372181716463366286e+00
5.370323524377147884e+00
5.368462019911804717e+00
5.366600772789516860e+00
5.364737354866066177e+00
5.362872616550722782e+00
5.361010028472939837e+00
5.359146533659497003e+00
5.357279917797843183e+00
5.355413498482504586e+00
5.353549851528205394e+00
5.351692861816682800e+00
5.349843751243152035e+00
5.348004476330079804e+00
5.346177075705327297e+00
5.344361849925317820e+00
5.342560197166004166e+00
5.340774848065175995e+00
5.339006313881673016e+00
5.337262565395630709e+00
5.335549132427967578e+00
5.333863912126815876e+00
5.332214183262385276e+00
5.330606065145530259e+00
5.329044696590699459e+00
5.327529704174795100e+00
5.326050951233900932e+00
5.324622820219792274e+00
5.323231804272926304e+00
5.321891434392727049e+00
5.320603321394718144e+00
5.319355380586182847e+00
5.318154475367462553e+00
5.317005133381879745e+00
5.315915905288256305e+00
5.314883749610580743e+00
5.313894907659687306e+00
5.312956719226039404e+00
5.312075165561235046e+00
5.311247218823826444e+00
5.310494653410112953e+00
5.309795200056231401e+00
5.309152441597378314e+00
5.308572028144098454e+00
5.308049427359200934e+00
5.307599700703121925e+00
5.307220103456475435e+00
5.306902418895460549e+00
5.306655121049679735e+00
5.306461399844684124e+00
5.306321287820884081e+00
5.306234960178682236e+00
5.306197163516026549e+00
5.306206044861883520e+00
5.306266619642102000e+00
5.306370531157425852e+00
5.306515671559445479e+00
5.306697459113619786e+00
5.306916371849201397e+00
5.307177103073171587e+00
5.307462444086395337e+00
5.307789613012992014e+00
5.308144194227478962e+00
5.308535248343669188e+00
5.308954762485644352e+00
5.309385296855887226e+00
5.309833204713483745e+00
5.310291911479850135e+00
5.310767920319754865e+00
5.311253794473429046e+00
5.311741670039315188e+00
5.312224495787937428e+00
5.312703025345523855e+00
5.313169854734857367e+00
5.313630247046074118e+00
5.314074783962986714e+00
5.314489948865792179e+00
5.314877159003933649e+00
5.315223423358816923e+00
5.315548442643899918e+00
5.315836472664792645e+00
5.316073561576027728e+00
5.316269958638419446e+00
5.316412046351302934e+00
5.316522487052549373e+00
5.316587923164314944e+00
5.316619991040623106e+00
5.316601745377827370e+00
5.316517616634788723e+00
5.316398094756127790e+00
5.316222234846622818e+00
5.316002076970010037e+00
5.315720069383799817e+00
5.315365443428575531e+00
5.314958655437050261e+00
5.314482108776983793e+00
5.313953658615765185e+00
5.313361080078002452e+00
5.312711179045553678e+00
5.312014529941198049e+00
5.311250673694130064e+00
5.310435395402427261e+00
5.309558210683580803e+00
5.308627148804779594e+00
5.307653942940349978e+00
5.306633456287498163e+00
5.305571084631199419e+00
5.304453329456564781e+00
5.303286476296899643e+00
5.302081910384414343e+00
5.300836001498218764e+00
5.299554870141265361e+00
5.298237160605903107e+00
5.296884302062507821e+00
5.295502322775836213e+00
5.294086975020880104e+00
5.292642875773423405e+00
5.291169377130979790e+00
5.289671762896294815e+00
5.288157268477196027e+00
5.286624874485248426e+00
5.285083457393164430e+00
5.283532912445777718e+00
5.281981043530220354e+00
5.280430693042987400e+00
5.278887415987962406e+00
5.277349261952154258e+00
5.275814275754205696e+00
5.274292219591848685e+00
5.272781178069821273e+00
5.271293213976135483e+00
5.269817840618602034e+00
5.268368545485250465e+00
5.266952114117851913e+00
5.265557736469021144e+00
5.264201900375595322e+00
5.262875712824572894e+00
5.261591268790473563e+00
5.260343415749777485e+00
5.259130221543419914e+00
5.257961092231381528e+00
5.256822626081811833e+00
5.255726536077963473e+00
5.254667958480823131e+00
5.253645518434750805e+00
5.252673311618673679e+00
5.251738624361860452e+00
5.250856548038828286e+00
5.250012365443216922e+00
5.249222054494127931e+00
5.248489742366181154e+00
5.247816296381460077e+00
5.247211228733465127e+00
5.246651735318407894e+00
5.246154322934851955e+00
5.245723314186141906e+00
5.245359901090668409e+00
5.245058982291773475e+00
5.244820466016934191e+00
5.244653767713860937e+00
5.244556456546814793e+00
5.244528073264335788e+00
5.244562399793465168e+00
5.244660097077538552e+00
5.244816333768939742e+00
5.245055682851051060e+00
5.245354688042825231e+00
5.245727078752643102e+00
5.246163564646668220e+00
5.246666160473651530e+00
5.247236724743672198e+00
5.247848673524387664e+00
5.248508589403756197e+00
5.249197824211844221e+00
5.249929493131168634e+00
5.250691914619930678e+00
5.251466788040526801e+00
5.252253959240444026e+00
5.253042299138434679e+00
5.253832024918921206e+00
5.254614896388776657e+00
5.255380427824386302e+00
5.256127663316259024e+00
5.256855213107594516e+00
5.257557964088447555e+00
5.258240180077081938e+00
5.258891787292485631e+00
5.259504804821733437e+00
5.260081640953247373e+00
5.260609783964280695e+00
5.261099979678219185e+00
5.261541765207474519e+00
5.261928227642599154e+00
5.262268360095146313e+00
5.262549563596073732e+00
5.262787419358316399e+00
5.262974813828292575e+00
5.263119706638205386e+00
5.263221531981649548e+00
5.263264641664968657e+00
5.263263422591803575e+00
5.263211283181986389e+00
5.263117234028136693e+00
5.262982127257815002e+00
5.262804203649243284e+00
5.262589386292924054e+00
5.262326954567064341e+00
5.262024221440036342e+00
5.261681852770228929e+00
5.261299922672293405e+00
5.260885675159475916e+00
5.260439606812975732e+00
5.259963439909003391e+00
5.259452779946110823e+00
5.258906899226091447e+00
5.258332676460227617e+00
5.257731169630966761e+00
5.257106402349851493e+00
5.256460410935066108e+00
5.255793658402942548e+00
5.255107215699934109e+00
5.254399128911280137e+00
5.253674128708624380e+00
5.252933074516438872e+00
5.252181700823090438e+00
5.251424581316492812e+00
5.250661095586796279e+00
5.249892333504935671e+00
5.249114258346340378e+00
5.248335978371283517e+00
5.247559489366790508e+00
5.246787476447603460e+00
5.246022804361961889e+00
5.245261264649414557e+00
5.244510992077373146e+00
5.243773145881675646e+00
5.243051807266854603e+00
5.242351968568943477e+00
5.241667947379134773e+00
5.241001500767850096e+00
5.240352053028725088e+00
5.239729653244101115e+00
5.239133684207880393e+00
5.238566638400040887e+00
5.238021333125612244e+00
5.237492662352702055e+00
5.236988326666137894e+00
5.236507576984545942e+00
5.236053975206991673e+00
5.235616828744491968e+00
5.235202866067370842e+00
5.234813677986343450e+00
5.234445739780744233e+00
5.234101665859301811e+00
5.233771621269364793e+00
5.233463612945009835e+00
5.233175786976893562e+00
5.232917650454868230e+00
5.232685617638010100e+00
5.232466822658855321e+00
5.232268760373074201e+00
5.232089899071681316e+00
5.231940864670279190e+00
5.231813698840515059e+00
5.231713982374595062e+00
5.231633721386271141e+00
5.231576394006798303e+00
5.231543458205369923e+00
5.231533013713733915e+00
5.231546088471032085e+00
5.231582893668628387e+00
5.231644471511200045e+00
5.231728967754125215e+00
5.231837177118241478e+00
5.231957997055679321e+00
5.232099404586434410e+00
5.232264250321269294e+00
5.232452199580104768e+00
5.232661773180545595e+00
5.232892600903244151e+00
5.233146533640057108e+00
5.233421627217859751e+00
5.233717156602025078e+00
5.234031834071457112e+00
5.234366180030584736e+00
5.234719017138659503e+00
5.235101438602387525e+00
5.235506418934048334e+00
5.235929214982272484e+00
5.236371749443890167e+00
5.236834180159450902e+00
5.237321230089247770e+00
5.237822799412489516e+00
5.238347307657779339e+00
5.238888546591580209e+00
5.239439416779159586e+00
5.239998713834165045e+00
5.240557443452953379e+00
5.241120450487315452e+00
5.241685675671279299e+00
5.242251008180856431e+00
5.242806539898694496e+00
5.243343563815535013e+00
5.243861987804950608e+00
5.244367361245632964e+00
5.244853925695598384e+00
5.245312426490663427e+00
5.245742288222489336e+00
5.246140349125442803e+00
5.246518327286420202e+00
5.246873481189784805e+00
5.247209541303988978e+00
5.247518506264266414e+00
5.247794539583798823e+00
5.248044857708689115e+00
5.248269253103014620e+00
5.248472673045424308e+00
5.248647926142392173e+00
5.248796162288587475e+00
5.248922810144674322e+00
5.249021864989723340e+00
5.249096397519993573e+00
5.249135275576215065e+00
5.249147066280662521e+00
5.249137336677474508e+00
5.249107370975496956e+00
5.249059460147353029e+00
5.248977197364972369e+00
5.248867170627296019e+00
5.248734571545451644e+00
5.248581492233157952e+00
5.248411349750190524e+00
5.248219642362623283e+00
5.248008721008030619e+00
5.247778298634170113e+00
5.247526525615780812e+00
5.247255738492190069e+00
5.246962187386183807e+00
5.246645607410997059e+00
5.246311767122773695e+00
5.245955920278158935e+00
5.245574599786725578e+00
5.245160073473182472e+00
5.244708789720263553e+00
5.244230818546439465e+00
5.243720069921637972e+00
5.243176041080679362e+00
5.242593022420135362e+00
5.241969481690850863e+00
5.241317559688414285e+00
5.240633000715697598e+00
5.239924095927799286e+00
5.239181214033687084e+00
5.238395885064327295e+00
5.237578748225296899e+00
5.236724120437229679e+00
5.235841348677003459e+00
5.234921596407019706e+00
5.233966748028122673e+00
5.232983126401030027e+00
5.231959496273718813e+00
5.230903757571302215e+00
5.229805358185492636e+00
5.228666765152537366e+00
5.227496541499220939e+00
5.226293314307056903e+00
5.225057391955576058e+00
5.223782334609946787e+00
5.222470793261251742e+00
5.221132133885346249e+00
5.219768718465291002e+00
5.218389696016036083e+00
5.216996674372873954e+00
5.215600594713412086e+00
5.214202903493367458e+00
5.212806705518684858e+00
5.211413198991738049e+00
5.210020061268530789e+00
5.208639286442720007e+00
5.207269833668195957e+00
5.205920576139413392e+00
5.204592323138439447e+00
5.203284333481512647e+00
5.202009961291274465e+00
5.200760544001183483e+00
5.199547261654458907e+00
5.198368759288513274e+00
5.197224818675841185e+00
5.196126245020950662e+00
5.195076761080945182e+00
5.194084187283241505e+00
5.193144675328457360e+00
5.192263394503916274e+00
5.191441691427554517e+00
5.190678978770103313e+00
5.189978092893089645e+00
5.189325326665366944e+00
5.188722288816298267e+00
5.188167133054758295e+00
5.187658635064090973e+00
5.187192014179255573e+00
5.186769590511050687e+00
5.186386632866289759e+00
5.186035214274252958e+00
5.185713863208020413e+00
5.185419554582859192e+00
5.185153045228744872e+00
5.184907806108767225e+00
5.184686785399044595e+00
5.184481444790089988e+00
5.184286616130794556e+00
5.184102779182668819e+00
5.183928980662551034e+00
5.183769221532222637e+00
5.183619357015070150e+00
5.183483095609645375e+00
5.183357273156817158e+00
5.183240196698406521e+00
5.183133372304090436e+00
5.183029392625265075e+00
5.182932773915179148e+00
5.182838972223051677e+00
5.182749210617565438e+00
5.182668269707881414e+00
5.182590244345427699e+00
5.182522462050492607e+00
5.182459199482635448e+00
5.182416264082365664e+00
5.182392695693359919e+00
5.182377645079339956e+00
5.182378827167648971e+00
5.182389399216716264e+00
5.182430443855208679e+00
5.182492277783547152e+00
5.182587116503363234e+00
5.182704831849058280e+00
5.182843689372036877e+00
5.183012013838832921e+00
5.183209123847281496e+00
5.183443603062278804e+00
5.183703037717588558e+00
5.183992671215185588e+00
5.184300699786493105e+00
5.184641413123556752e+00
5.185009313889988647e+00
5.185390436531254643e+00
5.185789317705880030e+00
5.186196943068154930e+00
5.186617491313466388e+00
5.187051996470639637e+00
5.187490631335625046e+00
5.187938223437615015e+00
5.188387486816592009e+00
5.188850510561115570e+00
5.189321689301380047e+00
5.189789626666554412e+00
5.190256357410200749e+00
5.190722642013080090e+00
5.191183687367684207e+00
5.191629456945903165e+00
5.192054763094731129e+00
5.192456897341855893e+00
5.192845406004436448e+00
5.193212770776100662e+00
5.193560750068374254e+00
5.193877395347901604e+00
5.194153787133493516e+00
5.194405506191054123e+00
5.194621061937162665e+00
5.194806391646364041e+00
5.194951403507241494e+00
5.195048119084188620e+00
5.195117057085247403e+00
5.195149193788624054e+00
5.195152936716134207e+00
5.195123450514897101e+00
5.195064693299159764e+00
5.194989789976775185e+00
5.194889192731158012e+00
5.194767232128458367e+00
5.194621369932819199e+00
5.194457698521246058e+00
5.194286853616167932e+00
5.194108014536131357e+00
5.193924825844395521e+00
5.193732135334093059e+00
5.193534484469372714e+00
5.193338724934536188e+00
5.193146211710797822e+00
5.192960952875244729e+00
5.192781755329150428e+00
5.192616608553606738e+00
5.192466883203985972e+00
5.192327621738465737e+00
5.192199976789804161e+00
5.192087842487768334e+00
5.191992627122478332e+00
5.191908588177563288e+00
5.191836738238150950e+00
5.191767240642609416e+00
5.191699186247814346e+00
5.191635484729003380e+00
5.191570893457200242e+00
5.191506146039855274e+00
5.191435199888464247e+00
5.191360689835662789e+00
5.191281606756189326e+00
5.191190690487662351e+00
5.191086806409100696e+00
5.190967249745543910e+00
5.190832957705524997e+00
5.190686440529343137e+00
5.190523224683519565e+00
5.190344939796295520e+00
5.190151538742747483e+00
5.189949172535953004e+00
5.189743569238153498e+00
5.189534569164781175e+00
5.189320770489095125e+00
5.189097012976228385e+00
5.188869513949422974e+00
5.188641043851196955e+00
5.188413034794896461e+00
5.188185139657973011e+00
5.187955225357829825e+00
5.187726898701906286e+00
5.187499338934243198e+00
5.187275277046531130e+00
5.187053734460890020e+00
5.186837204197466633e+00
5.186628278369128431e+00
5.186429421031893305e+00
5.186242558626504184e+00
5.186069921074482281e+00
5.185919984621973455e+00
5.185792032411368879e+00
5.185699964981572485e+00
5.185639778651343512e+00
5.185608696226076120e+00
5.185619227530946951e+00
5.185668374629271327e+00
5.185772325725807264e+00
5.185915163702843778e+00
5.186115789509891272e+00
5.186379374939530607e+00
5.186681945159613782e+00
5.187049087158918326e+00
5.187479836254894394e+00
5.187967853866100931e+00
5.188512595876634492e+00
5.189110219984829797e+00
5.189779563977896970e+00
5.190513466581284874e+00
5.191304085611879060e+00
5.192150335520087978e+00
5.193048635035335536e+00
5.194006244301378139e+00
5.195040266051468514e+00
5.196123292952356643e+00
5.197270754560409323e+00
5.198470381334005630e+00
5.199720179646788232e+00
5.201032882093963750e+00
5.202384065746841202e+00
5.203787870019255024e+00
5.205229039102374777e+00
5.206726343690932346e+00
5.208269971966325684e+00
5.209839356600821425e+00
5.211443288832485088e+00
5.213067102789461948e+00
5.214714234381495395e+00
5.216374616384086949e+00
5.218036480009134337e+00
5.219691781609829384e+00
5.221336669534023756e+00
5.222960315554913358e+00
5.224558977096851464e+00
5.226125953703697036e+00
5.227638131588276060e+00
5.229117425292309385e+00
5.230535991400058649e+00
5.231894097983414760e+00
5.233186223417098937e+00
5.234378227650698712e+00
5.235512282907541781e+00
5.236550789311107401e+00
5.237511705219325187e+00
5.238373666911896542e+00
5.239102063536222431e+00
5.239755072801883351e+00
5.240293838291938400e+00
5.240743479676122973e+00
5.241086408182557221e+00
5.241314662809994473e+00
5.241463524162347731e+00
5.241490002918102853e+00
5.241420917851895567e+00
5.241239434951961762e+00
5.240944961408199099e+00
5.240558865169108849e+00
5.240081200474917544e+00
5.239499427551447930e+00
5.238808608302890413e+00
5.238000312322794727e+00
5.237099051499782831e+00
5.236104512834964808e+00
5.235006350824653154e+00
5.233815166676460073e+00
5.232522366518197465e+00
5.231138463789639204e+00
5.229657328153071383e+00
5.228098644638475179e+00
5.226467368925031387e+00
5.224763628566678975e+00
5.222997435951644896e+00
5.221173359626942734e+00
5.219316635454111619e+00
5.217425832623653115e+00
5.215505171889477154e+00
5.213559622490817169e+00
5.211603603238279092e+00
5.209647583836729545e+00
5.207703148001844973e+00
5.205782694989855131e+00
5.203884109133893432e+00
5.202026479566508321e+00
5.200202983195000961e+00
5.198423507088834938e+00
5.196688568169290257e+00
5.195006263727361961e+00
5.193384284550361940e+00
5.191822866225654032e+00
5.190319654518776638e+00
5.188915177905969678e+00
5.187587328875474135e+00
5.186347475150637543e+00
5.185215858319812021e+00
5.184162386456542038e+00
5.183226130628996842e+00
5.182355449000413117e+00
5.181593887681179567e+00
5.180952451253348023e+00
5.180393201956563054e+00
5.179955135421866252e+00
5.179583478556984311e+00
5.179322183696591253e+00
5.179159385548942396e+00
5.179093168425411342e+00
5.179132735199331705e+00
5.179250873868388005e+00
5.179478084445965358e+00
5.179794178978574415e+00
5.180197192841243137e+00
5.180691004023921131e+00
5.181252447442185272e+00
5.181890094132194591e+00
5.182614460513959465e+00
5.183418683187137610e+00
5.184298038707146894e+00
5.185232808069358157e+00
5.186228177846440524e+00
5.187294348926315024e+00
5.188414627836118065e+00
5.189606636242041660e+00
5.190847387165794302e+00
5.192135161907443397e+00
5.193477679044971040e+00
5.194862775058516569e+00
5.196304389537342416e+00
5.197775353939301901e+00
5.199291509241826148e+00
5.200852425248390531e+00
5.202446448356872644e+00
5.204081408084397786e+00
5.205738433451418956e+00
5.207430662662750009e+00
5.209145099521641953e+00
5.210888687224154658e+00
5.212659799606566224e+00
5.214442375154260567e+00
5.216238091439964641e+00
5.218039642573359060e+00
5.219849436433079859e+00
5.221661509574417437e+00
5.223477403224473292e+00
5.225283173621659394e+00
5.227072146386865903e+00
5.228836672605041258e+00
5.230570983887676384e+00
5.232280205042126653e+00
5.233952034861807157e+00
5.235591343791250907e+00
5.237185057402615307e+00
5.238733281941180486e+00
5.240242348463302058e+00
5.241695270837312570e+00
5.243108456731801148e+00
5.244454276115661173e+00
5.245744504482512838e+00
5.246979928017622363e+00
5.248167839945322655e+00
5.249304529354937188e+00
5.250355967135197588e+00
5.251339925305015477e+00
5.252256428898340879e+00
5.253116456271178514e+00
5.253916311190491406e+00
5.254627103731995597e+00
5.255269829333788500e+00
5.255846149847871018e+00
5.256367275306051745e+00
5.256830278859502492e+00
5.257203129568165600e+00
5.257507306673591785e+00
5.257745633070383562e+00
5.257930372153434284e+00
5.258060860700000561e+00
5.258124977709750958e+00
5.258129929600774410e+00
5.258075348193316678e+00
5.257970804635926143e+00
5.257816347813724533e+00
5.257602479642749849e+00
5.257337949796140997e+00
5.257035391534240709e+00
5.256694696451099880e+00
5.256313142197702071e+00
5.255880436989043503e+00
5.255404902378593590e+00
5.254898784326885064e+00
5.254363487529132293e+00
5.253806002120050778e+00
5.253216456490130248e+00
5.252596657814949666e+00
5.251955290379492602e+00
5.251293620260922168e+00
5.250617805066077004e+00
5.249925058277814749e+00
5.249219945686429689e+00
5.248512954207628312e+00
5.247800098525850387e+00
5.247083394172159743e+00
5.246364736425247699e+00
5.245645535158482531e+00
5.244939077290263540e+00
5.244239549356069396e+00
5.243558408113684344e+00
5.242897512482968203e+00
5.242250057029095522e+00
5.241630508358148255e+00
5.241029546091822588e+00
5.240461934524145882e+00
5.239930245446530854e+00
5.239436440894868596e+00
5.238994853700069676e+00
5.238588895144432378e+00
5.238251142258315340e+00
5.237960302399963020e+00
5.237732641378908482e+00
5.237570853753506839e+00
5.237449213507145096e+00
5.237396536132813196e+00
5.237389947417335989e+00
5.237446103374618467e+00
5.237556419818806930e+00
5.237716340812998972e+00
5.237947743087219443e+00
5.238224113396514170e+00
5.238560723587085022e+00
5.238948668725003976e+00
5.239384565352608547e+00
5.239879575967004044e+00
5.240429745464732392e+00
5.241032294555712845e+00
5.241693791075755726e+00
5.242400635405588538e+00
5.243154539763141386e+00
5.243951585962582485e+00
5.244787355958628439e+00
5.245670926272083534e+00
5.246584965809394596e+00
5.247534639611055596e+00
5.248507425709773244e+00
5.249493941142368669e+00
5.250486174225020619e+00
5.251475982516217833e+00
5.252464722394156738e+00
5.253439246266293772e+00
5.254397959857392664e+00
5.255329874678658975e+00
5.256233185752438253e+00
5.257113743200110711e+00
5.257966306432293457e+00
5.258793303965735078e+00
5.259566683768438722e+00
5.260293366088676592e+00
5.260973400025772406e+00
5.261605777069137346e+00
5.262196181639239967e+00
5.262714633344815596e+00
5.263175859860289130e+00
5.263581658526468310e+00
5.263935258313227727e+00
5.264243977627863558e+00
5.264496824032773858e+00
5.264697658158054239e+00
5.264844110523497989e+00
5.264936966150215447e+00
5.264982181600442956e+00
5.264966625830074243e+00
5.264894877721470579e+00
5.264765700048682717e+00
5.264582532050935626e+00
5.264352661802351285e+00
5.264067192788153271e+00
5.263733968625693649e+00
5.263365356775848269e+00
5.262957063208249409e+00
5.262517449746754394e+00
5.262028527076270557e+00
5.261501297580925218e+00
5.260941326285627717e+00
5.260348669442262981e+00
5.259728566299107122e+00
5.259061762954021724e+00
5.258358515317466342e+00
5.257625643576410823e+00
5.256864547173408120e+00
5.256081181208517528e+00
5.255269175211812360e+00
5.254434297124767284e+00
5.253580154145980785e+00
5.252705097685479885e+00
5.251814087892793914e+00
5.250903503115199378e+00
5.249980869556686969e+00
5.249054409454487313e+00
5.248124788666986618e+00
5.247190244312308849e+00
5.246250396485350187e+00
5.245304598997257095e+00
5.244356637413523536e+00
5.243407949621699871e+00
5.242459320242427445e+00
5.241518481413743658e+00
5.240580189715050352e+00
5.239645731489084746e+00
5.238717803771517190e+00
5.237798376123330435e+00
5.236898798833509616e+00
5.236011959503314550e+00
5.235150449464938127e+00
5.234314356560727965e+00
5.233494264374394689e+00
5.232701964418311924e+00
5.231932991485018114e+00
5.231202057267447358e+00
5.230510687942524051e+00
5.229852034266015082e+00
5.229234657513817552e+00
5.228645616474470792e+00
5.228110457586964799e+00
5.227623020413241228e+00
5.227178759130558738e+00
5.226783545653244545e+00
5.226419199968597162e+00
5.226110844521691057e+00
5.225845780244935845e+00
5.225632557070720274e+00
5.225454797766078130e+00
5.225324255258683159e+00
5.225248124611470146e+00
5.225216086141672100e+00
5.225234764528367215e+00
5.225286602212952936e+00
5.225384316475036428e+00
5.225524959203692532e+00
5.225719178088847450e+00
5.225966573239211321e+00
5.226245583810750439e+00
5.226568044007661840e+00
5.226930610903445462e+00
5.227345397503023960e+00
5.227805042819029246e+00
5.228305536837226875e+00
5.228853536390608348e+00
5.229441044100469504e+00
5.230079877295440660e+00
5.230763223686166086e+00
5.231491495140739190e+00
5.232264570661731007e+00
5.233080075302073197e+00
5.233948362910100016e+00
5.234860638224430929e+00
5.235810186856338255e+00
5.236793045916507516e+00
5.237805767648765709e+00
5.238848268830130550e+00
5.239925220453093502e+00
5.241024598472664664e+00
5.242139294364402069e+00
5.243265956410120054e+00
5.244402596273373796e+00
5.245552256622265652e+00
5.246706564568828668e+00
5.247865649082613437e+00
5.249021724381399245e+00
5.250168471255254765e+00
5.251305157908152665e+00
5.252430720099162009e+00
5.253543002300810727e+00
5.254641758345913516e+00
5.255720265426588433e+00
5.256768936433745765e+00
5.257791215100242610e+00
5.258780894794417904e+00
5.259743383743717970e+00
5.260668288090184497e+00
5.261563732691958428e+00
5.262417525791481587e+00
5.263231994503096089e+00
5.264007616185501170e+00
5.264752907895400291e+00
5.265473751568153560e+00
5.266169346787884287e+00
5.266844971992924229e+00
5.267497169964863168e+00
5.268132519715381434e+00
5.268753108450126454e+00
5.269357531920921822e+00
5.269950498075139045e+00
5.270531705276025214e+00
5.271113562875343383e+00
5.271699683473361375e+00
5.272282884822144133e+00
5.272864534252240887e+00
5.273448393971575499e+00
5.274036740542305424e+00
5.274625126601113045e+00
5.275201563716783504e+00
5.275761762031272006e+00
5.276311840110375684e+00
5.276845104128971009e+00
5.277364350029184692e+00
5.277867882654919462e+00
5.278339226425543096e+00
5.278789434687150894e+00
5.279200728231027817e+00
5.279576887891545667e+00
5.279904744953766382e+00
5.280168724966153526e+00
5.280394833174450575e+00
5.280565415614201896e+00
5.280701870324938874e+00
5.280784795845773871e+00
5.280791867013121532e+00
5.280753230311474589e+00
5.280649781896298300e+00
5.280507248592128278e+00
5.280307920489957674e+00
5.280041048124930469e+00
5.279725598104795914e+00
5.279355715297660012e+00
5.278947592832645697e+00
5.278496076137324522e+00
5.277997122638424798e+00
5.277471605696282708e+00
5.276912150726221107e+00
5.276332128018640155e+00
5.275723137863479018e+00
5.275073307239018128e+00
5.274397897728286821e+00
5.273688166745506223e+00
5.272957013853394770e+00
5.272197050534688678e+00
5.271405720495188518e+00
5.270594737239682637e+00
5.269750916071735958e+00
5.268885404475533996e+00
5.267990268625819539e+00
5.267064240731800240e+00
5.266119925387705791e+00
5.265152912445869582e+00
5.264170453705396824e+00
5.263162063740697505e+00
5.262128405653443863e+00
5.261067941867318076e+00
5.259981314771380312e+00
5.258880138330662923e+00
5.257751531906926346e+00
5.256598360173903473e+00
5.255420610838139162e+00
5.254220445462072675e+00
5.253011235528197709e+00
5.251788026474920379e+00
5.250555261157956899e+00
5.249307406776155815e+00
5.248043378823007643e+00
5.246775602035726571e+00
5.245499038927758484e+00
5.244220546566451091e+00
5.242939140581096780e+00
5.241656279497350468e+00
5.240377761804071000e+00
5.239095442079510612e+00
5.237816366784779021e+00
5.236538803659883001e+00
5.235267860375848237e+00
5.234009442411866608e+00
5.232757503323760773e+00
5.231519949295129202e+00
5.230295222409573341e+00
5.229092701979485724e+00
5.227910220556464260e+00
5.226754160605874056e+00
5.225617619090286325e+00
5.224512006201353032e+00
5.223441003866995835e+00
5.222393270291890488e+00
5.221379469790067951e+00
5.220389494158829358e+00
5.219442666627967853e+00
5.218538915671910416e+00
5.217673052706326864e+00
5.216860349782314721e+00
5.216097607620564958e+00
5.215397611268369538e+00
5.214739682011811261e+00
5.214137156576424736e+00
5.213595716961235027e+00
5.213103361286730575e+00
5.212670836642892880e+00
5.212278235711665708e+00
5.211938668832693189e+00
5.211647213612262242e+00
5.211411302581939964e+00
5.211235681500795636e+00
5.211098049169915924e+00
5.211009999847549423e+00
5.210966637258927392e+00
5.210975228802229076e+00
5.211031711150819312e+00
5.211134302656092565e+00
5.211288989766426738e+00
5.211486518069096796e+00
5.211732163171208576e+00
5.212022801472730116e+00
5.212358328311628597e+00
5.212735985278077244e+00
5.213166043407209571e+00
5.213646599336453136e+00
5.214171183987446945e+00
5.214739477991052752e+00
5.215348506404945184e+00
5.216009960456678307e+00
5.216712918042132330e+00
5.217470766588042430e+00
5.218266903146099089e+00
5.219112844153235287e+00
5.220007965995857369e+00
5.220934818818161460e+00
5.221903799830863946e+00
5.222900452895950174e+00
5.223934615536521164e+00
5.224998864441106505e+00
5.226091036482642060e+00
5.227214075832554485e+00
5.228353448419758465e+00
5.229518789335080520e+00
5.230702140017339019e+00
5.231892832948753735e+00
5.233088572605441691e+00
5.234282079248617769e+00
5.235476629792640502e+00
5.236672383828947730e+00
5.237861178799460227e+00
5.239045919014999164e+00
5.240224023519941987e+00
5.241385794340560622e+00
5.242532105206440640e+00
5.243647626175474308e+00
5.244739208503554906e+00
5.245795292763899553e+00
5.246808505340409212e+00
5.247779511271907005e+00
5.248702803983283260e+00
5.249583667500806961e+00
5.250413715152932426e+00
5.251195748730493662e+00
5.251924841313553749e+00
5.252606432198478004e+00
5.253239308579756184e+00
5.253823823726667896e+00
5.254360062352313676e+00
5.254842467441156906e+00
5.255277745372548104e+00
5.255666423386825770e+00
5.256010921991362217e+00
5.256314189492655942e+00
5.256583562998963011e+00
5.256818133017911343e+00
5.257015959474190758e+00
5.257177064775424569e+00
5.257305203790711978e+00
5.257407919348153769e+00
5.257486204572889399e+00
5.257546367228897566e+00
5.257586988576623099e+00
5.257608475857814767e+00
5.257614727954894818e+00
5.257606741985470400e+00
5.257590051759430949e+00
5.257568505127378167e+00
5.257545331856630533e+00
5.257519750658352642e+00
5.257490957996736824e+00
5.257461996954329031e+00
5.257432732624395477e+00
5.257402795935442796e+00
5.257372125317736788e+00
5.257340584381411830e+00
5.257315849140680619e+00
5.257291482845715791e+00
5.257264474472425064e+00
5.257233310337572796e+00
5.257199236948901344e+00
5.257170955117718592e+00
5.257144386654647228e+00
5.257122208909524197e+00
5.257097548256090214e+00
5.257069261006938277e+00
5.257045962186923660e+00
5.257024183280692320e+00
5.257007288632840947e+00
5.256992154239371828e+00
5.256978811145920361e+00
5.256966649140625059e+00
5.256952865334852731e+00
5.256936889391319312e+00
5.256918097533444190e+00
5.256896942273406204e+00
5.256871410700650671e+00
5.256840919886407448e+00
5.256810796825839738e+00
5.256773510981977537e+00
5.256728116368570625e+00
5.256669567452439296e+00
5.256600987554223003e+00
5.256520408668250433e+00
5.256429923443749708e+00
5.256337036329016499e+00
5.256228817698240796e+00
5.256106601950407686e+00
5.255966864281029771e+00
5.255812543795139291e+00
5.255651986931146880e+00
5.255474860404314441e+00
5.255283761915447549e+00
5.255080899239215064e+00
5.254871863086405526e+00
5.254657251254352346e+00
5.254437869765492763e+00
5.254217961259815439e+00
5.253989559893193828e+00
5.253753596038254869e+00
5.253507182334246295e+00
5.253249550998839723e+00
5.252986236211541815e+00
5.252713226337614394e+00
5.252434428238007769e+00
5.252140641078982597e+00
5.251827356495591737e+00
5.251501005978020054e+00
5.251158367001148797e+00
5.250804732308420597e+00
5.250436097287270343e+00
5.250048972570035666e+00
5.249644469336305797e+00
5.249217495449516768e+00
5.248773419202003687e+00
5.248308925569687311e+00
5.247821208738419507e+00
5.247318715952966173e+00
5.246796284519764875e+00
5.246254354209337833e+00
5.245687761545810623e+00
5.245091934033367487e+00
5.244477313437196919e+00
5.243840339460107636e+00
5.243188018628092806e+00
5.242515873738261334e+00
5.241813251428935061e+00
5.241088735737535309e+00
5.240338587590190222e+00
5.239570443086954299e+00
5.238781524949404300e+00
5.237965263404581684e+00
5.237130640648935298e+00
5.236279337905976661e+00
5.235417061053846410e+00
5.234547679849598012e+00
5.233674807154271136e+00
5.232805357479188402e+00
5.231939327844115972e+00
5.231074695192905466e+00
5.230211668886873611e+00
5.229358731933568372e+00
5.228521668665741196e+00
5.227701544665430688e+00
5.226905777432654610e+00
5.226128601112101535e+00
5.225377033331129795e+00
5.224654294752213879e+00
5.223961863719558174e+00
5.223304081909989627e+00
5.222680694290136927e+00
5.222101718091107792e+00
5.221575846315062996e+00
5.221094885111487116e+00
5.220654167883731489e+00
5.220255270429588812e+00
5.219912495665885999e+00
5.219624597650655673e+00
5.219407098867633543e+00
5.219258630421648171e+00
5.219162323294842309e+00
5.219126787585376626e+00
5.219164886033799355e+00
5.219277610580142834e+00
5.219448700031902533e+00
5.219684147524352724e+00
5.219985002956057940e+00
5.220358013405169473e+00
5.220798221609260104e+00
5.221292683451141059e+00
5.221848888850476378e+00
5.222467607824769154e+00
5.223153186409439819e+00
5.223904386280740830e+00
5.224702742590275228e+00
5.225554691894616077e+00
5.226457926823462330e+00
5.227416935830081712e+00
5.228422355844342562e+00
5.229476505859458335e+00
5.230588068707548999e+00
5.231740020929537494e+00
5.232926504953464786e+00
5.234140581681093529e+00
5.235379984869322101e+00
5.236645892752966880e+00
5.237936770512424012e+00
5.239236865534148357e+00
5.240540568425021917e+00
5.241843382163606790e+00
5.243144013776146473e+00
5.244444509192073056e+00
5.245728529437147181e+00
5.246997662379109251e+00
5.248244290097319187e+00
5.249469434960449377e+00
5.250684094025457327e+00
5.251875715597236649e+00
5.253047733350361348e+00
5.254182744740211852e+00
5.255288890643678990e+00
5.256361123441419814e+00
5.257391496046147417e+00
5.258392358093223251e+00
5.259343895285090831e+00
5.260261593355497922e+00
5.261133403896055327e+00
5.261962759240231158e+00
5.262758486686906600e+00
5.263519909946879238e+00
5.264252676411230958e+00
5.264941548227032087e+00
5.265588202743490598e+00
5.266202109536788356e+00
5.266783430955074508e+00
5.267339189356825990e+00
5.267864842383825241e+00
5.268358650847041247e+00
5.268831107697153016e+00
5.269275323903822361e+00
5.269691803610585978e+00
5.270070836475753140e+00
5.270406823686027309e+00
5.270714164531494106e+00
5.270984480145092022e+00
5.271228416046763954e+00
5.271431004970037471e+00
5.271589044599496177e+00
5.271712351997084767e+00
5.271782822098286303e+00
5.271815844687337105e+00
5.271792147412600826e+00
5.271711425689685093e+00
5.271587543563621914e+00
5.271408014932351449e+00
5.271191903372930199e+00
5.270921873843000149e+00
5.270584745166526197e+00
5.270206027721689779e+00
5.269773372469174433e+00
5.269306383898187285e+00
5.268795634565582198e+00
5.268240022083451102e+00
5.267658305300105148e+00
5.267035831270443502e+00
5.266386813876854589e+00
5.265703264830338348e+00
5.264987019879447949e+00
5.264254573790060121e+00
5.263499283773527715e+00
5.262730863524303970e+00
5.261947967020496719e+00
5.261158517582043892e+00
5.260371672792061304e+00
5.259588603509290472e+00
5.258815730569584623e+00
5.258050315586550560e+00
5.257297323478087314e+00
5.256552804542407031e+00
5.255823868123517428e+00
5.255110683945640737e+00
5.254413596225604444e+00
5.253727887926324946e+00
5.253056412992700430e+00
5.252398406771645156e+00
5.251760137734636125e+00
5.251139478666409843e+00
5.250530987141355688e+00
5.249938221705779284e+00
5.249360517805143900e+00
5.248804355581922820e+00
5.248269081396682800e+00
5.247748050188346447e+00
5.247246114929837724e+00
5.246758910735767500e+00
5.246303870996157137e+00
5.245872327482024033e+00
5.245466594418207507e+00
5.245086066519538903e+00
5.244720976857166761e+00
5.244389129226726176e+00
5.244082260543179608e+00
5.243803823144805420e+00
5.243548355700146324e+00
5.243320527674328879e+00
5.243134190125089411e+00
5.242976592240554012e+00
5.242850322296542132e+00
5.242750533112955580e+00
5.242683968294112873e+00
5.242659502033310659e+00
5.242677804776866068e+00
5.242732402352083376e+00
5.242812600708965043e+00
5.242920188899550915e+00
5.243061206178206035e+00
5.243237099540817070e+00
5.243435560898320524e+00
5.243661182527826092e+00
5.243907664292887461e+00
5.244176413980708773e+00
5.244469316066638243e+00
5.244774906137422477e+00
5.245099130855336966e+00
5.245432806932762482e+00
5.245788041041627991e+00
5.246161335991159191e+00
5.246539232456520985e+00
5.246928232075110721e+00
5.247320239828364485e+00
5.247729509682789839e+00
5.248152100430265143e+00
5.248592330762579472e+00
5.249044281156196590e+00
5.249500842453374005e+00
5.249962398396266217e+00
5.250427490533721375e+00
5.250894282036851379e+00
5.251363230743834265e+00
5.251829688498207638e+00
5.252280576774308152e+00
5.252721383371779851e+00
5.253142028474637293e+00
5.253545088158377396e+00
5.253931869962641166e+00
5.254279344552584163e+00
5.254590891437059597e+00
5.254848175947939737e+00
5.255062605669175824e+00
5.255234052599791816e+00
5.255338475029368794e+00
5.255390334078495762e+00
5.255375790310012007e+00
5.255298918711872602e+00
5.255164102905349743e+00
5.254963240505115429e+00
5.254701217406346991e+00
5.254377102659000265e+00
5.253984863565220209e+00
5.253525167920544803e+00
5.253001912453129307e+00
5.252424510785296263e+00
5.251794290759518091e+00
5.251097247221424347e+00
5.250356593274428718e+00
5.249565931924536244e+00
5.248730350875213446e+00
