0.000000000000000000e+00
0.000000000000000000e+00
-1.458824408473447304e-06
-7.626437145518140970e-06
-1.940767120686360734e-05
-3.406054995139132062e-05
-4.768278638948688969e-05
-2.415995535557159972e-05
1.034865665133109173e-05
1.039619235962163418e-04
2.803841097920668811e-04
5.424770577519668138e-04
9.022944285243285345e-04
1.462674052891088606e-03
2.215398536500288139e-03
3.170922012504888247e-03
4.381605522212339565e-03
5.860086963948562058e-03
7.658252106484726360e-03
9.695041464146930688e-03
1.212485699492390871e-02
1.496241031723912276e-02
1.814249633389409047e-02
2.168638198214466531e-02
2.574323712426121805e-02
3.008785157042439748e-02
3.481343029576237924e-02
4.001132606106694301e-02
4.551759718495305279e-02
5.144076286393102493e-02
5.765105186539586785e-02
6.426196871834692625e-02
7.133149801331457873e-02
7.877537308770116153e-02
8.658975778656896605e-02
9.472903429108556206e-02
1.032802003486722187e-01
1.120995879037945953e-01
1.213232362135022446e-01
1.307701843841641842e-01
1.405814832313626861e-01
1.507137280567258653e-01
1.611363857849210657e-01
1.718282908065885684e-01
1.828612285717100550e-01
1.941035038097471688e-01
2.056780022247404471e-01
2.174306160076231731e-01
2.294916921718687941e-01
2.417933922870726671e-01
2.543509214981169997e-01
2.671483486755462100e-01
2.801808887584777419e-01
2.934397047622771537e-01
3.069978743656249787e-01
3.207302838428588432e-01
3.347595125301452978e-01
3.490062278373810556e-01
3.635407930477234650e-01
3.782878452404113689e-01
3.933144599063962965e-01
4.086265641315549590e-01
4.241607111557096355e-01
4.399287396534056205e-01
4.558833032711118172e-01
4.720508819683165158e-01
4.884493034942716250e-01
5.049975627525418176e-01
5.217843252285091493e-01
5.387576943500606008e-01
5.559348541362848506e-01
5.732777923210230497e-01
5.908109706504905967e-01
6.085471552475059109e-01
6.264124935730064347e-01
6.444966143234336364e-01
6.627484935386742659e-01
6.811667257412040710e-01
6.997184270485008462e-01
7.184391122921073292e-01
7.373528700931631930e-01
7.564940470321735999e-01
7.758382803066333766e-01
7.953210645778737709e-01
8.149510532482229230e-01
8.346863633258899684e-01
8.545893818004688391e-01
8.745939618213733890e-01
8.947470170124134370e-01
9.149924808605274240e-01
9.353824168308337850e-01
9.559039670093615326e-01
9.765723043544849435e-01
9.974601870639880907e-01
1.018445635424431339e+00
1.039607775793846445e+00
1.060883932696159437e+00
1.082286451445396702e+00
1.103816180811699299e+00
1.125463770018395149e+00
1.147228153334435063e+00
1.169167066202934979e+00
1.191280713663872337e+00
1.213543484793480509e+00
1.235940240011986768e+00
1.258456049547967082e+00
1.281129844771203397e+00
1.303878367529687443e+00
1.326802871809777740e+00
1.349794076071557658e+00
1.372972517596063202e+00
1.396319375620660441e+00
1.419796662913140439e+00
1.443488381491478956e+00
1.467259698496636622e+00
1.491202552901086387e+00
1.515202692137536555e+00
1.539371736632165533e+00
1.563696935759362860e+00
1.588129113303003104e+00
1.612705634222802775e+00
1.637354226694879067e+00
1.662129681692895433e+00
1.687059062109765417e+00
1.712040596590814312e+00
1.737125282870111365e+00
1.762337539778528139e+00
1.787574742422876506e+00
1.812879322157679107e+00
1.838169191466150654e+00
1.863496957407770216e+00
1.888890998946008537e+00
1.914266026602563731e+00
1.939661489115533710e+00
1.965123496638117029e+00
1.990557637797175206e+00
2.015985527621088735e+00
2.041323788748561352e+00
2.066595635996639313e+00
2.091826518164455528e+00
2.116924424753963585e+00
2.141903606043636721e+00
2.166808562861263443e+00
2.191536443816005431e+00
2.216117694960414219e+00
2.240530512915431594e+00
2.264782853709041532e+00
2.288968299017726249e+00
2.312971225367366213e+00
2.336844957457362870e+00
2.360488942251980138e+00
2.383932514773190459e+00
2.407175660715877630e+00
2.430186577425777816e+00
2.453076344118893193e+00
2.475774181471646074e+00
2.498289559469998089e+00
2.520624347315609803e+00
2.542779992209256434e+00
2.564734063731016089e+00
2.586478324518979743e+00
2.607945507155240428e+00
2.629196112738431790e+00
2.650287669287503700e+00
2.671194637404264327e+00
2.692090879069151121e+00
2.712909479723752959e+00
2.733687062846005933e+00
2.754456093893826729e+00
2.775230405913174714e+00
2.795970564471066844e+00
2.816798000918210754e+00
2.837787128077328802e+00
2.858912749872983383e+00
2.880352123366177963e+00
2.902001183615506630e+00
2.923977265940488124e+00
2.946182046519100872e+00
2.968689027415097215e+00
2.991494076834499971e+00
3.014616437540829086e+00
3.038026824580013496e+00
3.061752739535152479e+00
3.085724149332820687e+00
3.110050531016170350e+00
3.134652684317409399e+00
3.159623847590267154e+00
3.184844341860591399e+00
3.210430446253596859e+00
3.236265597925960247e+00
3.262463844404994262e+00
3.288905747519312861e+00
3.315705817328272964e+00
3.342746544466792091e+00
3.370059724436579529e+00
3.397476373301325570e+00
3.425066600428400498e+00
3.452677715407190817e+00
3.480399826155481602e+00
3.508089061365899930e+00
3.535842648135004040e+00
3.563553219424066665e+00
3.591321986304102154e+00
3.619037426100550014e+00
3.646832905398187830e+00
3.674599533663568618e+00
3.702454918013391438e+00
3.730284538851556864e+00
3.758203652487573709e+00
3.786087618456659420e+00
3.814043186293420984e+00
3.841939287768183053e+00
3.869876936064539308e+00
3.897721393690882330e+00
3.925566802607355577e+00
3.953285172568139938e+00
3.980974350558099673e+00
4.008504901514825747e+00
4.035870714770135592e+00
4.062984698401269412e+00
4.089883196936425769e+00
4.116500962363062399e+00
4.142893760786829027e+00
4.169007330523309740e+00
4.194868867979821836e+00
4.220384550677118263e+00
4.245597274885949624e+00
4.270446215258417055e+00
4.294997578249750703e+00
4.319171262369928321e+00
4.342992892847833630e+00
4.366544170962152194e+00
4.389823911772546161e+00
4.413016241179284371e+00
4.436056268797692326e+00
4.458890991793449388e+00
4.481547802077110454e+00
4.503985965834434779e+00
4.526275640116509180e+00
4.548439066992576940e+00
4.570494857416924184e+00
4.592359498129661155e+00
4.614184673415000937e+00
4.635931308852013544e+00
4.657479515658196512e+00
4.678967960463341846e+00
4.700257084952172093e+00
4.721348138438042241e+00
4.742223163233574290e+00
4.762877445803459509e+00
4.783337774859245606e+00
4.803669565306480926e+00
4.823838670836265941e+00
4.843714283095177819e+00
4.863392552719887796e+00
4.882772441492852167e+00
4.901843621121224182e+00
4.920737487660225007e+00
4.939413533793266531e+00
4.957926191674048688e+00
4.976156797991568403e+00
4.994083142863090075e+00
5.011820430146033623e+00
5.029321922646339260e+00
5.046635835753257027e+00
5.063648857460791852e+00
5.080378134833153148e+00
5.096906096325692026e+00
5.113107656822975855e+00
5.129060900793846578e+00
5.144680646048363393e+00
5.160034491406257473e+00
5.175108537064368797e+00
5.189856329546745251e+00
5.204365620003516213e+00
5.218639650927357820e+00
5.232668502913289110e+00
5.246431244002155658e+00
5.259920817004017479e+00
5.273126277313999744e+00
5.286077359305195067e+00
5.298790894137195728e+00
5.311272141323856388e+00
5.323580626831820872e+00
5.335616584406665197e+00
5.347394854412844900e+00
5.358985208855441051e+00
5.370325282202532691e+00
5.381472858773044265e+00
5.392425554381182984e+00
5.403148494349292896e+00
5.413702279911809079e+00
5.424094035015873949e+00
5.434323438988499788e+00
5.444414849863820294e+00
5.454433801756672473e+00
5.464330794797711555e+00
5.474121231423191958e+00
5.483815590129665907e+00
5.493407335267834313e+00
5.502882637368014862e+00
5.512245422588160970e+00
5.521486781225970475e+00
5.530557984100153313e+00
5.539522111998368636e+00
5.548329288945962112e+00
5.556965033994485381e+00
5.565440456853678164e+00
5.573765537129213854e+00
5.581902894364168866e+00
5.589839864359667843e+00
5.597616585479548768e+00
5.605165237174799309e+00
5.612503136978913787e+00
5.619606135474016106e+00
5.626440776572992242e+00
5.632985594855119516e+00
5.639301597462464954e+00
5.645352285490800703e+00
5.651156329499055886e+00
5.656704990850260018e+00
5.661962942467501314e+00
5.667008371935656541e+00
5.671745599494745882e+00
5.676195561872293460e+00
5.680371428118515809e+00
5.684245710061360590e+00
5.687903135107327479e+00
5.691252526925373090e+00
5.694366048858928941e+00
5.697207050011921403e+00
5.699793655560780437e+00
5.702160216556359629e+00
5.704198932634165331e+00
5.705996370302012011e+00
5.707507266686727476e+00
5.708709111125638280e+00
5.709673782051970292e+00
5.710302569554617236e+00
5.710689389319588471e+00
5.710794200660158637e+00
5.710589472060521032e+00
5.710130299595614467e+00
5.709408821580430171e+00
5.708445783299824328e+00
5.707230376643559033e+00
5.705697473031899669e+00
5.703982582581659244e+00
5.702010657531639382e+00
5.699840634805579676e+00
5.697446623933930532e+00
5.694769276571888916e+00
5.691929881168026562e+00
5.688860784066338105e+00
5.685614804518838383e+00
5.682168942285200863e+00
5.678522218359132623e+00
5.674735021484513808e+00
5.670740194512029042e+00
5.666545071197171879e+00
5.662186038387438280e+00
5.657643864048143456e+00
5.652975321007390086e+00
5.648153934968132006e+00
5.643189133299011395e+00
5.638055711281912963e+00
5.632761753690857631e+00
5.627337748897690339e+00
5.621778650773186392e+00
5.616081598294394794e+00
5.610277060163633145e+00
5.604340169919148629e+00
5.598309792173520982e+00
5.592169520152227236e+00
5.585918373358861544e+00
5.579582200539722869e+00
5.573162025106563888e+00
5.566670328868045914e+00
5.560094600213184357e+00
5.553459305060520101e+00
5.546761430991306696e+00
5.540016616476193256e+00
5.533236358655108766e+00
5.526421992672100991e+00
5.519585965169087061e+00
5.512730843914164680e+00
5.505867130649699348e+00
5.499006665242326619e+00
5.492159952414644941e+00
5.485337939155711773e+00
5.478541348469867955e+00
5.471768574607983382e+00
5.465030299318447859e+00
5.458326622141018269e+00
5.451671708715571718e+00
5.445073084724559642e+00
5.438519874108448171e+00
5.432050056350841594e+00
5.425648165238514231e+00
5.419326175344600927e+00
5.413090407741680821e+00
5.406928602946415197e+00
5.400887861145152513e+00
5.394918975127352745e+00
5.389065323365344717e+00
5.383324333918704241e+00
5.377675577295436327e+00
5.372141487491741252e+00
5.366696974528446518e+00
5.361395925176754673e+00
5.356178429020062914e+00
5.351095664394513562e+00
5.346144746733322961e+00
5.341299818349495965e+00
5.336604438615456303e+00
5.331994725657120959e+00
5.327523358655588126e+00
5.323189425063744373e+00
5.318967563403264265e+00
5.314887754214421278e+00
5.310896904957906450e+00
5.307026646328584008e+00
5.303234555912629489e+00
5.299565435839310723e+00
5.296037693811073588e+00
5.292596022081984763e+00
5.289268265557899085e+00
5.286013131929053976e+00
5.282864407492294134e+00
5.279850506973877700e+00
5.276906924141065325e+00
5.274069891465322790e+00
5.271291386974469972e+00
5.268609941793099161e+00
5.266035170150413336e+00
5.263537635547532290e+00
5.261146570486440410e+00
5.258812355143441586e+00
5.256569922161712149e+00
5.254427095693959160e+00
5.252356891674412331e+00
5.250368869496001345e+00
5.248443382424725634e+00
5.246604210925711165e+00
5.244842036706817368e+00
5.243143412364136502e+00
5.241512508285652849e+00
5.239932457548988509e+00
5.238419091147792805e+00
5.236958410484207960e+00
5.235544006568803255e+00
5.234175871205938080e+00
5.232849176568402427e+00
5.231554521215571185e+00
5.230281186891210687e+00
5.229029558343302853e+00
5.227801878494632071e+00
5.226600881112228869e+00
5.225413384554397744e+00
5.224243029770863522e+00
5.223080392149699769e+00
5.221921853986992268e+00
5.220765142557635130e+00
5.219602662292733619e+00
5.218436338273302333e+00
5.217259096918121841e+00
5.216069728327409116e+00
5.214873500881211044e+00
5.213667230722919044e+00
5.212447884795680331e+00
5.211202173349873235e+00
5.209930991051212601e+00
5.208639351246374005e+00
5.207323729959743908e+00
5.205977829215544084e+00
5.204589825836437811e+00
5.203164230254905931e+00
5.201700756964700467e+00
5.200198241440075364e+00
5.198662196067590280e+00
5.197081544516104934e+00
5.195464224634188888e+00
5.193812362519521386e+00
5.192133338121195152e+00
5.190428291229029156e+00
5.188693600860854183e+00
5.186936950949450065e+00
5.185158496764918468e+00
5.183366942224522766e+00
5.181562073794625078e+00
5.179748080489657625e+00
5.177928743032239822e+00
5.176100756791853996e+00
5.174270169851804546e+00
5.172433994529272994e+00
5.170598707464957755e+00
5.168760648784662237e+00
5.166921855328107327e+00
5.165087818024183264e+00
5.163253776994968014e+00
5.161427015182995959e+00
5.159605217394853227e+00
5.157794195977474239e+00
5.156000135955834729e+00
5.154218862769627485e+00
5.152457945761704572e+00
5.150718288687491153e+00
5.149006809858106770e+00
5.147328194198631302e+00
5.145676434305928915e+00
5.144058070448659592e+00
5.142468745378279138e+00
5.140928171542907599e+00
5.139415540514017167e+00
5.137944175717855444e+00
5.136505968389535326e+00
5.135085092452788658e+00
5.133687133011842540e+00
5.132301793364312026e+00
5.130941543695952234e+00
5.129602400181319410e+00
5.128272078452135396e+00
5.126956265238549193e+00
5.125648651835944314e+00
5.124360069004322504e+00
5.123085872051742484e+00
5.121821760950115099e+00
5.120566546288753962e+00
5.119311039564634846e+00
5.118061338481928679e+00
5.116810972658420553e+00
5.115562283364559981e+00
5.114313015086081826e+00
5.113066248414543935e+00
5.111824003425864404e+00
5.110584282991913696e+00
5.109342012745764272e+00
5.108095908281828912e+00
5.106847025272871043e+00
5.105601157141353319e+00
5.104352733460689961e+00
5.103102765125656859e+00
5.101843532515193402e+00
5.100567314071084546e+00
5.099267911357308058e+00
5.097950240862989091e+00
5.096620606226348826e+00
5.095271893335008961e+00
5.093899630946542523e+00
5.092499669236567605e+00
5.091077538920073309e+00
5.089640115541843812e+00
5.088184835804132611e+00
5.086706461054710360e+00
5.085199732375767390e+00
5.083672280800964671e+00
5.082112899763015612e+00
5.080524211121229428e+00
5.078906769645838537e+00
5.077262098831562653e+00
5.075593539667754506e+00
5.073894860637813586e+00
5.072172570419937188e+00
5.070430324268966338e+00
5.068669609916836016e+00
5.066895917100340263e+00
5.065106610996156888e+00
5.063309154254824307e+00
5.061505582971006945e+00
5.059703660649686796e+00
5.057909151507050005e+00
5.056125753713279991e+00
5.054355387581020764e+00
5.052594848615557410e+00
5.050850107414156298e+00
5.049124566209941989e+00
5.047420902741580839e+00
5.045743960780531445e+00
5.044095772845178516e+00
5.042480020267397833e+00
5.040904183579117515e+00
5.039355068249137481e+00
5.037844078136118675e+00
5.036373370928200366e+00
5.034945513052376143e+00
5.033562877071531716e+00
5.032223126334579355e+00
5.030921431226166085e+00
5.029664419484767279e+00
5.028443155182037216e+00
5.027276354772481248e+00
5.026139727202687979e+00
5.025050998968515259e+00
5.023997847480211831e+00
5.022979692114030392e+00
5.022013438013826381e+00
5.021076290053757774e+00
5.020184523133071508e+00
5.019326359075935606e+00
5.018501481530696751e+00
5.017718304512531091e+00
5.016965709445504906e+00
5.016252921265988540e+00
5.015566099626451724e+00
5.014902305570870134e+00
5.014263929543523624e+00
5.013649013606338301e+00
5.013059260962037023e+00
5.012483231169608366e+00
5.011916727167990970e+00
5.011359018129733833e+00
5.010810055179026001e+00
5.010275391568865366e+00
5.009754700479533973e+00
5.009241282088187752e+00
5.008734097932902252e+00
5.008232648601262049e+00
5.007740867701797605e+00
5.007261689273147631e+00
5.006788413864997622e+00
5.006320653786388242e+00
5.005858772290376457e+00
5.005404449222114138e+00
5.004961500545467956e+00
5.004532903884973294e+00
5.004121635039770588e+00
5.003729009074590728e+00
5.003352880110464085e+00
5.002997681689879350e+00
5.002657597032806436e+00
5.002340057460088474e+00
5.002037490574140932e+00
5.001747495313605185e+00
5.001468490907423181e+00
5.001197076780222517e+00
5.000940074236563504e+00
5.000694623017183815e+00
5.000459505343308741e+00
5.000238725529483119e+00
5.000027340841910473e+00
4.999837433682253973e+00
4.999666559850297176e+00
4.999529200033715703e+00
4.999426464098934986e+00
4.999375710492451219e+00
4.999373928173874049e+00
4.999416117649954749e+00
4.999518508380709214e+00
4.999676423361955280e+00
4.999906720379797775e+00
5.000204900363890204e+00
5.000562669272032856e+00
5.000983131761159939e+00
5.001480832631196805e+00
5.002059684815314711e+00
5.002722847285178354e+00
5.003457670705822480e+00
5.004263599487452474e+00
5.005154572846798544e+00
5.006117177429107556e+00
5.007159776213077507e+00
5.008273148434666311e+00
5.009464576440360695e+00
5.010730303572919375e+00
5.012048678594138273e+00
5.013420181768443840e+00
5.014832314597869711e+00
5.016293570446276107e+00
5.017798665510916578e+00
5.019335845308805943e+00
5.020905364649799196e+00
5.022500635134484526e+00
5.024121734844950282e+00
5.025772946076897618e+00
5.027447052048949594e+00
5.029129163967876792e+00
5.030820605205803098e+00
5.032511854814795349e+00
5.034203279065398107e+00
5.035886741029528046e+00
5.037551150368956066e+00
5.039197267191914520e+00
5.040818594592122892e+00
5.042409352707175607e+00
5.043966785567311817e+00
5.045478591816929814e+00
5.046942403810529498e+00
5.048353508459833883e+00
5.049713375764398826e+00
5.051002059029847224e+00
5.052216270463972592e+00
5.053360754745512828e+00
5.054436036469847515e+00
5.055446224930197907e+00
5.056372645320804438e+00
5.057228887798697947e+00
5.058004345046790640e+00
5.058709118785770009e+00
5.059355986686854934e+00
5.059930801960138780e+00
5.060447486909538384e+00
5.060894169519155383e+00
5.061279953020124900e+00
5.061616100231618454e+00
5.061902851826012295e+00
5.062145206602722602e+00
5.062311062971561526e+00
5.062425041357489164e+00
5.062467710301712387e+00
5.062457524602500314e+00
5.062397427078535017e+00
5.062280822158058413e+00
5.062115313768586589e+00
5.061891267787864912e+00
5.061615080092302321e+00
5.061282696094562716e+00
5.060887096528163376e+00
5.060436738845160320e+00
5.059929269369892957e+00
5.059362353127650813e+00
5.058743957955590176e+00
5.058062395084848006e+00
5.057329719666589618e+00
5.056549395103206557e+00
5.055731540549746050e+00
5.054871582392803653e+00
5.053977694068303883e+00
5.053061272207846955e+00
5.052126951147069001e+00
5.051182950291980944e+00
5.050227635134210580e+00
5.049265755269876088e+00
5.048306184340468405e+00
5.047345876250616037e+00
5.046393859539381133e+00
5.045448212478509831e+00
5.044515020478716139e+00
5.043600029576770005e+00
5.042700195986978606e+00
5.041824908409467731e+00
5.040971795026412572e+00
5.040145874846926333e+00
5.039342311177603229e+00
5.038567057628386081e+00
5.037817841846697675e+00
5.037094254050605180e+00
5.036404079873316952e+00
5.035741765801065029e+00
5.035105302188747523e+00
5.034494795318895655e+00
5.033904839646273999e+00
5.033337413374537661e+00
5.032790864747219928e+00
5.032258143577927001e+00
5.031746436473184758e+00
5.031251406934315717e+00
5.030787316080386873e+00
5.030351117368991432e+00
5.029940580208057455e+00
5.029555795867199031e+00
5.029188333492928820e+00
5.028846724000030299e+00
5.028526393328064614e+00
5.028226384002917548e+00
5.027956602800839114e+00
5.027707176212423690e+00
5.027488028206132498e+00
5.027289110835841512e+00
5.027120721958776350e+00
5.026985965626511899e+00
5.026874529732589636e+00
5.026786094656413795e+00
5.026715443957796126e+00
5.026662460793009934e+00
5.026627499406891353e+00
5.026601599347045202e+00
5.026588343314792873e+00
5.026587834456073267e+00
5.026601337582174978e+00
5.026631003144500731e+00
5.026670242032340141e+00
5.026724234876526864e+00
5.026792839240586730e+00
5.026878356650774649e+00
5.026980242297355517e+00
5.027097276296770723e+00
5.027228448070890643e+00
5.027365230774812233e+00
5.027510641521149459e+00
5.027656999478423039e+00
5.027805431071976194e+00
5.027938331157275620e+00
5.028057699134879321e+00
5.028156110789932853e+00
5.028237234089830920e+00
5.028305315646651508e+00
5.028346674834686780e+00
5.028366548855631279e+00
5.028357793102697926e+00
5.028324187636100895e+00
5.028271115422906057e+00
5.028185611544833122e+00
5.028067233768016564e+00
5.027914766390532364e+00
5.027732671835184242e+00
5.027520301826953641e+00
5.027271353360919903e+00
5.026995588336793830e+00
5.026697191335913750e+00
5.026383822374698163e+00
5.026056847163197006e+00
5.025720764883516267e+00
5.025387805812714603e+00
5.025057496987937355e+00
5.024732809402703282e+00
5.024419062175511819e+00
5.024117213078498345e+00
5.023836331759303775e+00
5.023576988243222630e+00
5.023337757476331156e+00
5.023119795453459879e+00
5.022930429615737324e+00
5.022772485484093608e+00
5.022642511577071645e+00
5.022536064005183931e+00
5.022452733591857843e+00
5.022398903845536111e+00
5.022375920755514755e+00
5.022375124127869128e+00
5.022399515354340593e+00
5.022443953005861772e+00
5.022501718940479698e+00
5.022573069015784597e+00
5.022660083238301709e+00
5.022763071906088506e+00
5.022872184429584941e+00
5.022983933452785266e+00
5.023095549166471052e+00
5.023207686318353460e+00
5.023320674941213149e+00
5.023425861157747363e+00
5.023524866912784326e+00
5.023621863395245413e+00
5.023715363012896340e+00
5.023807890283213951e+00
5.023893057478862723e+00
5.023968291560458432e+00
5.024036583158458136e+00
5.024095894683422436e+00
5.024148482436584295e+00
5.024186042585214729e+00
5.024210340549042364e+00
5.024219368219063675e+00
5.024219903409438359e+00
5.024219013673472567e+00
5.024217097315458069e+00
5.024217165958837938e+00
5.024212925132309771e+00
5.024207297622054647e+00
5.024204603975524819e+00
5.024203876555986881e+00
5.024207040244220934e+00
5.024209759122605590e+00
5.024207821825549480e+00
5.024199097319652196e+00
5.024188700633968274e+00
5.024181913550857637e+00
5.024177414490989868e+00
5.024173346681785723e+00
5.024167589203718975e+00
5.024163342410031596e+00
5.024160678499468347e+00
5.024160762140247982e+00
5.024159620687070671e+00
5.024150736303938380e+00
5.024134055051193037e+00
5.024112667342355287e+00
5.024079023668249988e+00
5.024028581877876931e+00
5.023957269809846693e+00
5.023868652511095156e+00
5.023759854662870339e+00
5.023632831027439849e+00
5.023490618321752699e+00
5.023333527691369760e+00
5.023167504094248059e+00
5.022993630397771803e+00
5.022818038131748430e+00
5.022644767746037076e+00
5.022468326616738921e+00
5.022291309185032304e+00
5.022113457418683424e+00
5.021939170922789408e+00
5.021771186873023041e+00
5.021611891802105987e+00
5.021464574629147748e+00
5.021328213097235427e+00
5.021204205251937225e+00
5.021091319950003573e+00
5.020983620652635260e+00
5.020885119646492534e+00
5.020786671707110571e+00
5.020686288851949897e+00
5.020571605901870349e+00
5.020445592937695878e+00
5.020301393823403124e+00
5.020137491723226653e+00
5.019958547571377494e+00
5.019755482127592927e+00
5.019533774679230120e+00
5.019286901162640646e+00
5.019018389986530160e+00
5.018734414012804734e+00
5.018425343682692663e+00
5.018090553966984224e+00
5.017725045917257987e+00
5.017333452416286477e+00
5.016923120109066936e+00
5.016485975732728697e+00
5.016022325729652565e+00
5.015528672499283580e+00
5.015001970430537526e+00
5.014446526741309640e+00
5.013862747860773794e+00
5.013262625498397185e+00
5.012645080176812762e+00
5.012006455523593473e+00
5.011347505835515470e+00
5.010673857642037099e+00
5.009986546275836616e+00
5.009295880732756778e+00
5.008606541393023193e+00
5.007919105602127274e+00
5.007237600994925764e+00
5.006556368706446492e+00
5.005889178974253007e+00
5.005233645302873846e+00
5.004594313887578139e+00
5.003969370884519208e+00
5.003348256585819165e+00
5.002742351716084279e+00
5.002147647676689957e+00
5.001566938882395341e+00
5.000997043525503116e+00
5.000429066097066944e+00
4.999870653835760237e+00
4.999318404545711303e+00
4.998782654566395145e+00
4.998262520780492046e+00
4.997758785647977042e+00
4.997279327114749314e+00
4.996814789114225164e+00
4.996374539633919198e+00
4.995952654307413532e+00
4.995558064518200503e+00
4.995185664495157774e+00
4.994829853934871444e+00
4.994488671472000263e+00
4.994151268316136871e+00
4.993820037332999284e+00
4.993488951598928693e+00
4.993159510058986505e+00
4.992833381568718032e+00
4.992504337293731886e+00
4.992177275879013720e+00
4.991847101276445819e+00
4.991518194874453584e+00
4.991185731602539200e+00
4.990842818220784238e+00
4.990490603534211367e+00
4.990124548425605155e+00
4.989749147606720392e+00
4.989351176595022253e+00
4.988934540835847642e+00
4.988505614971447955e+00
4.988064563994933032e+00
4.987616954160560390e+00
4.987157447648872477e+00
4.986688880262602375e+00
4.986215879035819754e+00
4.985735567746389485e+00
4.985253243049312388e+00
4.984764105317819549e+00
4.984270799619782366e+00
4.983777584446300146e+00
4.983281610695351915e+00
4.982796087426771159e+00
4.982320194517899203e+00
4.981859266174661904e+00
4.981412532305048657e+00
4.980971025353000847e+00
4.980547642124521168e+00
4.980135872190522228e+00
4.979744197813499085e+00
4.979367991810368821e+00
4.979001186502802767e+00
4.978647298266817067e+00
4.978298319032122166e+00
4.977967585226227953e+00
4.977653922190595992e+00
4.977353505244185072e+00
4.977072210697164323e+00
4.976802095988471564e+00
4.976560212405104267e+00
4.976337754161734850e+00
4.976141772636851535e+00
4.975966954393020281e+00
4.975807446123740263e+00
4.975662529546475810e+00
4.975523540222726027e+00
4.975398391917057239e+00
4.975284626552545220e+00
4.975177185417793524e+00
4.975076500618539121e+00
4.974975865114189766e+00
4.974882390092768780e+00
4.974795114149981323e+00
4.974709899820099146e+00
4.974629356538588176e+00
4.974548719510146988e+00
4.974475733077795780e+00
4.974409698353790432e+00
4.974346522273205728e+00
4.974288501957141229e+00
4.974231044276326230e+00
4.974179662027104598e+00
4.974131126034712302e+00
4.974094655158635803e+00
4.974069437814117478e+00
4.974050106116277625e+00
4.974037388262745552e+00
4.974023399845404647e+00
4.974013046884151912e+00
4.974004510954197045e+00
4.973992632732202601e+00
4.973979077215713751e+00
4.973959068392810323e+00
4.973941058964642004e+00
4.973925308049596872e+00
4.973913661078490200e+00
4.973901475842516184e+00
4.973881247322946564e+00
4.973858412855710398e+00
4.973834727846490722e+00
4.973809887578185318e+00
4.973779467479266359e+00
4.973738284278600652e+00
4.973691333495020572e+00
4.973642100067750427e+00
4.973589823502057250e+00
4.973532800427578948e+00
4.973465925818249644e+00
4.973389849523022654e+00
4.973301682788820344e+00
4.973207064205722894e+00
4.973108835332038069e+00
4.973004446504580400e+00
4.972897870102840123e+00
4.972787257144170248e+00
4.972681176532002922e+00
4.972580111306104556e+00
4.972486632075104218e+00
4.972398785045314185e+00
4.972310890862661203e+00
4.972226203018743185e+00
4.972142686285023316e+00
4.972061146078576854e+00
4.971979031134342364e+00
4.971891265828108253e+00
4.971799890436177094e+00
4.971706201834549255e+00
4.971610283022690702e+00
4.971512478021849368e+00
4.971410476025138969e+00
4.971298867538516575e+00
4.971171814035569625e+00
4.971033778041545226e+00
4.970890395492258307e+00
4.970741438763161213e+00
4.970586431976352415e+00
4.970418483056072034e+00
4.970237403176668955e+00
4.970047801006530541e+00
4.969846243709271860e+00
4.969631648734157636e+00
4.969396358374453371e+00
4.969141567125863190e+00
4.968866737466252737e+00
4.968578828517293822e+00
4.968273124322241330e+00
4.967952704690342891e+00
4.967624551132268529e+00
4.967287928387469798e+00
4.966949495412356974e+00
4.966608530469186711e+00
4.966269937679118840e+00
4.965941199101455261e+00
4.965624112747557106e+00
4.965322194918937448e+00
4.965030524525738898e+00
4.964759880006261561e+00
4.964508435949630538e+00
4.964272286575234894e+00
4.964051412977225297e+00
4.963839144110625767e+00
4.963642111606842100e+00
4.963460433203673361e+00
4.963292143456584427e+00
4.963138331035098716e+00
4.962993886088899131e+00
4.962864735238201597e+00
4.962755874218366614e+00
4.962657554438283825e+00
4.962579411696588672e+00
4.962514914316072279e+00
4.962471408690271701e+00
4.962446619407219650e+00
4.962437967588138044e+00
4.962461836705859497e+00
4.962508388669173875e+00
4.962588763902839872e+00
4.962691999827456790e+00
4.962828932101783330e+00
4.963008170737829516e+00
4.963212302899864703e+00
4.963448729100583101e+00
4.963705332963672667e+00
4.963990173540023143e+00
4.964302873848883024e+00
4.964635967216399770e+00
4.964990462860968456e+00
4.965355025618280571e+00
4.965731695606318219e+00
4.966114764450993313e+00
4.966500332928207584e+00
4.966892093210426573e+00
4.967287069200484240e+00
4.967689690529314639e+00
4.968096714555232829e+00
4.968507349765805436e+00
4.968924133717028901e+00
4.969344824678211481e+00
4.969760854518920468e+00
4.970176861002055801e+00
4.970589584871141220e+00
4.971004105000701223e+00
4.971414854428674701e+00
4.971819977513457722e+00
4.972229614793264751e+00
4.972641548528278221e+00
4.973063537827634661e+00
4.973491050391398716e+00
4.973931627212963669e+00
4.974381297989689088e+00
4.974835225581133002e+00
4.975292812301718826e+00
4.975747970691823063e+00
4.976206498867774108e+00
4.976665372266376508e+00
4.977129753804707235e+00
4.977605305476986430e+00
4.978087319075069850e+00
4.978577478951714319e+00
4.979076833440863048e+00
4.979591640098892213e+00
4.980123583576581581e+00
4.980671488172313310e+00
4.981226083836456375e+00
4.981781643419465055e+00
4.982336851484079787e+00
4.982893657064933812e+00
4.983443369395037514e+00
4.983980475491781803e+00
4.984502658336360525e+00
4.985011279932161088e+00
4.985513838655251995e+00
4.986003397381801427e+00
4.986479093297321974e+00
4.986940975985426405e+00
4.987391062877077452e+00
4.987835843427974147e+00
4.988267021416623592e+00
4.988683135560650683e+00
4.989075854956109168e+00
4.989445485747356912e+00
4.989788654013474378e+00
4.990106765679020562e+00
4.990402757259953859e+00
4.990671278661985788e+00
4.990921196336795873e+00
4.991146331964930738e+00
4.991343001159776804e+00
4.991510484865803399e+00
4.991642107176529564e+00
4.991749149435135813e+00
4.991826448333385180e+00
4.991872470308961418e+00
4.991892211441816940e+00
4.991885976742422848e+00
4.991861125698714652e+00
4.991817324159137037e+00
4.991760586493120044e+00
4.991695354704216214e+00
4.991620728608624269e+00
4.991540065326200981e+00
4.991452780032934022e+00
4.991360186536269339e+00
4.991263858100804640e+00
4.991163067764077255e+00
4.991056308478522219e+00
4.990939361343566638e+00
4.990814009366964399e+00
4.990675484689360175e+00
4.990527299886976742e+00
4.990374734860322015e+00
4.990216169983557215e+00
4.990058208957722563e+00
4.989898733582754708e+00
4.989741764340956287e+00
4.989592493104224147e+00
4.989449897541139656e+00
4.989317194579576231e+00
4.989187836341967497e+00
4.989065086024289997e+00
4.988943536367674625e+00
4.988830995273253244e+00
4.988726338718495690e+00
4.988621519135720384e+00
4.988522848684749711e+00
4.988426511429659094e+00
4.988341665586864870e+00
4.988266813547760137e+00
4.988197322820722590e+00
4.988134298499151242e+00
4.988070715919546316e+00
4.988012040511182299e+00
4.987953587456083859e+00
4.987898224543256376e+00
4.987851684016582077e+00
4.987811819685096459e+00
4.987780423520537632e+00
4.987757259341828231e+00
4.987739457844231339e+00
4.987735052359871801e+00
4.987738342890454923e+00
4.987748807223918668e+00
4.987763751204997043e+00
4.987784706905888932e+00
4.987810082512381449e+00
4.987829909603982870e+00
4.987842038688190982e+00
4.987850023867154370e+00
4.987848653603811577e+00
4.987836520619689296e+00
4.987801875464151991e+00
4.987748426544946767e+00
4.987676604717504958e+00
4.987591266307514815e+00
4.987499306622428463e+00
4.987396827490535145e+00
4.987289289945271875e+00
4.987177267113236390e+00
4.987067774675322696e+00
4.986964708260727797e+00
4.986862461680083847e+00
4.986765637604055890e+00
4.986669278276621320e+00
4.986581837843640841e+00
4.986500232463239257e+00
4.986417712617202902e+00
4.986338882596701438e+00
4.986260587779344000e+00
4.986190798786939382e+00
4.986126501305498948e+00
4.986062309193896702e+00
4.985998115354690619e+00
4.985929151989062724e+00
4.985859646202539963e+00
4.985789444624922240e+00
4.985713644355079133e+00
4.985634547221949653e+00
4.985550116478941085e+00
4.985468980066022127e+00
4.985394323879395628e+00
4.985325283986989930e+00
4.985263422728989369e+00
4.985209663707305339e+00
4.985171373571742670e+00
4.985144652260009579e+00
4.985133177859484732e+00
4.985129871224877718e+00
4.985129246699167460e+00
4.985131619588743845e+00
4.985133779151317057e+00
4.985139506602378034e+00
4.985141827510767065e+00
4.985139356936949540e+00
4.985128018497877456e+00
4.985109719193231648e+00
4.985086926402680696e+00
4.985062560959875100e+00
4.985039622177525942e+00
4.985018908306182439e+00
4.985002572629990247e+00
4.984992173965245854e+00
4.984989281471451150e+00
4.984994048020551460e+00
4.985009666842622700e+00
4.985036958791996042e+00
4.985075749085034147e+00
4.985131957103248190e+00
4.985199246062646417e+00
4.985277479608292595e+00
4.985366333239461767e+00
4.985464902027259448e+00
4.985573681034827231e+00
4.985692482712427598e+00
4.985823306414048695e+00
4.985959718721668210e+00
4.986104120137850870e+00
4.986252531130547894e+00
4.986406620154838265e+00
4.986561416397552904e+00
4.986713261223148841e+00
4.986860741824594712e+00
4.987003101567489161e+00
4.987138212640520152e+00
4.987263172558258795e+00
4.987374255918646249e+00
4.987468727455222073e+00
4.987551380741159335e+00
4.987622252326209704e+00
4.987680425015960317e+00
4.987724040053535646e+00
4.987752072013200255e+00
4.987769765349321816e+00
4.987778497137578704e+00
4.987779826963624430e+00
4.987772151015188449e+00
4.987753257236865245e+00
4.987718267750416601e+00
4.987668704914351103e+00
4.987608736271461396e+00
4.987539537867954564e+00
4.987463267215018980e+00
4.987380751382982425e+00
4.987285670454103759e+00
4.987180072518487606e+00
4.987064873066221260e+00
4.986942101048726705e+00
4.986812415413978350e+00
4.986670091145160910e+00
4.986518270161424127e+00
4.986356442898932428e+00
4.986188745435747194e+00
4.986014759235504634e+00
4.985833844572726825e+00
4.985648323774758417e+00
4.985449322622689472e+00
4.985240279764357574e+00
4.985015420161609256e+00
4.984777067650531635e+00
4.984520963218484368e+00
4.984246729847464863e+00
4.983960346796038721e+00
4.983660011507990539e+00
4.983348769296380709e+00
4.983024316665205511e+00
4.982688380603168099e+00
4.982345578160559008e+00
4.981996581901286802e+00
4.981643910792148411e+00
4.981286930714226457e+00
4.980922017295337234e+00
4.980550825048662311e+00
4.980173362989403607e+00
4.979791557316162631e+00
4.979406112183312416e+00
4.979015885491351767e+00
4.978618335288444996e+00
4.978226241779009520e+00
4.977841738958339590e+00
4.977474334214310403e+00
4.977125079084614434e+00
4.976795546759345434e+00
4.976499944396743480e+00
4.976229487836787868e+00
4.975997538205662707e+00
4.975792826984503314e+00
4.975632975858130358e+00
4.975524088230409703e+00
4.975447498226964527e+00
4.975414234411398517e+00
4.975409942406365360e+00
4.975449784404732512e+00
4.975526156618394147e+00
4.975642855500003847e+00
4.975789145386910306e+00
4.975959614205307524e+00
4.976151665157771298e+00
4.976360429420269682e+00
4.976586005806125534e+00
4.976821594263559412e+00
4.977070474500900232e+00
4.977324232074564314e+00
4.977586027930624546e+00
4.977847742370464346e+00
4.978108061186172328e+00
4.978365174873865762e+00
4.978618351190484681e+00
4.978875285635834480e+00
4.979130696009047341e+00
4.979385586052336166e+00
4.979639409358747493e+00
4.979896191048569953e+00
4.980159712049312404e+00
4.980421520645863964e+00
4.980681937064178832e+00
4.980939423467168226e+00
4.981197314753332606e+00
4.981458495619843774e+00
4.981716673976879228e+00
4.981975376985172232e+00
4.982237326174177916e+00
4.982496326404758591e+00
4.982749569068797513e+00
4.982992696247197983e+00
4.983221873405524249e+00
4.983428792699375443e+00
4.983608359794267528e+00
4.983767756118574255e+00
4.983900530968926823e+00
4.984005881051666975e+00
4.984077286717615074e+00
4.984104894227015414e+00
4.984106957495491486e+00
4.984070608652942269e+00
4.983997069052235496e+00
4.983894551549853169e+00
4.983752576694636893e+00
4.983583652307093104e+00
4.983386543062329643e+00
4.983163012438267536e+00
4.982924873721598757e+00
4.982671174970268346e+00
4.982407790706305128e+00
4.982131379176674812e+00
4.981843283497539687e+00
4.981547594577817151e+00
4.981248012692478966e+00
4.980944732562449850e+00
4.980639860112963113e+00
4.980331032206116504e+00
4.980025244061647705e+00
4.979721683026103740e+00
4.979432101421800816e+00
4.979154992070791153e+00
4.978895981353518074e+00
4.978647847496714185e+00
4.978408216913040363e+00
4.978176829539980197e+00
4.977949373596159077e+00
4.977724545658376520e+00
4.977498068664965913e+00
4.977265222244707132e+00
4.977023642589148977e+00
4.976769221150126654e+00
4.976506024119255578e+00
4.976238092840460148e+00
4.975963197541234173e+00
4.975679511674491629e+00
4.975381130990384371e+00
4.975064936769006962e+00
4.974736649994550675e+00
4.974391507212816421e+00
4.974028654512760994e+00
4.973642976325747256e+00
4.973233312521871952e+00
4.972798783038553161e+00
4.972343117599185902e+00
4.971871724691983907e+00
4.971383026246724235e+00
4.970881080296632781e+00
4.970367078226802349e+00
4.969851022814212094e+00
4.969338197340069208e+00
4.968827452850339554e+00
4.968324614320692945e+00
4.967828891989586992e+00
4.967353454720971229e+00
4.966893508252499423e+00
4.966452104081210628e+00
4.966025999006626890e+00
4.965609129150210244e+00
4.965207057525216960e+00
4.964813151736557018e+00
4.964443724346159215e+00
4.964095420171319439e+00
4.963769579087197847e+00
4.963468369548023063e+00
4.963188356053830574e+00
4.962946266126632366e+00
4.962732633952795069e+00
4.962548394673316210e+00
4.962392269191143512e+00
4.962262241304663313e+00
4.962167180091885399e+00
4.962117644101192049e+00
4.962092251851966118e+00
4.962108428843596819e+00
4.962147849730492943e+00
4.962230284509526079e+00
4.962361525397093409e+00
4.962529536604226799e+00
4.962745637080907990e+00
4.962986144467532057e+00
4.963268373093842278e+00
4.963593042946695455e+00
4.963957793980180888e+00
4.964359361536144100e+00
4.964796013950644848e+00
4.965270542583701818e+00
4.965780080712673517e+00
4.966319552555021666e+00
4.966883503913221531e+00
4.967469781159696396e+00
4.968076841987011605e+00
4.968699380762217288e+00
4.969333780340192241e+00
4.969978980279800673e+00
4.970636082372901221e+00
4.971305565766331647e+00
4.971984393156406057e+00
4.972679892263646373e+00
4.973388371474380065e+00
4.974108961976402732e+00
4.974839032969707198e+00
4.975581346384518433e+00
4.976335144496792040e+00
4.977088093317383333e+00
4.977838189534180557e+00
4.978579343936675450e+00
4.979311674989096659e+00
4.980030923641552754e+00
4.980730502835739593e+00
4.981404384604920743e+00
4.982046763009655876e+00
4.982661703198481007e+00
4.983232120133269660e+00
4.983758693530488060e+00
4.984236389181839755e+00
4.984670059017170196e+00
4.985056168518294584e+00
4.985380999527206924e+00
4.985651310260674762e+00
4.985865966311923358e+00
4.986033870174816585e+00
4.986153992262936541e+00
4.986216515351353351e+00
4.986229921342837379e+00
4.986195694372089982e+00
4.986122790124299264e+00
4.986012423845040509e+00
4.985867284765499896e+00
4.985691813292015162e+00
4.985469844626295277e+00
4.985218121582676076e+00
4.984929099069941749e+00
4.984618706168641111e+00
4.984282608540762993e+00
4.983921550089526420e+00
4.983546098755703646e+00
4.983157354692028029e+00
4.982760333815620335e+00
4.982357064807818148e+00
4.981953124316439663e+00
4.981550744498179917e+00
4.981155153760717269e+00
4.980765002096103622e+00
4.980382911028371495e+00
4.980014738241242966e+00
4.979658676037597154e+00
4.979321020493316041e+00
4.978995921561525151e+00
4.978679464856193171e+00
4.978372010277614557e+00
4.978075749823853258e+00
4.977799735708191342e+00
4.977545265635504812e+00
4.977310844013497437e+00
4.977094440447197066e+00
4.976900543184981096e+00
4.976738178288592884e+00
4.976608732832624504e+00
4.976504376573516630e+00
4.976433029888226223e+00
4.976388616595445846e+00
4.976377533770661721e+00
4.976392638534104407e+00
4.976435793693905651e+00
4.976504379496707209e+00
4.976589268646001152e+00
4.976685835211335451e+00
4.976793518089487556e+00
4.976915757613987523e+00
4.977056063278378240e+00
4.977205333919064500e+00
4.977367879994944566e+00
4.977538633034363613e+00
4.977718188804373334e+00
4.977907334533319350e+00
4.978097601146235895e+00
4.978293010131254803e+00
4.978486637533440451e+00
4.978679600567356367e+00
4.978869970277682633e+00
4.979056490738676288e+00
4.979247761857496180e+00
4.979438606076674212e+00
4.979630068526404330e+00
4.979821255360530330e+00
4.980012390375868847e+00
4.980206391629564244e+00
4.980401017968344668e+00
4.980593925365048413e+00
4.980786682483540950e+00
4.980978871122734297e+00
4.981173145440206618e+00
4.981367943030581280e+00
4.981563400779648987e+00
4.981756540243311271e+00
4.981949154813571923e+00
4.982137186084671931e+00
4.982330976635947373e+00
4.982531578545256856e+00
4.982739297491296959e+00
4.982956352610869999e+00
4.983182558570786291e+00
4.983423673254234743e+00
4.983674197573943587e+00
4.983932010666264567e+00
4.984197251484526525e+00
4.984468733654153993e+00
4.984749546111358676e+00
4.985034836032224526e+00
4.985323498290759936e+00
4.985612434283626548e+00
4.985903119654190974e+00
4.986194089432043342e+00
4.986483381376398683e+00
4.986777278114838730e+00
4.987079117283952812e+00
4.987388957966845560e+00
4.987702546831946471e+00
4.988020370197277842e+00
4.988340243627112258e+00
4.988667341512422304e+00
4.988989375685135563e+00
4.989303163965026933e+00
4.989605471365878842e+00
4.989898329493383855e+00
4.990179761857520546e+00
4.990442099370789641e+00
4.990690336101485158e+00
4.990923876580579233e+00
4.991147229024005760e+00
4.991360058602674066e+00
4.991560302697849671e+00
4.991752780643087917e+00
4.991929566622509640e+00
4.992093421113475316e+00
4.992241316749511881e+00
4.992372932550293463e+00
4.992485838481020899e+00
4.992580317198095585e+00
4.992663811272737284e+00
4.992738211182673247e+00
4.992805061968771163e+00
4.992863690047323111e+00
4.992920282063804116e+00
4.992979583754002526e+00
4.993040831591732065e+00
4.993101102118178147e+00
4.993157786447353530e+00
4.993214901112749793e+00
4.993273854530215772e+00
4.993344134022280834e+00
4.993423701734082343e+00
4.993518861508728257e+00
4.993624166617901317e+00
4.993747570705399319e+00
4.993886680383966770e+00
4.994039135663570939e+00
4.994202971397700530e+00
4.994371058358612281e+00
4.994543640813591701e+00
4.994716412662330463e+00
4.994888262725237560e+00
4.995052700075123475e+00
4.995208559096592005e+00
4.995353100537123225e+00
4.995484559661510282e+00
4.995599450203392244e+00
4.995703166569384734e+00
4.995800298838677378e+00
4.995895929611088526e+00
4.995991486594810738e+00
4.996088780113295158e+00
4.996196722131953649e+00
4.996319643077240968e+00
4.996463527795659054e+00
4.996620230660574258e+00
4.996799884349840681e+00
4.997001042947905702e+00
4.997221135985839169e+00
4.997461922880994223e+00
4.997713874284910318e+00
4.997982370112823425e+00
4.998267338503885604e+00
4.998566697635490996e+00
4.998878713161487575e+00
4.999201362305123020e+00
4.999531597518164006e+00
4.999868027255672587e+00
5.000202520289260377e+00
5.000535360672313523e+00
5.000861205966013578e+00
5.001181193687754600e+00
5.001487636738258580e+00
5.001774894003559346e+00
5.002048214641203749e+00
5.002303199958791247e+00
5.002544409991045882e+00
5.002770824436833408e+00
5.002977780592432033e+00
5.003168290280540553e+00
5.003336022444804243e+00
5.003488117991750528e+00
5.003619715417539027e+00
5.003731603105356029e+00
5.003825935744483644e+00
5.003890309980874029e+00
5.003931800834638288e+00
5.003942802159386360e+00
5.003928787350692353e+00
5.003880313347132791e+00
5.003793989877254766e+00
5.003683597688600493e+00
5.003546066666990200e+00
5.003390474162100254e+00
5.003208355988411071e+00
5.003002749840764984e+00
5.002783358889668186e+00
5.002551401491312610e+00
5.002313471092878494e+00
5.002067940748332830e+00
5.001816960266827650e+00
5.001562179374545281e+00
5.001301523773967084e+00
5.001033450375346412e+00
5.000754924985615801e+00
5.000469776122866250e+00
5.000175886443850359e+00
4.999878271530415752e+00
4.999575018669512261e+00
4.999261886077966288e+00
4.998943276192095553e+00
4.998617103147354079e+00
4.998289675201323057e+00
4.997956943149710618e+00
4.997621020610476528e+00
4.997293372201766282e+00
4.996970750774289982e+00
4.996663404452648116e+00
4.996375048692371479e+00
4.996101675695772570e+00
4.995855870871837467e+00
4.995630487362888061e+00
4.995439229655113778e+00
4.995275389692780621e+00
4.995163856317322626e+00
4.995102337180670204e+00
4.995079889084246716e+00
4.995103482432698527e+00
4.995167158177158839e+00
4.995301881223953799e+00
4.995484373714811355e+00
4.995738667748905293e+00
4.996045853845813234e+00
4.996410102039613221e+00
4.996838326320089507e+00
4.997324633874035804e+00
4.997869088329411014e+00
4.998478161037005485e+00
4.999146596655285713e+00
4.999872237756884275e+00
5.000648185998236350e+00
5.001472214773333036e+00
5.002338676840102138e+00
5.003255987182294362e+00
5.004212081298267556e+00
5.005196829155122984e+00
5.006204189077055666e+00
5.007228675052559197e+00
5.008264603704250639e+00
5.009302986651694489e+00
5.010334191337264542e+00
5.011357084751165480e+00
5.012374658152498164e+00
5.013378880038893648e+00
5.014357525274193428e+00
5.015308868676459753e+00
5.016230806276237075e+00
5.017125658556855328e+00
5.017987295478619103e+00
5.018818636179007697e+00
5.019618729442395733e+00
5.020381533443965871e+00
5.021110295668282042e+00
5.021802616283335574e+00
5.022448013216293639e+00
5.023054352827405644e+00
5.023621784724331185e+00
5.024156189985610865e+00
5.024657969228960575e+00
5.025125379130281011e+00
5.025555549614168172e+00
5.025955068931019731e+00
5.026321749106084091e+00
5.026659981921349996e+00
5.026958932798391011e+00
5.027227469250593828e+00
5.027450003806535506e+00
5.027644691482221262e+00
5.027800833830645466e+00
5.027923855125940200e+00
5.028025100115723234e+00
5.028082193183750270e+00
5.028111184151881297e+00
5.028096884612265782e+00
5.028052561196769688e+00
5.027968712297538723e+00
5.027845573096806575e+00
5.027681407413715498e+00
5.027480746663445466e+00
5.027251391659760316e+00
5.026994733705455687e+00
5.026722640699977873e+00
5.026427257477576127e+00
5.026116334188068357e+00
5.025784814047897342e+00
5.025432453590714665e+00
5.025064357283793193e+00
5.024672944757424986e+00
5.024262828666054226e+00
5.023827200333855991e+00
5.023366221363924744e+00
5.022885138157092477e+00
5.022375919993304016e+00
5.021845346155844325e+00
5.021286422114155101e+00
5.020704853001316970e+00
5.020098690751273907e+00
5.019473103794535263e+00
5.018826923507532456e+00
5.018167330983360763e+00
5.017491249430259259e+00
5.016805094543179244e+00
5.016117472636779873e+00
5.015428816887816943e+00
5.014744138109763938e+00
5.014059195283135040e+00
5.013377924475153513e+00
5.012706241595824785e+00
5.012043822172364216e+00
5.011393748137435544e+00
5.010756731692037391e+00
5.010129437211237935e+00
5.009513233403944277e+00
5.008905802580795985e+00
5.008308367568337083e+00
5.007718644726358193e+00
5.007133435557864942e+00
5.006550677704893815e+00
5.005973788040959604e+00
5.005405166658841942e+00
5.004844191546822252e+00
5.004286488804305044e+00
5.003731227728809294e+00
5.003185285429741391e+00
5.002653032827462987e+00
5.002138581636633496e+00
5.001635850469853040e+00
5.001150107222880337e+00
5.000687753099287036e+00
5.000253831732356602e+00
4.999850929851914927e+00
4.999482589091446272e+00
4.999149941827441879e+00
4.998858894656684981e+00
4.998602925881085568e+00
4.998386457159457841e+00
4.998202838233945400e+00
4.998062568611739032e+00
4.997961903277126972e+00
4.997891591659089805e+00
4.997855307028903127e+00
4.997856724910188397e+00
4.997895158793061121e+00
4.997973768425389096e+00
4.998077455249829271e+00
4.998210854533343017e+00
4.998369320987938735e+00
4.998549479658930039e+00
4.998753957807300807e+00
4.998981725390284403e+00
4.999235445245383325e+00
4.999509442749647370e+00
4.999800396322487295e+00
5.000110712948469427e+00
5.000439626465765564e+00
5.000788956436542421e+00
5.001150947774974043e+00
5.001528985689606799e+00
5.001921037960079808e+00
5.002321820113090567e+00
5.002730644311038866e+00
5.003145487535027414e+00
5.003563272546259988e+00
5.003984786126045137e+00
5.004406637589661422e+00
5.004826618212489642e+00
5.005246087278454326e+00
5.005663907195657458e+00
5.006081348623364846e+00
5.006497133600742444e+00
5.006910136717588777e+00
5.007322432029277515e+00
5.007734178754718712e+00
5.008147373761270060e+00
5.008559632751379276e+00
5.008973480875823725e+00
5.009388784173165021e+00
5.009808522242340523e+00
5.010228859747980046e+00
5.010649798440967473e+00
5.011064996126328275e+00
5.011471432562206729e+00
5.011856895576451976e+00
5.012223866137897055e+00
5.012564915235373952e+00
5.012887100990149669e+00
5.013181016019765401e+00
5.013436858675661689e+00
5.013665147948296763e+00
5.013850059344653332e+00
5.013999289072338605e+00
5.014100940454039979e+00
5.014142812684398542e+00
5.014142972355653427e+00
5.014080169213881000e+00
5.013969141574522226e+00
5.013796010458789532e+00
5.013561056641808733e+00
5.013265419484994823e+00
5.012901264907739574e+00
5.012492176884732586e+00
5.012026340024492654e+00
5.011492316270194536e+00
5.010892954388580733e+00
5.010225990557989562e+00
5.009515450516662582e+00
5.008751430207811772e+00
5.007924335965835638e+00
5.007038245568001145e+00
5.006102716842616651e+00
5.005122069040264243e+00
5.004098960900630111e+00
5.003041764119590340e+00
5.001950815761412095e+00
5.000825140694105997e+00
4.999665419155682855e+00
4.998480989778365746e+00
4.997266586566294855e+00
4.996030147144523426e+00
4.994779640505042195e+00
4.993516930410590859e+00
4.992252513835159888e+00
4.990985816040960366e+00
4.989728617737022809e+00
4.988482525566546144e+00
4.987243864679662408e+00
4.986014535048929552e+00
4.984794274860944618e+00
4.983586382860269559e+00
4.982396635184014322e+00
4.981225680703247782e+00
4.980077025884712683e+00
4.978952527934635164e+00
4.977855122456276149e+00
