0.000000000000000000e+00
0.000000000000000000e+00
-1.352735807813587863e-08
-8.188100991901589493e-08
-2.574226914475730621e-07
-5.731665464736580256e-07
-1.093798675810830731e-06
-1.488452182911714916e-06
-1.791108354609605285e-06
-1.392356082305923244e-06
2.394229318269943187e-07
3.571997783637926732e-06
9.381766701608283923e-06
1.939788487788973644e-05
3.478011492688893761e-05
5.728906163994907877e-05
8.863437831450939075e-05
1.299073538189077269e-04
1.875266656657004379e-04
2.664408497889780673e-04
3.705175258596682050e-04
5.028229523827576096e-04
6.646646503736517754e-04
8.625849280883808937e-04
1.098556904159977022e-03
1.384131511711075022e-03
1.721246590875579862e-03
2.119418581985428249e-03
2.585659859739735267e-03
3.130036419295265278e-03
3.756180083416892773e-03
4.487114897035552989e-03
5.322655415200187520e-03
6.280470242761565861e-03
7.369876256250335218e-03
8.603275543116522747e-03
9.985284334086370200e-03
1.152586263980765607e-02
1.323514593210120723e-02
1.513148975934882831e-02
1.722223830785651888e-02
1.950828922357459791e-02
2.200019208159346984e-02
2.469816831316848024e-02
2.762903956141371867e-02
3.078517464365859019e-02
3.415019956793684253e-02
3.776091066565412380e-02
4.159889725413219719e-02
4.565681544508830292e-02
4.994112727608576718e-02
5.445212868418589786e-02
5.914747861590282513e-02
6.404551265206234745e-02
6.912047443356411636e-02
7.440889654126063568e-02
7.988755104508296623e-02
8.554256019558803548e-02
9.136574206318753832e-02
9.735965785946743001e-02
1.035335331913461027e-01
1.098928981777657909e-01
1.163945495840539301e-01
1.230640518423547214e-01
1.298958658930291221e-01
1.369130682703484370e-01
1.441143196579445784e-01
1.514859568830956293e-01
1.590372460838783975e-01
1.667772674318779846e-01
1.747137927767266063e-01
1.828828876968849881e-01
1.912828391548622720e-01
1.998908656593789135e-01
2.086803078409661394e-01
2.176494121309746899e-01
2.267854618784417853e-01
2.361021947618951455e-01
2.456483202930916931e-01
2.553907716032495223e-01
2.653822105881203930e-01
2.755933767315378313e-01
2.859717219826211076e-01
2.965177029129494879e-01
3.072080665585031345e-01
3.180903833862771535e-01
3.291437941547860624e-01
3.403686767574776173e-01
3.517561620232093622e-01
3.633407455440986755e-01
3.751481109615791842e-01
3.871938591953743569e-01
3.994882648941506242e-01
4.120421164986123319e-01
4.248195641991127092e-01
4.378022354599464538e-01
4.509641402718055914e-01
4.643117195126046370e-01
4.778964847084511414e-01
4.917079287525643050e-01
5.057814734932410961e-01
5.201033514496314902e-01
5.346427613255012590e-01
5.494731503483282209e-01
5.645510107037052805e-01
5.799337881561742458e-01
5.955796676632389985e-01
6.114735895153508016e-01
6.276226287838443385e-01
6.440232711788637099e-01
6.606118708607180423e-01
6.774393468853457945e-01
6.944625550266726455e-01
7.117206519600375314e-01
7.291531127449497607e-01
7.468107920643315412e-01
7.646751731392367191e-01
7.827209251877291774e-01
8.009850758072359911e-01
8.194020706173407165e-01
8.380224579330909362e-01
8.568268567081916975e-01
8.757806116100775862e-01
8.948846941944587075e-01
9.141322535034642760e-01
9.335710447784886235e-01
9.531779390331731605e-01
9.729182904716954239e-01
9.927919500824436971e-01
1.012791703319214420e+00
1.032959631061219019e+00
1.053240058993958339e+00
1.073680277442597308e+00
1.094234011745118140e+00
1.114962661838196700e+00
1.135891304587983264e+00
1.156944301700257638e+00
1.178161717033052058e+00
1.199486575698518465e+00
1.220963140105867151e+00
1.242555087184572082e+00
1.264275832748079198e+00
1.286118789291047726e+00
1.308117776488923578e+00
1.330256219482087721e+00
1.352567558860444663e+00
1.374996431445741463e+00
1.397589476680421772e+00
1.420326736545229007e+00
1.443247671699190438e+00
1.466331737613344455e+00
1.489582663154268571e+00
1.513001480674410315e+00
1.536622245883608295e+00
1.560451243495607931e+00
1.584449253654146572e+00
1.608604140853548303e+00
1.632899973964357709e+00
1.657341414069795960e+00
1.681946397399568971e+00
1.706718419170046408e+00
1.731644282912874644e+00
1.756773498630190611e+00
1.782087565040255228e+00
1.807621951675081995e+00
1.833353486632967932e+00
1.859315667724276588e+00
1.885522091960574409e+00
1.911972554301883065e+00
1.938654955005313596e+00
1.965567691898013836e+00
1.992699688052799178e+00
2.020082207297946741e+00
2.047685540294315043e+00
2.075489996051456121e+00
2.103483651256229159e+00
2.131647761439945388e+00
2.159991951560642942e+00
2.188480837916996435e+00
2.217081080054905673e+00
2.245770586108829736e+00
2.274526117419865212e+00
2.303330035781528728e+00
2.332162664508488081e+00
2.361004140948917751e+00
2.389834085082676474e+00
2.418635678863194194e+00
2.447389951324132173e+00
2.476082609271672563e+00
2.504693639850285702e+00
2.533210716819432218e+00
2.561613195514348185e+00
2.589913824176457435e+00
2.618088059997227823e+00
2.646152144050267552e+00
2.674077859496739595e+00
2.701882913684514609e+00
2.729534888839391549e+00
2.757036023711827877e+00
2.784355550384190803e+00
2.811499486541417347e+00
2.838479660129216153e+00
2.865297499274876536e+00
2.891959112262395326e+00
2.918463502502110618e+00
2.944813771819737802e+00
2.971008034324315261e+00
2.997048020934727663e+00
3.022931638335850657e+00
3.048660750960972887e+00
3.074203584766057151e+00
3.099565563773778454e+00
3.124717445945409011e+00
3.149667080020573717e+00
3.174371681785252974e+00
3.198855956172612647e+00
3.223104110335973438e+00
3.247137032127049849e+00
3.270934451198247661e+00
3.294495559310582689e+00
3.317803814983038002e+00
3.340890365218786240e+00
3.363733265971807551e+00
3.386357558345464813e+00
3.408745856856969514e+00
3.430919976806309890e+00
3.452858675098088526e+00
3.474581993198064822e+00
3.496065285777716358e+00
3.517315021133093467e+00
3.538315959548620437e+00
3.559072521304754488e+00
3.579607322787909052e+00
3.599947803592352447e+00
3.620099988555578907e+00
3.640079078054098805e+00
3.659883452033667162e+00
3.679487567519812430e+00
3.698894491767554360e+00
3.718131960010199411e+00
3.737193569516806146e+00
3.756082946633962916e+00
3.774764761304525873e+00
3.793249587392477640e+00
3.811551721667914006e+00
3.829641548967031905e+00
3.847520232772497550e+00
3.865209415530828974e+00
3.882684357738165559e+00
3.899962878799108967e+00
3.917062821960119567e+00
3.933945482349066047e+00
3.950630871629385421e+00
3.967124987220434829e+00
3.983407484864859072e+00
3.999486746167807194e+00
4.015380520200399594e+00
4.031061745261816043e+00
4.046535701131490192e+00
4.061815627193119838e+00
4.076871457671787269e+00
4.091722156381274900e+00
4.106383951282168709e+00
4.120855007743503329e+00
4.135114610767033128e+00
4.149170941686298519e+00
4.163045116042758842e+00
4.176740004396107153e+00
4.190219246720936930e+00
4.203499712323811366e+00
4.216585815524724445e+00
4.229482730006841606e+00
4.242216513728765293e+00
4.254773502921728401e+00
4.267165586328177440e+00
4.279379783248572267e+00
4.291408926820426295e+00
4.303262212848335544e+00
4.314932301616340560e+00
4.326406384086281420e+00
4.337697119092613462e+00
4.348793118571907534e+00
4.359683579778343976e+00
4.370383679246574893e+00
4.380887300347954927e+00
4.391184144591957939e+00
4.401280246352822445e+00
4.411179780339867129e+00
4.420880222892433764e+00
4.430365750169427130e+00
4.439646680926950140e+00
4.448715831613214711e+00
4.457563768005045723e+00
4.466200174069078876e+00
4.474618285274179819e+00
4.482811526631984123e+00
4.490768818235072679e+00
4.498488335585269837e+00
4.505965801453266195e+00
4.513201597308788671e+00
4.520195856666241241e+00
4.526952714895879026e+00
4.533468765592251870e+00
4.539750655269299884e+00
4.545808491086637204e+00
4.551661709522878851e+00
4.557308726286566802e+00
4.562774552678741102e+00
4.568060095286048394e+00
4.573193078612960427e+00
4.578158370828307788e+00
4.582974306320823921e+00
4.587645640945114067e+00
4.592177654480614102e+00
4.596573498820938575e+00
4.600839273607411961e+00
4.604970998441853425e+00
4.608983400439895739e+00
4.612887309467472718e+00
4.616685714697518428e+00
4.620385828888097457e+00
4.623989149009862132e+00
4.627496348297276185e+00
4.630926204895652987e+00
4.634272431409039328e+00
4.637544224834122986e+00
4.640750844752469462e+00
4.643894288813749327e+00
4.646976843452134354e+00
4.649998744105972470e+00
4.652955854808963565e+00
4.655857549583592103e+00
4.658699311291851330e+00
4.661480954861319859e+00
4.664204907989181415e+00
4.666871556019462020e+00
4.669477806663191899e+00
4.672029857313311219e+00
4.674524091607009879e+00
4.676960030769979682e+00
4.679339779144203071e+00
4.681664347177421526e+00
4.683935697799597619e+00
4.686160823827658639e+00
4.688342296754990812e+00
4.690487181073104139e+00
4.692597491717015679e+00
4.694675669943964458e+00
4.696722920661842160e+00
4.698741510039245561e+00
4.700732472514784099e+00
4.702697980826771484e+00
4.704640246009504700e+00
4.706562123721516500e+00
4.708464370047725112e+00
4.710345780974305896e+00
4.712206608330882673e+00
4.714048331802763059e+00
4.715873259281791796e+00
4.717682629650511217e+00
4.719479708498396597e+00
4.721266668414749290e+00
4.723047375654853219e+00
4.724824974363721175e+00
4.726601019030487905e+00
4.728377960002101865e+00
4.730157459056056446e+00
4.731941872661984405e+00
4.733733210688507498e+00
4.735532490139877204e+00
4.737341537749444775e+00
4.739161886846696703e+00
4.740996101474439506e+00
4.742843814021026283e+00
4.744701179688846970e+00
4.746570626175080854e+00
4.748451019203341339e+00
4.750343514954721513e+00
4.752244783764755454e+00
4.754152571385775516e+00
4.756067788874778657e+00
4.757987777119550010e+00
4.759914534067782199e+00
4.761846767788800783e+00
4.763780421739493676e+00
4.765716178095017241e+00
4.767651771133815330e+00
4.769589098816786610e+00
4.771526817059192460e+00
4.773461049919995425e+00
4.775392370944889997e+00
4.777318666553172832e+00
4.779241798644934036e+00
4.781160352205906072e+00
4.783070722794208862e+00
4.784973364001188223e+00
4.786866358941469279e+00
4.788751062875662434e+00
4.790626065259848687e+00
4.792488040601883270e+00
4.794337371265564585e+00
4.796172392046128330e+00
4.797994305169258844e+00
4.799801609640989675e+00
4.801590924387845405e+00
4.803362569486770539e+00
4.805115168815526694e+00
4.806849781548652167e+00
4.808564810132655687e+00
4.810257180905016305e+00
4.811927069252403655e+00
4.813572970306546850e+00
4.815195966338785105e+00
4.816794353550345242e+00
4.818365342741875779e+00
4.819908980405002374e+00
4.821423969244628793e+00
4.822911232685713756e+00
4.824368690824179851e+00
4.825794078981548552e+00
4.827187297320039150e+00
4.828547205155762079e+00
4.829874462759168097e+00
4.831167913353116461e+00
4.832426218217285907e+00
4.833648516660603356e+00
4.834833830496342522e+00
4.835981585731776278e+00
4.837090688323648635e+00
4.838162563940558769e+00
4.839200676655445399e+00
4.840207225209150366e+00
4.841183503096972096e+00
4.842130717238458892e+00
4.843050579479013074e+00
4.843947273394141995e+00
4.844823681315457264e+00
4.845681450193799478e+00
4.846522066047466382e+00
4.847346495365774999e+00
4.848160098096407467e+00
4.848965930840051897e+00
4.849765715500391039e+00
4.850560914775407184e+00
4.851351923396862276e+00
4.852144248982942720e+00
4.852941275587356884e+00
4.853745134597695632e+00
4.854556966846859112e+00
4.855377266084825116e+00
4.856206374069725662e+00
4.857044157138144413e+00
4.857890401458417884e+00
4.858744628181731251e+00
4.859606412103449458e+00
4.860475250458394569e+00
4.861350437155043558e+00
4.862231403714095457e+00
4.863117425119553694e+00
4.864007916873368309e+00
4.864902214607272235e+00
4.865799517979894517e+00
4.866699187582407049e+00
4.867600444680128646e+00
4.868502675047192696e+00
4.869405143013271875e+00
4.870307361980947825e+00
4.871211155330810172e+00
4.872114042764577491e+00
4.873016649460467420e+00
4.873915962180171313e+00
4.874812233051333266e+00
4.875707443183335599e+00
4.876602851500781988e+00
4.877499304017098858e+00
4.878397197252185791e+00
4.879296617036731121e+00
4.880202642804057689e+00
4.881118878996045574e+00
4.882047626724511424e+00
4.882990540167361004e+00
4.883948043188124366e+00
4.884920365786225460e+00
4.885909088900358910e+00
4.886913610002071806e+00
4.887934943562418866e+00
4.888972010439307958e+00
4.890023974528582507e+00
4.891091942092450573e+00
4.892174781015189211e+00
4.893273264890583008e+00
4.894385899728211697e+00
4.895511863431010191e+00
4.896651910742794378e+00
4.897804631566677891e+00
4.898970177670989301e+00
4.900147162353668762e+00
4.901334999105010581e+00
4.902534405266915307e+00
4.903744211098227446e+00
4.904964026933583909e+00
4.906192756494555773e+00
4.907429979642901507e+00
4.908676358884249247e+00
4.909930871849927492e+00
4.911193203305872501e+00
4.912462539946707452e+00
4.913738393014344119e+00
4.915021375840577633e+00
4.916310012912425975e+00
4.917603412395391338e+00
4.918899942314300056e+00
4.920198115533265693e+00
4.921497102802667278e+00
4.922794923460158678e+00
4.924090179478797680e+00
4.925381037121686845e+00
4.926665891831788713e+00
4.927943769520195971e+00
4.929212542897137617e+00
4.930470674907835971e+00
4.931716248666915270e+00
4.932947564249905881e+00
4.934163399910602266e+00
4.935361799648079639e+00
4.936541839813861188e+00
4.937701324200304498e+00
4.938838133787783136e+00
4.939951581409247616e+00
4.941040400615007933e+00
4.942104851206810423e+00
4.943143954774412485e+00
4.944157113110693835e+00
4.945145195176872122e+00
4.946107902130158607e+00
4.947046108147175048e+00
4.947959633892446085e+00
4.948848632773427347e+00
4.949713984852699866e+00
4.950555551549462585e+00
4.951374287134079566e+00
4.952170086478857591e+00
4.952943014552859680e+00
4.953693977123170278e+00
4.954422763114839867e+00
4.955130303403407765e+00
4.955816441526681437e+00
4.956481143137485113e+00
4.957125728478699145e+00
4.957750031141608282e+00
4.958354850238232636e+00
4.958939947163729656e+00
4.959505179164972688e+00
4.960051876952913830e+00
4.960579632608262735e+00
4.961089445998934977e+00
4.961580796478358479e+00
4.962053016996053501e+00
4.962507209977177425e+00
4.962942675663201797e+00
4.963360324440567517e+00
4.963759468508929018e+00
4.964139377338856463e+00
4.964501080861359661e+00
4.964843883900017296e+00
4.965168538739950677e+00
4.965474434023767536e+00
4.965761332618117585e+00
4.966030021173923892e+00
4.966279831467240058e+00
4.966511272614866357e+00
4.966723801096944335e+00
4.966917185964105919e+00
4.967092061819550430e+00
4.967248120740096695e+00
4.967385844526851280e+00
4.967504710670599621e+00
4.967604397911617120e+00
4.967685387976507272e+00
4.967747367559040228e+00
4.967790687949436901e+00
4.967815056367816950e+00
4.967820558562798361e+00
4.967807429809744768e+00
4.967775467785231491e+00
4.967725067755363710e+00
4.967655890460282109e+00
4.967567611632093261e+00
4.967460618333115363e+00
4.967334631967514014e+00
4.967189993660120706e+00
4.967026388111679402e+00
4.966843703693863965e+00
4.966642394389181092e+00
4.966422154444423143e+00
4.966182955510135777e+00
4.965924636672403913e+00
4.965647044225748985e+00
4.965350751436469423e+00
4.965036807029662214e+00
4.964707282415745659e+00
4.964364147081194112e+00
4.964009603343126464e+00
4.963646533607659173e+00
4.963277614868400356e+00
4.962905915013668512e+00
4.962534313096819361e+00
4.962165783203362324e+00
4.961803518018840897e+00
4.961450609347938467e+00
4.961110237470983009e+00
4.960785140886126321e+00
4.960478640689670371e+00
4.960194143957615154e+00
4.959934154979109167e+00
4.959700965366481640e+00
4.959495698387891061e+00
4.959320167142124092e+00
4.959175850001320995e+00
4.959064124615090385e+00
4.958986135774449799e+00
4.958942489197634806e+00
4.958934670769650666e+00
4.958963840148919111e+00
4.959031221774914400e+00
4.959137814968400448e+00
4.959284249079920492e+00
4.959471570273437102e+00
4.959701028430411718e+00
4.959973865674386140e+00
4.960291070716032813e+00
4.960653410778889771e+00
4.961061876380394864e+00
4.961519371943126977e+00
4.962021608465860822e+00
4.962570402511905066e+00
4.963161507548344176e+00
4.963793911190284014e+00
4.964471678139222632e+00
4.965191482008946444e+00
4.965955622644675493e+00
4.966760362313641153e+00
4.967605058850302235e+00
4.968493905739441274e+00
4.969423668162479935e+00
4.970396806003109624e+00
4.971410728023900383e+00
4.972462797911418875e+00
4.973552177251828965e+00
4.974676762895238191e+00
4.975838077889335409e+00
4.977029184476985613e+00
4.978244179414168080e+00
4.979480622114196287e+00
4.980734964461579928e+00
4.982006857098594921e+00
4.983288619519726126e+00
4.984575054348961309e+00
4.985863443614498181e+00
4.987150257231251160e+00
4.988434275092140879e+00
4.989712756128565019e+00
4.990983936490074768e+00
4.992244699747816483e+00
4.993491214366214237e+00
4.994724291117446313e+00
4.995942091719761891e+00
4.997141947524205818e+00
4.998320095913069139e+00
4.999473296479838069e+00
5.000601784960882590e+00
5.001703659968034010e+00
5.002775934563533866e+00
5.003814605624929079e+00
5.004817325697794139e+00
5.005783884824767327e+00
5.006712417231454104e+00
5.007599648313179053e+00
5.008441670910968035e+00
5.009236649276268771e+00
5.009984062986027276e+00
5.010684762524019398e+00
5.011339706779968317e+00
5.011948082411240790e+00
5.012510054336438259e+00
5.013026652486571422e+00
5.013499748186716509e+00
5.013931035847909889e+00
5.014320132733829816e+00
5.014667226673611644e+00
5.014973664545960830e+00
5.015241197796114214e+00
5.015471913275816540e+00
5.015666011964479587e+00
5.015823362396607088e+00
5.015945376792499744e+00
5.016033561678180597e+00
5.016090151119555252e+00
5.016115476644175786e+00
5.016109163188652076e+00
5.016073357945118438e+00
5.016009188231823401e+00
5.015918922678379133e+00
5.015803260703382449e+00
5.015662885534387883e+00
5.015501900969814741e+00
5.015323301891606356e+00
5.015132190624993491e+00
5.014931991084289109e+00
5.014724081347506690e+00
5.014509186002236163e+00
5.014287179413061679e+00
5.014062374907354958e+00
5.013837075664471676e+00
5.013611933889607464e+00
5.013387038617203473e+00
5.013161509989568110e+00
5.012939511670537307e+00
5.012723279765614492e+00
5.012513612306485733e+00
5.012310451867799443e+00
5.012112646813315919e+00
5.011924321598184129e+00
5.011747912264239879e+00
5.011583851224553854e+00
5.011432283597809345e+00
5.011291947423291759e+00
5.011167032572251934e+00
5.011060170794648272e+00
5.010971775290366637e+00
5.010902058196065489e+00
5.010849445925836143e+00
5.010818186977687994e+00
5.010811117567047113e+00
5.010828672054614685e+00
5.010871308551561043e+00
5.010937937980910029e+00
5.011027634170298839e+00
5.011139158362914792e+00
5.011270572876949991e+00
5.011420470977594910e+00
5.011586670874080163e+00
5.011767254582069064e+00
5.011960311847202476e+00
5.012163750825844311e+00
5.012375557309411533e+00
5.012593497204058224e+00
5.012815490847848388e+00
5.013039506150804847e+00
5.013263431953663307e+00
5.013485168794566960e+00
5.013702561276430991e+00
5.013913492856944210e+00
5.014115861243033656e+00
5.014307545217151940e+00
5.014486413335824899e+00
5.014650327245171901e+00
5.014797155371334192e+00
5.014924859151644654e+00
5.015031300502297285e+00
5.015114519836781248e+00
5.015172246809518342e+00
5.015202382331183095e+00
5.015204662569296978e+00
5.015181460453161044e+00
5.015134195110723780e+00
5.015062185584530319e+00
5.014964660278485198e+00
5.014842065975964047e+00
5.014697231476158201e+00
5.014532050949483732e+00
5.014345986166000912e+00
5.014138880309612745e+00
5.013910514985176370e+00
5.013663903468253302e+00
5.013401140228809005e+00
5.013121682994963635e+00
5.012825473391417042e+00
5.012512063899043468e+00
5.012184543826582406e+00
5.011845008873345719e+00
5.011493018821779444e+00
5.011128452376428122e+00
5.010750672698918606e+00
5.010363156043890598e+00
5.009967600882951899e+00
5.009563780718449877e+00
5.009151506529157416e+00
5.008729998090271529e+00
5.008302776136401846e+00
5.007871633798782085e+00
5.007436684475246480e+00
5.006997492269577243e+00
5.006553141021133690e+00
5.006107204549910428e+00
5.005661582828463629e+00
5.005216452100278879e+00
5.004771389209630605e+00
5.004325394363108970e+00
5.003882053599660651e+00
5.003443374291960843e+00
5.003009572320585185e+00
5.002580231719617743e+00
5.002154164233212796e+00
5.001735042587822200e+00
5.001325061463720800e+00
5.000924434506304195e+00
5.000532758676417444e+00
5.000148704678722744e+00
4.999776015796669526e+00
4.999417061650164307e+00
4.999072022915787450e+00
4.998740655698783009e+00
4.998421385877734657e+00
4.998117980279928929e+00
4.997833037481611562e+00
4.997566614554231457e+00
4.997318672680263418e+00
4.997087555837784301e+00
4.996875674121980637e+00
4.996683177438531409e+00
4.996506487161819443e+00
4.996347439077649000e+00
4.996204139630276764e+00
4.996078647368554115e+00
4.995970919116365927e+00
4.995877603164839087e+00
4.995800363400915600e+00
4.995737190118956228e+00
4.995690448105301940e+00
4.995659677912913210e+00
4.995641630768508534e+00
4.995637969858793603e+00
4.995646776273929390e+00
4.995670422644903574e+00
4.995708434510593321e+00
4.995757834449027435e+00
4.995819938167546326e+00
4.995892912907142325e+00
4.995979149130720387e+00
4.996078148906667238e+00
4.996186996720348716e+00
4.996306973959868003e+00
4.996436558462295174e+00
4.996577795616897966e+00
4.996730171063529902e+00
4.996890898862469399e+00
4.997061214310663857e+00
4.997239682705688857e+00
4.997428362009663338e+00
4.997627019298811923e+00
4.997832987749567302e+00
4.998045829007019769e+00
4.998266407915940235e+00
4.998496703704436328e+00
4.998739878678311932e+00
4.998993554779878501e+00
4.999257483085235876e+00
4.999527670343956842e+00
4.999803457365922021e+00
5.000086355482780576e+00
5.000374163793020799e+00
5.000666750812523986e+00
5.000960606665903363e+00
5.001255377003545277e+00
5.001552792558067395e+00
5.001850501777223457e+00
5.002148318321995468e+00
5.002442945999645119e+00
5.002734143578998705e+00
5.003023480748377771e+00
5.003308715367308146e+00
5.003589778666933441e+00
5.003863234085580203e+00
5.004128914301833042e+00
5.004388229803732102e+00
5.004638963391624173e+00
5.004880912484220623e+00
5.005111022101332630e+00
5.005329136991491623e+00
5.005536218205086207e+00
5.005730278672268163e+00
5.005911027093966403e+00
5.006075525147458904e+00
5.006223764152814226e+00
5.006356560190755367e+00
5.006472434954332584e+00
5.006570976091163416e+00
5.006649710092308858e+00
5.006709191211115240e+00
5.006750677496741631e+00
5.006774443354073512e+00
5.006782058065140539e+00
5.006773424019770324e+00
5.006750957564648274e+00
5.006717976812937287e+00
5.006679279843077701e+00
5.006639781479456097e+00
5.006600339251302323e+00
5.006563434229895471e+00
5.006530494151369304e+00
5.006507683910162321e+00
5.006499399297021036e+00
5.006508369275102233e+00
5.006536570737803338e+00
5.006584161731147731e+00
5.006657161993639527e+00
5.006760066898274353e+00
5.006895514989007978e+00
5.007065637131890234e+00
5.007271697150280865e+00
5.007514244375486534e+00
5.007793704719951222e+00
5.008110041396429679e+00
5.008463527897109913e+00
5.008854039462022456e+00
5.009281272405496921e+00
5.009745048546901280e+00
5.010244951026251670e+00
5.010780828745773796e+00
5.011353649722150472e+00
5.011958418266586612e+00
5.012595767752937803e+00
5.013261142896226374e+00
5.013954998852422129e+00
5.014674694614223327e+00
5.015413030611090228e+00
5.016168913768343174e+00
5.016937218012027522e+00
5.017717265562824380e+00
5.018505601139477967e+00
5.019295285047700617e+00
5.020084664450696010e+00
5.020869043620042049e+00
5.021647089870385550e+00
5.022414923237375817e+00
5.023166242615989319e+00
5.023898960726072893e+00
5.024608652742316828e+00
5.025294060261656703e+00
5.025950797276308890e+00
5.026573160702100473e+00
5.027158603818826066e+00
5.027703194433561507e+00
5.028205262610427440e+00
5.028659695164970245e+00
5.029062400573603320e+00
5.029410214127711498e+00
5.029699538575223450e+00
5.029928306268265814e+00
5.030091248286626460e+00
5.030185511355957040e+00
5.030207731730040877e+00
5.030157019949252906e+00
5.030033490673374352e+00
5.029836706720959505e+00
5.029565235261539868e+00
5.029218946543255520e+00
5.028799031671799646e+00
5.028306896012939120e+00
5.027746290896749848e+00
5.027115951289154339e+00
5.026417911310411490e+00
5.025653662864781879e+00
5.024824304838396039e+00
5.023933757726765315e+00
5.022982066531396228e+00
5.021973395083763059e+00
5.020912238617159851e+00
5.019802209843613916e+00
5.018647280816652234e+00
5.017448017780401059e+00
5.016208277900433110e+00
5.014933141876674050e+00
5.013626798649048588e+00
5.012292648513530402e+00
5.010933099944804958e+00
5.009551127512668955e+00
5.008152292181467402e+00
5.006741362918829097e+00
5.005326297689889792e+00
5.003912943561290128e+00
5.002505317439053911e+00
5.001106487770294429e+00
4.999717970152115498e+00
4.998346870352245119e+00
4.996998253871417717e+00
4.995675064583038782e+00
4.994380594153619235e+00
4.993115051050400766e+00
4.991885647509909596e+00
4.990697476674533561e+00
4.989553409252978078e+00
4.988456783999419386e+00
4.987406199981188948e+00
4.986409758140062820e+00
4.985472573225115944e+00
4.984597691257213192e+00
4.983788861443017915e+00
4.983045869429324704e+00
4.982375005294296777e+00
4.981774657961641317e+00
4.981249635179255897e+00
4.980798194926890687e+00
4.980424956713529916e+00
4.980130904891253429e+00
4.979909954850287868e+00
4.979764594963477897e+00
4.979691113812575232e+00
4.979692964705306757e+00
4.979770190159459098e+00
4.979916068196897250e+00
4.980132738270465431e+00
4.980415844258521574e+00
4.980768664528284262e+00
4.981191175405535354e+00
4.981676758390520376e+00
4.982227467757319062e+00
4.982839079920802661e+00
4.983514509846126650e+00
4.984253562439834973e+00
4.985052129749810490e+00
4.985906660978352889e+00
4.986814569581901502e+00
4.987773372058426524e+00
4.988783536825930121e+00
4.989836753655827017e+00
4.990926667724406407e+00
4.992048810098922651e+00
4.993199534763252956e+00
4.994377472077166757e+00
4.995573993374263999e+00
4.996782653380788197e+00
4.997999072943485110e+00
4.999219715197241953e+00
5.000441734988845255e+00
5.001657034356750131e+00
5.002859619532383562e+00
5.004045310367503774e+00
5.005210670058287903e+00
5.006351629917181967e+00
5.007460547287620578e+00
5.008532058720149394e+00
5.009562090237297483e+00
5.010547679115690656e+00
5.011486067224898200e+00
5.012374868740001155e+00
5.013212507788697536e+00
5.013996860657493393e+00
5.014726834569733782e+00
5.015400498185914380e+00
5.016016658072036449e+00
5.016577067088943132e+00
5.017083822612326216e+00
5.017539191481332317e+00
5.017943126906316387e+00
5.018296012629428482e+00
5.018600088127561420e+00
5.018858244095602217e+00
5.019073360778995685e+00
5.019245824155071034e+00
5.019376220919795628e+00
5.019466452805930068e+00
5.019520202304841305e+00
5.019540104940671377e+00
5.019526941132637532e+00
5.019481299197207314e+00
5.019404671642834437e+00
5.019301056967953478e+00
5.019173163318911612e+00
5.019022153591642166e+00
5.018848662631491209e+00
5.018653751978556343e+00
5.018441652873437242e+00
5.018215219074765976e+00
5.017975748548189507e+00
5.017723980372678305e+00
5.017460261205117789e+00
5.017187130967061925e+00
5.016906899822783039e+00
5.016617269249540989e+00
5.016317798843515696e+00
5.016009166700673205e+00
5.015692860683333976e+00
5.015370522750449922e+00
5.015039454525245688e+00
5.014698962880208555e+00
5.014349718404843337e+00
5.013993330946101779e+00
5.013631665272547444e+00
5.013262098481787277e+00
5.012884132316243857e+00
5.012498397020531016e+00
5.012106537496578973e+00
5.011710520436895244e+00
5.011308568840754596e+00
5.010901449745429836e+00
5.010491263544095020e+00
5.010081306783389365e+00
5.009675764379929674e+00
5.009273911839257742e+00
5.008877226648758452e+00
5.008488290769885332e+00
5.008110842531452001e+00
5.007749799763688614e+00
5.007404488710590407e+00
5.007076734242866145e+00
5.006766926566045051e+00
5.006476996721605843e+00
5.006210784738789776e+00
5.005966134345065655e+00
5.005743136605154575e+00
5.005543228680174650e+00
5.005369093784970858e+00
5.005225395833981850e+00
5.005110341854302369e+00
5.005024775158523731e+00
5.004966618748291296e+00
5.004940030988215938e+00
5.004947169746299274e+00
5.004988053740959231e+00
5.005061621025230778e+00
5.005164623811867664e+00
5.005300155134897899e+00
5.005469872115207330e+00
5.005673527682228396e+00
5.005909660944742434e+00
5.006174858829033347e+00
5.006472129562896889e+00
5.006803398543994810e+00
5.007167817318838310e+00
5.007563968824249478e+00
5.007989421004457320e+00
5.008445357421442701e+00
5.008930754216417647e+00
5.009440560566291722e+00
5.009975288176940822e+00
5.010531540365921188e+00
5.011110008062827248e+00
5.011709146799553594e+00
5.012323972808230721e+00
5.012954622732508803e+00
5.013597864585030095e+00
5.014254382999645543e+00
5.014922068493473439e+00
5.015596367197143302e+00
5.016276955755460953e+00
5.016960900204289864e+00
5.017648740487206993e+00
5.018338183017480247e+00
5.019025045858728440e+00
5.019708788322317261e+00
5.020386876838313306e+00
5.021059431957113794e+00
5.021724090503560944e+00
5.022376971097695098e+00
5.023017343135581569e+00
5.023643185349212281e+00
5.024254348242686241e+00
5.024848441595243465e+00
5.025421729313240604e+00
5.025973238201843607e+00
5.026501671711014474e+00
5.027006576361165990e+00
5.027486490348385573e+00
5.027940131502258048e+00
5.028365159818934060e+00
5.028760792614924036e+00
5.029124061914191479e+00
5.029453064316914634e+00
5.029745536709235409e+00
5.029998184518920112e+00
5.030210173038796917e+00
5.030377991406277616e+00
5.030499954542175800e+00
5.030575970678619946e+00
5.030606916653487914e+00
5.030595052783174204e+00
5.030538842534443056e+00
5.030437952760404841e+00
5.030293068835310244e+00
5.030106457328224145e+00
5.029879890387676689e+00
5.029612443471125793e+00
5.029303939403762413e+00
5.028954990381170553e+00
5.028568223664333203e+00
5.028146160417963806e+00
5.027689819508959879e+00
5.027197955274751884e+00
5.026671126546135682e+00
5.026110909232667900e+00
5.025520335497132507e+00
5.024901303821972753e+00
5.024253995815088913e+00
5.023580771783162646e+00
5.022885489264298897e+00
5.022172851735520638e+00
5.021447943771051747e+00
5.020712164142893563e+00
5.019968999201224413e+00
5.019223000654742251e+00
5.018479723805352677e+00
5.017745689401195364e+00
5.017022409016059115e+00
5.016313727373050035e+00
5.015619072789119670e+00
5.014941063994335479e+00
5.014284396717118675e+00
5.013649124303627858e+00
5.013038091981579569e+00
5.012449688227643030e+00
5.011886468926240568e+00
5.011345881284941406e+00
5.010829577469993801e+00
5.010341991694439834e+00
5.009882698045839966e+00
5.009454428950120608e+00
5.009055631706287315e+00
5.008688017265667369e+00
5.008355743536521132e+00
5.008054422592540078e+00
5.007783860103954154e+00
5.007544527301361015e+00
5.007337365994026790e+00
5.007166985222865740e+00
5.007029223074933810e+00
5.006924644825778259e+00
5.006852321187763799e+00
5.006812764700300455e+00
5.006809785126098866e+00
5.006838339231765467e+00
5.006897314060336335e+00
5.006985323028495749e+00
5.007102782437435451e+00
5.007252152794831268e+00
5.007428811928115842e+00
5.007630699751756786e+00
5.007856798479190630e+00
5.008107438916198362e+00
5.008384948232999179e+00
5.008684831159046169e+00
5.009004862243166656e+00
5.009344380469849867e+00
5.009703525015940073e+00
5.010084464447428942e+00
5.010482837455204397e+00
5.010896341511836383e+00
5.011324456119765181e+00
5.011767421485711971e+00
5.012227131957044612e+00
5.012699431562652741e+00
5.013182014124324404e+00
5.013674466693630372e+00
5.014177103796829904e+00
5.014691586019327296e+00
5.015213907779981994e+00
5.015741744460394003e+00
5.016274849893381571e+00
5.016813583010662825e+00
5.017359414035308163e+00
5.017908403174805798e+00
5.018458420531677788e+00
5.019009242961037565e+00
5.019561214567946905e+00
5.020115537764358038e+00
5.020668356651293962e+00
5.021217811712848977e+00
5.021763641433643066e+00
5.022306355023609115e+00
5.022846872815714292e+00
5.023381440499648853e+00
5.023908135117814311e+00
5.024424982899651226e+00
5.024930253932103241e+00
5.025422206679209580e+00
5.025900720963105250e+00
5.026366409966573023e+00
5.026819671774132914e+00
5.027257451163453794e+00
5.027677313210291210e+00
5.028076621861978346e+00
5.028454973930342575e+00
5.028810627320630999e+00
5.029142819242401252e+00
5.029447588408214820e+00
5.029724135724675804e+00
5.029972498835844519e+00
5.030193480877056089e+00
5.030387597838267055e+00
5.030555364684983211e+00
5.030698100793956407e+00
5.030816632602213012e+00
5.030912195443956847e+00
5.030985683952309273e+00
5.031037985612488050e+00
5.031070373661199469e+00
5.031083857283078054e+00
5.031079590649018662e+00
5.031058620363613620e+00
5.031021991414156957e+00
5.030970841092196721e+00
5.030906268716929475e+00
5.030829307097149261e+00
5.030741083058667407e+00
5.030642760056210250e+00
5.030535493348864406e+00
5.030420425660117267e+00
5.030298468801332135e+00
5.030170806427626040e+00
5.030038669561175624e+00
5.029903224674192153e+00
5.029765396560681445e+00
5.029626411316121981e+00
5.029487459841321062e+00
5.029349797605673800e+00
5.029214593977805237e+00
5.029082699432176007e+00
5.028955373796772932e+00
5.028833510992256173e+00
5.028718902352403930e+00
5.028612694381874526e+00
5.028515645289001412e+00
5.028429045216320503e+00
5.028353765485948479e+00
5.028291620011583696e+00
5.028243519682580320e+00
5.028210573427057462e+00
5.028194101043189868e+00
5.028194963169734244e+00
5.028214916415961078e+00
5.028254971039929799e+00
5.028316166891232619e+00
5.028399719434305304e+00
5.028506682698130170e+00
5.028638697179481198e+00
5.028796948032900893e+00
5.028982392518296152e+00
5.029196434921101577e+00
5.029440042717829407e+00
5.029714649698213691e+00
5.030023211339936573e+00
5.030360895159171619e+00
5.030725237714573694e+00
5.031114572870059476e+00
5.031528413357658103e+00
5.031968013296348907e+00
5.032427967327161689e+00
5.032905141102596680e+00
5.033397879960462618e+00
5.033905349137708818e+00
5.034428299392089912e+00
5.034961355837508812e+00
5.035501333388014089e+00
5.036046822542768808e+00
5.036596854242008980e+00
5.037151747817617320e+00
5.037706278922478909e+00
5.038257364282826778e+00
5.038803663390199361e+00
5.039344346249919226e+00
5.039879056537967195e+00
5.040402967283945657e+00
5.040913143182616629e+00
5.041408335293153797e+00
5.041887814799765444e+00
5.042350736843865810e+00
5.042792552436213604e+00
5.043210379431467771e+00
5.043602970900458615e+00
5.043969862224979117e+00
5.044309756482465268e+00
5.044618156819118404e+00
5.044892711757197112e+00
5.045132192155792339e+00
5.045336266575827899e+00
5.045504416699035488e+00
5.045633524438811079e+00
5.045721573370023805e+00
5.045767701744548361e+00
5.045771528682593043e+00
5.045733122075828803e+00
5.045651526176290425e+00
5.045528899379925214e+00
5.045367726390169949e+00
5.045171747063205814e+00
5.044943213746801547e+00
5.044681250867353306e+00
5.044388210796669547e+00
5.044066709862009112e+00
5.043720514201475602e+00
5.043352533490314649e+00
5.042962316558614155e+00
5.042551305876030732e+00
5.042121414379133526e+00
5.041675330796195453e+00
5.041215118043972154e+00
5.040738604911520149e+00
5.040245710522786027e+00
5.039737383783712943e+00
5.039215570525183985e+00
5.038682017833843396e+00
5.038134199329569185e+00
5.037571767740800510e+00
5.036995756090536958e+00
5.036407781341030621e+00
5.035809712470427968e+00
5.035198897109286698e+00
5.034575003669516491e+00
5.033938928828493253e+00
5.033292363495484700e+00
5.032637211293831569e+00
5.031970851854339344e+00
5.031292856470599872e+00
5.030604122192516847e+00
5.029906319961800598e+00
5.029201440275564927e+00
5.028486994565383839e+00
5.027762606874957463e+00
5.027029116437687684e+00
5.026288146586074923e+00
5.025541751966729365e+00
5.024787419275297928e+00
5.024024739921940430e+00
5.023254571915519939e+00
5.022478695721281916e+00
5.021699142442002106e+00
5.020913347364321488e+00
5.020120881632818666e+00
5.019322585151447136e+00
5.018520252169027529e+00
5.017716058553113534e+00
5.016907520056618885e+00
5.016094146952880806e+00
5.015276743755593181e+00
5.014457073719158053e+00
5.013637382374062312e+00
5.012815839559687348e+00
5.011993049294605207e+00
5.011171144978060710e+00
5.010353177324785356e+00
5.009543344289911104e+00
5.008740667984735495e+00
5.007946399585257780e+00
5.007162933112035752e+00
5.006393639878283786e+00
5.005643487037072958e+00
5.004911465705285778e+00
5.004199225963007258e+00
5.003507619188080291e+00
5.002838051305064759e+00
5.002192083881149998e+00
5.001570914336393336e+00
5.000976326935838046e+00
5.000409282208333472e+00
4.999871354126282696e+00
4.999364689499983250e+00
4.998887116634198158e+00
4.998441531010812788e+00
4.998026382983572269e+00
4.997645110697397364e+00
4.997298315116116108e+00
4.996982436836609587e+00
4.996699759275565533e+00
4.996448290781032142e+00
4.996230952800166492e+00
4.996048190970820535e+00
4.995896164416250507e+00
4.995777122289788430e+00
4.995688973865386906e+00
4.995634718052957446e+00
4.995614773814947007e+00
4.995625196851238847e+00
4.995668228834317048e+00
4.995741756183477378e+00
4.995848860375033951e+00
4.995989917411849390e+00
4.996160964302167606e+00
4.996364315103188680e+00
4.996597920961127315e+00
4.996864786769644518e+00
4.997165316648231048e+00
4.997495599656746279e+00
4.997857907123312238e+00
4.998250094584569148e+00
4.998675249970898626e+00
4.999133914231703280e+00
4.999621986157642972e+00
5.000141685127662328e+00
5.000690761103675719e+00
5.001272380917713534e+00
5.001887230470226875e+00
5.002530729218768180e+00
5.003205568611073240e+00
5.003909355222629252e+00
5.004645279392050838e+00
5.005414154499219670e+00
5.006211076646493119e+00
5.007038892998740387e+00
5.007894618406340648e+00
5.008782224848313369e+00
5.009702601774974617e+00
5.010650477751537046e+00
5.011628840907856208e+00
5.012634495391888656e+00
5.013671607791823526e+00
5.014739957346958654e+00
5.015835729136509435e+00
5.016961460306685439e+00
5.018115469708484433e+00
5.019299307211678496e+00
5.020506046831053837e+00
5.021731053560417379e+00
5.022971394553224833e+00
5.024225255593100847e+00
5.025492331429759041e+00
5.026765601679124451e+00
5.028040423884429622e+00
5.029313810511863991e+00
5.030583818151987074e+00
5.031848727061784210e+00
5.033102132126128225e+00
5.034339570521747298e+00
5.035558340221083284e+00
5.036756269603405833e+00
5.037930647625956659e+00
5.039075385525259243e+00
5.040186447172794182e+00
5.041261268004213036e+00
5.042297987013492744e+00
5.043295367031727316e+00
5.044252514585290115e+00
5.045166427984270285e+00
5.046031870811614084e+00
5.046846169649992220e+00
5.047607007890377417e+00
5.048313481404814951e+00
5.048964578404459225e+00
5.049559296823474597e+00
5.050098288401397184e+00
5.050580924719008102e+00
5.051007985740336714e+00
5.051379021375807632e+00
5.051693517870637251e+00
5.051952682703169550e+00
5.052156064442725913e+00
5.052304621876585244e+00
5.052398013414250322e+00
5.052436136403021472e+00
5.052419758585647180e+00
5.052348776815824394e+00
5.052223740222298254e+00
5.052044537200024443e+00
5.051811529158046099e+00
5.051525073519339770e+00
5.051185570566347316e+00
5.050793229511372218e+00
5.050348542129984075e+00
5.049851725010564785e+00
5.049302874414612674e+00
5.048702331019927492e+00
5.048050213588762603e+00
5.047346960066247057e+00
5.046592784209536831e+00
5.045788541717814546e+00
5.044935023246693184e+00
5.044033112733052882e+00
5.043084142489719035e+00
5.042089401690648565e+00
5.041050695164488893e+00
5.039969463704514041e+00
5.038847626654790801e+00
5.037686746923613512e+00
5.036488244591640573e+00
5.035253769366430099e+00
5.033984897641825107e+00
5.032683654634642956e+00
5.031351548193383927e+00
5.029990041165043557e+00
5.028601591645172064e+00
5.027190158127238462e+00
5.025758014081407765e+00
5.024308933524777032e+00
5.022844985632586301e+00
5.021370563863206016e+00
5.019891673533606991e+00
5.018410977332281142e+00
5.016933595596241524e+00
5.015461502729344545e+00
5.013999229578661954e+00
5.012554022280860444e+00
5.011128071604658452e+00
5.009727379439760320e+00
5.008353364227700943e+00
5.007010521350789389e+00
5.005706723986555140e+00
5.004443721084286700e+00
5.003228473572423063e+00
5.002061851604272746e+00
5.000950204043079772e+00
4.999896365238716278e+00
4.998898089213660967e+00
4.997959648652365416e+00
4.997080409808446255e+00
4.996264971552778711e+00
4.995515692515661854e+00
4.994829911200692862e+00
4.994211614935091248e+00
4.993659974916271338e+00
4.993179287484280415e+00
4.992772341540448799e+00
4.992438858284049097e+00
4.992176606936745920e+00
4.991979922039800677e+00
4.991850398678698397e+00
4.991789795982085387e+00
4.991795265579030527e+00
4.991863948220754743e+00
4.991989869356523002e+00
4.992174559973547865e+00
4.992419063087920605e+00
4.992720681514959402e+00
4.993076784771304233e+00
4.993480692703644586e+00
4.993934088137367056e+00
4.994437591966606860e+00
4.994988720093288315e+00
4.995584667299306503e+00
4.996219235036885031e+00
4.996894271646056929e+00
4.997609595705184482e+00
4.998362858344229664e+00
4.999151144821557757e+00
4.999968790907774796e+00
5.000817472834501842e+00
5.001696831036721136e+00
5.002604607541476511e+00
5.003537645612275320e+00
5.004490808446323769e+00
5.005465588096893903e+00
5.006461447004594945e+00
5.007476076830544187e+00
5.008506297368921167e+00
5.009547467429555923e+00
5.010600871865072747e+00
5.011665762190142814e+00
5.012739773068943805e+00
5.013819686074176829e+00
5.014901377085962508e+00
5.015985979710142040e+00
5.017072625730555124e+00
5.018158916283766757e+00
5.019241563279548402e+00
5.020316992376367971e+00
5.021386120740691794e+00
5.022448081944504317e+00
5.023500288550177828e+00
5.024539536286512842e+00
5.025562712375442054e+00
5.026570541162410422e+00
5.027562242571630868e+00
5.028535016823926007e+00
5.029485786009945336e+00
5.030411610652126164e+00
5.031311968688285674e+00
5.032183952603852539e+00
5.033022904817377352e+00
5.033824234579120649e+00
5.034584579963599538e+00
5.035303077374016389e+00
5.035978263590847881e+00
5.036607738931095923e+00
5.037189247619723531e+00
5.037722528811906741e+00
5.038208957251522513e+00
5.038650267620000456e+00
5.039046476085101034e+00
5.039396163795505146e+00
5.039700615436200515e+00
5.039961265486096131e+00
5.040180784568553563e+00
5.040359510828173129e+00
5.040496218532687145e+00
5.040592163281878868e+00
5.040648922191365067e+00
5.040669135847027249e+00
5.040653660582509410e+00
5.040601543338169677e+00
5.040513459240217209e+00
5.040391106373760088e+00
5.040237073247451072e+00
5.040052644462454268e+00
5.039836724979002369e+00
5.039589901716580833e+00
5.039314031341243449e+00
5.039011566621382165e+00
5.038684157823342780e+00
5.038330550101717265e+00
5.037951254566332970e+00
5.037548047994397038e+00
5.037123414297721702e+00
5.036679510344885813e+00
5.036214852501773365e+00
5.035729863775099346e+00
5.035226352681543283e+00
5.034706752953256981e+00
5.034173500483062114e+00
5.033624983039821643e+00
5.033061648291671908e+00
5.032485230510258312e+00
5.031898099986040762e+00
5.031302987356807144e+00
5.030698104967499695e+00
5.030083854031885515e+00
5.029461880085194458e+00
5.028834656086885957e+00
5.028205094990454427e+00
5.027571913358888978e+00
5.026936382112227264e+00
5.026301180181226513e+00
5.025669997987471049e+00
5.025047524032318691e+00
5.024433398489976277e+00
5.023829770480419121e+00
5.023234318887020322e+00
5.022647308764184082e+00
5.022071791273678087e+00
5.021505713072741628e+00
5.020950213057125744e+00
5.020402219911243691e+00
5.019861650896396021e+00
5.019330968205954591e+00
5.018807960358586229e+00
5.018293538187766245e+00
5.017784604710662677e+00
5.017281144951605931e+00
5.016785467882777461e+00
5.016295474787379582e+00
5.015811864865148628e+00
5.015331585724975838e+00
5.014854709488477447e+00
5.014383453075912378e+00
5.013915794772234591e+00
5.013452397045817577e+00
5.012990223151769342e+00
5.012529391926850764e+00
5.012072001678076205e+00
5.011616254282323268e+00
5.011162657645670926e+00
5.010708364864018272e+00
5.010253456478145573e+00
5.009799973425594466e+00
5.009346117173458346e+00
5.008892364074613468e+00
5.008435943034614368e+00
5.007976941895807776e+00
5.007517435272360373e+00
5.007056170870686884e+00
5.006594531444036988e+00
5.006130942461215483e+00
5.005666675959846934e+00
5.005205266160093203e+00
5.004746206124448094e+00
5.004291716759228237e+00
5.003840600309096942e+00
5.003394223173283528e+00
5.002956541312062022e+00
5.002526972686076157e+00
5.002108026837134958e+00
5.001698462312244686e+00
5.001299402845228670e+00
5.000915191230500767e+00
5.000545061846398909e+00
5.000191755053720932e+00
4.999853940365038163e+00
4.999532496576331475e+00
4.999232078530959633e+00
4.998951588087850340e+00
4.998694129494154481e+00
4.998458293137276520e+00
4.998244738933766307e+00
4.998058439624633031e+00
4.997898107712294369e+00
4.997767109816100728e+00
4.997663880392114955e+00
4.997588968101094764e+00
4.997547626393983755e+00
4.997538529536007523e+00
4.997565238391300291e+00
4.997625792146910939e+00
4.997721234419634229e+00
4.997855728845361334e+00
4.998025818857614766e+00
4.998230414240872221e+00
4.998469770270650869e+00
4.998744770660315417e+00
4.999059464111242690e+00
4.999410049355837771e+00
4.999795429109844314e+00
5.000215806178066380e+00
5.000672132372174339e+00
5.001168518438253940e+00
5.001701215355907060e+00
5.002270210906182513e+00
5.002870953194115344e+00
5.003504639751527705e+00
5.004170548430894705e+00
5.004863657615398864e+00
5.005585314742541314e+00
5.006332360319113661e+00
5.007106869331812149e+00
5.007908075413919136e+00
5.008731437809086806e+00
5.009578580520368973e+00
5.010446753314950818e+00
5.011337892822244733e+00
5.012251447177746400e+00
5.013183274752714524e+00
5.014134627542713218e+00
5.015102972275832016e+00
5.016090280226685572e+00
5.017096014878966947e+00
5.018116430900314562e+00
5.019150907359341218e+00
5.020194356776097599e+00
5.021244468353012635e+00
5.022301646507600026e+00
5.023361555299977077e+00
5.024422602764585299e+00
5.025479709840634079e+00
5.026530636436560506e+00
5.027575037441470940e+00
5.028608770258045979e+00
5.029629644564606039e+00
5.030633069536902369e+00
5.031617110408164173e+00
5.032580905071712962e+00
5.033520713038063477e+00
5.034433969295836420e+00
5.035316208190538489e+00
5.036165985203602702e+00
5.036983473784544252e+00
5.037768231592395729e+00
5.038519460967997077e+00
5.039236358813264260e+00
5.039917905516246854e+00
5.040565746761182631e+00
5.041180389522830652e+00
5.041763736604967683e+00
5.042315839491108065e+00
5.042833979985931414e+00
5.043317676260391735e+00
5.043766621685841223e+00
5.044182796067813612e+00
5.044565338305453395e+00
5.044911259784619517e+00
5.045220117754559475e+00
5.045491439941597100e+00
5.045727267767561308e+00
5.045927231199364371e+00
5.046089707034895788e+00
5.046213621375407854e+00
5.046299160857941501e+00
5.046346576944249485e+00
5.046356344371359270e+00
5.046327300443570252e+00
5.046258644884709987e+00
5.046150756687183936e+00
5.046003937781114779e+00
5.045819154516120619e+00
5.045594963994135540e+00
5.045330688230951210e+00
5.045026562012989935e+00
5.044682976141830366e+00
5.044300935998816904e+00
5.043878988608975433e+00
5.043416547462602040e+00
5.042913811750968200e+00
5.042371360831221061e+00
5.041789993070324272e+00
5.041168606266637653e+00
5.040506985023876396e+00
5.039805834874768742e+00
5.039066656887789541e+00
5.038290897816676939e+00
5.037478324756284209e+00
5.036629128366967301e+00
5.035744532332081747e+00
5.034826095089574238e+00
5.033875662371773529e+00
5.032893247440713758e+00
5.031880689770241055e+00
5.030841478169223002e+00
5.029778990805408689e+00
5.028696287408730647e+00
5.027593716517348987e+00
5.026474343151112301e+00
5.025341849610467371e+00
5.024201481700201199e+00
5.023058538124222316e+00
5.021914081707853583e+00
5.020771494940179380e+00
5.019634883240121859e+00
5.018509844973938705e+00
5.017402910501020052e+00
5.016315327793614109e+00
5.015250803515568734e+00
5.014208391741171944e+00
5.013189602330580641e+00
5.012199709996834507e+00
5.011237804726019540e+00
5.010307219013825808e+00
5.009405788913623425e+00
5.008534607127563376e+00
5.007698399558918823e+00
5.006896328613416713e+00
5.006131334662691224e+00
5.005401467666285242e+00
5.004707338497299318e+00
5.004053944632668838e+00
5.003440269962211140e+00
5.002869442910213849e+00
5.002339392103512417e+00
5.001850580148657244e+00
5.001408230424185142e+00
5.001011233650404897e+00
5.000662992693741593e+00
5.000361522346992160e+00
5.000108856879430519e+00
4.999905144371347809e+00
4.999745153937745101e+00
4.999630624963226744e+00
4.999558698650706567e+00
4.999531463209329729e+00
4.999548958234278473e+00
4.999606047632892292e+00
4.999704595829148168e+00
4.999841399245684492e+00
5.000018560566728887e+00
5.000236114484048144e+00
5.000489053052639576e+00
5.000779180709994165e+00
5.001103355509019188e+00
5.001463788819290102e+00
5.001860119585669118e+00
5.002287541513120495e+00
5.002747796472882591e+00
5.003237935525154612e+00
5.003760227856017373e+00
5.004314283762850479e+00
5.004895483215131335e+00
5.005505297590770120e+00
5.006140992079654239e+00
5.006804838736333529e+00
5.007496388812341159e+00
5.008211121369876118e+00
5.008950473551428750e+00
5.009711838547862506e+00
5.010497449298179085e+00
5.011306799758946440e+00
5.012135511223949180e+00
5.012984974567569196e+00
5.013852727596439074e+00
5.014740948115266939e+00
5.015648990233220417e+00
5.016573585604110264e+00
5.017510963861623097e+00
5.018457099606075111e+00
5.019407924447931713e+00
5.020358883400237282e+00
5.021305649985349007e+00
5.022243565057193493e+00
5.023168226365720912e+00
5.024075078551446083e+00
5.024959540252362800e+00
5.025817049254452051e+00
5.026643118073020666e+00
5.027433247823987372e+00
5.028182741139803902e+00
5.028890030120287236e+00
5.029554909725462153e+00
5.030176412907217731e+00
5.030752234604928930e+00
5.031279075142716550e+00
5.031757087331985900e+00
5.032186595831787734e+00
5.032569588233505975e+00
5.032908432555172951e+00
5.033203373883639031e+00
5.033456041195218056e+00
5.033668654669795295e+00
5.033843642414336017e+00
5.033984267289538295e+00
5.034091649024533766e+00
5.034166593073653218e+00
5.034210082634138494e+00
5.034221834912216309e+00
5.034204408666602681e+00
5.034160416950956396e+00
5.034090367490910545e+00
