0.000000000000000000e+00
0.000000000000000000e+00
-1.339386244580964928e-08
-8.087897413133762418e-08
-2.534290911171411609e-07
-5.622650792247445833e-07
-1.072243169346621002e-06
-1.590397616837436575e-06
-2.404732542800049006e-06
-3.257556484186354513e-06
-4.070495808718989803e-06
-4.956777149800475497e-06
-2.139086602710450454e-06
5.193990189127360339e-06
2.010897220998231043e-05
4.877047799482169780e-05
9.284444339527906428e-05
1.559938322748166326e-04
2.439281921829205104e-04
3.628456983710747689e-04
5.187571253622991077e-04
7.207044046367628611e-04
9.745977092529758013e-04
1.287400836124561691e-03
1.669312978162906629e-03
2.127250770106456704e-03
2.666389720513962207e-03
3.301381172611855298e-03
4.036461340263032029e-03
4.878548683598184048e-03
5.841530786826753217e-03
6.931513922288560885e-03
8.155417965724611265e-03
9.536538498475695402e-03
1.108455635793461833e-02
1.281657360680356003e-02
1.475902863033070646e-02
1.691739760525479488e-02
1.931363113410725779e-02
2.194584764726414949e-02
2.480545200593724242e-02
2.791694678552403622e-02
3.127057261951222272e-02
3.488885738141789261e-02
3.878287710435643354e-02
4.292297162301792618e-02
4.733057119138493751e-02
5.200400777347340131e-02
5.691253997571720652e-02
6.206734337098850085e-02
6.746335841901554553e-02
7.306446708925024014e-02
7.889450766332403719e-02
8.494670070894019820e-02
9.124208487756504948e-02
9.777684249170076614e-02
1.045206294227386812e-01
1.114891413617874472e-01
1.186837939191604935e-01
1.261165688205505842e-01
1.337878660131240904e-01
1.417024932075286459e-01
1.498579607177520368e-01
1.582802871633315067e-01
1.669655243325972316e-01
1.758806297946714503e-01
1.850115308929227986e-01
1.943546728063367812e-01
2.039123109746717732e-01
2.136605469156050152e-01
2.236535016465925618e-01
2.338615671563887277e-01
2.442703298497939102e-01
2.548675993848585897e-01
2.656559733320021377e-01
2.766478899884963205e-01
2.878011516500258438e-01
2.991437653470778724e-01
3.106687811780715069e-01
3.223985639978194095e-01
3.343366030622266782e-01
3.464406958986067098e-01
3.587372604776166707e-01
3.712084356714033251e-01
3.838662675786756462e-01
3.967034200597547855e-01
4.097244266439221683e-01
4.229239396024488951e-01
4.363034025598310772e-01
4.498533693719649063e-01
4.635870245862745986e-01
4.774934581685804647e-01
4.915870908666394867e-01
5.058676806855939567e-01
5.202853278089307754e-01
5.348575297761701819e-01
5.495800963807844219e-01
5.644649974275375293e-01
5.795095721650864729e-01
5.947261301446701287e-01
6.101110533643507861e-01
6.256760851312421767e-01
6.414178387094280342e-01
6.573411218095562836e-01
6.734371069837353785e-01
6.897408965993665486e-01
7.062368277478955347e-01
7.229237977433939921e-01
7.397726694513102608e-01
7.567734352517863083e-01
7.739155343938610709e-01
7.912355009485029234e-01
8.087195626664900328e-01
8.264028171468519313e-01
8.442644373346112063e-01
8.622803167272351521e-01
8.804863432813427870e-01
8.988582567144175473e-01
9.174272993970653545e-01
9.361718789506694449e-01
9.551251343656321779e-01
9.743016735482951107e-01
9.936598197389384657e-01
1.013224977629258117e+00
1.032968333141877082e+00
1.052921816485001383e+00
1.073135751860214704e+00
1.093551925795150925e+00
1.114224890844894400e+00
1.135106519835067607e+00
1.156255036966872707e+00
1.177662750856948382e+00
1.199300915377212062e+00
1.221180047171187777e+00
1.243326594011855635e+00
1.265662449972701609e+00
1.288233892099929223e+00
1.310983704702925801e+00
1.333971392290664193e+00
1.357205585615707033e+00
1.380664815085006492e+00
1.404369658606124505e+00
1.428352502958846637e+00
1.452533380167556176e+00
1.476966945307326640e+00
1.501640164034438563e+00
1.526507476942611241e+00
1.551578699724746047e+00
1.576830562727522977e+00
1.602295526640487022e+00
1.627961384432388137e+00
1.653771073000503300e+00
1.679749066011978043e+00
1.705886310713363274e+00
1.732216531412673843e+00
1.758733526842666484e+00
1.785467926638198755e+00
1.812425796167922654e+00
1.839526013510299318e+00
1.866820196287704015e+00
1.894267250673842717e+00
1.921936763899398271e+00
1.949790867941451955e+00
1.977849089281631834e+00
2.006082939283920563e+00
2.034529360907149531e+00
2.063163031714033924e+00
2.092018820421766456e+00
2.121090251581739139e+00
2.150391506331037039e+00
2.179908899443219639e+00
2.209618157522747595e+00
2.239515997545787673e+00
2.269613067286083030e+00
2.299873139040538916e+00
2.330301028864452562e+00
2.360865773336956241e+00
2.391548160688945934e+00
2.422336403505870539e+00
2.453209633009501900e+00
2.484149586336680926e+00
2.515135928766795814e+00
2.546142913477488889e+00
2.577156788485118089e+00
2.608153022902079510e+00
2.639112204687662278e+00
2.670013393538065216e+00
2.700833911078043048e+00
2.731557757036752410e+00
2.762160956041879167e+00
2.792619127409524449e+00
2.822907253878183198e+00
2.853025421278543305e+00
2.882951940672464630e+00
2.912697948591775887e+00
2.942242921965188884e+00
2.971606511251993155e+00
3.000793193953104065e+00
3.029820784704751802e+00
3.058692647593088232e+00
3.087422804014749556e+00
3.116011582987375128e+00
3.144468025343484463e+00
3.172792288439340247e+00
3.200969714300698765e+00
3.229006044046945245e+00
3.256888581888742085e+00
3.284625357763833353e+00
3.312204333918160604e+00
3.339634071962899409e+00
3.366903490202493021e+00
3.393988858835763178e+00
3.420885273592538134e+00
3.447616907732552693e+00
3.474171170370644379e+00
3.500566314833229331e+00
3.526757918970650163e+00
3.552744881289071177e+00
3.578538014071053652e+00
3.604132653849190238e+00
3.629535223620003581e+00
3.654706188814705659e+00
3.679628247397011442e+00
3.704324652330940992e+00
3.728802146093910697e+00
3.753071560041969956e+00
3.777133771555489350e+00
3.800995830671852982e+00
3.824645406382149115e+00
3.848078002111976925e+00
3.871262733118598920e+00
3.894210287706916684e+00
3.916946815626686451e+00
3.939497672693795138e+00
3.961873354094094246e+00
3.984095334189004411e+00
4.006164337771005002e+00
4.028092161791390957e+00
4.049845122473306525e+00
4.071436058657235790e+00
4.092851883547372616e+00
4.114115649836130650e+00
4.135210374968118607e+00
4.156123465673990935e+00
4.176885327475138077e+00
4.197459267752238432e+00
4.217873198168344828e+00
4.238115607874461510e+00
4.258176550047465092e+00
4.278086481468744040e+00
4.297811394112176053e+00
4.317348007338113192e+00
4.336703204290933478e+00
4.355864799397058285e+00
4.374857392685479240e+00
4.393685952799386563e+00
4.412336399929589703e+00
4.430812340157098461e+00
4.449101733343667320e+00
4.467226971762246812e+00
4.485191899912424063e+00
4.502983001844949484e+00
4.520603269712990979e+00
4.538041712420052498e+00
4.555288919584816298e+00
4.572350963728493589e+00
4.589217292444771168e+00
4.605892037527627103e+00
4.622403799669808855e+00
4.638739318029945657e+00
4.654899392502373168e+00
4.670872660057609593e+00
4.686659343617026963e+00
4.702282036917274866e+00
4.717709533350533668e+00
4.732945558207100945e+00
4.747981866972512677e+00
4.762820901053018474e+00
4.777487368958063030e+00
4.791951880829401489e+00
4.806219212191172652e+00
4.820282116310664833e+00
4.834143796341487054e+00
4.847812664883204725e+00
4.861264280455180220e+00
4.874508092777796620e+00
4.887539097445078973e+00
4.900360954182215956e+00
4.912985034363337888e+00
4.925429659264155546e+00
4.937696431057521096e+00
4.949767029659815520e+00
4.961639931576319107e+00
4.973302157299586135e+00
4.984770174400874332e+00
4.996014521496364047e+00
5.007048914806910389e+00
5.017898816244669824e+00
5.028567347900934514e+00
5.039065326826639435e+00
5.049375228064127086e+00
5.059504192249842269e+00
5.069437261002129880e+00
5.079180254714555254e+00
5.088727431671686396e+00
5.098104933278627904e+00
5.107302062885828775e+00
5.116320142524309666e+00
5.125149429814882751e+00
5.133787332551547067e+00
5.142230996863910164e+00
5.150475095288822303e+00
5.158542412893840634e+00
5.166436074154444391e+00
5.174149737732477661e+00
5.181677809732027740e+00
5.189013908879823944e+00
5.196179979817935113e+00
5.203167086618014636e+00
5.209976647870608879e+00
5.216600414292881460e+00
5.223035499827931361e+00
5.229283949511120966e+00
5.235347578303883864e+00
5.241224601047108855e+00
5.246913263576099773e+00
5.252436218636105103e+00
5.257786731498311106e+00
5.262964120881626684e+00
5.267968753950664329e+00
5.272797227876254489e+00
5.277455519812174423e+00
5.281942149477071524e+00
5.286260948853559682e+00
5.290398112313813961e+00
5.294355961458750315e+00
5.298138533012934914e+00
5.301732938067980960e+00
5.305141143875190757e+00
5.308365841286251552e+00
5.311395197289058956e+00
5.314231074826786028e+00
5.316875896232198251e+00
5.319331466780970352e+00
5.321600932555267782e+00
5.323684852497646780e+00
5.325586995111772914e+00
5.327308201121160991e+00
5.328840783165762929e+00
5.330187363104890608e+00
5.331347008647393082e+00
5.332311996446918556e+00
5.333082398625087706e+00
5.333659243250262527e+00
5.334031720535826970e+00
5.334205333517860304e+00
5.334176744352556732e+00
5.333944017271973870e+00
5.333509265835859381e+00
5.332877286653497251e+00
5.332043741996863595e+00
5.331017121951559190e+00
5.329798754732586907e+00
5.328391250203824647e+00
5.326800046693064949e+00
5.325022689830044342e+00
5.323068161587692693e+00
5.320936529170251283e+00
5.318634164612269011e+00
5.316168707441066843e+00
5.313547844122623154e+00
5.310771930943701591e+00
5.307850021253797124e+00
5.304786218534681019e+00
5.301594285200806667e+00
5.298280210326882234e+00
5.294847473334045596e+00
5.291301959882947159e+00
5.287648313175411730e+00
5.283891370128364962e+00
5.280037201772899813e+00
5.276092475484581712e+00
5.272066204379769694e+00
5.267964369784565726e+00
5.263792569767208995e+00
5.259555554221840623e+00
5.255258641968938882e+00
5.250910699199411447e+00
5.246519504617426222e+00
5.242093140016767627e+00
5.237640903722020624e+00
5.233169385622712610e+00
5.228684192131729525e+00
5.224190522264214209e+00
5.219698508213731714e+00
5.215216271709175899e+00
5.210756288598748398e+00
5.206329251657695778e+00
5.201941222380370711e+00
5.197602743934363723e+00
5.193316586147518343e+00
5.189089747499199490e+00
5.184924276899072204e+00
5.180824844967100162e+00
5.176794674526425943e+00
5.172838174234602349e+00
5.168957933019373563e+00
5.165167602132532565e+00
5.161465241740915921e+00
5.157857413123820400e+00
5.154349190722679275e+00
5.150942067633843102e+00
5.147633232604240661e+00
5.144434451888774795e+00
5.141347682903980143e+00
5.138374529908871224e+00
5.135521382521367251e+00
5.132778668533540589e+00
5.130156000684476858e+00
5.127645869086958186e+00
5.125252116005398761e+00
5.122983121703842180e+00
5.120831800084093111e+00
5.118802568148353771e+00
5.116887357066849162e+00
5.115084452908019053e+00
5.113387826513032586e+00
5.111794190089683276e+00
5.110309591125230533e+00
5.108926954697350808e+00
5.107648648749569809e+00
5.106458636503199422e+00
5.105359574388245392e+00
5.104349993448236589e+00
5.103428380395748754e+00
5.102591577823736735e+00
5.101834458764173519e+00
5.101154354866124230e+00
5.100554255935825232e+00
5.100027190874792282e+00
5.099572329092300293e+00
5.099185471664644531e+00
5.098864433448292210e+00
5.098613775260277592e+00
5.098427810035176755e+00
5.098306331177703932e+00
5.098242530114479365e+00
5.098234963297257671e+00
5.098277278716089711e+00
5.098366552699702403e+00
5.098499341640965632e+00
5.098670882653788539e+00
5.098873553365812050e+00
5.099105085429147088e+00
5.099362583492294654e+00
5.099639414117082659e+00
5.099933958217844676e+00
5.100240517106250593e+00
5.100556714233354327e+00
5.100881513055757210e+00
5.101208323683933621e+00
5.101532828655438223e+00
5.101851967309015912e+00
5.102163640126931909e+00
5.102465905730026563e+00
5.102752671853052924e+00
5.103019692354249237e+00
5.103264100306081907e+00
5.103484116863805653e+00
5.103677007403571331e+00
5.103837035779256404e+00
5.103960272144871801e+00
5.104044299625204673e+00
5.104087697725155692e+00
5.104088983516960276e+00
5.104047736734902863e+00
5.103961103078728634e+00
5.103823560769488843e+00
5.103632870795955512e+00
5.103386382902792562e+00
5.103082927684121195e+00
5.102721717017523417e+00
5.102302895779541103e+00
5.101826165946951264e+00
5.101289675268163570e+00
5.100695440876116038e+00
5.100044236439098100e+00
5.099338072794307841e+00
5.098577821808684796e+00
5.097763113262880452e+00
5.096899475562203463e+00
5.095990354749191376e+00
5.095041034477580055e+00
5.094054814162482181e+00
5.093034075158466401e+00
5.091981855886806407e+00
5.090901303472748829e+00
5.089795571001997310e+00
5.088664752128352120e+00
5.087511369543899598e+00
5.086338501977553328e+00
5.085149711402882744e+00
5.083949405210842265e+00
5.082736878129472835e+00
5.081514572086562431e+00
5.080285570206870993e+00
5.079053662675252490e+00
5.077823804872862112e+00
5.076595530989400196e+00
5.075371013167134571e+00
5.074151278990139957e+00
5.072937499838700681e+00
5.071731393816700795e+00
5.070533912437787727e+00
5.069346432792775303e+00
5.068169785397879323e+00
5.067004649522535153e+00
5.065852127629153934e+00
5.064714681762092496e+00
5.063595844986671146e+00
5.062501109945411137e+00
5.061429416793221669e+00
5.060382596510283548e+00
5.059358297171824503e+00
5.058356803017491465e+00
5.057380121606225742e+00
5.056431307452555757e+00
5.055515753212211472e+00
5.054632802265522251e+00
5.053784252512095065e+00
5.052967464062211533e+00
5.052182336407540220e+00
5.051432484420774749e+00
5.050715646552681015e+00
5.050032710018395932e+00
5.049380213352679725e+00
5.048757620039223681e+00
5.048167769010007078e+00
5.047609051833688909e+00
5.047083617071449702e+00
5.046590024041772260e+00
5.046130185085178077e+00
5.045704407836137939e+00
5.045308186146258755e+00
5.044942732448517653e+00
5.044605782436965669e+00
5.044298664047209613e+00
5.044020762513218514e+00
5.043767483359961723e+00
5.043539814310907587e+00
5.043334970841943488e+00
5.043154550823211402e+00
5.042996730222195190e+00
5.042861862755207980e+00
5.042744042998937637e+00
5.042640080931422908e+00
5.042548118312669025e+00
5.042467351979401435e+00
5.042398056872014145e+00
5.042334757330651840e+00
5.042274414021345130e+00
5.042215349827716686e+00
5.042156911785538043e+00
5.042098770327689827e+00
5.042041215286414690e+00
5.041984720285807242e+00
5.041924741766242946e+00
5.041858760113655080e+00
5.041785380448973619e+00
5.041704171309074667e+00
5.041614752365103591e+00
5.041512423669747278e+00
5.041394416596568284e+00
5.041259195804424387e+00
5.041106420531696664e+00
5.040935959443278769e+00
5.040748262107200617e+00
5.040543974041767683e+00
5.040323861576444742e+00
5.040088979154653259e+00
5.039840191658414348e+00
5.039578849207436484e+00
5.039305308889424850e+00
5.039015672616488750e+00
5.038707863744178006e+00
5.038380714859642673e+00
5.038034305739977015e+00
5.037668463270939867e+00
5.037283603604711502e+00
5.036880585718726877e+00
5.036460264269089215e+00
5.036023801434611258e+00
5.035572079028760584e+00
5.035106186773454340e+00
5.034627499934111405e+00
5.034137165155087246e+00
5.033636621367011621e+00
5.033127057235513568e+00
5.032609901036892985e+00
5.032086260746989836e+00
5.031554934810673174e+00
5.031013416144823225e+00
5.030462734494183685e+00
5.029902177583252865e+00
5.029333701971745008e+00
5.028757143374360083e+00
5.028174206260420220e+00
5.027588126528837797e+00
5.027002749834039719e+00
5.026422968450764195e+00
5.025848587173797455e+00
5.025281645189799917e+00
5.024720166902818086e+00
5.024164538811720426e+00
5.023617624062873155e+00
5.023077498059548951e+00
5.022545205708421889e+00
5.022017951402642844e+00
5.021495561729945933e+00
5.020980090182102451e+00
5.020474513228810665e+00
5.019983548987483779e+00
5.019506492856717905e+00
5.019045188668943780e+00
5.018599276933647602e+00
5.018173407967962518e+00
5.017770542744377060e+00
5.017391503583469081e+00
5.017036548312583832e+00
5.016703732181170494e+00
5.016397188845851396e+00
5.016119424942711014e+00
5.015870982315220772e+00
5.015651868954130066e+00
5.015460972767152192e+00
5.015297034773802842e+00
5.015158520573577583e+00
5.015043485695324321e+00
5.014949944056397158e+00
5.014875722518017831e+00
5.014818559693930311e+00
5.014775432883587847e+00
5.014749439731065905e+00
5.014742204902985279e+00
5.014753869549430476e+00
5.014783843158338250e+00
5.014831025347639581e+00
5.014893941351738604e+00
5.014970926473444557e+00
5.015060005130773213e+00
5.015159027798627989e+00
5.015265981842358833e+00
5.015378677825039766e+00
5.015494742047570398e+00
5.015611977948402966e+00
5.015728087712608030e+00
5.015840888636715178e+00
5.015948252900100712e+00
5.016048306495480169e+00
5.016143873295343170e+00
5.016236316234401471e+00
5.016325761655872739e+00
5.016411727730713643e+00
5.016493247243173137e+00
5.016571859827793745e+00
5.016646283812418616e+00
5.016713053103132758e+00
5.016772262108109004e+00
5.016821813516847861e+00
5.016862277820304250e+00
5.016892146625154147e+00
5.016912777594819239e+00
5.016927458591355915e+00
5.016936094595997098e+00
5.016940907671934902e+00
5.016941245662793314e+00
5.016938847266327883e+00
5.016932648809351747e+00
5.016919283740180369e+00
5.016898910895879027e+00
5.016869489165446616e+00
5.016831649491988010e+00
5.016783939140342596e+00
5.016727717194200409e+00
5.016666314021178685e+00
5.016599735036917806e+00
5.016530221241019660e+00
5.016457086821510813e+00
5.016382155345245231e+00
5.016304477775893389e+00
5.016220872501335748e+00
5.016131681470624493e+00
5.016034991300156953e+00
5.015931773145175576e+00
5.015820334447971263e+00
5.015697310787117225e+00
5.015562668253159551e+00
5.015414509835145473e+00
5.015253553228876449e+00
5.015078540953299857e+00
5.014891204318456808e+00
5.014694906758569992e+00
5.014489940839312432e+00
5.014278741112402571e+00
5.014061040418646087e+00
5.013838687191208621e+00
5.013610860748640263e+00
5.013374656165442644e+00
5.013130550092510518e+00
5.012876883229664848e+00
5.012614543220452745e+00
5.012342294944875931e+00
5.012061874425465469e+00
5.011776966235096609e+00
5.011487872587943038e+00
5.011197169894779258e+00
5.010904522451068210e+00
5.010612055646683771e+00
5.010319167288447950e+00
5.010022798615003659e+00
5.009723611871207183e+00
5.009419776468032381e+00
5.009112520261160384e+00
5.008800364925018123e+00
5.008479837706735438e+00
5.008151192633857107e+00
5.007812549068083818e+00
5.007464868767608657e+00
5.007106914936055198e+00
5.006740317574191579e+00
5.006368773213077716e+00
5.005992579205383208e+00
5.005614454975772176e+00
5.005234061671842483e+00
5.004853595724749304e+00
5.004472498340951425e+00
5.004087744808243698e+00
5.003700105553911648e+00
5.003307758426712049e+00
5.002912018007085848e+00
5.002511664187954565e+00
5.002108158475206956e+00
5.001705255924212778e+00
5.001302662311542413e+00
5.000902915900992340e+00
5.000505101202475267e+00
5.000111096693622414e+00
4.999720810248004632e+00
4.999332380263552977e+00
4.998943124568508090e+00
4.998549758052869940e+00
4.998153713575049117e+00
4.997754767096086681e+00
4.997355948729857111e+00
4.996958140774114376e+00
4.996560202358707237e+00
4.996165213590903598e+00
4.995773822633966077e+00
4.995389929680570162e+00
4.995015371187075282e+00
4.994649032248599241e+00
4.994294382824047140e+00
4.993951929105862497e+00
4.993626042610450178e+00
4.993317903900933885e+00
4.993031960023982307e+00
4.992768461747510322e+00
4.992529854724599758e+00
4.992320006756527206e+00
4.992143516602410180e+00
4.992007721854788471e+00
4.991912678337138587e+00
4.991862580931228699e+00
4.991855769014399868e+00
4.991892905662717261e+00
4.991979573321479791e+00
4.992113701169330398e+00
4.992298648384351445e+00
4.992531704817850802e+00
4.992815189183641422e+00
4.993148552038658039e+00
4.993525310763108571e+00
4.993946047433603042e+00
4.994405893095719584e+00
4.994905666568268288e+00
4.995443437182295554e+00
4.996012419619547451e+00
4.996612407871471540e+00
4.997238700100171016e+00
4.997891636201131860e+00
4.998567651369561382e+00
4.999266531624783738e+00
4.999983150892843398e+00
5.000714904674279815e+00
5.001462474771726008e+00
5.002220968090879794e+00
5.002988766067613113e+00
5.003760315113653157e+00
5.004532847859849198e+00
5.005306028583039080e+00
5.006080443867434226e+00
5.006857825973023424e+00
5.007635110252488531e+00
5.008411259659518500e+00
5.009181737237562437e+00
5.009944527232039313e+00
5.010699254431713712e+00
5.011442769774188122e+00
5.012174208396068309e+00
5.012890444704284576e+00
5.013590453945985459e+00
5.014271326296917408e+00
5.014928501629223767e+00
5.015556696363677958e+00
5.016151688293507327e+00
5.016712024965276129e+00
5.017236385130275700e+00
5.017724839308251639e+00
5.018175388582934993e+00
5.018586357654024610e+00
5.018957725995171870e+00
5.019289264948058715e+00
5.019581890133160584e+00
5.019833927218751768e+00
5.020044087217138795e+00
5.020212550152974629e+00
5.020339316892388659e+00
5.020425331656772627e+00
5.020471267675932658e+00
5.020478310837246383e+00
5.020445926739669495e+00
5.020373936617582800e+00
5.020264016162439447e+00
5.020117508858277233e+00
5.019936817079617697e+00
5.019722417253835722e+00
5.019474434885963454e+00
5.019194755140526709e+00
5.018884798880502096e+00
5.018547401275320397e+00
5.018184255543930661e+00
5.017796449620110621e+00
5.017386202547532648e+00
5.016955164704306469e+00
5.016505235615952074e+00
5.016038497049195577e+00
5.015556477602404861e+00
5.015058826464994901e+00
5.014543824825271834e+00
5.014012789089068889e+00
5.013465697798713983e+00
5.012904681112452465e+00
5.012330269176348274e+00
5.011744666654451841e+00
5.011151616010650400e+00
5.010555614340884922e+00
5.009961934383791338e+00
5.009371236447077713e+00
5.008786151218992622e+00
5.008205565396529835e+00
5.007630650583488219e+00
5.007064991403204601e+00
5.006507493998690883e+00
5.005959923785016308e+00
5.005420293617829586e+00
5.004889178644702064e+00
5.004369337443097976e+00
5.003864484313711003e+00
5.003380333926363832e+00
5.002916825633331399e+00
5.002476998377426654e+00
5.002059203456922454e+00
5.001664177398963851e+00
5.001296188194138459e+00
5.000953609082681162e+00
5.000638777237218946e+00
5.000349211782050496e+00
5.000085576936437626e+00
4.999850293729289241e+00
4.999638846903874168e+00
4.999448524318470533e+00
4.999278309546244969e+00
4.999127791706308166e+00
4.998997350331231715e+00
4.998887641975492180e+00
4.998799816310241617e+00
4.998734276179058078e+00
4.998691065009516876e+00
4.998670001042374800e+00
4.998670759334601144e+00
4.998692942614108681e+00
4.998735965893976285e+00
4.998799191660619812e+00
4.998881947736627751e+00
4.998983538824504969e+00
4.999103917464053914e+00
4.999238512975535897e+00
4.999386766239441116e+00
4.999544346670992567e+00
4.999709864504075618e+00
4.999884998969173822e+00
5.000066759813016404e+00
5.000255326296573877e+00
5.000447173587417637e+00
5.000641576446031245e+00
5.000839933625792710e+00
5.001043487063979498e+00
5.001253252796266757e+00
5.001470201540175964e+00
5.001695670693549367e+00
5.001925022903266793e+00
5.002155361998263494e+00
5.002385093014123818e+00
5.002613258029702692e+00
5.002839493866446219e+00
5.003063699066077064e+00
5.003286025918458613e+00
5.003506824824396126e+00
5.003726538851293704e+00
5.003945697754057065e+00
5.004164871408971926e+00
5.004384698908211249e+00
5.004602230492414705e+00
5.004817431758525004e+00
5.005027372002037289e+00
5.005231684263232061e+00
5.005427026174398719e+00
5.005608231819602238e+00
5.005773262068065499e+00
5.005918470801221432e+00
5.006042291739390748e+00
5.006141841768653400e+00
5.006217074113331833e+00
5.006268835112817506e+00
5.006295776228320449e+00
5.006297682668478188e+00
5.006272750606691524e+00
5.006221677337703291e+00
5.006145714589324669e+00
5.006043824537586673e+00
5.005915977948275142e+00
5.005760574399423568e+00
5.005578284974140146e+00
5.005371883328003868e+00
5.005144930205238651e+00
5.004900884202612588e+00
5.004640015347790793e+00
5.004364218602817438e+00
5.004075940254074872e+00
5.003777851129812326e+00
5.003472460287554213e+00
5.003157806734486179e+00
5.002833633127553803e+00
5.002500978114944985e+00
5.002161537821335102e+00
5.001817333850008040e+00
5.001466222072880718e+00
5.001108105632407153e+00
5.000744458104414925e+00
5.000377537722630272e+00
5.000010244178517027e+00
4.999641543480498385e+00
4.999272593113523122e+00
4.998902618813258592e+00
4.998534439134341589e+00
4.998168587836366861e+00
4.997803481410187487e+00
4.997441808584074607e+00
4.997083689088862357e+00
4.996732734891514482e+00
4.996390141959230036e+00
4.996054743940869791e+00
4.995724664668481196e+00
4.995397193918864609e+00
4.995074688124399032e+00
4.994757562878469948e+00
4.994447425569335408e+00
4.994140740132819722e+00
4.993836074828099214e+00
4.993533591574917274e+00
4.993234291619550014e+00
4.992939767914752025e+00
4.992652047092954959e+00
4.992373896486055784e+00
4.992102492230873878e+00
4.991837013292057534e+00
4.991577865614488019e+00
4.991326315666480440e+00
4.991084632112575470e+00
4.990849557465804942e+00
4.990619948769851710e+00
4.990395996964468672e+00
4.990178938659771468e+00
4.989970350529000065e+00
4.989772326110794687e+00
4.989587820342673119e+00
4.989414061981183757e+00
4.989250227159752527e+00
4.989096773120507144e+00
4.988954931919395541e+00
4.988827191528796057e+00
4.988710295132293027e+00
4.988603115224210072e+00
4.988505928230400954e+00
4.988419782531376967e+00
4.988347021046024565e+00
4.988285615591261823e+00
4.988236785803850104e+00
4.988197961997169472e+00
4.988169326766322520e+00
4.988154001639152568e+00
4.988150255527390442e+00
4.988159655324809094e+00
4.988179728450878869e+00
4.988210763055059616e+00
4.988256036084304235e+00
4.988313830102952373e+00
4.988385781700880983e+00
4.988469475302071743e+00
4.988565730647340324e+00
4.988672820170566347e+00
4.988786243413731114e+00
4.988906326032400251e+00
4.989030524994403137e+00
4.989159950762211082e+00
4.989292854898765839e+00
4.989430711249978501e+00
4.989572338423849729e+00
4.989714070138679070e+00
4.989856357126654096e+00
4.989997086421744221e+00
4.990137379978940579e+00
4.990275671797961721e+00
4.990408376054063844e+00
4.990535733866662937e+00
4.990655748470843811e+00
4.990769438789383727e+00
4.990875443340435424e+00
4.990975193734437099e+00
4.991070153833522483e+00
4.991161675592107549e+00
4.991251289778543487e+00
4.991340328379688884e+00
4.991430268119243507e+00
4.991522554493663222e+00
4.991613301289422822e+00
4.991700474861231918e+00
4.991783178727296821e+00
4.991861263037814744e+00
4.991934888576310847e+00
4.992002198024805715e+00
4.992059918794934603e+00
4.992108488957550883e+00
4.992146568909906712e+00
4.992175487786684407e+00
4.992194350513549317e+00
4.992201790458442368e+00
4.992200267268583680e+00
4.992190812742577144e+00
4.992177328237106693e+00
4.992161718645607316e+00
4.992143621925739794e+00
4.992121819820264150e+00
4.992094526487876216e+00
4.992064140500973579e+00
4.992031391730074041e+00
4.991996331356007843e+00
4.991958967013292892e+00
4.991919318087407298e+00
4.991882029873327298e+00
4.991850490331659174e+00
4.991826535443784074e+00
4.991811529330685282e+00
4.991806023661289338e+00
4.991810331599796591e+00
4.991824767586318323e+00
4.991849096018364129e+00
4.991883238157265978e+00
4.991926609011376748e+00
4.991978910597050678e+00
4.992039527254187092e+00
4.992110872863798399e+00
4.992190928150905371e+00
4.992280657709581071e+00
4.992377524132845856e+00
4.992481712670070237e+00
4.992596209541900976e+00
4.992719319508418074e+00
4.992852390631110637e+00
4.992993082254201909e+00
4.993141909790233868e+00
4.993296415702448421e+00
4.993453189794913705e+00
4.993613642294898902e+00
4.993777544078424668e+00
4.993942681019202467e+00
4.994106237580075991e+00
4.994264938727961400e+00
4.994420013044969409e+00
4.994571111005739361e+00
4.994721171035440221e+00
4.994871083161802616e+00
4.995019697490158173e+00
4.995167868788365162e+00
4.995313082513410663e+00
4.995455477925959897e+00
4.995597064084385863e+00
4.995735808190902461e+00
4.995871939807210893e+00
4.996002547572378383e+00
4.996127547835010674e+00
4.996248773922223663e+00
4.996369205758917076e+00
4.996492788529965701e+00
4.996618770387964759e+00
4.996748498146430961e+00
4.996879685473636812e+00
4.997012582541452197e+00
4.997149514247671398e+00
4.997288383691579128e+00
4.997429663714959780e+00
4.997570413713351201e+00
4.997710510752169988e+00
4.997851768321364574e+00
4.997996132540523107e+00
4.998145362622111065e+00
4.998301312233328630e+00
4.998466149698018057e+00
4.998636262229651628e+00
4.998809966891080592e+00
4.998986630774110651e+00
4.999166454765020084e+00
4.999350020679652395e+00
4.999537566508173825e+00
4.999728682170630378e+00
4.999927005599261065e+00
5.000134127679289442e+00
5.000349539293917012e+00
5.000571873168470738e+00
5.000798650625172037e+00
5.001032389792624322e+00
5.001273800077858489e+00
5.001521795502873680e+00
5.001774527653129354e+00
5.002029287311257733e+00
5.002288382238717190e+00
5.002552070784390459e+00
5.002823277673692282e+00
5.003100925217390582e+00
5.003386823198765931e+00
5.003679692986428229e+00
5.003976067750722123e+00
5.004277132823138352e+00
5.004581427461474163e+00
5.004891076534062400e+00
5.005205737127929488e+00
5.005522618143826818e+00
5.005843281297952529e+00
5.006166582292885359e+00
5.006494863069623769e+00
5.006827946676881247e+00
5.007163230254322528e+00
5.007496931775481386e+00
5.007824526875287674e+00
5.008145895971925832e+00
5.008459302297803895e+00
5.008766073993417223e+00
5.009065221603038687e+00
5.009354253373119015e+00
5.009634285363379291e+00
5.009904512072924199e+00
5.010166826619776081e+00
5.010420676245362692e+00
5.010663919969471358e+00
5.010897814928562788e+00
5.011121660563172320e+00
5.011337464003832842e+00
5.011545026003393133e+00
5.011744029819044322e+00
5.011929728983911758e+00
5.012099276687028926e+00
5.012251268922360836e+00
5.012384972925307380e+00
5.012500257295565476e+00
5.012596708591104289e+00
5.012674149371691534e+00
5.012732170325710612e+00
5.012770433508798362e+00
5.012788714389556866e+00
5.012786485183553964e+00
5.012764745104163921e+00
5.012727547314519860e+00
5.012677866195830667e+00
5.012617682608347280e+00
5.012548208831380414e+00
5.012470227376128129e+00
5.012383969648311677e+00
5.012289648399257835e+00
5.012187382987270290e+00
5.012077032456675241e+00
5.011958447982126863e+00
5.011831230436022189e+00
5.011695208156982773e+00
5.011550023507829188e+00
5.011395349650214825e+00
5.011230925990771468e+00
5.011056283915917398e+00
5.010871800872068960e+00
5.010681800170373457e+00
5.010489418635648562e+00
5.010296655370426677e+00
5.010104839018117318e+00
5.009914753174911972e+00
5.009726771357041031e+00
5.009541170875112748e+00
5.009358029736707962e+00
5.009177282041439305e+00
5.008998755271115044e+00
5.008822180534282076e+00
5.008647390621283613e+00
5.008474063965062228e+00
5.008301920014003983e+00
5.008130640926340860e+00
5.007959875556211138e+00
5.007789400162677040e+00
5.007620872015634106e+00
5.007456902599463078e+00
5.007301516801619279e+00
5.007153583204873470e+00
5.007014461810268990e+00
5.006881320512421851e+00
5.006753845744334797e+00
5.006634275325143157e+00
5.006520049766205460e+00
5.006411522197105057e+00
5.006305210039518450e+00
5.006200498490160911e+00
5.006098825101306993e+00
5.006002476642405163e+00
5.005914759783570034e+00
5.005833718486625727e+00
5.005759522056703048e+00
5.005689468559374689e+00
5.005624442113129291e+00
5.005562648655413227e+00
5.005499855986363045e+00
5.005436057824208085e+00
5.005368762033557850e+00
5.005298727432762718e+00
5.005224169067604478e+00
5.005145560226901047e+00
5.005065276495678894e+00
5.004986530731930117e+00
5.004913660854599655e+00
5.004846016851751678e+00
5.004785244947797196e+00
5.004729091579593891e+00
5.004677661208935646e+00
5.004633433957152100e+00
5.004594355345271417e+00
5.004561056721522405e+00
5.004530542712691599e+00
5.004502452135583646e+00
5.004478818879959157e+00
5.004458137092675507e+00
5.004441915630391868e+00
5.004428460136782775e+00
5.004419096720315707e+00
5.004412281363415538e+00
5.004403873682981008e+00
5.004393820867202081e+00
5.004379413763320628e+00
5.004361012081874449e+00
5.004336637726312986e+00
5.004306916212458489e+00
5.004274506291635838e+00
5.004238338067458436e+00
5.004199617753998908e+00
5.004156515712182340e+00
5.004109692966829392e+00
5.004058515156883047e+00
5.004003042860219352e+00
5.003943592428491627e+00
5.003880750655458343e+00
5.003810160143562946e+00
5.003729363672695385e+00
5.003637241443878558e+00
5.003533297946935576e+00
5.003417735921477316e+00
5.003291003613059118e+00
5.003153951635841423e+00
5.003007505389186704e+00
5.002852640088904401e+00
5.002690521322446848e+00
5.002522382878022533e+00
5.002349503088997729e+00
5.002173254575835948e+00
5.001994848262773630e+00
5.001815575186417284e+00
5.001636762742207587e+00
5.001459780924277787e+00
5.001284447677690537e+00
5.001108957764018648e+00
5.000935688589026817e+00
5.000764974534769536e+00
5.000600478995850473e+00
5.000443842366597558e+00
5.000293920554482519e+00
5.000154318858198721e+00
5.000025509644560273e+00
4.999911728326491556e+00
4.999815026868394519e+00
4.999734907096511805e+00
4.999669783457442840e+00
4.999616434846334556e+00
4.999576930224224114e+00
4.999550686927770826e+00
4.999541506942270175e+00
4.999550960255812804e+00
4.999578148965749591e+00
4.999621282877425799e+00
4.999676891431238168e+00
4.999747159849878386e+00
4.999832278681944686e+00
4.999930514410163340e+00
5.000039401162440278e+00
5.000155315041566517e+00
5.000279982095609199e+00
5.000412841118897056e+00
5.000556797819237786e+00
5.000711008874724861e+00
5.000878008199880043e+00
5.001057548621694160e+00
5.001246110653529087e+00
5.001444875137904589e+00
5.001651761276671770e+00
5.001868500081847024e+00
5.002094117799798845e+00
5.002324782187144159e+00
5.002561297962466291e+00
5.002801559740701620e+00
5.003047070043186828e+00
5.003296515798220767e+00
5.003549718974183769e+00
5.003802563162546235e+00
5.004053654601822387e+00
5.004298550678441870e+00
5.004535687105755137e+00
5.004765276895860815e+00
5.004984097877541949e+00
5.005190792089353025e+00
5.005381442444423179e+00
5.005555058015534797e+00
5.005712451679655395e+00
5.005855660267197749e+00
5.005986755616985917e+00
5.006104232115695218e+00
5.006208379842365552e+00
5.006299466151769906e+00
5.006377896606946543e+00
5.006444233894373319e+00
5.006498952089834198e+00
5.006542605553780056e+00
5.006575716290183387e+00
5.006598845902855643e+00
5.006612195797290887e+00
5.006613208420759520e+00
5.006601701688206951e+00
5.006575200955568405e+00
5.006533255914411562e+00
5.006473382932319360e+00
5.006395954766496459e+00
5.006302593701704495e+00
5.006192103733495102e+00
5.006064869535341799e+00
5.005919004638866632e+00
5.005755259187147921e+00
5.005575614494459202e+00
5.005378993672505494e+00
5.005165970807150977e+00
5.004934738182649667e+00
5.004686180182918775e+00
5.004423013867064896e+00
5.004148891975356506e+00
5.003867968616261486e+00
5.003580401257798016e+00
5.003288104010000126e+00
5.002991440442576376e+00
5.002694149554892888e+00
5.002398020194096517e+00
5.002102710415794462e+00
5.001807002850993555e+00
5.001508925163372865e+00
5.001210977022721771e+00
5.000913875882699422e+00
5.000616620366645115e+00
5.000317450833691169e+00
5.000014099420234004e+00
4.999708814879133101e+00
4.999402143673224330e+00
4.999098069553446599e+00
4.998798513018708256e+00
4.998503163379799830e+00
4.998216135909033575e+00
4.997938700595123684e+00
4.997675859403978293e+00
4.997430542574444523e+00
4.997203034979470715e+00
4.996992652506747845e+00
4.996796992362657619e+00
4.996619076204666499e+00
4.996459232938655681e+00
4.996321999968210470e+00
4.996210016261035669e+00
4.996123424803087687e+00
4.996061461113573188e+00
4.996021352938555538e+00
4.996006134855274006e+00
4.996017334559876844e+00
4.996054081805926472e+00
4.996114988504854360e+00
4.996196844243390167e+00
4.996302352315691309e+00
4.996432341449838610e+00
4.996587752421330464e+00
4.996770212558041990e+00
4.996983252187204627e+00
4.997223288268727970e+00
4.997488863599433451e+00
4.997779696305229891e+00
4.998096480575337175e+00
4.998442116846277372e+00
4.998812569436565489e+00
4.999206671920553902e+00
4.999620126430824207e+00
5.000054058861866935e+00
5.000507422742381358e+00
5.000976698045565882e+00
5.001457406003906314e+00
5.001943763588502456e+00
5.002435382959379062e+00
5.002929649260773104e+00
5.003427751605345364e+00
5.003928565029933218e+00
5.004428829123212630e+00
5.004929544274641096e+00
5.005429283139242180e+00
5.005929930080606383e+00
5.006430822332336383e+00
5.006929059681429095e+00
5.007423440647257529e+00
5.007909281608593943e+00
5.008384406213593820e+00
5.008848273773622850e+00
5.009299162683022999e+00
5.009734344613684165e+00
5.010150565189254834e+00
5.010545382258427161e+00
5.010919752214979539e+00
5.011273113247882272e+00
5.011603440810869614e+00
5.011908017863461851e+00
5.012185090576240398e+00
5.012435824797430328e+00
5.012661087495216883e+00
5.012863651403167253e+00
5.013044276126601417e+00
5.013203210067876725e+00
5.013343269565084803e+00
5.013466077485063010e+00
5.013575336291395956e+00
5.013672619509452311e+00
5.013757396909349850e+00
5.013828697103018150e+00
5.013885805952304153e+00
5.013931600391805965e+00
5.013967092296515382e+00
5.013991787678967249e+00
5.014004375032088845e+00
5.014003560467606313e+00
5.013991922664207124e+00
5.013970302143349933e+00
5.013938487407501476e+00
5.013895767026330219e+00
5.013841489867989054e+00
5.013778519134719502e+00
5.013707752137195328e+00
5.013628437614750410e+00
5.013538901910867374e+00
5.013437427573587790e+00
5.013326296389783998e+00
5.013206453251401129e+00
5.013081733866344258e+00
5.012953867709946110e+00
5.012822766725655299e+00
5.012691546504136397e+00
5.012560623383832237e+00
5.012433310358535898e+00
5.012310336290608959e+00
5.012189833719966181e+00
5.012074173616928086e+00
5.011962886175822973e+00
5.011858966176149899e+00
5.011762901714755358e+00
5.011672459517358291e+00
5.011590016114278789e+00
5.011514896310618639e+00
5.011450155142447294e+00
5.011395792833280183e+00
5.011355095801625303e+00
5.011329143513209239e+00
5.011315670511900855e+00
5.011317256999824998e+00
5.011333158760022499e+00
5.011366538851212304e+00
5.011418346826609138e+00
5.011486660664592918e+00
5.011568609023157705e+00
5.011659720478269797e+00
5.011760859548736846e+00
5.011870933793176164e+00
5.011986942965228842e+00
5.012105087613378807e+00
5.012220922153134417e+00
5.012334798894514165e+00
5.012445374805172271e+00
5.012554664438281016e+00
5.012662464234668214e+00
5.012766748344215983e+00
5.012869458304408887e+00
5.012970308422732835e+00
5.013072150446165054e+00
5.013175441560957957e+00
5.013278278143769029e+00
5.013377654360301250e+00
5.013469931943034474e+00
5.013555689690328165e+00
5.013633890099518098e+00
5.013704966603472535e+00
5.013766031045160609e+00
5.013816697745277828e+00
5.013858392037144007e+00
5.013893507796963966e+00
5.013924966737321576e+00
5.013951404268079060e+00
5.013973196019574807e+00
5.013988040076726271e+00
5.013996317190391849e+00
5.013995504618649512e+00
5.013981243997839066e+00
5.013952554787535654e+00
5.013906563377965142e+00
5.013842856150146687e+00
5.013759279429939042e+00
5.013656416509326696e+00
5.013536191957098431e+00
5.013397668965188458e+00
5.013241667069521235e+00
5.013066764522370988e+00
5.012874014984844528e+00
5.012666250702022985e+00
5.012445381704747405e+00
5.012212936423746434e+00
5.011969764579115250e+00
5.011716766089229225e+00
5.011454524930596399e+00
5.011183376640111931e+00
5.010903710193962191e+00
5.010615681961208878e+00
5.010319570705324743e+00
5.010015538197040819e+00
5.009703836079716588e+00
5.009386139895796397e+00
5.009064823698282432e+00
5.008742802862108157e+00
5.008420187618614072e+00
5.008099793914736253e+00
5.007781833495975832e+00
5.007464043583752300e+00
5.007148050267280937e+00
5.006832844886960565e+00
5.006520645424755500e+00
5.006211139887605022e+00
5.005901982013170048e+00
5.005595042437349207e+00
5.005289719544384397e+00
5.004988799311253622e+00
5.004692569702895000e+00
5.004399545595081378e+00
5.004112547144324630e+00
5.003831785611838612e+00
5.003561104267864934e+00
5.003301983412383969e+00
5.003053460244117900e+00
5.002813572224257044e+00
5.002579083584276276e+00
5.002351740833398175e+00
5.002131043516125253e+00
5.001919493705060837e+00
5.001715845160213725e+00
5.001521581068663735e+00
5.001341035284130321e+00
5.001173732832101315e+00
5.001022607881602688e+00
5.000886360408764553e+00
5.000767125507843858e+00
5.000664067186442630e+00
5.000572981631409064e+00
5.000494346322517103e+00
5.000425314136806243e+00
5.000366741248432056e+00
5.000316265413562888e+00
5.000274211356441789e+00
5.000242935237034558e+00
5.000224789996424946e+00
5.000221720273981596e+00
5.000235731135032502e+00
5.000269806821740382e+00
5.000320307024663791e+00
5.000385544885791234e+00
5.000464922868556705e+00
5.000558733296490921e+00
5.000668404632159003e+00
5.000789353026918960e+00
5.000919296004719072e+00
5.001057288217268137e+00
5.001203422889953565e+00
5.001358008830716351e+00
5.001521988025774412e+00
5.001697159743775600e+00
5.001879490687420216e+00
5.002067031095643657e+00
5.002258937246072179e+00
5.002455308995114258e+00
5.002657101488576785e+00
5.002859909775571268e+00
5.003061435985283190e+00
5.003260812329963336e+00
5.003458035400972115e+00
5.003653595651403663e+00
5.003843157383517593e+00
5.004024473911985460e+00
5.004196764117939900e+00
5.004360121990456101e+00
5.004515123766749340e+00
5.004662681071921249e+00
5.004803852037428946e+00
5.004936299052922699e+00
5.005059986392869753e+00
5.005172212886526140e+00
5.005273045859202519e+00
5.005364143744944982e+00
5.005443822163059941e+00
5.005512304505237431e+00
5.005567277543150340e+00
5.005609017586239773e+00
5.005639474688933888e+00
5.005659362630824560e+00
5.005671501418249569e+00
5.005676311541896517e+00
5.005676477816937364e+00
5.005671959928054804e+00
5.005660620958129137e+00
5.005643783350293141e+00
5.005620564598407540e+00
5.005592905293503314e+00
5.005560136815816463e+00
5.005519700582423681e+00
5.005472636550018173e+00
5.005417899537184745e+00
5.005357279219949440e+00
5.005290169740380435e+00
5.005216166592489024e+00
5.005135179759288455e+00
5.005047195229033186e+00
5.004952275940503625e+00
5.004850607860189093e+00
5.004742312898213363e+00
5.004627611191295955e+00
5.004506717548989236e+00
5.004379870976605638e+00
5.004247316058078709e+00
5.004109418840433143e+00
5.003968520473043746e+00
5.003828630159894431e+00
5.003689617031539250e+00
5.003553714725473611e+00
5.003419809826933573e+00
5.003289266183326589e+00
5.003160508751222757e+00
5.003029309214378273e+00
5.002895198642561603e+00
5.002755276273289198e+00
5.002609550255634474e+00
5.002455525865130426e+00
5.002293951903753033e+00
5.002127286904775261e+00
5.001954741274291294e+00
5.001777821352058062e+00
5.001595043820612929e+00
5.001407619697325835e+00
5.001217268091910917e+00
5.001021517050737053e+00
5.000819574595713135e+00
5.000607416556501761e+00
5.000383988955343639e+00
5.000149709285522270e+00
4.999906451442564403e+00
4.999656475392455945e+00
4.999397789650880775e+00
4.999130743724577997e+00
4.998856827077739595e+00
4.998578302433066334e+00
4.998298115489357762e+00
4.998014653065527391e+00
4.997728013416106840e+00
4.997436703612383013e+00
4.997142357883329389e+00
4.996844801568711247e+00
4.996546486449711999e+00
4.996247461104118770e+00
4.995945647974783022e+00
4.995642562956834176e+00
4.995337584504209616e+00
4.995032921714060770e+00
4.994728415237092101e+00
4.994421748147630069e+00
4.994114505407686089e+00
4.993805894126469802e+00
4.993498110660637757e+00
4.993190921155090223e+00
4.992882565391535188e+00
4.992575513144307919e+00
4.992270018496836492e+00
4.991969553456926612e+00
4.991675508749955803e+00
4.991386736762993159e+00
4.991102735494545861e+00
4.990822995529793360e+00
4.990547260065846480e+00
4.990275489875398485e+00
4.990010303800277214e+00
4.989750118349962626e+00
4.989496240170024244e+00
4.989246570636801437e+00
4.989001827259831323e+00
4.988759488147966437e+00
4.988519997225426827e+00
4.988286200930646785e+00
4.988056850136540987e+00
4.987833410986981519e+00
4.987613717300167337e+00
4.987398534455619092e+00
4.987191035320334365e+00
4.986990413406217293e+00
4.986798858159508185e+00
4.986614975911851211e+00
4.986440478080238492e+00
4.986274279021944089e+00
4.986112379079040480e+00
4.985954969805953318e+00
4.985799446554211478e+00
4.985646434325079923e+00
4.985493852776762047e+00
4.985342657576601333e+00
4.985196334078263014e+00
4.985054362566496700e+00
4.984919090439852596e+00
4.984789350676638087e+00
4.984666720536824691e+00
4.984554704242673218e+00
4.984451835026320943e+00
4.984359358475831669e+00
4.984274486509440827e+00
4.984197076825714667e+00
4.984129145779936820e+00
4.984072594154914881e+00
4.984028984681990515e+00
4.983999881312539237e+00
4.983987563934698883e+00
4.983987935890383802e+00
4.983998508466813249e+00
4.984018245539101777e+00
4.984046702144608432e+00
4.984084407374670178e+00
4.984126823055033739e+00
4.984171610446122003e+00
4.984218239634703451e+00
4.984266993691619518e+00
4.984319003875773646e+00
4.984371849856745307e+00
4.984425744907405864e+00
4.984482860597256426e+00
4.984546285205925464e+00
4.984620537855136035e+00
4.984704905026066335e+00
4.984801309941740755e+00
4.984907351335914782e+00
4.985023190597476450e+00
4.985151566280456414e+00
4.985290335448861576e+00
4.985440434370593366e+00
4.985598681405589261e+00
4.985764932599322741e+00
4.985940934088484155e+00
4.986129302610115666e+00
4.986334143098846816e+00
4.986553571992024203e+00
4.986788659006759161e+00
4.987035567783220102e+00
4.987293168813391020e+00
4.987562499292596208e+00
4.987844226085051069e+00
4.988138739955081391e+00
4.988446178775681972e+00
4.988766831648006495e+00
4.989098653573943665e+00
4.989438472319794649e+00
4.989781816941155412e+00
4.990129359703911582e+00
4.990479530100179417e+00
4.990834542442513566e+00
4.991194209050786590e+00
4.991555918906282585e+00
4.991921570416938181e+00
4.992290273685407342e+00
4.992664849054467169e+00
4.993045363840115769e+00
4.993429776583267810e+00
4.993814880106999254e+00
4.994196689803554357e+00
4.994575894777133485e+00
4.994951358367159422e+00
4.995324695039942142e+00
4.995694745224371403e+00
4.996062931646063632e+00
4.996428282786562924e+00
4.996787924100116740e+00
4.997142853182212185e+00
4.997491875071482070e+00
4.997836725864963192e+00
4.998176689152078467e+00
4.998509082686561023e+00
4.998835011352259272e+00
4.999153356295484407e+00
4.999466000762241791e+00
4.999772213850575575e+00
5.000070513770388914e+00
5.000359919894891370e+00
5.000639830086785587e+00
5.000910116531358973e+00
5.001170806013451653e+00
5.001422196481780880e+00
5.001664598104017756e+00
5.001898256004261079e+00
5.002123671662466187e+00
5.002340831183300196e+00
5.002545498222516152e+00
5.002735216714845556e+00
5.002909021418944668e+00
5.003066458259180393e+00
5.003208027290582116e+00
5.003334462097316582e+00
5.003446756335377721e+00
5.003546170596434806e+00
5.003634048611326435e+00
5.003711986089526498e+00
5.003781295054993805e+00
5.003843133355892370e+00
5.003893993570870613e+00
5.003932010656625629e+00
5.003956690150715758e+00
5.003967862110057396e+00
5.003966165181828352e+00
5.003952451753775676e+00
5.003927812558012889e+00
5.003893640672667509e+00
5.003851072586021687e+00
5.003801747092857966e+00
5.003747123347476844e+00
5.003688571325385581e+00
5.003622673720003355e+00
5.003547300522096286e+00
5.003462032073057841e+00
5.003366794011437690e+00
5.003262238812515861e+00
5.003149292890796573e+00
5.003028964654424371e+00
5.002902575473182623e+00
5.002771547914364625e+00
5.002637287427553758e+00
5.002501271323183119e+00
5.002364938112788373e+00
5.002228898734666807e+00
5.002093293250419848e+00
5.001957805075565311e+00
5.001821975664118902e+00
5.001685035715693672e+00
5.001546196716719628e+00
5.001404575223916460e+00
5.001259198405662687e+00
5.001109049108693583e+00
5.000953354800934392e+00
5.000796098059858252e+00
5.000639707448775617e+00
5.000485591555830389e+00
5.000334291274544540e+00
5.000185853850913631e+00
5.000041117652205713e+00
4.999902019205388903e+00
4.999765430766043295e+00
4.999630172562670616e+00
4.999496689860593257e+00
4.999366081946413409e+00
4.999240314702387167e+00
4.999120084608788872e+00
4.999004948449205621e+00
4.998896042642068771e+00
4.998795874885168189e+00
4.998707551586326403e+00
4.998635696636396730e+00
4.998579202283057299e+00
4.998538998428616154e+00
4.998516533158603892e+00
4.998513489449746494e+00
4.998532981915981388e+00
4.998571585821103724e+00
4.998627649796310912e+00
4.998701035523902547e+00
4.998792365485916100e+00
4.998903912067526711e+00
4.999031685343125808e+00
4.999173663523161615e+00
4.999329539317749926e+00
4.999499743417016973e+00
4.999685554582736557e+00
4.999887536246441222e+00
5.000105376433693571e+00
5.000338435866050091e+00
5.000585742205492679e+00
5.000846026916168086e+00
5.001117890127114052e+00
5.001399814080558670e+00
5.001690216552577617e+00
5.001987210776769111e+00
5.002293077543489730e+00
5.002606664843968431e+00
5.002930470280459119e+00
5.003263627834727778e+00
5.003608601003995737e+00
5.003965321652701803e+00
5.004330571316292442e+00
5.004705782480648679e+00
5.005089237339904074e+00
5.005482943303992016e+00
5.005886341504861115e+00
5.006295972116400428e+00
5.006713048987198711e+00
5.007135776750851086e+00
5.007565971411872319e+00
5.008002971917498769e+00
5.008444282546747672e+00
5.008886975184192458e+00
5.009327484987785795e+00
5.009766937293221645e+00
5.010204813689102643e+00
5.010638852886964756e+00
5.011066061243523606e+00
5.011483315587152099e+00
5.011891713425625561e+00
5.012290675029266396e+00
5.012678653359520453e+00
5.013053679823982201e+00
5.013414284199583015e+00
5.013762935981262103e+00
5.014100559488047004e+00
5.014426593057920378e+00
5.014739868216325114e+00
5.015038460198898207e+00
5.015320286736000277e+00
5.015583950862397167e+00
5.015831656627465662e+00
5.016064098071415067e+00
5.016280678756643852e+00
5.016480087362339191e+00
5.016661534778884324e+00
5.016827690940460549e+00
5.016979651613271862e+00
5.017117045963294331e+00
5.017238690633437415e+00
5.017343803461750795e+00
5.017435142029186501e+00
5.017513857906795494e+00
5.017579620652012906e+00
5.017631292277127564e+00
5.017667401986308562e+00
5.017687277900166443e+00
5.017691165808991549e+00
5.017679629448738687e+00
5.017653398864839964e+00
