0.000000000000000000e+00
0.000000000000000000e+00
-1.315649569733069115e-08
-7.911862212495179953e-08
-2.465084298819419483e-07
-5.412463406173628924e-07
-1.020891436382953865e-06
-1.524801268715237310e-06
-2.283770668327633994e-06
6.910114734637287686e-08
4.981651359230456849e-06
1.455861136037129558e-05
3.381842623184639474e-05
6.310614633093792865e-05
1.050057296333762208e-04
1.640972482664438726e-04
2.454067009193751001e-04
3.566028351588103524e-04
5.001763148857209761e-04
6.814943520976159737e-04
9.005787304295156687e-04
1.161742572362527495e-03
1.469021410371169597e-03
1.828280956174240315e-03
2.247713663305149663e-03
2.733877421046600805e-03
3.301043257738457345e-03
3.950369552399026277e-03
4.693889439727174512e-03
5.536324352647174069e-03
6.484806210423816469e-03
7.546670705701220665e-03
8.729953438664781948e-03
1.004038435282837184e-02
1.148588863077293701e-02
1.307041314306389354e-02
1.479492452802788453e-02
1.666522485079895838e-02
1.868879389824997656e-02
2.085940909447800071e-02
2.318862688603531494e-02
2.567449820103775288e-02
2.834065032067428422e-02
3.118165713610777934e-02
3.419035357298979422e-02
3.736970585646758741e-02
4.072750490965972026e-02
4.424953204455506217e-02
4.795073103966843164e-02
5.182496768298279488e-02
5.590147805276047405e-02
6.017882180276045573e-02
6.462708544793258070e-02
6.925916683735974799e-02
7.406076145234237462e-02
7.906145465436111019e-02
8.424706411423812935e-02
8.960647773804794602e-02
9.514341962399612551e-02
1.008388514524949514e-01
1.067110199934495490e-01
1.127562392956269754e-01
1.189919914013398694e-01
1.254126961237443383e-01
1.320317943102372604e-01
1.388493175512803268e-01
1.458672226673615735e-01
1.530833054787171521e-01
1.605003960138810526e-01
1.681161875731004285e-01
1.759029181009782450e-01
1.838694078928483633e-01
1.919972552067293059e-01
2.003020162588609321e-01
2.087705464369309649e-01
2.174216247803223978e-01
2.262422485357774293e-01
2.352330018288148472e-01
2.443851960903657417e-01
2.537267137772096781e-01
2.632261193996919268e-01
2.729080821281922309e-01
2.827673037058366368e-01
2.928123469358934194e-01
3.030594642168534802e-01
3.135355098253740369e-01
3.242264885908616723e-01
3.351423628336442917e-01
3.462985010153307175e-01
3.576821441656602429e-01
3.692937834269059416e-01
3.811511654860032516e-01
3.932326383596910224e-01
4.055458385950578282e-01
4.181030089861405563e-01
4.308851654535783560e-01
4.438926548964036156e-01
4.571602363592637275e-01
4.706768615252029386e-01
4.844437630182754084e-01
4.984893484121810658e-01
5.128073198801528232e-01
5.274564046865951594e-01
5.424070746904861018e-01
5.576549668318282471e-01
5.731879479891310858e-01
5.890006978518019798e-01
6.050740153795729492e-01
6.214146752363691739e-01
6.380079801088820446e-01
6.548622555738935480e-01
6.719824452406418791e-01
6.893710656172288287e-01
7.069767863756670767e-01
7.248230631357683862e-01
7.429124529367937546e-01
7.612215394979967575e-01
7.797810299402727630e-01
7.986014420992390006e-01
8.176355810171620497e-01
8.369112749105945825e-01
8.564107544428365415e-01
8.761778528696554380e-01
8.961878950602072402e-01
9.164098293787494853e-01
9.368797380930438123e-01
9.575703365808980738e-01
9.785151703363912379e-01
9.996909029490010923e-01
1.021065757990504919e+00
1.042675107241298527e+00
1.064487536669398660e+00
1.086533163309718386e+00
1.108823266745234903e+00
1.131312371016170326e+00
1.154060545683528671e+00
1.177024157763149503e+00
1.200231238127376976e+00
1.223618303061153600e+00
1.247233546496059331e+00
1.271064713717128480e+00
1.295083523512507995e+00
1.319324241400386510e+00
1.343765245199824765e+00
1.368446512938166881e+00
1.393391204596186927e+00
1.418544417143489111e+00
1.443952086687709135e+00
1.469617110014582728e+00
1.495489378691340576e+00
1.521598006010676851e+00
1.547961261988307413e+00
1.574505904436733106e+00
1.601276267290737021e+00
1.628229118109371099e+00
1.655429390192653782e+00
1.682883949995662931e+00
1.710544141054775702e+00
1.738430269480373935e+00
1.766527477026608173e+00
1.794773586512234731e+00
1.823229683161404546e+00
1.851841893911984283e+00
1.880676720858242890e+00
1.909726088762906171e+00
1.938919780970242535e+00
1.968289309263852038e+00
1.997788635016110259e+00
2.027449372530606198e+00
2.057230368376400609e+00
2.087161048174527078e+00
2.117203803778317184e+00
2.147383609533932702e+00
2.177678910017635694e+00
2.208064916849759030e+00
2.238599751711514152e+00
2.269264338732388087e+00
2.300060914278653001e+00
2.330967000246670917e+00
2.361978195429470961e+00
2.393112424135830363e+00
2.424343081236508102e+00
2.455657337427761711e+00
2.487032352209713526e+00
2.518460837126400786e+00
2.549922281027463100e+00
2.581410263300564889e+00
2.612901752710965475e+00
2.644392808199552025e+00
2.675865648508695127e+00
2.707309044123319186e+00
2.738711002588895216e+00
2.770056145907071610e+00
2.801330171347288012e+00
2.832510352850583946e+00
2.863583396196988762e+00
2.894520450354245877e+00
2.925313711882260748e+00
2.955964167833951439e+00
2.986465783835080323e+00
3.016818037748959735e+00
3.047012344122555838e+00
3.077045293570187301e+00
3.106907461405422843e+00
3.136596914053585650e+00
3.166147304297115994e+00
3.195546851874019989e+00
3.224785393000271227e+00
3.253855551005032432e+00
3.282750516653683448e+00
3.311461334944393542e+00
3.339982205153133599e+00
3.368350172758724614e+00
3.396546724558499264e+00
3.424561942339565679e+00
3.452381373167659806e+00
3.479971934080746010e+00
3.507381058455135481e+00
3.534569707632686519e+00
3.561537514448787967e+00
3.588256147623684278e+00
3.614700458765651714e+00
3.640904496431972337e+00
3.666842182398464267e+00
3.692575882197048909e+00
3.718072143316891509e+00
3.743346946955349974e+00
3.768405676603939991e+00
3.793261323691037301e+00
3.817882309675839636e+00
3.842321365595486871e+00
3.866540959597256855e+00
3.890570858240750329e+00
3.914393072844174259e+00
3.938002126932766522e+00
3.961384440184262168e+00
3.984534927130368054e+00
4.007439022780086901e+00
4.030113588095334265e+00
4.052545836687711400e+00
4.074742747069027615e+00
4.096725142717982493e+00
4.118462794542933736e+00
4.139977472544337012e+00
4.161244598150874552e+00
4.182285650492334916e+00
4.203113022566462575e+00
4.223709104777003454e+00
4.244106951475764333e+00
4.264315872908259308e+00
4.284351313830041974e+00
4.304247132063532710e+00
4.324000703812266089e+00
4.343627395153666804e+00
4.363087197065975253e+00
4.382393835306789498e+00
4.401562597275402666e+00
4.420594667912152609e+00
4.439494852543499626e+00
4.458230635643626982e+00
4.476791213274624148e+00
4.495197222948696059e+00
4.513438285113002379e+00
4.531533973932887704e+00
4.549469019890453048e+00
4.567230480433131845e+00
4.584843314409877912e+00
4.602294374228145912e+00
4.619583936453488526e+00
4.636705283642438502e+00
4.653653831005719610e+00
4.670431789875653550e+00
4.687037872791913529e+00
4.703472796202329498e+00
4.719732390165951585e+00
4.735814059496548545e+00
4.751721872807171287e+00
4.767453369618083414e+00
4.783008229256298094e+00
4.798381449700023893e+00
4.813569386721279209e+00
4.828575468779232160e+00
4.843399395466471802e+00
4.858042551994945057e+00
4.872501633883143946e+00
4.886775435925151179e+00
4.900860336542750773e+00
4.914763735056545180e+00
4.928478986740733703e+00
4.942008399487162862e+00
4.955337850571299718e+00
4.968464480162286812e+00
4.981398344755792351e+00
4.994133382559442502e+00
5.006674199820185578e+00
5.019030541897441466e+00
5.031199212790157027e+00
5.043159986258174854e+00
5.054908586264278192e+00
5.066452021122600513e+00
5.077789475441599976e+00
5.088930407286310853e+00
5.099869974375391912e+00
5.110611196280145485e+00
5.121158027172707961e+00
5.131506917000435486e+00
5.141662377834938624e+00
5.151619297981880230e+00
5.161378644228599377e+00
5.170942612410208916e+00
5.180309249878547462e+00
5.189478572726867078e+00
5.198447265148780083e+00
5.207217177868506575e+00
5.215790547252318277e+00
5.224167388201377271e+00
5.232348616243026385e+00
5.240332553506514834e+00
5.248120403409622270e+00
5.255713758588455242e+00
5.263111677289627366e+00
5.270314524889609942e+00
5.277323404670378970e+00
5.284135030031821501e+00
5.290751431704183716e+00
5.297172913671157168e+00
5.303398639679572923e+00
5.309429884672782762e+00
5.315266264796875362e+00
5.320906946182868857e+00
5.326352289438866627e+00
5.331601959586762973e+00
5.336656447172784645e+00
5.341517057538652580e+00
5.346183717668676394e+00
5.350656843603276869e+00
5.354937049270295901e+00
5.359023386359834440e+00
5.362916856527948362e+00
5.366617526531839211e+00
5.370125278950356851e+00
5.373441108883047157e+00
5.376562002421046316e+00
5.379490683198596024e+00
5.382227472484732544e+00
5.384772274912023704e+00
5.387126982927942009e+00
5.389287268043183587e+00
5.391254234433793258e+00
5.393024197489642013e+00
5.394606481612348681e+00
5.396000560045862038e+00
5.397197180659198956e+00
5.398197308824086882e+00
5.398998218671107630e+00
5.399600295618797396e+00
5.400004889712358036e+00
5.400203402069085890e+00
5.400204471843674803e+00
5.400009504789845316e+00
5.399609407978489983e+00
5.399009257713690779e+00
5.398203280875818244e+00
5.397196859801547397e+00
5.395982693219917081e+00
5.394567973101871416e+00
5.392946968162791066e+00
5.391131251687543369e+00
5.389118641848103408e+00
5.386917811865346017e+00
5.384536218429342824e+00
5.381968728984133143e+00
5.379231031621233505e+00
5.376323265219465242e+00
5.373253342891470830e+00
5.370025933767097470e+00
5.366633918965595385e+00
5.363092657411830722e+00
5.359400158906716172e+00
5.355571832741039984e+00
5.351608843589563236e+00
5.347519865418213669e+00
5.343315885747213834e+00
5.339000592911978593e+00
5.334590742672225439e+00
5.330090347910663162e+00
5.325510203922530827e+00
5.320856477106352678e+00
5.316131611252566280e+00
5.311343596363802710e+00
5.306491022790212675e+00
5.301590958619851968e+00
5.296647631312151105e+00
5.291670415783664261e+00
5.286666459823390340e+00
5.281650618696947852e+00
5.276628811741610470e+00
5.271613217378397387e+00
5.266614844585199684e+00
5.261644533956785885e+00
5.256709335828563034e+00
5.251823096955558157e+00
5.246994636739035656e+00
5.242232121611377416e+00
5.237547275806209157e+00
5.232949164593956759e+00
5.228449354255936044e+00
5.224057993675014444e+00
5.219784904504558121e+00
5.215639206851264476e+00
5.211631273711462953e+00
5.207773477817317698e+00
5.204073975766441151e+00
5.200540222609778773e+00
5.197189097190640261e+00
5.194020442450783648e+00
5.191043533767006224e+00
5.188265535319588118e+00
5.185692897821209790e+00
5.183338911617539679e+00
5.181199251497529801e+00
5.179279576028131160e+00
5.177582306051991878e+00
5.176108779991410280e+00
5.174871686185143815e+00
5.173863185653828189e+00
5.173088919902585125e+00
5.172536651166520727e+00
5.172209121296546641e+00
5.172104123859099012e+00
5.172206076151124599e+00
5.172512890836588717e+00
5.173019594019643286e+00
5.173716361290208177e+00
5.174590419670931141e+00
5.175620848825565723e+00
5.176799808284631155e+00
5.178118685325970638e+00
5.179565392723670669e+00
5.181127355089774511e+00
5.182792968890061580e+00
5.184548822930445944e+00
5.186378918430200713e+00
5.188269022843233103e+00
5.190199708780636634e+00
5.192161011835923823e+00
5.194133810839049126e+00
5.196104213884465750e+00
5.198057486852997400e+00
5.199979206016654310e+00
5.201853172174090822e+00
5.203667282155151064e+00
5.205405812850590230e+00
5.207056097528333538e+00
5.208604653170699983e+00
5.210038118055457801e+00
5.211344865998620790e+00
5.212511434173578984e+00
5.213526485404368138e+00
5.214378559207912822e+00
5.215055865338441343e+00
5.215546494415399970e+00
5.215840156777200143e+00
5.215935008693856290e+00
5.215824007541311147e+00
5.215506273061406795e+00
5.214972287565840858e+00
5.214223946035279056e+00
5.213263681382311887e+00
5.212092879489436115e+00
5.210716269538179013e+00
5.209135820195450961e+00
5.207355606630817313e+00
5.205382765904440490e+00
5.203218292221798436e+00
5.200870681330932221e+00
5.198339967951548957e+00
5.195633604750407031e+00
5.192758427188170600e+00
5.189724421129001897e+00
5.186539571211111976e+00
5.183210136518252575e+00
5.179744187817346912e+00
5.176148450598491380e+00
5.172433719560874721e+00
5.168608733341469197e+00
5.164684727415814081e+00
5.160669643208755986e+00
5.156575531587375139e+00
5.152415088341010474e+00
5.148199862465633103e+00
5.143944501206650699e+00
5.139660497829689589e+00
5.135359067842736991e+00
5.131050257608667842e+00
5.126743415519968927e+00
5.122452008054035666e+00
5.118188441917675746e+00
5.113962694332379932e+00
5.109785327241199937e+00
5.105665371641891603e+00
5.101611209139601755e+00
5.097630707845465459e+00
5.093733771071210725e+00
5.089930779561774088e+00
5.086223169789090726e+00
5.082618655190243473e+00
5.079120052084697967e+00
5.075734527036919630e+00
5.072463305816426349e+00
5.069311827347055655e+00
5.066292262003197600e+00
5.063403442427888201e+00
5.060648811981453221e+00
5.058026622757687107e+00
5.055537047759070646e+00
5.053182011619582248e+00
5.050963338539376402e+00
5.048887816891445723e+00
5.046957307383789448e+00
5.045174694285169181e+00
5.043538757637516134e+00
5.042049488351122655e+00
5.040706575885788965e+00
5.039504861385003309e+00
5.038443998322263973e+00
5.037518898398056777e+00
5.036728679240122908e+00
5.036074560806527600e+00
5.035546289869025749e+00
5.035143685005977865e+00
5.034860816803202965e+00
5.034697446935251008e+00
5.034653841015322762e+00
5.034719681456124363e+00
5.034896109975314893e+00
5.035175313926672835e+00
5.035558245457147919e+00
5.036043337635133454e+00
5.036624393663738708e+00
5.037296172655556958e+00
5.038046654290889492e+00
5.038874026961061681e+00
5.039774265266389719e+00
5.040739600039453983e+00
5.041761415130826762e+00
5.042828337005706985e+00
5.043937491081091018e+00
5.045083786449761298e+00
5.046259254343241629e+00
5.047455229438275737e+00
5.048661992303461687e+00
5.049875604114860472e+00
5.051090119011134583e+00
5.052303128145069877e+00
5.053510017670125976e+00
5.054704855657548457e+00
5.055885050944418424e+00
5.057046762607426693e+00
5.058187768063874046e+00
5.059303656644554614e+00
5.060388751826615739e+00
5.061438789568276420e+00
5.062449297509522772e+00
5.063415591917367564e+00
5.064335835553140264e+00
5.065209942064614168e+00
5.066036531827778688e+00
5.066813044227094665e+00
5.067536125830740090e+00
5.068205247498482002e+00
5.068820863305954383e+00
5.069383470504908118e+00
5.069891734621849722e+00
5.070343435197500526e+00
5.070736002973644574e+00
5.071069029732971245e+00
5.071341142091332799e+00
5.071549165505349954e+00
5.071692129220248368e+00
5.071768376334004458e+00
5.071778824237774153e+00
5.071722567399630677e+00
5.071600441421979966e+00
5.071412876221948807e+00
5.071159802592957178e+00
5.070840654588902652e+00
5.070453609332108869e+00
5.070001205309893066e+00
5.069485086418356268e+00
5.068909412353899135e+00
5.068277988463308681e+00
5.067592256173160337e+00
5.066856495245959380e+00
5.066074174299503241e+00
5.065250292002822619e+00
5.064389163583185471e+00
5.063494156777526456e+00
5.062566597491170661e+00
5.061606694489386271e+00
5.060616821303632662e+00
5.059600595712330673e+00
5.058561516806152625e+00
5.057502539485361659e+00
5.056426337614323252e+00
5.055336234822537911e+00
5.054232643499639188e+00
5.053118754356768605e+00
5.051995856120850448e+00
5.050866797372366435e+00
5.049732956766749936e+00
5.048593077838090082e+00
5.047449919685391251e+00
5.046303503319292005e+00
5.045156726568607475e+00
5.044010365560320786e+00
5.042863583072690226e+00
5.041719603046444398e+00
5.040579416408804470e+00
5.039447102725176819e+00
5.038324937179355700e+00
5.037212322085766303e+00
5.036113281801013031e+00
5.035028938680557786e+00
5.033963887571959006e+00
5.032920721798806341e+00
5.031900488689212914e+00
5.030904251590042620e+00
5.029933217346341578e+00
5.028987691208394395e+00
5.028068415477545905e+00
5.027175212829979145e+00
5.026308201431902489e+00
5.025467706426652192e+00
5.024654425486596132e+00
5.023870003476412549e+00
5.023116142853766952e+00
5.022394947513610930e+00
5.021710558935671642e+00
5.021059532120495383e+00
5.020440877891747533e+00
5.019854328997102932e+00
5.019301166042354545e+00
5.018784409381118472e+00
5.018300286896196560e+00
5.017847150109377985e+00
5.017424561820593709e+00
5.017033565111127302e+00
5.016677119947639873e+00
5.016351412377921370e+00
5.016055163882342072e+00
5.015786387428311066e+00
5.015543371580211129e+00
5.015323078438309601e+00
5.015128464560626220e+00
5.014958908140330074e+00
5.014818662564872298e+00
5.014709747165113640e+00
5.014631415849221341e+00
5.014582369459462896e+00
5.014561123244134500e+00
5.014565879739897092e+00
5.014594829503989715e+00
5.014646019919386077e+00
5.014717189415899945e+00
5.014806513141451205e+00
5.014911610416678656e+00
5.015030311762897597e+00
5.015160498234985553e+00
5.015299730298651504e+00
5.015446137979237662e+00
5.015597242943552914e+00
5.015750825533253909e+00
5.015906860341859286e+00
5.016066126783918833e+00
5.016230720111710006e+00
5.016397795265150172e+00
5.016566797250490595e+00
5.016735689470151804e+00
5.016907200010101597e+00
5.017081955222019829e+00
5.017259086014308700e+00
5.017436946125306108e+00
5.017612811995276090e+00
5.017789145836212050e+00
5.017966259343154434e+00
5.018142967855162340e+00
5.018317328838236335e+00
5.018486651850468938e+00
5.018650466797477172e+00
5.018809852094924473e+00
5.018966859371937872e+00
5.019124170334615442e+00
5.019279741884746571e+00
5.019433554874338732e+00
5.019584344921240060e+00
5.019735059884913753e+00
5.019886583832628979e+00
5.020038004701562251e+00
5.020187575712405703e+00
5.020332965029009387e+00
5.020476378134988593e+00
5.020618237617962443e+00
5.020760861660891194e+00
5.020902800995464155e+00
5.021044994031618636e+00
5.021185200649854075e+00
5.021323774380217486e+00
5.021463176223988967e+00
5.021601831128429616e+00
5.021740688679348530e+00
5.021877438935991478e+00
5.022012387279031209e+00
5.022148021550460584e+00
5.022282757067665138e+00
5.022417550140603204e+00
5.022550064127504932e+00
5.022680517181366433e+00
5.022806053094177159e+00
5.022922094769385559e+00
5.023027680709568621e+00
5.023119970399496204e+00
5.023198755194973941e+00
5.023261660772916137e+00
5.023308094840105653e+00
5.023338525805230326e+00
5.023354065321694151e+00
5.023356361399712533e+00
5.023347234164904584e+00
5.023328382985274843e+00
5.023298334612119831e+00
5.023257587927002277e+00
5.023204075761679377e+00
5.023138440114054859e+00
5.023062784264404890e+00
5.022975935202633302e+00
5.022878604496439969e+00
5.022768839320709056e+00
5.022647366246749456e+00
5.022516407196020438e+00
5.022374825358932426e+00
5.022223412881216653e+00
5.022060271578451918e+00
5.021885560716111918e+00
5.021697500443626616e+00
5.021497242620756474e+00
5.021287699902971191e+00
5.021068686100265133e+00
5.020842098186334646e+00
5.020607214404812169e+00
5.020365723224898602e+00
5.020119254237583206e+00
5.019869322276285573e+00
5.019617475702038867e+00
5.019365078567138205e+00
5.019113603963128334e+00
5.018864446489683218e+00
5.018617576884648379e+00
5.018371502796730610e+00
5.018129075898399627e+00
5.017890854852816496e+00
5.017660851592741444e+00
5.017440952269904386e+00
5.017230309939554544e+00
5.017032681501082614e+00
5.016848742945663631e+00
5.016682979317925728e+00
5.016537908439135052e+00
5.016413109351492317e+00
5.016307318017429573e+00
5.016217542572490196e+00
5.016146081884003571e+00
5.016093730919605420e+00
5.016058876884713413e+00
5.016039231033142087e+00
5.016031305979200106e+00
5.016037054924022520e+00
5.016056086960674953e+00
5.016091982551809991e+00
5.016146505854051973e+00
5.016219090066809549e+00
5.016307958440815007e+00
5.016410204620991742e+00
5.016527784012217772e+00
5.016661393346224962e+00
5.016809330575128456e+00
5.016969188034494209e+00
5.017137929920067130e+00
5.017317235257436003e+00
5.017507093112874905e+00
5.017709124024916534e+00
5.017919595289933810e+00
5.018137782972263317e+00
5.018358313247516911e+00
5.018579069964543393e+00
5.018799679234578370e+00
5.019018679365469637e+00
5.019232949364884178e+00
5.019438661273524005e+00
5.019632491275624275e+00
5.019815217696086407e+00
5.019986580658659214e+00
5.020148957978888937e+00
5.020302690017924618e+00
5.020446465101048084e+00
5.020578880097672503e+00
5.020698305323674226e+00
5.020803260665341661e+00
5.020892452990589838e+00
5.020964637069917025e+00
5.021018423169806510e+00
5.021052173522256190e+00
5.021064617206064007e+00
5.021055399965332455e+00
5.021028031279636927e+00
5.020984529975175192e+00
5.020925710486553228e+00
5.020851780810698273e+00
5.020762399864688419e+00
5.020658157348008466e+00
5.020539372937129485e+00
5.020402071514473263e+00
5.020244543367371470e+00
5.020066226386770580e+00
5.019867520426704921e+00
5.019649191276475797e+00
5.019412266054496641e+00
5.019158391096935290e+00
5.018889208753900100e+00
5.018606569861367994e+00
5.018312313539282421e+00
5.018008351103707909e+00
5.017696544547871618e+00
5.017376639788343695e+00
5.017051615623129734e+00
5.016722095032527307e+00
5.016391483565165288e+00
5.016060780008627873e+00
5.015728723389401900e+00
5.015397993346050853e+00
5.015068718214825694e+00
5.014744311963514001e+00
5.014425513205424956e+00
5.014115094413354790e+00
5.013811620344713837e+00
5.013515944146859304e+00
5.013231460602331602e+00
5.012956599016984427e+00
5.012692880613107249e+00
5.012437635773169475e+00
5.012191128955531205e+00
5.011955654640989799e+00
5.011733586863921452e+00
5.011527171173439044e+00
5.011338504572705688e+00
5.011170766671495969e+00
5.011020465988043071e+00
5.010886022179694699e+00
5.010767020379499392e+00
5.010663844292357894e+00
5.010578188077852602e+00
5.010505731363155135e+00
5.010444244101019073e+00
5.010393063180455187e+00
5.010352338115992232e+00
5.010322780661592645e+00
5.010305470373788594e+00
5.010302631920279026e+00
5.010310462139972110e+00
5.010326917818241022e+00
5.010351623626850603e+00
5.010384794470812864e+00
5.010427792805205449e+00
5.010476517283315445e+00
5.010528587104709608e+00
5.010583521073641577e+00
5.010641421514519855e+00
5.010703296565408138e+00
5.010765075359451259e+00
5.010824408179106904e+00
5.010880811649331967e+00
5.010934294491963925e+00
5.010985768127214079e+00
5.011035627119202474e+00
5.011083776505622644e+00
5.011135041524614309e+00
5.011192431991878138e+00
5.011257809956517484e+00
5.011332229526672677e+00
5.011416043026331479e+00
5.011509488459636508e+00
5.011612111732322461e+00
5.011723641391801820e+00
5.011843400105792767e+00
5.011970765322405263e+00
5.012105185558977105e+00
5.012245644388678478e+00
5.012391503864856546e+00
5.012541767844886031e+00
5.012695746386379270e+00
5.012852631734641129e+00
5.013011436724991832e+00
5.013171152213545589e+00
5.013330544887066864e+00
5.013488385828168248e+00
5.013643299501346462e+00
5.013793804675298560e+00
5.013938473846719646e+00
5.014075804810925518e+00
5.014204788163256765e+00
5.014328889038365489e+00
5.014450104750645565e+00
5.014569272195873673e+00
5.014686553517307743e+00
5.014801524180871439e+00
5.014913586053949324e+00
5.015021695999380746e+00
5.015124786581795391e+00
5.015221513437058576e+00
5.015310536643441175e+00
5.015390513615633594e+00
5.015459934661114616e+00
5.015517484892108691e+00
5.015561484379642998e+00
5.015590484055638676e+00
5.015602949439262659e+00
5.015598098720429832e+00
5.015578278841923421e+00
5.015544432102245764e+00
5.015500189232183992e+00
5.015446541587365914e+00
5.015382957634060723e+00
5.015312396640434045e+00
5.015235779232821933e+00
5.015157116841069573e+00
5.015077631392991897e+00
5.014996538789486813e+00
5.014911919090440762e+00
5.014821114170839422e+00
5.014725931439090623e+00
5.014625932447153822e+00
5.014519507254946440e+00
5.014404306638526876e+00
5.014277917140634422e+00
5.014142196954700204e+00
5.013997336042587349e+00
5.013844331478241934e+00
5.013684243609672464e+00
5.013518244394576051e+00
5.013344712549364424e+00
5.013164905974186070e+00
5.012977589083379648e+00
5.012783986305362482e+00
5.012582578764773977e+00
5.012369939734704793e+00
5.012146069829828576e+00
5.011909025305427257e+00
5.011659334631182183e+00
5.011395679389601732e+00
5.011119533640808754e+00
5.010834119127607345e+00
5.010539555506325016e+00
5.010238014528073158e+00
5.009929121093370519e+00
5.009614894793846140e+00
5.009298791991093402e+00
5.008980235563138095e+00
5.008660797582487945e+00
5.008338809454363272e+00
5.008015106537859751e+00
5.007692537562469681e+00
5.007373065607169771e+00
5.007057800361434552e+00
5.006747505845049240e+00
5.006442431820103067e+00
5.006142730427453280e+00
5.005848423068890440e+00
5.005559370791087481e+00
5.005275371217648761e+00
5.004996057854514291e+00
5.004721130480539237e+00
5.004450128389072994e+00
5.004186281201911335e+00
5.003929436107648066e+00
5.003682722908926017e+00
5.003446114094477259e+00
5.003222764463643557e+00
5.003013270435403115e+00
5.002814992846468911e+00
5.002630024062017178e+00
5.002457126410225996e+00
5.002299000130514095e+00
5.002155772991025984e+00
5.002024395841652371e+00
5.001906801875227515e+00
5.001801580594399610e+00
5.001711314659113228e+00
5.001636063478433591e+00
5.001572717310406091e+00
5.001523170241630289e+00
5.001485968840783336e+00
5.001463699535008800e+00
5.001456248514361214e+00
5.001462231260730640e+00
5.001479806410853435e+00
5.001506108797394212e+00
5.001543812555966362e+00
5.001593821099732828e+00
5.001655427175347057e+00
5.001727244439307718e+00
5.001806723433319668e+00
5.001896773152757270e+00
5.001998445545095429e+00
5.002111149630281695e+00
5.002233546352718108e+00
5.002363252262358451e+00
5.002501754187753669e+00
5.002647900855874852e+00
5.002797798714375688e+00
5.002952099130264507e+00
5.003108676341136984e+00
5.003268914897701869e+00
5.003431407869569192e+00
5.003597700283639149e+00
5.003766337749325110e+00
5.003933235541695446e+00
5.004098244425619235e+00
5.004258687332982625e+00
5.004414976206386534e+00
5.004564813957328440e+00
5.004703836631739122e+00
5.004831467666441824e+00
5.004945091125334145e+00
5.005044733122701928e+00
5.005128472489085212e+00
5.005197434862855843e+00
5.005254232990336227e+00
5.005298577318679776e+00
5.005332154780406384e+00
5.005353960736900198e+00
5.005365293355205303e+00
5.005364428597019355e+00
5.005347913928778425e+00
5.005315280923602117e+00
5.005264413472246154e+00
5.005195380695145246e+00
5.005106379980201581e+00
5.004997864164392851e+00
5.004871834129075658e+00
5.004731184117476417e+00
5.004578779576326575e+00
5.004413687506670705e+00
5.004236924661304542e+00
5.004050847789254242e+00
5.003858627745863430e+00
5.003663816427794231e+00
5.003465544017013045e+00
5.003264585243519136e+00
5.003058242456968507e+00
5.002846303781475434e+00
5.002630163500065841e+00
5.002407362734879293e+00
5.002177450651283053e+00
5.001936969378943054e+00
5.001685336822623285e+00
5.001423815147931329e+00
5.001154818305725946e+00
5.000881224138641556e+00
5.000601781694197889e+00
5.000317311486207394e+00
5.000029994802527966e+00
4.999742919592164547e+00
4.999459871010831336e+00
4.999179921144597749e+00
4.998904008021556322e+00
4.998629234949104827e+00
4.998355339927576857e+00
4.998083730893187138e+00
4.997815619179956315e+00
4.997551383649907919e+00
4.997291373027466399e+00
4.997035536350660223e+00
4.996788703700505430e+00
4.996554616628192669e+00
4.996335229048483484e+00
4.996132278529905157e+00
4.995946403903865018e+00
4.995777999436462835e+00
4.995627689924070580e+00
4.995495301684345080e+00
4.995381044562885897e+00
4.995284522309878739e+00
4.995205459412169091e+00
4.995143987144325948e+00
4.995099575863202190e+00
4.995072254339681272e+00
4.995061399858892415e+00
4.995066940877801009e+00
4.995088287266184146e+00
4.995123203511098176e+00
4.995167173363947555e+00
4.995219625991517809e+00
4.995276966996239132e+00
4.995338481709109324e+00
4.995400813615629154e+00
4.995463897425430844e+00
4.995529978594493770e+00
4.995597424654040886e+00
4.995666920489381546e+00
4.995736060522245836e+00
4.995805437134329452e+00
4.995877768758434812e+00
4.995951696213085214e+00
4.996028185088869478e+00
4.996105409625669402e+00
4.996183552339425127e+00
4.996260118216960144e+00
4.996330881489194020e+00
4.996395211604177433e+00
4.996450990310623119e+00
4.996498258651919322e+00
4.996534801649614721e+00
4.996557122203739709e+00
4.996564576181335759e+00
4.996555540028129627e+00
4.996530039179706506e+00
4.996486732726552304e+00
4.996427013682768425e+00
4.996351260789308135e+00
4.996256421529324143e+00
4.996140979076370670e+00
4.996004687458841964e+00
4.995848414287536343e+00
4.995672989566444677e+00
4.995479660206107120e+00
4.995270000625964713e+00
4.995045723546859051e+00
4.994809041027542307e+00
4.994561773803647853e+00
4.994305861820098613e+00
4.994043363150771242e+00
4.993776332740303303e+00
4.993507079654003533e+00
4.993237607259863431e+00
4.992970042456501112e+00
4.992706566550398684e+00
4.992444998067432138e+00
4.992185320336931298e+00
4.991924045146070910e+00
4.991660350043884975e+00
4.991395440925470162e+00
4.991130167380532612e+00
4.990865014106593556e+00
4.990600324743055261e+00
4.990336273354105678e+00
4.990074720796756402e+00
4.989818319123798140e+00
4.989570884932391870e+00
4.989331105318480120e+00
4.989099506423436914e+00
4.988878161483071949e+00
4.988669980377517632e+00
4.988479357198439601e+00
4.988304939404688554e+00
4.988148088999651009e+00
4.988005436067098231e+00
4.987876369119249809e+00
4.987762021817824909e+00
4.987664660079962786e+00
4.987588470205291280e+00
4.987531636412812830e+00
4.987494866670666660e+00
4.987476805729882834e+00
4.987481574181209965e+00
4.987512266852635712e+00
4.987569179644551376e+00
4.987652522537599609e+00
4.987760777583087446e+00
4.987892331693063674e+00
4.988045528109858573e+00
4.988221685688685625e+00
4.988417184713971331e+00
4.988631827503184901e+00
4.988861149780194459e+00
4.989103931344788023e+00
4.989361662592481927e+00
4.989631202991794190e+00
4.989912441789845943e+00
4.990201321307311311e+00
4.990497000615784273e+00
4.990798661790528001e+00
4.991105972759165788e+00
4.991418529532591464e+00
4.991735477529208431e+00
4.992056330673140252e+00
4.992380156077187436e+00
4.992706104263406885e+00
4.993033614426594546e+00
4.993361539624374679e+00
4.993689512170594647e+00
4.994016375176351552e+00
4.994341670021158031e+00
4.994664260752243123e+00
4.994983070835215422e+00
4.995297738693397882e+00
4.995607173599045936e+00
4.995910860325884606e+00
4.996207733869295176e+00
4.996496847334991109e+00
4.996777680095028096e+00
4.997049192718903576e+00
4.997310715473929577e+00
4.997561414900909327e+00
4.997800282843152253e+00
4.998026969644913109e+00
4.998241494640448757e+00
4.998444862037638714e+00
4.998637938990930785e+00
4.998822085864584430e+00
4.998998479738573586e+00
4.999164343967776425e+00
4.999318980013693903e+00
4.999458366704847556e+00
4.999581589873623777e+00
4.999688844483089589e+00
4.999777144629252490e+00
4.999845475245011883e+00
4.999889951201833327e+00
4.999910284115679282e+00
4.999907686209402513e+00
4.999884219937589691e+00
4.999842409477200711e+00
4.999780560074936986e+00
4.999699938171175084e+00
4.999602660112647534e+00
4.999491815291909447e+00
4.999370418716786446e+00
4.999237322932674310e+00
4.999092879774614140e+00
4.998934347177488746e+00
4.998761825295730432e+00
4.998576641245377594e+00
4.998381124469084114e+00
4.998178161135507835e+00
4.997966488687885622e+00
4.997747115562304110e+00
4.997522117714031431e+00
4.997294536563201994e+00
4.997067886753573163e+00
4.996841070926381079e+00
4.996614923714293610e+00
4.996389417401148947e+00
4.996168880699768167e+00
4.995956058497173835e+00
4.995751816234185405e+00
4.995556573471620077e+00
4.995369651740983130e+00
4.995190163529112048e+00
4.995016593928080617e+00
4.994852719246042128e+00
4.994700861074596432e+00
4.994561528148694585e+00
4.994434689501865421e+00
4.994319094339951803e+00
4.994219127050235407e+00
4.994137540268346775e+00
4.994075039066009580e+00
4.994032132411011737e+00
4.994007732933024357e+00
4.994001289204680560e+00
4.994011228428207438e+00
4.994039134985285955e+00
4.994081397835614666e+00
4.994137608061063105e+00
4.994202991809214787e+00
4.994275961361345217e+00
4.994356871034471013e+00
4.994447520898175341e+00
4.994551198418703208e+00
4.994665855450075576e+00
4.994791683835428486e+00
4.994924882838022384e+00
4.995064457265179669e+00
4.995211704356115057e+00
4.995363273035255069e+00
4.995518484210116128e+00
4.995673039128524451e+00
4.995825463478904993e+00
4.995976414253457953e+00
4.996122576437413088e+00
4.996262844951345095e+00
4.996393088355181256e+00
4.996512007351485707e+00
4.996620318630232482e+00
4.996719919183746583e+00
4.996813166282595198e+00
4.996898301152037369e+00
4.996975621717507643e+00
4.997046009731936245e+00
4.997110981719093736e+00
4.997172183428416403e+00
4.997226444479535346e+00
4.997272613771717609e+00
4.997310630959916899e+00
4.997341444801067567e+00
4.997366351726458156e+00
4.997386256874531973e+00
4.997401954535389379e+00
4.997418559018051099e+00
4.997439742534417029e+00
4.997467716926704107e+00
4.997504183937790501e+00
4.997550023565064059e+00
4.997605847161259440e+00
4.997672071176578079e+00
4.997748703578484886e+00
4.997835833415386730e+00
4.997933267433194438e+00
4.998040851218623182e+00
4.998158398395402990e+00
4.998285646898670720e+00
4.998422366831450248e+00
4.998568226354196398e+00
4.998722948314621384e+00
4.998886567385866009e+00
4.999054716987533453e+00
4.999226206107062254e+00
4.999396357009184833e+00
4.999563587693494959e+00
4.999728490108621415e+00
4.999892827620728397e+00
5.000059405317530015e+00
5.000226363105698901e+00
5.000393910532817898e+00
5.000558719852939760e+00
5.000719919869677454e+00
5.000878553478050215e+00
5.001031566964464936e+00
5.001178208705041150e+00
5.001314656756822075e+00
5.001439729783687227e+00
5.001554432263602301e+00
5.001660538552333612e+00
5.001760484123607853e+00
5.001852442290640965e+00
5.001936432033785351e+00
5.002014024736367581e+00
5.002087538716389226e+00
5.002159897269685906e+00
5.002229457939047386e+00
5.002296149203557363e+00
5.002357685117986286e+00
5.002414663824256813e+00
5.002464941990565350e+00
5.002504652355802328e+00
5.002533283893953353e+00
5.002548630532346330e+00
5.002550938039439288e+00
5.002538568427207899e+00
5.002512819066996741e+00
5.002476625436338864e+00
5.002430000382830144e+00
5.002374855911714491e+00
5.002310504637081934e+00
5.002238527437095961e+00
5.002157641512698483e+00
5.002064497883788263e+00
5.001959047329968655e+00
5.001839259484207822e+00
5.001705624175614595e+00
5.001556790315902390e+00
5.001394036387449837e+00
5.001220485710895503e+00
5.001036017977988024e+00
5.000842793074792070e+00
5.000640301120822251e+00
5.000430404127929940e+00
5.000217007113044509e+00
5.000000245527719045e+00
4.999782645565812089e+00
4.999563614086603103e+00
4.999345071141964247e+00
4.999126097591018336e+00
4.998907310397719961e+00
4.998690633935278349e+00
4.998478545670753448e+00
4.998274530035800467e+00
4.998076715351439603e+00
4.997885169473834210e+00
4.997701404479689025e+00
4.997527620097047318e+00
4.997367517811601267e+00
4.997218979935516892e+00
4.997082502686774674e+00
4.996954419327323649e+00
4.996833850381319664e+00
4.996722385756094731e+00
4.996620941845121955e+00
4.996529939699340339e+00
4.996449507310408045e+00
4.996378898032362237e+00
4.996323059572257641e+00
4.996285354486551533e+00
4.996267869824893459e+00
4.996271899023501106e+00
4.996298172080366307e+00
4.996347050249985600e+00
4.996418511883764957e+00
4.996512536059541709e+00
4.996628716632200096e+00
4.996766762377170323e+00
4.996926331331428273e+00
4.997106715717760217e+00
4.997307594751415394e+00
4.997528219835308150e+00
4.997768206463600649e+00
4.998027024210836444e+00
4.998304900301094200e+00
4.998595819787528427e+00
4.998895066992785630e+00
4.999199837592836815e+00
4.999507838466609400e+00
4.999817362965488954e+00
5.000127307379091945e+00
5.000436360945397674e+00
5.000743755658562328e+00
5.001048729622209699e+00
5.001350568232530769e+00
5.001648851053261069e+00
5.001942793854916580e+00
5.002231938911074316e+00
5.002515677267157734e+00
5.002793644999558254e+00
5.003065257219071249e+00
5.003329973274316167e+00
5.003587035310859576e+00
5.003835334756817410e+00
5.004073692781324745e+00
5.004300696810180860e+00
5.004514834897064723e+00
5.004714656004153994e+00
5.004899325312520020e+00
5.005071478316033051e+00
5.005232273021185563e+00
5.005385423859054050e+00
5.005532564723337963e+00
5.005673178841764326e+00
5.005805848974206995e+00
5.005928686528871907e+00
5.006043666310080908e+00
5.006151095980250432e+00
5.006249498275512799e+00
5.006336759754862697e+00
5.006410664461959925e+00
5.006472794886153821e+00
5.006523740685018709e+00
5.006566865567521951e+00
5.006603585909990883e+00
5.006633556964746212e+00
5.006658391386675788e+00
5.006677082620965891e+00
5.006691059457309301e+00
5.006703765701905340e+00
5.006714777720562282e+00
5.006725963398284129e+00
5.006736203883709990e+00
5.006746779304164896e+00
5.006756098449048231e+00
5.006760738536475408e+00
5.006760970890870688e+00
5.006755137837723524e+00
5.006744404610476984e+00
5.006727536158402714e+00
5.006701474772531135e+00
5.006666629859941153e+00
5.006621655161255013e+00
5.006567763384193626e+00
5.006504118513078083e+00
5.006432439969614734e+00
5.006354182274773912e+00
5.006270148759469407e+00
5.006181234135985036e+00
5.006087977817043289e+00
5.005990910134970662e+00
5.005890583419933648e+00
5.005787250563264124e+00
5.005681380653515866e+00
5.005573195019496602e+00
5.005463275421170977e+00
5.005351932268349735e+00
5.005239321650696738e+00
5.005125805806128092e+00
5.005011591134350901e+00
5.004897062858325363e+00
5.004782534554358620e+00
5.004667763063441299e+00
5.004552314333374774e+00
5.004440442207958029e+00
5.004334761179741520e+00
5.004236529586596482e+00
5.004146163087097143e+00
5.004063580889013707e+00
5.003988366947268673e+00
5.003919700859804642e+00
5.003856661385614579e+00
5.003798030941505104e+00
5.003742673528138951e+00
5.003689337545764282e+00
5.003636636362170265e+00
5.003587272680122489e+00
5.003540994986649615e+00
5.003501142268757640e+00
5.003468169614896155e+00
5.003440344073568191e+00
5.003416006039586250e+00
5.003393941145149348e+00
5.003373088595217233e+00
5.003352313631438619e+00
5.003333991326616825e+00
5.003317291101666342e+00
5.003304490664266524e+00
5.003294939186414325e+00
5.003289083173256380e+00
5.003288450198995818e+00
5.003294967530926840e+00
5.003310989744893966e+00
5.003339049627936852e+00
5.003382681894980699e+00
5.003439460036278597e+00
5.003508624060012622e+00
5.003590845324032088e+00
5.003687519019404562e+00
5.003801400976191083e+00
5.003929536629402541e+00
5.004070702193239129e+00
5.004225272869624597e+00
5.004394473729589343e+00
5.004580996425755934e+00
5.004781691057540449e+00
5.004995921047338037e+00
5.005219532007285643e+00
5.005452664399453688e+00
5.005692413894393233e+00
5.005933452097633740e+00
5.006174793204227313e+00
5.006412840390511931e+00
5.006647370139070574e+00
5.006875554861434097e+00
5.007097734844244030e+00
5.007315980119562582e+00
5.007528980428284981e+00
5.007737639339572056e+00
5.007939721083199736e+00
5.008135762361741961e+00
5.008325836656547736e+00
5.008510200416601776e+00
5.008688883462853347e+00
5.008861748089945110e+00
5.009028797762399954e+00
5.009189794396912809e+00
5.009343776114215885e+00
5.009489117402513791e+00
5.009628297461126145e+00
5.009762042693722606e+00
5.009889246949855490e+00
5.010008395675498605e+00
5.010117283638495067e+00
5.010218485712933045e+00
5.010312412900777446e+00
5.010397758221181164e+00
5.010472848813908087e+00
5.010535533943142106e+00
5.010588191079836662e+00
5.010631577645359158e+00
5.010668853291240232e+00
5.010700927330576704e+00
5.010730941377508962e+00
5.010759784796203320e+00
5.010785789608884322e+00
5.010811103510598663e+00
5.010835392489492612e+00
5.010861559086873029e+00
5.010890024449138558e+00
5.010918534915354883e+00
5.010949273456744457e+00
5.010981637274771749e+00
5.011018458630814187e+00
5.011060018579400754e+00
5.011104158836342748e+00
5.011147962536588452e+00
5.011187832344248250e+00
5.011224848705269075e+00
5.011258407978265161e+00
5.011291269157471362e+00
5.011323982896673357e+00
5.011355061401071787e+00
5.011383561150093868e+00
5.011408923527149284e+00
5.011430810948756864e+00
5.011448899367048959e+00
5.011458648918003966e+00
5.011457395146961424e+00
5.011439553866757102e+00
5.011402386417275423e+00
5.011345055019146066e+00
5.011267924648372230e+00
5.011171021605505871e+00
5.011051002251580400e+00
5.010906840101480242e+00
5.010738558028489997e+00
5.010547446761878021e+00
5.010334648736418650e+00
5.010100915827455204e+00
5.009847711627037015e+00
5.009579409905374980e+00
5.009299344722778713e+00
5.009009025045336294e+00
5.008709609475584301e+00
5.008401561067105767e+00
5.008086531930270091e+00
5.007766691767276512e+00
5.007440018751323940e+00
5.007106582284571061e+00
5.006766743980944234e+00
5.006421234928668085e+00
5.006070642121733805e+00
5.005713585153818812e+00
5.005347229637803430e+00
5.004972343169750815e+00
5.004587845713499128e+00
5.004195350207987225e+00
5.003793994770053821e+00
5.003381462529901569e+00
5.002958730742935067e+00
5.002525014304223916e+00
5.002082053036097875e+00
5.001629204661253603e+00
5.001165653974417147e+00
5.000694524668757524e+00
5.000217500091198808e+00
4.999739264943305450e+00
4.999262410835031645e+00
4.998787572742108942e+00
4.998319340631966590e+00
4.997859592050915012e+00
4.997413744278854431e+00
4.996985017791993222e+00
4.996574175418026620e+00
4.996180997998125761e+00
4.995803374522038709e+00
4.995444773868330302e+00
4.995106763192125321e+00
4.994788936548539837e+00
4.994490173277117862e+00
4.994207806032754604e+00
4.993944886237986935e+00
4.993702239025988199e+00
4.993481296714998408e+00
4.993283895668245265e+00
4.993113620043403422e+00
4.992967214057824954e+00
4.992843615538111735e+00
4.992743006148046447e+00
4.992666374602956481e+00
4.992616824372341888e+00
4.992590484998324918e+00
4.992586295071484770e+00
4.992603738257855639e+00
4.992643815391891948e+00
4.992708396661290848e+00
4.992798325169094831e+00
4.992912678626561629e+00
4.993049755563223613e+00
4.993206608240686961e+00
4.993386336063227127e+00
4.993590499499074298e+00
4.993818665818503533e+00
4.994069679697237696e+00
4.994340753109388409e+00
4.994635076784723182e+00
4.994954346046977633e+00
4.995298182890945959e+00
4.995665728525453986e+00
4.996054748186105066e+00
4.996463008188837485e+00
4.996888301857942416e+00
4.997327651978664242e+00
4.997778339498870182e+00
4.998237093501917805e+00
4.998700496928027981e+00
4.999165653363995432e+00
4.999629203194014160e+00
5.000088073798647947e+00
5.000538839251927214e+00
5.000978159346811225e+00
5.001403670796387146e+00
5.001816962921253662e+00
5.002218452991178843e+00
5.002607042045525532e+00
5.002981127985947296e+00
5.003339435645571598e+00
5.003684372940292668e+00
5.004016754255821375e+00
5.004335942530265591e+00
5.004640553520252944e+00
5.004929487762233009e+00
5.005205336214234357e+00
5.005469043013831332e+00
5.005720839985838388e+00
5.005960536693415008e+00
5.006187621225794082e+00
5.006401397642870954e+00
5.006600981374463188e+00
5.006785343569895907e+00
5.006953549423447392e+00
5.007104428160197962e+00
5.007236877708890255e+00
5.007350794376068670e+00
5.007449711823098504e+00
5.007535960181810353e+00
5.007610486765586622e+00
5.007673740923598515e+00
5.007725614962361682e+00
5.007766168928899475e+00
5.007795545387742742e+00
5.007814104752577933e+00
5.007822144994241498e+00
5.007820101598444040e+00
5.007808290233769277e+00
5.007786942155033394e+00
5.007754659131569142e+00
5.007711875322673478e+00
5.007656786051046360e+00
5.007589130551021839e+00
5.007506822599497198e+00
5.007410342190814490e+00
5.007301520277215978e+00
5.007179840989810948e+00
5.007045866679801449e+00
5.006898140199884217e+00
5.006737538725539061e+00
5.006566191688581746e+00
5.006383816972776124e+00
5.006191164777083813e+00
5.005987050608200484e+00
5.005771663859886367e+00
5.005544273462546379e+00
5.005306569002969219e+00
5.005057926476401242e+00
5.004796981215876350e+00
5.004525094274830721e+00
5.004242173005294170e+00
5.003950514868300559e+00
5.003650029190283455e+00
5.003339319155018394e+00
5.003020077199142435e+00
5.002692179382245641e+00
5.002358119041125484e+00
5.002018012330335495e+00
5.001670214683216820e+00
5.001316655688387236e+00
5.000957077108723503e+00
5.000594228580993672e+00
5.000228334702950583e+00
4.999857808910709522e+00
4.999485154301329004e+00
4.999110498838528649e+00
4.998737378493354200e+00
4.998366750218377952e+00
4.997997490168022416e+00
4.997629741765963196e+00
4.997264643051134492e+00
4.996904094815658226e+00
4.996550316997276475e+00
4.996205948330866065e+00
4.995874247029828297e+00
4.995552879944848534e+00
4.995241404772210458e+00
4.994940621778773959e+00
4.994652114604073212e+00
4.994378615506397168e+00
4.994117204323814896e+00
4.993867002632872421e+00
4.993628607634859051e+00
4.993403435163605408e+00
4.993193548862296716e+00
4.993000251446327198e+00
4.992823391221871354e+00
4.992662548795750332e+00
4.992516024653277817e+00
4.992387630874699056e+00
4.992279251208937119e+00
4.992190966960451171e+00
4.992122017709015758e+00
4.992069847709907471e+00
4.992037918810209085e+00
4.992027821034834112e+00
4.992039450750861640e+00
4.992071885570594780e+00
4.992122410053098314e+00
4.992194414382510992e+00
4.992289477579006096e+00
4.992407416572505419e+00
4.992547265274161816e+00
4.992707260792785817e+00
4.992885336281442932e+00
4.993078655937397414e+00
4.993287576904230640e+00
4.993507279382729536e+00
4.993736086358958381e+00
4.993968554774009583e+00
4.994201960937764362e+00
4.994436035250958028e+00
4.994671517817016237e+00
4.994910291453536821e+00
4.995149435421163631e+00
4.995388067738796956e+00
4.995626977553301984e+00
4.995867743754469181e+00
4.996112800558737632e+00
4.996361007338097515e+00
4.996613926907708780e+00
4.996870150567671587e+00
4.997125512195458974e+00
4.997379752119711860e+00
4.997630030272237178e+00
4.997876489555172164e+00
4.998116894198290971e+00
4.998351890707097844e+00
4.998584289049440521e+00
4.998813358043962651e+00
4.999040754476272497e+00
4.999265194685840186e+00
4.999487808162056623e+00
4.999706845061565375e+00
4.999918303714776080e+00
5.000121666976893309e+00
5.000314308201605051e+00
5.000496156384879320e+00
5.000664519669197894e+00
5.000816052920826316e+00
5.000950707087002733e+00
5.001067268253944320e+00
5.001166702752642301e+00
5.001247581002942866e+00
5.001307637092366143e+00
5.001347290078818730e+00
5.001365808777452848e+00
5.001364405376924616e+00
5.001342235392048252e+00
5.001299658956094518e+00
5.001240399538628090e+00
5.001166566096334698e+00
5.001079028489155753e+00
5.000978064786730570e+00
5.000863979214891231e+00
5.000740708287893632e+00
5.000610805347649901e+00
5.000475318895741594e+00
5.000334490293727008e+00
5.000188089337290087e+00
5.000035256257371330e+00
4.999875483213084060e+00
4.999712437668906162e+00
4.999547992197888036e+00
4.999382717290982825e+00
4.999216441826984436e+00
4.999048472547992894e+00
4.998882547279907662e+00
4.998720889369113074e+00
4.998564046079379430e+00
4.998411855826240924e+00
4.998263481648725026e+00
4.998117713563232201e+00
4.997973010482354539e+00
4.997832382710737598e+00
4.997696763116953989e+00
4.997566801978363671e+00
4.997442958185538409e+00
4.997325511815115640e+00
4.997216664858251889e+00
4.997119550218894091e+00
4.997039032120347279e+00
4.996974457291043947e+00
4.996927982669411961e+00
4.996897193652666935e+00
4.996882154944441545e+00
4.996886005101813133e+00
4.996906493693213491e+00
4.996944853168069578e+00
4.996997947253374761e+00
4.997065664057707579e+00
4.997148595566949680e+00
4.997242134085944087e+00
4.997343831456354302e+00
4.997453190379864019e+00
4.997570526816969227e+00
4.997697434046391329e+00
4.997830113901841287e+00
4.997966673051092101e+00
4.998107026361944705e+00
4.998251809471370599e+00
4.998402630531312951e+00
4.998555843032049140e+00
4.998709746453063651e+00
4.998863673026757048e+00
4.999017379128457783e+00
4.999171037267045037e+00
4.999325007836417534e+00
4.999479838081717809e+00
4.999636194326996907e+00
4.999794879158109495e+00
4.999956718788563848e+00
5.000122586165637095e+00
5.000293639482080721e+00
5.000465406564147841e+00
5.000635197379708963e+00
5.000801627573641106e+00
5.000964012661101243e+00
5.001122075890275909e+00
5.001272739454257099e+00
5.001415751895951445e+00
5.001552679457786255e+00
5.001681595186787455e+00
5.001802690693262221e+00
5.001913356998088034e+00
5.002013699275525305e+00
5.002105452272193276e+00
5.002188015070827554e+00
5.002263264100151652e+00
5.002330762048335266e+00
5.002392437586642870e+00
5.002447592753998862e+00
5.002493577942332514e+00
5.002531177409073493e+00
5.002559108329552195e+00
5.002578725079620092e+00
5.002588816779280023e+00
5.002586554903354354e+00
5.002572455738954815e+00
5.002545228071793915e+00
5.002506050069167820e+00
5.002454041486886993e+00
5.002389721011093471e+00
5.002314707350268286e+00
5.002231125545038459e+00
5.002141530739425690e+00
5.002048749832718855e+00
5.001955817930682890e+00
5.001860986717327151e+00
5.001763996437473381e+00
5.001666102551204141e+00
5.001568990826887884e+00
5.001475325349999501e+00
5.001382569337544659e+00
5.001290202440976884e+00
5.001199262265399348e+00
5.001111225096791735e+00
5.001028758159189458e+00
5.000949193353116051e+00
5.000871965975784761e+00
5.000796383523665511e+00
5.000721718894601153e+00
5.000647204469241380e+00
5.000574004354238156e+00
5.000504318808487447e+00
5.000441475549995296e+00
5.000383788200378099e+00
5.000331887805185005e+00
5.000282447042226686e+00
5.000234694622739617e+00
5.000189993281199285e+00
5.000145216078779598e+00
5.000099884096814939e+00
5.000050104202053092e+00
4.999994760642110236e+00
4.999934871347903709e+00
4.999872420697756503e+00
4.999810354516192490e+00
4.999747052311247941e+00
4.999682909140643616e+00
4.999618840773869088e+00
4.999556015154626998e+00
4.999495985491480887e+00
4.999435029423143106e+00
4.999371209053601994e+00
4.999304011363814304e+00
4.999233586855511113e+00
4.999160648516658867e+00
4.999084317951742129e+00
4.999002606745157173e+00
4.998917698373365859e+00
4.998829846258553644e+00
4.998742532420250129e+00
4.998656934655549833e+00
4.998572079611289354e+00
4.998490946914349031e+00
4.998413814201298599e+00
4.998344332550000324e+00
4.998283506200928095e+00
