0.000000000000000000e+00
0.000000000000000000e+00
-1.333859017904615480e-08
-8.046677521633687961e-08
-2.517982602512347957e-07
-5.572825421040759252e-07
-1.059992314367264255e-06
-1.572796240907337585e-06
-2.383803725933831177e-06
-2.695674043025065239e-06
-1.563756663927052348e-06
1.844433722908433315e-06
8.912686030271289151e-06
2.118010423600935759e-05
3.934795270197355963e-05
7.011254318513238050e-05
1.183320302561696854e-04
1.860182639256891717e-04
2.816580887929377979e-04
4.088771436408934323e-04
5.761476513043816815e-04
7.897625025407248051e-04
1.058736434210913544e-03
1.385773858060019388e-03
1.785803018142359663e-03
2.260193219412939825e-03
2.818779004742282511e-03
3.469473076988834406e-03
4.222578508783954472e-03
5.076913861562389746e-03
6.054988829423565283e-03
7.160299746324200534e-03
8.403748227287906325e-03
9.807092649866717624e-03
1.137507121079124432e-02
1.312072168104805141e-02
1.504767830484070139e-02
1.718563626520790491e-02
1.953111271374381730e-02
2.210866670124686864e-02
2.491498659365332449e-02
2.794378648512519173e-02
3.121927420609153445e-02
3.473024944775261053e-02
3.849842081778205582e-02
4.251270066015876842e-02
4.675731997006097457e-02
5.125251452438989858e-02
5.598612139933267784e-02
6.096184949391047353e-02
6.617141763680139954e-02
7.162090818398157699e-02
7.730529229157126481e-02
8.323198775761284085e-02
8.940441231243764775e-02
9.580040733330405511e-02
1.024311570357576695e-01
1.092806098889605032e-01
1.163604430388704702e-01
1.236601559352175639e-01
1.311460051965014362e-01
1.388292060326831168e-01
1.467079321574466244e-01
1.547930554579990126e-01
1.630907205771701673e-01
1.716204927396076385e-01
1.803540060948627399e-01
1.892661563586490736e-01
1.983542923163669758e-01
2.076317809056537900e-01
2.171183178853290929e-01
2.268150023650425395e-01
2.367384890746372650e-01
2.468606464099186715e-01
2.571557704638737785e-01
2.676191274356145011e-01
2.782442275714176461e-01
2.890581134986179301e-01
3.000453201960818772e-01
3.112420968245762642e-01
3.226272944640414808e-01
3.342318598460451984e-01
3.460345081519382027e-01
3.580684248637454603e-01
3.703472725581423708e-01
3.828270534705415784e-01
3.955322531890168580e-01
4.084319714736237006e-01
4.215555075835479837e-01
4.348776523303284902e-01
4.484324828814759689e-01
4.622289077471986030e-01
4.761844793986574897e-01
4.903320078086153000e-01
5.046477858256593896e-01
5.191632382106081689e-01
5.338598958682314599e-01
5.487298027705448389e-01
5.637694803904788055e-01
5.790173331927552791e-01
5.944581429194703004e-01
6.101258639525666272e-01
6.259917585086119951e-01
6.420296196173920222e-01
6.582698480319274514e-01
6.746906618308319281e-01
6.913215378951323986e-01
7.081432429980528687e-01
7.251917461585293267e-01
7.424715189170130181e-01
7.599408070277460236e-01
7.776197961997277641e-01
7.954824952315576736e-01
8.135578898619897359e-01
8.318575565051324894e-01
8.503376952838190839e-01
8.690626982878930651e-01
8.879917780589348109e-01
9.071893910598047839e-01
9.266501561831722578e-01
9.463489691447508623e-01
9.662993601989043890e-01
9.865287474822296288e-01
1.006959867877890158e+00
1.027641299171377920e+00
1.048523781700064328e+00
1.069671187801291445e+00
1.091067874832083673e+00
1.112674341602255756e+00
1.134503529472281391e+00
1.156578519744803302e+00
1.178817844791342662e+00
1.201268809242179270e+00
1.223891246719291281e+00
1.246711225910117848e+00
1.269720461769034969e+00
1.292870495719840696e+00
1.316207387847831534e+00
1.339691133899619802e+00
1.363387425346305637e+00
1.387259552879264612e+00
1.411317632598808158e+00
1.435546660823753040e+00
1.459887910289695334e+00
1.484355736179282736e+00
1.508937004012992356e+00
1.533633370799949436e+00
1.558441694183280823e+00
1.583380299014976345e+00
1.608408456249168506e+00
1.633560712737968323e+00
1.658838005466392485e+00
1.684228654308250528e+00
1.709748671455314728e+00
1.735427620811393679e+00
1.761234751148154754e+00
1.787203994197776424e+00
1.813317614002158962e+00
1.839576354427268967e+00
1.866004558010032843e+00
1.892602751655509952e+00
1.919422936839988880e+00
1.946508880062034930e+00
1.973892784519126975e+00
2.001587639255455020e+00
2.029611590309074565e+00
2.057966611785820188e+00
2.086638775272301238e+00
2.115638392372062526e+00
2.144953053398063414e+00
2.174561186237265797e+00
2.204497056407859645e+00
2.234744980735710040e+00
2.265315151615073574e+00
2.296177888317038729e+00
2.327312100334097966e+00
2.358712230129172749e+00
2.390348768634727339e+00
2.422204223079612362e+00
2.454220981998374462e+00
2.486386676235129656e+00
2.518691738052298845e+00
2.551106970710685040e+00
2.583605747623374249e+00
2.616144171161582044e+00
2.648703465862204620e+00
2.681257524890830357e+00
2.713786216182639599e+00
2.746272659702231778e+00
2.778692868156364071e+00
2.811035151882102845e+00
2.843273268146446764e+00
2.875400925083092307e+00
2.907389951152733687e+00
2.939239535732201425e+00
2.970919888420036958e+00
3.002435617847374338e+00
3.033755660457543080e+00
3.064889824790886674e+00
3.095816953582695596e+00
3.126556835575035720e+00
3.157083723945549369e+00
3.187394805355003857e+00
3.217467928333213933e+00
3.247300985259941708e+00
3.276849217815331450e+00
3.306121559543541810e+00
3.335076849861077442e+00
3.363733251495293342e+00
3.392051678104333057e+00
3.420057676238946076e+00
3.447713179988793009e+00
3.475049775047234224e+00
3.502076762123039977e+00
3.528821075363091531e+00
3.555285563869408527e+00
3.581488783760002903e+00
3.607432160777977348e+00
3.633131070537498619e+00
3.658582725925377144e+00
3.683796654148033145e+00
3.708767621917656410e+00
3.733501613540581410e+00
3.758060501022271183e+00
3.782403750820092281e+00
3.806533208293847448e+00
3.830420139236382582e+00
3.854074685974053782e+00
3.877533274097375138e+00
3.900792282028130220e+00
3.923828390045097869e+00
3.946644199294976119e+00
3.969229281349114125e+00
3.991571243209770525e+00
4.013664651317528254e+00
4.035504272384574875e+00
4.057137980861594606e+00
4.078555882377555619e+00
4.099746261043478945e+00
4.120704219741752716e+00
4.141429436607293013e+00
4.161960208816460671e+00
4.182287211818627171e+00
4.202403350276878946e+00
4.222288744850090758e+00
4.241950974864892032e+00
4.261434916658332739e+00
4.280717199249198579e+00
4.299800414247442859e+00
4.318684555692602345e+00
4.337355057401587111e+00
4.355815012855459578e+00
4.374070392055441125e+00
4.392113999528815427e+00
4.409950952930380197e+00
4.427591607971121057e+00
4.445022499961782003e+00
4.462252079648900249e+00
4.479283520383764206e+00
4.496110942764211416e+00
4.512747171325611539e+00
4.529197073383259387e+00
4.545455719633030078e+00
4.561525780363011151e+00
4.577399785919118003e+00
4.593083423776555207e+00
4.608578137559820043e+00
4.623885577125478541e+00
4.639002720518041301e+00
4.653938668174673055e+00
4.668668733043601193e+00
4.683214981956412615e+00
4.697552375001837532e+00
4.711690185470512660e+00
4.725652152700356545e+00
4.739413093728951587e+00
4.752991303605965889e+00
4.766364196939401054e+00
4.779546677274637112e+00
4.792551284236841624e+00
4.805358628435069335e+00
4.817979531688624029e+00
4.830397124690942512e+00
4.842595919771127022e+00
4.854591106576852333e+00
4.866367011470726922e+00
4.877936396999291269e+00
4.889312514467171411e+00
4.900477877063683430e+00
4.911442906064919178e+00
4.922202620906761972e+00
4.932750872774055217e+00
4.943080287380150040e+00
4.953189719123772150e+00
4.963099670810630748e+00
4.972805799646309310e+00
4.982302793068817515e+00
4.991606079144410124e+00
5.000710887713365693e+00
5.009609455866746330e+00
5.018321741623810617e+00
5.026840570373467543e+00
5.035159992976121046e+00
5.043277939362457829e+00
5.051190758747986287e+00
5.058890570206574289e+00
5.066375141544274818e+00
5.073643711609773455e+00
5.080687052411966498e+00
5.087504808111124710e+00
5.094099738998346893e+00
5.100457190675668606e+00
5.106580686969690142e+00
5.112462103767327903e+00
5.118119638962678408e+00
5.123555030031137214e+00
5.128753319187097759e+00
5.133717562956743308e+00
5.138439807398252235e+00
5.142936752540998135e+00
5.147209202749661650e+00
5.151243906421594687e+00
5.155042969686917331e+00
5.158602431220940865e+00
5.161933083338669626e+00
5.165033955378464547e+00
5.167913365466526798e+00
5.170570370657375570e+00
5.173016640050342119e+00
5.175247543258597815e+00
5.177259318782021502e+00
5.179051455212762001e+00
5.180618857545783662e+00
5.181972761554649587e+00
5.183110695658258216e+00
5.184041344253353500e+00
5.184762908471755694e+00
5.185284290751448921e+00
5.185604629172019919e+00
5.185721029983840324e+00
5.185642396956689382e+00
5.185367034412927900e+00
5.184902934394783891e+00
5.184249701239175501e+00
5.183414574377246176e+00
5.182406652905053868e+00
5.181226245723672186e+00
5.179881144128748005e+00
5.178372310809798762e+00
5.176707378439613372e+00
5.174894453398891869e+00
5.172942894659945168e+00
5.170862372927376605e+00
5.168656716756531821e+00
5.166334115527578597e+00
5.163902934752412577e+00
5.161372837387031787e+00
5.158753737472004275e+00
5.156054692827171770e+00
5.153284259103246612e+00
5.150450445972391655e+00
5.147561172507711724e+00
5.144625943861911743e+00
5.141655754707763037e+00
5.138660522662111596e+00
5.135649154745048683e+00
5.132630068920560618e+00
5.129611116014427985e+00
5.126599867008633460e+00
5.123603602014489056e+00
5.120629458390183686e+00
5.117684434913106983e+00
5.114775384925313695e+00
5.111909139417119441e+00
5.109094312451786912e+00
5.106332207880922347e+00
5.103625606261200431e+00
5.100978762470191441e+00
5.098396421335642970e+00
5.095886836014693166e+00
5.093449929021304889e+00
5.091089179925626595e+00
5.088803521655506756e+00
5.086599731259053847e+00
5.084482268206780731e+00
5.082453592680400867e+00
5.080514909736817408e+00
5.078666985444728610e+00
5.076909832470122730e+00
5.075243337415161093e+00
5.073666793517770834e+00
5.072179003022612598e+00
5.070778927616776066e+00
5.069465490691364984e+00
5.068240217901767153e+00
5.067096224613488964e+00
5.066033572219314607e+00
5.065045643560591060e+00
5.064132567308845978e+00
5.063288166336719520e+00
5.062509381286803389e+00
5.061794570721689368e+00
5.061143177784982683e+00
5.060559347011153619e+00
5.060037252046170941e+00
5.059575788825752873e+00
5.059172369204463671e+00
5.058825575560334187e+00
5.058538715671751618e+00
5.058303877152506622e+00
5.058118683826181794e+00
5.057978864470499936e+00
5.057882906133311707e+00
5.057829793114217765e+00
5.057818831194893505e+00
5.057845413711623550e+00
5.057905114073076192e+00
5.057990813221553417e+00
5.058102461987878051e+00
5.058239208845193069e+00
5.058396809989357479e+00
5.058570763518804192e+00
5.058755515882515930e+00
5.058950091240697056e+00
5.059153252964607717e+00
5.059360958350592519e+00
5.059568596010798558e+00
5.059771330350779195e+00
5.059968514660141636e+00
5.060157870886615505e+00
5.060335352172843137e+00
5.060496320439269446e+00
5.060636684683848863e+00
5.060755782652412549e+00
5.060852134678279768e+00
5.060926802250325096e+00
5.060978171610041265e+00
5.061005032734247955e+00
5.061007792039890596e+00
5.060986214557778418e+00
5.060942340263281380e+00
5.060875047313164288e+00
5.060783620121073412e+00
5.060668647324781944e+00
5.060530010981600491e+00
5.060370107403140416e+00
5.060189215371499571e+00
5.059989735128470834e+00
5.059770999102035205e+00
5.059531876778343040e+00
5.059273505805172988e+00
5.058995693510511593e+00
5.058700721783675469e+00
5.058387721626200317e+00
5.058055325074233721e+00
5.057704596405962150e+00
5.057335238119701870e+00
5.056949556319157324e+00
5.056546666508654475e+00
5.056125272249917479e+00
5.055686336679498183e+00
5.055229793189208287e+00
5.054757437890511795e+00
5.054268770961206414e+00
5.053764870723825631e+00
5.053245810641090685e+00
5.052712670786420723e+00
5.052166110647956287e+00
5.051606987750271394e+00
5.051036314627269874e+00
5.050451776122787173e+00
5.049851427262762371e+00
5.049235940573850279e+00
5.048604999331871568e+00
5.047961211575309193e+00
5.047304291052856939e+00
5.046633413804809010e+00
5.045950237212816880e+00
5.045254943592588859e+00
5.044550709648173203e+00
5.043838197885197161e+00
5.043120600504915174e+00
5.042398152647654008e+00
5.041669254375736209e+00
5.040935770494977319e+00
5.040197189597527050e+00
5.039456025956312146e+00
5.038712111560743168e+00
5.037963348625343230e+00
5.037211346475523044e+00
5.036455456165712441e+00
5.035698033494990788e+00
5.034938930345814967e+00
5.034175984410685700e+00
5.033410887343925388e+00
5.032643056882661448e+00
5.031875010280054461e+00
5.031106774656217695e+00
5.030341238154214523e+00
5.029579767955582703e+00
5.028822169227641581e+00
5.028067668376606569e+00
5.027314770443481073e+00
5.026566857768338892e+00
5.025825628413002732e+00
5.025091131849330317e+00
5.024362743793172825e+00
5.023638912884636376e+00
5.022923161981744933e+00
5.022217185048504007e+00
5.021521989328904922e+00
5.020838366074605652e+00
5.020166399998708506e+00
5.019510313941283997e+00
5.018872034324449949e+00
5.018250523245078476e+00
5.017649746907991037e+00
5.017070224991184269e+00
5.016516968345385408e+00
5.015992711408180149e+00
5.015497512778384070e+00
5.015030113643151211e+00
5.014587347282213337e+00
5.014171711055678493e+00
5.013784315994124441e+00
5.013424580281714782e+00
5.013092103747764483e+00
5.012785094583521506e+00
5.012507185561696055e+00
5.012261280955859988e+00
5.012047135828175293e+00
5.011864219809063492e+00
5.011709795834609515e+00
5.011587457943821988e+00
5.011499428123350697e+00
5.011445368400890388e+00
5.011424872456699653e+00
5.011436327087577247e+00
5.011477825461771118e+00
5.011547234935570749e+00
5.011641981202993534e+00
5.011759391605739467e+00
5.011896736223135029e+00
5.012051219485583964e+00
5.012219936486218330e+00
5.012399990904960134e+00
5.012588418770464571e+00
5.012782314505311199e+00
5.012978729672611600e+00
5.013174727160364164e+00
5.013372605118781244e+00
5.013573103353262894e+00
5.013775687917949142e+00
5.013979160703600613e+00
5.014181771270813215e+00
5.014383670568347995e+00
5.014586717162163865e+00
5.014788374371709878e+00
5.014988455429556957e+00
5.015183411158505855e+00
5.015372269462678112e+00
5.015556115575018126e+00
5.015735978197191081e+00
5.015912982609007642e+00
5.016088195994381493e+00
5.016262659534696411e+00
5.016433947712068964e+00
5.016602579627073233e+00
5.016766218423732049e+00
5.016925143070407600e+00
5.017076666235812610e+00
5.017216124582925652e+00
5.017342244574690469e+00
5.017451899751911526e+00
5.017544366113732224e+00
5.017617034983712365e+00
5.017669199222589249e+00
5.017701740206110372e+00
5.017716207517667115e+00
5.017713958983956779e+00
5.017692886681478726e+00
5.017652461260740715e+00
5.017593715635312535e+00
5.017518333641064920e+00
5.017427832192924875e+00
5.017320045807581508e+00
5.017194514970477748e+00
5.017052258343619009e+00
5.016894969769936985e+00
5.016724953797828235e+00
5.016544834074745829e+00
5.016357155365119169e+00
5.016160062735150582e+00
5.015953368709604732e+00
5.015738252324235091e+00
5.015516526938598396e+00
5.015290363316607269e+00
5.015057523713630339e+00
5.014817449615520673e+00
5.014571094473076585e+00
5.014320141912621764e+00
5.014066824761401975e+00
5.013811337777596577e+00
5.013552141093833292e+00
5.013291728233171263e+00
5.013030377232652768e+00
5.012771594614905624e+00
5.012516561911624535e+00
5.012264113684368638e+00
5.012012007401508207e+00
5.011757154462110009e+00
5.011500938289981555e+00
5.011242911254238486e+00
5.010984719746929272e+00
5.010724523418767617e+00
5.010462953613324721e+00
5.010202671063318292e+00
5.009942176469788677e+00
5.009682469514385339e+00
5.009421199501678856e+00
5.009158649684116504e+00
5.008897189588472187e+00
5.008638245945050471e+00
5.008382292182369078e+00
5.008129419793559300e+00
5.007879203369093979e+00
5.007634056729449057e+00
5.007393815440309481e+00
5.007155490142477738e+00
5.006920333241296817e+00
5.006686745935304828e+00
5.006456435003501682e+00
5.006228553389382441e+00
5.005999844351035399e+00
5.005771188807857541e+00
5.005540930104626085e+00
5.005310619359088165e+00
5.005079233122240900e+00
5.004848651287328032e+00
5.004618713312964928e+00
5.004387464502077165e+00
5.004157209766280090e+00
5.003927901663999478e+00
5.003702912141751113e+00
5.003483235237369264e+00
5.003267454651365576e+00
5.003053287954251083e+00
5.002837479912857432e+00
5.002621471506723871e+00
5.002404764571408258e+00
5.002190301620582424e+00
5.001978870460012772e+00
5.001769044638792572e+00
5.001563679983089372e+00
5.001363020667056070e+00
5.001170855217795364e+00
5.000988605131577280e+00
5.000814840884129531e+00
5.000652819701651097e+00
5.000502670181163900e+00
5.000368526808165015e+00
5.000251995778821623e+00
5.000152298842735377e+00
5.000067495989791944e+00
4.999993883927531080e+00
4.999933268825701660e+00
4.999885071085012456e+00
4.999850685679995799e+00
4.999826197947552231e+00
4.999809817338539020e+00
4.999801666895220542e+00
4.999802683117815505e+00
4.999815146260445431e+00
4.999835847428549584e+00
4.999863781753011160e+00
4.999896134602386688e+00
4.999934838047265906e+00
4.999979314129814334e+00
5.000032774797655399e+00
5.000096068522907444e+00
5.000167265484123824e+00
5.000249250546112023e+00
5.000341768996804603e+00
5.000448599444716535e+00
5.000570971431224976e+00
5.000707664215951809e+00
5.000856404338047234e+00
5.001013224530980850e+00
5.001179660908894320e+00
5.001355072293447002e+00
5.001537091411666580e+00
5.001722508162276704e+00
5.001907177153991135e+00
5.002092050123974509e+00
5.002276052661255079e+00
5.002460199367271265e+00
5.002641586285101027e+00
5.002819636628048627e+00
5.002995845075713710e+00
5.003172510355729408e+00
5.003353101775068978e+00
5.003536152444799434e+00
5.003722194764783637e+00
5.003908225853016312e+00
5.004093559529652957e+00
5.004279696788659137e+00
5.004463771838714159e+00
5.004645229518433602e+00
5.004820394977947728e+00
5.004988234449198714e+00
5.005149858180455880e+00
5.005306488625727468e+00
5.005459256066030704e+00
5.005609724620378564e+00
5.005759287482147712e+00
5.005906035626327188e+00
5.006051185434705175e+00
5.006192840734518867e+00
5.006332274606473121e+00
5.006467754036210138e+00
5.006595065487570828e+00
5.006713977741099164e+00
5.006821819838157772e+00
5.006918961951528857e+00
5.007003385365028869e+00
5.007074244018663300e+00
5.007132021096554197e+00
5.007177519529146359e+00
5.007212320371550618e+00
5.007237938093973106e+00
5.007255673144032748e+00
5.007262520814333762e+00
5.007256960191085682e+00
5.007239056590266024e+00
5.007209450809537721e+00
5.007168599350631411e+00
5.007112951476380580e+00
5.007040576173246826e+00
5.006951335279526738e+00
5.006845529956999385e+00
5.006723825449380882e+00
5.006583668554458910e+00
5.006424445083621499e+00
5.006247754453006849e+00
5.006055761410180160e+00
5.005851154944185311e+00
5.005632425213490500e+00
5.005400136357430974e+00
5.005156357011084189e+00
5.004903623687360081e+00
5.004645197170111359e+00
5.004381195290268813e+00
5.004114516360940179e+00
5.003844954448075200e+00
5.003570006808519821e+00
5.003290926927953741e+00
5.003006428091108404e+00
5.002718290334819073e+00
5.002425821369764769e+00
5.002130883971481090e+00
5.001837514082221325e+00
5.001545816978691050e+00
5.001258561631915178e+00
5.000975081997242278e+00
5.000697594566521076e+00
5.000425360968586475e+00
5.000154690893616305e+00
4.999886121062810496e+00
4.999617356864984430e+00
4.999349423555906391e+00
4.999080682305867995e+00
4.998812223339702321e+00
4.998547870518888381e+00
4.998287340721364380e+00
4.998033293953414002e+00
4.997784828583027306e+00
4.997544113772239172e+00
4.997310849691059431e+00
4.997082347350444209e+00
4.996860574951643486e+00
4.996644654890771697e+00
4.996437570119525162e+00
4.996239610446865598e+00
4.996048882270479830e+00
4.995867078734809397e+00
4.995692140238605639e+00
4.995525344575069582e+00
4.995364957640193282e+00
4.995206357242785167e+00
4.995049284642808729e+00
4.994890825825058833e+00
4.994731156250708182e+00
4.994567966519170454e+00
4.994401780443511463e+00
4.994235533720128295e+00
4.994068491293361944e+00
4.993902366722247521e+00
4.993735850902518258e+00
4.993570198847225861e+00
4.993409136163315942e+00
4.993252009211354370e+00
4.993101049021133164e+00
4.992954906767478995e+00
4.992815187761804552e+00
4.992680269975460661e+00
4.992550645342341831e+00
4.992428534787394234e+00
4.992317033747457167e+00
4.992220863767214745e+00
4.992138994058841206e+00
4.992072810025200980e+00
4.992021216160863695e+00
4.991987462085451632e+00
4.991973064408883332e+00
4.991976442418887494e+00
4.991995608160865849e+00
4.992026794326153372e+00
4.992071679124270744e+00
4.992129986259748797e+00
4.992202978782949607e+00
4.992287039427680817e+00
4.992380866079254353e+00
4.992484655731019849e+00
4.992599935882388706e+00
4.992729150202720234e+00
4.992869836563838426e+00
4.993021330755798459e+00
4.993178874027580427e+00
4.993340729676783774e+00
4.993506548047662363e+00
4.993676385857762412e+00
4.993848935939968925e+00
4.994023232605905527e+00
4.994197849255652244e+00
4.994376204718501633e+00
4.994560770836324437e+00
4.994752020199449305e+00
4.994950033981950810e+00
4.995153999847026682e+00
4.995368021257819535e+00
4.995594834551813079e+00
4.995835217681380058e+00
4.996089420091958999e+00
4.996356790733190500e+00
4.996636433859023896e+00
4.996927117478700886e+00
4.997227363266651068e+00
4.997535461091104914e+00
4.997849733994010890e+00
4.998168430343870483e+00
4.998489584714773670e+00
4.998811429232960180e+00
4.999131916814153698e+00
4.999449266210798548e+00
4.999761574730875680e+00
5.000067158412786483e+00
5.000368395798505894e+00
5.000665483825506463e+00
5.000961912252607888e+00
5.001258606553677488e+00
5.001554477435204760e+00
5.001848310676070497e+00
5.002139171433302778e+00
5.002426228874030656e+00
5.002708311766984828e+00
5.002984669056389500e+00
5.003254363962117424e+00
5.003516568109993123e+00
5.003770438559952183e+00
5.004015324876311510e+00
5.004252641998831130e+00
5.004484782159928535e+00
5.004714894757275268e+00
5.004941790957603942e+00
5.005166143548342994e+00
5.005385206413123456e+00
5.005598705538216286e+00
5.005808046494277797e+00
5.006010737248364428e+00
5.006206448987726709e+00
5.006391840294603490e+00
5.006566342857334817e+00
5.006731341589842010e+00
5.006889234573248970e+00
5.007043081854137156e+00
5.007191770837309264e+00
5.007335849028679675e+00
5.007472728087235758e+00
5.007602160197351715e+00
5.007725506915378766e+00
5.007840405801911032e+00
5.007946405556652714e+00
5.008040381853136935e+00
5.008121746998879686e+00
5.008191997950564911e+00
5.008252994987782536e+00
5.008306904785934321e+00
5.008356217166077151e+00
5.008403405078356130e+00
5.008446244342853682e+00
5.008484132929374333e+00
5.008517701350286622e+00
5.008548348878179013e+00
5.008577891620009659e+00
5.008603469968440969e+00
5.008624097101058048e+00
5.008640181213052323e+00
5.008652959115935666e+00
5.008664141630652544e+00
5.008670759682791740e+00
5.008671829324303992e+00
5.008667729109730793e+00
5.008659667445319208e+00
5.008649404868921629e+00
5.008639124155015665e+00
5.008631385531479907e+00
5.008623683745244470e+00
5.008615348191087335e+00
5.008606982108757322e+00
5.008599971463989498e+00
5.008596418635423930e+00
5.008593357693897907e+00
5.008589828664407051e+00
5.008586263384350090e+00
5.008583888935391748e+00
5.008584510320943650e+00
5.008589223245071942e+00
5.008598175505324157e+00
5.008611295024314458e+00
5.008628139846408978e+00
5.008647806156807825e+00
5.008669383622621929e+00
5.008691732053560663e+00
5.008713744351554809e+00
5.008734286000402491e+00
5.008752042274139171e+00
5.008765804593134696e+00
5.008774243656811898e+00
5.008776039270163238e+00
5.008770329242983266e+00
5.008760760459411543e+00
5.008749594685216522e+00
5.008737830384927925e+00
5.008725831244666971e+00
5.008713417890542807e+00
5.008700131980297954e+00
5.008685233325525843e+00
5.008667784111169752e+00
5.008646725268629751e+00
5.008620904245474570e+00
5.008589201794531931e+00
5.008550344835095203e+00
5.008503353552953286e+00
5.008447250988395716e+00
5.008381151858777969e+00
5.008304250020594317e+00
5.008216112688243626e+00
5.008119169263228976e+00
5.008013433370798850e+00
5.007901429425984929e+00
5.007783320978343333e+00
5.007661721998884374e+00
5.007536673856957776e+00
5.007406057421175838e+00
5.007271386491191301e+00
5.007131890984308775e+00
5.006989709580373038e+00
5.006844453144874585e+00
5.006693630240913073e+00
5.006538634182941649e+00
5.006378550672960337e+00
5.006215457147044745e+00
5.006048964181971428e+00
5.005878901867252928e+00
5.005705329006595150e+00
5.005528376320434347e+00
5.005348294222784489e+00
5.005165338864608238e+00
5.004979805326147613e+00
5.004792359614803843e+00
5.004603889541761497e+00
5.004410283597247044e+00
5.004209279486970807e+00
5.004000013260231583e+00
5.003782271774547041e+00
5.003556490348713304e+00
5.003323413984911205e+00
5.003084012487964749e+00
5.002839568642960977e+00
5.002591322282391673e+00
5.002340677486796672e+00
5.002089078793367172e+00
5.001838054223050278e+00
5.001584480753232143e+00
5.001327122854132057e+00
5.001066456394333670e+00
5.000803677452791085e+00
5.000540738062995594e+00
5.000277823185609982e+00
5.000013600656825652e+00
4.999750904491235381e+00
4.999490302907368289e+00
4.999235894562741755e+00
4.998989471415122843e+00
4.998750586336543122e+00
4.998517868699569711e+00
4.998288573468166796e+00
4.998064860640156759e+00
4.997846844470191563e+00
4.997636777715819711e+00
4.997432723673123078e+00
4.997235054964261458e+00
4.997045987187014759e+00
4.996868784906403071e+00
4.996708267884388377e+00
4.996563782677113430e+00
4.996437439037546113e+00
4.996326701588988506e+00
4.996231688050613684e+00
4.996155402701408121e+00
4.996095639089182860e+00
4.996053490335180314e+00
4.996025773588625540e+00
4.996012343641194953e+00
4.996013996123362944e+00
4.996028303993659492e+00
4.996055470547432265e+00
4.996093901177661500e+00
4.996147130733149311e+00
4.996216776562648398e+00
4.996302514072302969e+00
4.996403296502102798e+00
4.996516551352834234e+00
4.996645334610513522e+00
4.996790878815374093e+00
4.996952639637312288e+00
4.997129362771084438e+00
4.997318918300588386e+00
4.997518784185667862e+00
4.997726220009644393e+00
4.997939368286897555e+00
4.998157084570993725e+00
4.998378629373183557e+00
4.998603457478601797e+00
4.998831456476617419e+00
4.999062465807218025e+00
4.999296525498645671e+00
4.999533684929628130e+00
4.999774012850391358e+00
5.000017766268717523e+00
5.000265067709404043e+00
5.000516139143871719e+00
5.000771096018867823e+00
5.001030175504999065e+00
5.001293760450349346e+00
5.001557654743806758e+00
5.001819929336920545e+00
5.002080311780587429e+00
5.002339420696513272e+00
5.002598551573024466e+00
5.002854257790164461e+00
5.003105144468859677e+00
5.003351270077541102e+00
5.003593534087552364e+00
5.003833237351639873e+00
5.004067179137630106e+00
5.004293704448057767e+00
5.004510237226052816e+00
5.004717676384164093e+00
5.004915241269183745e+00
5.005104956576388986e+00
5.005286382274491075e+00
5.005457688202871402e+00
5.005620332626416591e+00
5.005773875960871422e+00
5.005920703202277444e+00
5.006060599326878524e+00
5.006191776372283186e+00
5.006315827673091690e+00
5.006432382814377746e+00
5.006543852831959462e+00
5.006650201320439919e+00
5.006749593229753437e+00
5.006841370599135033e+00
5.006925837905868981e+00
5.007003700952768810e+00
5.007075803317851737e+00
5.007138363077096699e+00
5.007189466669947464e+00
5.007228661757684662e+00
5.007256114166951377e+00
5.007272487637377090e+00
5.007277513688451975e+00
5.007270926427001001e+00
5.007256223514115590e+00
5.007235240378788532e+00
5.007208259826431807e+00
5.007174771340935138e+00
5.007133936575985267e+00
5.007086926481126632e+00
5.007032277203537163e+00
5.006971053053996812e+00
5.006906165388784302e+00
5.006836913844010972e+00
5.006764910622871767e+00
5.006688661762884962e+00
5.006609324963203989e+00
5.006530019577034807e+00
5.006449985542709591e+00
5.006370942873323848e+00
5.006291331333482475e+00
5.006212343695946920e+00
5.006132412628644168e+00
5.006049628920296257e+00
5.005966779628212571e+00
5.005884957165832816e+00
5.005803741515989280e+00
5.005721889186093954e+00
5.005637760936656910e+00
5.005554217483291879e+00
5.005472431640515474e+00
5.005394792264700854e+00
5.005318880906701295e+00
5.005244560089334271e+00
5.005167871193400231e+00
5.005087535028717838e+00
5.005004166924767794e+00
5.004917915706896814e+00
5.004828441181594201e+00
5.004735222972372277e+00
5.004637771147677938e+00
5.004540228342082564e+00
5.004445231241550829e+00
5.004354129714338129e+00
5.004267604249907464e+00
5.004185738266823336e+00
5.004109855365385329e+00
5.004042943871026772e+00
5.003982948336197722e+00
5.003930331032170109e+00
5.003881669218099404e+00
5.003836104540534180e+00
5.003794981279790832e+00
5.003755220758178801e+00
5.003716377347156907e+00
5.003674622840628139e+00
5.003628886497028638e+00
5.003580166875765123e+00
5.003530483154027486e+00
5.003482880114024312e+00
5.003435771722725356e+00
5.003389632977922830e+00
5.003341621701983932e+00
5.003291320578574286e+00
5.003240395930045104e+00
5.003186460581057204e+00
5.003129554378248578e+00
5.003066598355218275e+00
5.002997233952775069e+00
5.002922993182584044e+00
5.002844239372208790e+00
5.002760420517444295e+00
5.002670481848911166e+00
5.002573367470324328e+00
5.002472348177255057e+00
5.002369069570125504e+00
5.002263787241100879e+00
5.002156033973589544e+00
5.002044767058833941e+00
5.001929080003319150e+00
5.001808434763368894e+00
5.001682356569361332e+00
5.001550420710260347e+00
5.001412359803358854e+00
5.001267905599812380e+00
5.001116888142565386e+00
5.000959082275072909e+00
5.000794299981931701e+00
5.000622367720494843e+00
5.000443142085711834e+00
5.000256437278729038e+00
5.000062077521723047e+00
4.999860157306682318e+00
4.999653314530294601e+00
4.999441163885784079e+00
4.999225865967016347e+00
4.999006816476027737e+00
4.998785942673128702e+00
4.998562443863045601e+00
4.998333226192186451e+00
4.998098899639586534e+00
4.997857708550432321e+00
4.997610812588970219e+00
4.997356912802349171e+00
4.997094795714508209e+00
4.996827950748991221e+00
4.996558213915121449e+00
4.996286159112496073e+00
4.996011763356071889e+00
4.995734427079004725e+00
4.995458302378101401e+00
4.995185755781275994e+00
4.994917766015423588e+00
4.994654511466068314e+00
4.994395345348311643e+00
4.994139965559733163e+00
4.993888039618176400e+00
4.993640733856153702e+00
4.993400571841192459e+00
4.993165082588237880e+00
4.992934228564990029e+00
4.992706832300317643e+00
4.992486778862220476e+00
4.992276083316100177e+00
4.992075161925892957e+00
4.991883609175126857e+00
4.991699872996103515e+00
4.991527630101334267e+00
4.991368815965396166e+00
4.991225343869445830e+00
4.991099548434284827e+00
4.990994730341625996e+00
4.990907801055727511e+00
4.990838110969779251e+00
4.990785603706171081e+00
4.990751430628733054e+00
4.990737196828848532e+00
4.990743844382958372e+00
4.990770177836092891e+00
4.990814617950963594e+00
4.990874477345059290e+00
4.990952501557330834e+00
4.991050229351531975e+00
4.991166957709501695e+00
4.991301435622881755e+00
4.991451167100603215e+00
4.991619089217419258e+00
4.991806773663991947e+00
4.992013633092428293e+00
4.992238571820343473e+00
4.992479700343246840e+00
4.992734543131228442e+00
4.993000737251278132e+00
4.993275243797834051e+00
4.993555218455874467e+00
4.993837379077010752e+00
4.994118407321654907e+00
4.994395404858075871e+00
4.994670235150985071e+00
4.994943498419156747e+00
4.995214196005393958e+00
4.995480632287938150e+00
4.995741262500663638e+00
4.995998509423364986e+00
4.996253540934554316e+00
4.996505710305205739e+00
4.996753673972122556e+00
4.996995621239326724e+00
4.997230575410209319e+00
4.997458136463097667e+00
4.997677429401806926e+00
4.997887413883141505e+00
4.998091376749358439e+00
4.998290865374290348e+00
4.998485877373748387e+00
4.998675779262121033e+00
4.998859645695919340e+00
4.999040796486224458e+00
4.999220907771523947e+00
4.999400094812298079e+00
4.999577901130103363e+00
4.999752983590149746e+00
4.999923715861075202e+00
5.000088448570602750e+00
5.000250071128392371e+00
5.000410020360285479e+00
5.000568223734880746e+00
5.000723930494423541e+00
5.000875974176015148e+00
5.001027731522480479e+00
5.001180943483049646e+00
5.001335694742883753e+00
5.001491587785567461e+00
5.001647250130336175e+00
5.001801098258729539e+00
5.001951195979055242e+00
5.002095324080002570e+00
5.002231380166050734e+00
5.002356880912120829e+00
5.002469437699328836e+00
5.002567315510969337e+00
5.002652949494804879e+00
5.002727266056026245e+00
5.002789957481000194e+00
5.002840259484509389e+00
5.002877383804442246e+00
5.002904609299293703e+00
5.002923487494263632e+00
5.002935111905244980e+00
5.002940848426805864e+00
5.002941252299314634e+00
5.002936990855340937e+00
5.002928830791459447e+00
5.002917097329588891e+00
5.002902699174552659e+00
5.002885840360502101e+00
5.002867063403789061e+00
5.002846754129238072e+00
5.002825111575617711e+00
5.002803024722922487e+00
5.002780634124025738e+00
5.002758671989393058e+00
5.002737287121088450e+00
5.002716107055274364e+00
5.002694374973615687e+00
5.002675564666240859e+00
5.002661727690101756e+00
5.002653246169756152e+00
5.002649770266398122e+00
5.002650085302485117e+00
5.002657940612591503e+00
5.002675379244794662e+00
5.002702811155652185e+00
5.002739945161339463e+00
5.002785346163619806e+00
5.002842568508532928e+00
5.002913310495389787e+00
5.002997315679860613e+00
5.003093680669737253e+00
5.003200221364568989e+00
5.003318417775626692e+00
5.003446799288685298e+00
5.003582975850620507e+00
5.003730089157068406e+00
5.003889645221822668e+00
5.004061368941507659e+00
5.004244533865889188e+00
5.004437258853753789e+00
5.004637732389559446e+00
5.004843854489911870e+00
5.005053004971880881e+00
5.005262708268303662e+00
5.005470101493587620e+00
5.005672438438226735e+00
5.005867228876045516e+00
5.006055571693173611e+00
5.006236389423898814e+00
5.006411398048691730e+00
5.006579795959583912e+00
5.006738897892825335e+00
5.006889627068482618e+00
5.007030857927344591e+00
5.007164208400242345e+00
5.007289086380219523e+00
5.007406273451812773e+00
5.007515451167888543e+00
5.007619766905150094e+00
5.007720339442781388e+00
5.007816361519686232e+00
5.007906072228394123e+00
5.007987390314407428e+00
5.008062297282918962e+00
5.008131007794470513e+00
5.008192519131297260e+00
5.008245234992536155e+00
5.008287675865175537e+00
5.008322451103194517e+00
5.008350531335635125e+00
5.008371463008405300e+00
5.008384016290253982e+00
5.008386854176238856e+00
5.008382819651920670e+00
5.008373115581521873e+00
5.008358849205137631e+00
5.008341211692489914e+00
5.008321225100257124e+00
5.008294762968612091e+00
5.008259483046891170e+00
5.008214161053362368e+00
5.008158450948137386e+00
5.008092297298896156e+00
5.008015918309863146e+00
5.007930064496647127e+00
5.007835406714182369e+00
5.007732981040205367e+00
5.007623636198293759e+00
5.007508248376723259e+00
5.007388044015567807e+00
5.007264020635810553e+00
5.007137409576278841e+00
5.007009229117135973e+00
5.006880554535488415e+00
5.006752552322174310e+00
5.006621048335979651e+00
5.006483735197285512e+00
5.006339434485012951e+00
5.006187704891958745e+00
5.006028576304267119e+00
5.005862398088972931e+00
5.005689849366497413e+00
5.005511716191718641e+00
5.005328928359845442e+00
5.005142468825975577e+00
5.004953408219913413e+00
5.004762815271565302e+00
5.004571811144300497e+00
5.004381534677989407e+00
5.004193100311852938e+00
5.004007641092933056e+00
5.003826536403095382e+00
5.003645611085988598e+00
5.003462440480538120e+00
5.003275896736480988e+00
5.003085542318470580e+00
5.002891458512343625e+00
5.002694037088251555e+00
5.002493938521540784e+00
5.002292008359976450e+00
5.002089164775856744e+00
5.001886444256702369e+00
5.001684919332215706e+00
5.001485707198330743e+00
5.001289945614584731e+00
5.001098803670204873e+00
5.000913440414763933e+00
5.000735046655931271e+00
5.000565216147402126e+00
5.000399781909832697e+00
5.000236314402022764e+00
5.000073722058036907e+00
4.999911594164618833e+00
4.999750017316141992e+00
4.999587440525242954e+00
4.999420991164693184e+00
4.999252044797936279e+00
4.999079974588998887e+00
4.998907335286089548e+00
4.998734358471878636e+00
4.998559226614483819e+00
4.998384121467420727e+00
4.998208845199146211e+00
4.998036425669737604e+00
4.997867451847588960e+00
4.997700125535076587e+00
4.997536174559091826e+00
4.997374308758472772e+00
4.997216386717801662e+00
4.997061534307023045e+00
4.996906300566215542e+00
4.996751323572415693e+00
4.996594668838250541e+00
4.996437589514124866e+00
4.996278810228277578e+00
4.996119940175732133e+00
4.995965058884641152e+00
4.995814303631951780e+00
4.995670748778676007e+00
4.995533936840538480e+00
4.995406487246100369e+00
4.995288119117785364e+00
4.995175497314949808e+00
4.995069649309907156e+00
4.994968592717367706e+00
4.994873888871687484e+00
4.994784377764034389e+00
4.994696339887623182e+00
4.994610358529780747e+00
4.994524375970532226e+00
4.994439665420968844e+00
4.994354810404646905e+00
4.994270961309839052e+00
4.994191435572746585e+00
4.994115229530315503e+00
4.994044070427360538e+00
4.993976121369803955e+00
4.993912288930322241e+00
4.993850408691968390e+00
4.993787987131680595e+00
4.993727342679219916e+00
4.993669258092585217e+00
4.993612878347802209e+00
4.993556716211195123e+00
4.993498779052924164e+00
4.993441725649926610e+00
4.993386572424377334e+00
4.993332604083287940e+00
4.993278464155326724e+00
4.993222197566235643e+00
4.993166563033179628e+00
4.993112478858844128e+00
4.993064089056157506e+00
4.993023309276490629e+00
4.992989428799652352e+00
4.992960882985086890e+00
4.992934935919062234e+00
4.992913695615304626e+00
4.992897465517332378e+00
4.992884523726122126e+00
4.992872574722447609e+00
4.992858599569469646e+00
4.992844382612553922e+00
4.992829845347029227e+00
4.992818263533579604e+00
4.992811042164856161e+00
4.992807281226440352e+00
4.992808912017816070e+00
4.992814287765384940e+00
4.992824475347031665e+00
4.992843110765996961e+00
4.992869336427855131e+00
4.992905310026570120e+00
4.992949298445335415e+00
4.993002758512472994e+00
4.993063962638577102e+00
4.993129503174884576e+00
4.993200708592509862e+00
4.993276373420108882e+00
4.993359079577226467e+00
4.993448916126239645e+00
4.993543574504752058e+00
4.993645240051870715e+00
4.993753270425101753e+00
4.993870640110424475e+00
4.993997851900957130e+00
4.994132926074988710e+00
4.994272831158913739e+00
4.994413456583596478e+00
4.994555421976572873e+00
4.994697306595942798e+00
4.994839662632173827e+00
4.994978915166310429e+00
4.995114173788777201e+00
4.995246289961240649e+00
4.995377031194249362e+00
4.995509183306449330e+00
4.995640608055720300e+00
4.995771368781307231e+00
4.995902960721606334e+00
4.996037682632186616e+00
4.996178820060769077e+00
4.996324436703900140e+00
4.996474884918163717e+00
4.996626361405680505e+00
4.996777903206849558e+00
4.996930146470870859e+00
4.997084790945258703e+00
4.997244789891150063e+00
4.997407879300619804e+00
4.997574090838635463e+00
4.997744857698881660e+00
4.997922367613966799e+00
4.998110241696444689e+00
4.998306445788798236e+00
4.998511390399394294e+00
4.998721280556378765e+00
4.998934838149903470e+00
4.999153138894794957e+00
4.999372599397061023e+00
4.999592234634069321e+00
4.999807645093857111e+00
5.000017203439234947e+00
5.000221305892079471e+00
5.000419250738084465e+00
5.000609318699895667e+00
5.000789378036021304e+00
5.000957511600314653e+00
5.001115989901333769e+00
5.001265430797099398e+00
5.001404985703734596e+00
5.001533158963752612e+00
5.001648498011959987e+00
5.001753550658209591e+00
5.001849376477508713e+00
5.001937687296627466e+00
5.002016140960362733e+00
5.002084000704084765e+00
5.002138841927258994e+00
5.002180853604547117e+00
5.002208049799989453e+00
5.002219216641712762e+00
5.002217085749760095e+00
5.002203005442314776e+00
5.002177052087535714e+00
5.002138737718961004e+00
5.002087678703864171e+00
5.002027373038616886e+00
5.001959805674303539e+00
5.001886599803728295e+00
5.001809233733838234e+00
5.001729035041680760e+00
5.001647242269864790e+00
5.001564988064965078e+00
5.001483400407632729e+00
5.001403506770184748e+00
5.001326400562574825e+00
5.001253259838013498e+00
5.001185034023984066e+00
5.001122782281055557e+00
5.001067538363314746e+00
5.001020239511890786e+00
5.000981969041204955e+00
5.000954204433983641e+00
5.000932695425037267e+00
5.000914666519421736e+00
5.000898852473511624e+00
5.000884552908282821e+00
5.000871742530179631e+00
5.000860800431728315e+00
5.000852008055116649e+00
5.000846206808383876e+00
5.000844122917659895e+00
5.000846619930562120e+00
5.000854670552399739e+00
5.000869434468078190e+00
5.000887243242797098e+00
5.000906702264073189e+00
5.000923196694674999e+00
5.000935073398612651e+00
5.000942875082580841e+00
5.000948389591972187e+00
5.000954217164284898e+00
5.000958672383889692e+00
5.000961950643134202e+00
5.000964736421331658e+00
5.000968218416703692e+00
5.000973811474424657e+00
5.000977946608064606e+00
5.000978755125280450e+00
5.000975687386555180e+00
5.000969020893420769e+00
5.000959378882864570e+00
5.000945926262386543e+00
5.000926475738261878e+00
5.000902869670273532e+00
5.000875109484506531e+00
5.000846226475288425e+00
5.000817181071354867e+00
5.000786633355631672e+00
5.000755197453868206e+00
5.000720068359838955e+00
5.000680815143601521e+00
5.000639120441952024e+00
5.000595918306239618e+00
5.000551868657671761e+00
5.000507265342489127e+00
5.000462215704933655e+00
5.000421759843916902e+00
5.000389372186361037e+00
5.000367184771782547e+00
5.000356734361591116e+00
5.000358869031656717e+00
5.000374057639743519e+00
5.000402831782009727e+00
5.000445112918859181e+00
5.000500997675007220e+00
5.000570306687040834e+00
5.000652787268518473e+00
5.000748684399186850e+00
5.000853502706051223e+00
5.000965676971138585e+00
5.001085531331956879e+00
5.001214508174346207e+00
5.001355563599975795e+00
5.001506029164778155e+00
5.001665833780902126e+00
5.001830737481253841e+00
5.001999428553865812e+00
5.002172904910878515e+00
5.002347544247642830e+00
5.002522512508915220e+00
5.002693323253082802e+00
5.002858640106755850e+00
5.003018960694211259e+00
5.003175917214141677e+00
5.003332154156998612e+00
5.003485607814402769e+00
5.003636578565822113e+00
5.003785897886737999e+00
5.003934947515263687e+00
5.004085815690815231e+00
5.004235225685297550e+00
5.004382171092912834e+00
5.004526669068620315e+00
5.004669562394156834e+00
5.004812525373309562e+00
5.004953999409809562e+00
5.005095253076761175e+00
5.005234550742788890e+00
5.005367990967242164e+00
5.005495320197549169e+00
5.005613996165227952e+00
5.005724324586225293e+00
5.005824019333703134e+00
5.005911258852463241e+00
5.005984208544139058e+00
5.006041224484686580e+00
5.006080879208055556e+00
5.006101528659817390e+00
5.006103027866518396e+00
5.006088488522980384e+00
5.006059887113113227e+00
5.006018210195067653e+00
5.005963510081235412e+00
5.005896433509949617e+00
5.005820982323092139e+00
5.005739898054925696e+00
5.005654399429513290e+00
5.005565184612824403e+00
5.005472075778125252e+00
5.005374467556430673e+00
5.005272005784391354e+00
5.005164593800038197e+00
5.005052847552179607e+00
5.004937538790582785e+00
5.004819549421847036e+00
5.004700204419971321e+00
5.004580629977466444e+00
5.004462215627613730e+00
5.004346319937217125e+00
5.004234309817734427e+00
5.004127903894590723e+00
5.004024380312370290e+00
5.003923944790916956e+00
5.003823356225223229e+00
5.003722128213451192e+00
5.003622041779638430e+00
5.003520768328638901e+00
5.003418530241654061e+00
5.003312324366598673e+00
5.003201779776319746e+00
5.003088654109342670e+00
5.002973244904606709e+00
5.002854634557918345e+00
5.002731254703433272e+00
5.002601306109756507e+00
5.002467485710115014e+00
5.002330801689133466e+00
5.002192599603043632e+00
5.002054271434502652e+00
5.001917410257341601e+00
5.001778390330332336e+00
5.001635256472112268e+00
5.001487484823049279e+00
5.001335178704068518e+00
5.001178900671257921e+00
5.001017301955326566e+00
5.000847745423271817e+00
5.000671502814693525e+00
5.000487970558060269e+00
5.000299490463985030e+00
5.000106020939600882e+00
4.999905734674137570e+00
4.999700514112664251e+00
4.999490084105236321e+00
4.999277170167369277e+00
4.999062101540220127e+00
4.998847996478033018e+00
4.998635511302452095e+00
4.998422963895896132e+00
4.998212651123352224e+00
4.998004291278370204e+00
4.997800885231295176e+00
4.997602954951175569e+00
4.997408450410760317e+00
4.997219695930429140e+00
4.997036183063931603e+00
4.996860932071752082e+00
4.996694472299016532e+00
4.996536295932775928e+00
4.996385941092914784e+00
4.996242779499909581e+00
4.996105979492014626e+00
4.995974683321138698e+00
4.995847699984033774e+00
4.995724152100330606e+00
4.995602865737920339e+00
4.995487931377311064e+00
4.995382018785049283e+00
4.995286263252665115e+00
4.995201578733568404e+00
4.995127843019610658e+00
4.995064802618755628e+00
4.995012116177997008e+00
4.994968918903788690e+00
4.994934594486432289e+00
4.994908079488260988e+00
4.994888386232370969e+00
4.994874631091545503e+00
4.994865708197642640e+00
4.994860651176018074e+00
4.994858337108921020e+00
4.994857627117483823e+00
4.994857478960196495e+00
4.994860499758807748e+00
4.994866267667687154e+00
4.994877589716645971e+00
4.994894258349971139e+00
4.994919173929677214e+00
4.994952653521042230e+00
4.994992137835662760e+00
4.995039462428841226e+00
4.995093451296280129e+00
4.995156624997336259e+00
4.995228865379768735e+00
4.995307225929874306e+00
4.995393363181802826e+00
4.995485925684052475e+00
4.995587350791621972e+00
4.995697427764837606e+00
4.995813273499090990e+00
4.995936478134548331e+00
4.996065689828551371e+00
4.996203305376998749e+00
4.996349040726505208e+00
4.996500709662520023e+00
4.996657926990025977e+00
4.996821844308011684e+00
4.996994391354107279e+00
4.997178739691459981e+00
4.997372548906439782e+00
4.997575880764358658e+00
4.997784554185651373e+00
4.997996954443238771e+00
4.998213413628121771e+00
4.998435239931873220e+00
4.998665014272858365e+00
4.998900158116897252e+00
4.999140152102639512e+00
4.999386056075176832e+00
4.999639696544339706e+00
4.999904246283999321e+00
5.000177302388777889e+00
5.000458874861081426e+00
5.000744780460673944e+00
5.001033363854814340e+00
5.001325147925246739e+00
5.001616174197125453e+00
5.001904981630223901e+00
5.002186820498037534e+00
5.002459733439909684e+00
5.002723871534989541e+00
5.002980414340572501e+00
5.003231142806189524e+00
5.003473658459561157e+00
5.003707557441964049e+00
5.003934004949702086e+00
5.004154905183537672e+00
5.004372653803153881e+00
5.004585130950733429e+00
5.004791846042797587e+00
5.004988974565938165e+00
5.005175185753329536e+00
5.005351001927925481e+00
5.005517852315976235e+00
5.005677626161202376e+00
5.005828052480070234e+00
5.005968928635416759e+00
5.006101457113696362e+00
5.006227574879600795e+00
5.006349759446754533e+00
5.006465840731114447e+00
5.006575575443283910e+00
5.006678036684469646e+00
5.006771947546229562e+00
5.006856273832098303e+00
5.006931672301442759e+00
5.006999974609652071e+00
5.007063473137395526e+00
5.007120162034707000e+00
5.007170321424792903e+00
5.007215456641580076e+00
5.007258057762238757e+00
5.007301133773591317e+00
5.007342949877794602e+00
5.007383749177982679e+00
5.007420009838255304e+00
5.007450901924470621e+00
5.007477279166064221e+00
5.007501017351473571e+00
5.007524784226276005e+00
5.007546683224224360e+00
5.007566849734009118e+00
5.007586914967120606e+00
5.007609331354339055e+00
5.007637426266753344e+00
5.007669476943862996e+00
5.007705889384102882e+00
5.007743137330122885e+00
5.007780296469878323e+00
5.007818166131923654e+00
5.007857475614013509e+00
5.007898491386162831e+00
5.007941417305568521e+00
5.007986430556351287e+00
5.008034829472029159e+00
5.008088601723150290e+00
5.008150765176699437e+00
5.008219020876871319e+00
5.008293138889434282e+00
5.008374219711709152e+00
5.008464133402172003e+00
5.008566116185697581e+00
5.008677712444055352e+00
5.008798866726298371e+00
5.008925657410014942e+00
5.009057047309193322e+00
5.009194656850609384e+00
5.009335557173777431e+00
5.009479629684078006e+00
5.009623249320152460e+00
5.009765607153835454e+00
5.009908017206775810e+00
5.010051312314184990e+00
5.010195814816119864e+00
5.010341651968496457e+00
5.010488706815826809e+00
5.010636802388193978e+00
5.010785657305109275e+00
5.010934901160958965e+00
5.011084115819844698e+00
5.011232864165517498e+00
5.011380760928455302e+00
5.011527283422489987e+00
5.011671959914107966e+00
5.011814308257614314e+00
5.011953845450493716e+00
5.012090070077990234e+00
5.012222485028047458e+00
5.012350593626337947e+00
5.012473897969187853e+00
5.012591896679090553e+00
5.012704113170341813e+00
5.012810113791213773e+00
5.012910321669489910e+00
5.013001199977309419e+00
5.013081391786993635e+00
5.013151178097190908e+00
5.013211616163911089e+00
5.013264039976359498e+00
5.013305558443837739e+00
5.013335327757825866e+00
5.013353890236771804e+00
5.013362525465504760e+00
5.013362858594240912e+00
5.013354250570022153e+00
5.013334577253749202e+00
5.013305167416305608e+00
5.013265513200508394e+00
5.013217747491048648e+00
5.013162014577734027e+00
5.013100846875655492e+00
5.013034346057298585e+00
5.012960730102109963e+00
5.012881654771241813e+00
5.012796709770534598e+00
5.012708275970270577e+00
5.012616263469879208e+00
5.012518635336507877e+00
5.012416992346021338e+00
5.012310857158350785e+00
5.012202555714370789e+00
5.012092146957488836e+00
5.011979423416974555e+00
5.011864969376672363e+00
5.011749868216190507e+00
5.011630381373886500e+00
5.011504774717812083e+00
5.011372779682476519e+00
5.011234847549546956e+00
5.011091857208136879e+00
5.010940106185352683e+00
5.010777798081017309e+00
5.010604733089185636e+00
5.010421317825294985e+00
5.010228605484790876e+00
5.010026358859813733e+00
5.009813828533716595e+00
5.009594185715742221e+00
5.009368918454475406e+00
5.009142671236969768e+00
5.008917820817060829e+00
5.008694829652286629e+00
5.008475780943610012e+00
5.008264086423643846e+00
5.008063878091253862e+00
5.007880674516984598e+00
5.007714357143469464e+00
5.007567527704142485e+00
5.007438221341201867e+00
5.007326801195942423e+00
5.007236601701208656e+00
5.007165647754646898e+00
5.007115420140527462e+00
5.007083027293175448e+00
5.007068638389665871e+00
5.007072429390009738e+00
5.007094118311852249e+00
5.007133483421839060e+00
5.007190167969873151e+00
5.007263946836663315e+00
