0.000000000000000000e+00
0.000000000000000000e+00
-1.453461736673490128e-06
-7.590354798594490846e-06
-1.927889665239491165e-05
-3.368542311363854056e-05
-4.680649508372882009e-05
-2.337319441721775234e-05
1.129726515500806814e-05
1.051832140365149782e-04
2.930202298739459517e-04
5.543046222010161164e-04
9.262772426882294116e-04
1.480886504141381253e-03
2.159446790901711072e-03
3.070275500504066491e-03
4.240567103115608708e-03
5.729202494112541760e-03
7.465505018917611285e-03
9.513425245968392188e-03
1.196563453981070932e-02
1.468981029101996787e-02
1.778814406701712675e-02
2.132061333963065214e-02
2.516272933789878707e-02
2.938453973838477812e-02
3.407893629380851636e-02
3.908160300561577122e-02
4.449455232926994436e-02
5.037285120793968951e-02
5.652793855973870657e-02
6.312586160012870207e-02
7.007050485917717952e-02
7.743455381700189988e-02
8.521204562493951695e-02
9.333375366040860821e-02
1.018513348848501254e-01
1.106581887752691312e-01
1.198152199537435708e-01
1.292482385189214766e-01
1.390957561285177391e-01
1.492080560476461426e-01
1.596698549539723733e-01
1.703607145101704856e-01
1.813795605451741511e-01
1.926939609796681774e-01
2.043232539446034612e-01
2.161990311891713312e-01
2.283939889223255970e-01
2.408766845018543989e-01
2.536248055250324707e-01
2.666243627817310724e-01
2.798768726141132590e-01
2.933731225282825150e-01
3.072271421701587291e-01
3.212733581812061145e-01
3.356397882253802090e-01
3.501822367460405983e-01
3.650275305063402365e-01
3.801116886884843837e-01
3.954350283891833184e-01
4.109861555845416015e-01
4.267638221532976672e-01
4.427802482397233952e-01
4.590485301763689852e-01
4.756180241853869006e-01
4.924498084337389225e-01
5.094841829092180419e-01
5.267487338335192781e-01
5.442534569055712534e-01
5.619841197282947620e-01
5.799501302988209206e-01
5.981861081869280783e-01
6.166617885381854292e-01
6.353134778291861240e-01
6.541444078237692583e-01
6.731441703588645353e-01
6.924002817423026146e-01
7.117919030935444535e-01
7.314108947069324351e-01
7.511505988390125843e-01
7.711047271043934836e-01
7.911752751619495205e-01
8.114790204317251510e-01
8.320764783174673385e-01
8.528227880747001333e-01
8.738000419885795234e-01
8.948964837343376111e-01
9.161993196756524904e-01
9.376100924760976119e-01
9.592364671976247870e-01
9.810909584314505549e-01
1.003068867042748114e+00
1.025258264854637336e+00
1.047550521209923202e+00
1.070036323383538157e+00
1.092659132793632581e+00
1.115434723213401647e+00
1.138366215542045534e+00
1.161444297149864413e+00
1.184664113834587251e+00
1.208083007648674156e+00
1.231700687721458465e+00
1.255485980823723313e+00
1.279431732013908807e+00
1.303519292190758128e+00
1.327750935867516136e+00
1.352111006096092582e+00
1.376693718746391681e+00
1.401456084564415505e+00
1.426339395359245810e+00
1.451336236313072625e+00
1.476408455684868226e+00
1.501576431110588361e+00
1.526898689583030766e+00
1.552280578926292343e+00
1.577756326511588814e+00
1.603244381263938978e+00
1.628782937839714062e+00
1.654388931110587935e+00
1.679959276035514870e+00
1.705527348831382906e+00
1.731101987674919407e+00
1.756596799209801052e+00
1.782026570156303835e+00
1.807346093967644229e+00
1.832580583408562225e+00
1.857757866695610494e+00
1.882771826103416979e+00
1.907650976494041917e+00
1.932400441482750253e+00
1.956964950874534814e+00
1.981342506721702756e+00
2.005501315906730309e+00
2.029530704334464364e+00
2.053321369007315766e+00
2.076887398079123592e+00
2.100284648254599595e+00
2.123491869285788702e+00
2.146508176639761789e+00
2.169271712616171133e+00
2.191894703224386287e+00
2.214252012088979704e+00
2.236419256046499271e+00
2.258279881790365540e+00
2.279822709873403408e+00
2.301047854736531839e+00
2.321942031696522690e+00
2.342441969230855126e+00
2.362681155517781573e+00
2.382532718494618340e+00
2.402031299188816860e+00
2.421205153778279051e+00
2.440017886474812325e+00
2.458389948919498913e+00
2.476447842434132074e+00
2.494090379789553946e+00
2.511369828298769757e+00
2.528286481216631909e+00
2.544820285156451867e+00
2.560947565153324224e+00
2.576797849252903561e+00
2.592471193388187434e+00
2.607927254751407631e+00
2.623325243309222898e+00
2.638586061313830999e+00
2.653777441099368417e+00
2.668979810789309681e+00
2.684239071920596409e+00
2.699536222532474383e+00
2.714997864082538293e+00
2.730589685753070484e+00
2.746477808073246152e+00
2.762602886274540204e+00
2.779043296888553893e+00
2.795812383011067048e+00
2.812927605226719585e+00
2.830389644220554946e+00
2.848183614328586355e+00
2.866202817276202630e+00
2.884514390543185591e+00
2.903207594469272124e+00
2.922298063352786635e+00
2.941794650867664007e+00
2.961600033357822070e+00
2.981755794599734610e+00
3.002180329874240439e+00
3.022899076059542889e+00
3.043870572164736998e+00
3.065120505407534779e+00
3.086610888555728405e+00
3.108369459226809628e+00
3.130358056143008660e+00
3.152604412153446223e+00
3.175067833975040443e+00
3.197775463178836652e+00
3.220682214811526833e+00
3.243814844206057924e+00
3.267128693178378729e+00
3.290594803407870472e+00
3.314135331228457826e+00
3.337787889555178911e+00
3.361487933710300080e+00
3.385278231218539879e+00
3.409128278806888179e+00
3.433099738672458656e+00
3.457148949220859357e+00
3.481323036268435978e+00
3.505568648889743066e+00
3.529920207575045765e+00
3.554319333151065408e+00
3.578790904596530265e+00
3.603293963983737580e+00
3.627701522424899849e+00
3.652009352758609939e+00
3.676117836549960938e+00
3.700055100038730060e+00
3.723731772020541175e+00
3.747180069997988916e+00
3.770328156069003622e+00
3.793217920377933261e+00
3.815792645528995664e+00
3.838063258245670628e+00
3.859864424780094172e+00
3.881309277132236613e+00
3.902408749178134961e+00
3.923251482561313175e+00
3.943790194109164648e+00
3.963946942403994811e+00
3.983716154411518051e+00
4.003210227802479260e+00
4.022404491022312456e+00
4.041330477312290448e+00
4.060073098257267254e+00
4.078641865566456026e+00
4.097071500137531075e+00
4.115201270893298791e+00
4.133062105491839056e+00
4.150738020256244276e+00
4.168236949756823684e+00
4.185543361023150055e+00
4.202573099449358196e+00
4.219349285677156836e+00
4.235919502094469102e+00
4.252394296243867444e+00
4.268699306562623086e+00
4.284691810920914889e+00
4.300496529653748290e+00
4.316091637924392543e+00
4.331473813369949077e+00
4.346759901359757094e+00
4.361880504205903009e+00
4.376790957763870615e+00
4.391587474659164769e+00
4.406175424173553345e+00
4.420556776836593649e+00
4.434793160274703716e+00
4.448832882955748858e+00
4.462664347007948784e+00
4.476295483425337451e+00
4.489664216354567472e+00
4.502734321668822481e+00
4.515601107195099218e+00
4.528222236946303880e+00
4.540594706848342987e+00
4.552698912933548669e+00
4.564574162080965003e+00
4.576208432033738838e+00
4.587579839542589077e+00
4.598655442312441721e+00
4.609539925173007369e+00
4.620159824207507704e+00
4.630567055061542092e+00
4.640721575334751492e+00
4.650558316424572070e+00
4.660185587123120143e+00
4.669543788746082669e+00
4.678726826623164747e+00
4.687617823198519496e+00
4.696164387181482880e+00
4.704503376200875664e+00
4.712574036434373781e+00
4.720464343145570396e+00
4.728171800687991144e+00
4.735692082956515669e+00
4.743030956104480111e+00
4.750082462743007383e+00
4.756876509502612649e+00
4.763439014867031140e+00
4.769778862908565564e+00
4.775863387897693713e+00
4.781749574259006152e+00
4.787478659465991271e+00
4.792994823768816914e+00
4.798271864369593409e+00
4.803286422804079692e+00
4.808056773856363542e+00
4.812592204526147555e+00
4.816899085059842101e+00
4.821031268552024684e+00
4.824905186012466096e+00
4.828563295021732316e+00
4.832024500086983032e+00
4.835305637434204939e+00
4.838454301074227359e+00
4.841473601475438926e+00
4.844400107577524039e+00
4.847212352469644436e+00
4.849938623026094575e+00
4.852567255809984381e+00
4.855112981513222792e+00
4.857595124408682352e+00
4.860023991629560669e+00
4.862404919877728382e+00
4.864696738585909230e+00
4.866919655367810904e+00
4.869083872154434722e+00
4.871201766893347163e+00
4.873274875149209429e+00
4.875271856352765276e+00
4.877208817914206129e+00
4.879090589597899097e+00
4.880923958733755619e+00
4.882705899640995995e+00
4.884434810742813049e+00
4.886107109502034973e+00
4.887705165758806203e+00
4.889237657055335973e+00
4.890693743392902526e+00
4.892087675198990127e+00
4.893422445818859323e+00
4.894697718635279138e+00
4.895913608685212637e+00
4.897056378364639251e+00
4.898132809266523502e+00
4.899151324942783603e+00
4.900108691543415773e+00
4.901012433931306589e+00
4.901849169895128533e+00
4.902612683489993906e+00
4.903311303943470811e+00
4.903933376833871982e+00
4.904483576841728087e+00
4.904974997282104177e+00
4.905399699896650034e+00
4.905767499819473798e+00
4.906082545645609194e+00
4.906361392453386649e+00
4.906604025174006622e+00
4.906822073903009951e+00
4.907025129418895126e+00
4.907225619085209267e+00
4.907424326144235849e+00
4.907615851774889570e+00
4.907805044516998727e+00
4.908000853225666482e+00
4.908213840290982510e+00
4.908443618301380873e+00
4.908690095055929348e+00
4.908951157122932507e+00
4.909228920057498335e+00
4.909519987978124611e+00
4.909837123468602904e+00
4.910180267632091144e+00
4.910545281745577917e+00
4.910933175735261003e+00
4.911340225987221864e+00
4.911764270566489898e+00
4.912194726929152822e+00
4.912634033463979755e+00
4.913086958766068157e+00
4.913550203383054260e+00
4.914020141974177136e+00
4.914488129630770530e+00
4.914943330973471802e+00
4.915378309726801120e+00
4.915797104589727518e+00
4.916199271619406730e+00
4.916580302618529963e+00
4.916932200916198425e+00
4.917251188173977106e+00
4.917535444773821318e+00
4.917780915085312898e+00
4.917980681598274728e+00
4.918146898929117938e+00
4.918270347040235357e+00
4.918360595448031169e+00
4.918396875801119172e+00
4.918380565639674629e+00
4.918310990958562279e+00
4.918188373894517795e+00
4.918029467725283155e+00
4.917819447574292901e+00
4.917568101381038836e+00
4.917266106047755159e+00
4.916922713854437355e+00
4.916544937641446289e+00
4.916127587818626132e+00
4.915677478686992785e+00
4.915186381527309578e+00
4.914668928050525132e+00
4.914123331197624900e+00
4.913555004411464644e+00
4.912971867174929841e+00
4.912380648815161344e+00
4.911783778109676035e+00
4.911193844453520363e+00
4.910621054918594020e+00
4.910062219985849019e+00
4.909535615296190869e+00
4.909026819096035332e+00
4.908560344875877668e+00
4.908138505705720966e+00
4.907774920762605575e+00
4.907452507131821129e+00
4.907187861987477362e+00
4.906979608816183003e+00
4.906842443552887900e+00
4.906781375851569926e+00
4.906773303465888247e+00
4.906832481876918450e+00
4.906953648154595449e+00
4.907131005984702199e+00
4.907384478964812224e+00
4.907691180587714364e+00
4.908064532645946443e+00
4.908499470160311517e+00
4.908990469121342848e+00
4.909545150467161889e+00
4.910165276297336234e+00
4.910858554610019411e+00
4.911614070230132079e+00
4.912425021746163800e+00
4.913289591812498358e+00
4.914221203991181675e+00
4.915214589306123649e+00
4.916275703453428569e+00
4.917378649630554044e+00
4.918533770062930799e+00
4.919739916914113387e+00
4.920985273637779933e+00
4.922271007367380768e+00
4.923580633767852710e+00
4.924922036000499048e+00
4.926299105503568754e+00
4.927702801146518041e+00
4.929139075049173258e+00
4.930604487129460978e+00
4.932103865810642418e+00
4.933632366427193716e+00
4.935193822749863735e+00
4.936784265854369025e+00
4.938395425745259359e+00
4.940024911382209893e+00
4.941667703309071236e+00
4.943325721689475039e+00
4.944991429963123686e+00
4.946659062423718112e+00
4.948321510621321195e+00
4.949977433898459900e+00
4.951627177962076409e+00
4.953268651732218864e+00
4.954902720519316794e+00
4.956509499021780840e+00
4.958096669831288494e+00
4.959652402170908303e+00
4.961182491996299682e+00
4.962687725492728852e+00
4.964156089642060898e+00
4.965590015866769846e+00
4.966972720243944650e+00
4.968319078155770008e+00
4.969615433582081465e+00
4.970854554840340889e+00
4.972046620764746905e+00
4.973177047141804863e+00
4.974266124808205625e+00
4.975301110737933463e+00
4.976276736476435758e+00
4.977209854342953044e+00
4.978091883652822069e+00
4.978929097720402375e+00
4.979703612768070720e+00
4.980420275398509844e+00
4.981077133559601577e+00
4.981671799973564241e+00
4.982216518403008720e+00
4.982696930945828662e+00
4.983133778714552875e+00
4.983511116013840336e+00
4.983832440257982554e+00
4.984089621578323026e+00
4.984288510301130515e+00
4.984435721824858057e+00
4.984529966770652187e+00
4.984584612388144542e+00
4.984600049332230221e+00
4.984586347975282550e+00
4.984540026383919020e+00
4.984468294652623754e+00
4.984374698168111628e+00
4.984255533852128828e+00
4.984120641090421522e+00
4.983968621883987815e+00
4.983805951197147088e+00
4.983638087194859345e+00
4.983460987899899663e+00
4.983276275173276204e+00
4.983079258259832223e+00
4.982874840721932763e+00
4.982667940929976780e+00
4.982456008308080442e+00
4.982239982169565096e+00
4.982013784964081538e+00
4.981779732425209772e+00
4.981538322791901230e+00
4.981298121624138986e+00
4.981064702142473877e+00
4.980837556589837511e+00
4.980617824383521963e+00
4.980406866204436511e+00
4.980214967374201329e+00
4.980040851943637215e+00
4.979892988112267105e+00
4.979758654889162806e+00
4.979654243477132702e+00
4.979582453691843824e+00
4.979546750942686728e+00
4.979560293239051916e+00
4.979599387916246123e+00
4.979684965769270555e+00
4.979818776296892402e+00
4.980000186386027039e+00
4.980234240619906494e+00
4.980508952634849607e+00
4.980838619815626700e+00
4.981206485415317964e+00
4.981620994033732153e+00
4.982076597931304640e+00
4.982559879171171602e+00
4.983072649287500155e+00
4.983598177331008294e+00
4.984144918891109555e+00
4.984714326793767469e+00
4.985302677648581593e+00
4.985911129536547470e+00
4.986537026660956329e+00
4.987182704331793559e+00
4.987843349250473679e+00
4.988517973842539810e+00
4.989205130832710111e+00
4.989903396638550426e+00
4.990611198517004077e+00
4.991323589506068359e+00
4.992042790474811476e+00
4.992761415960707438e+00
4.993482447760619891e+00
4.994196817996419568e+00
4.994904433982886083e+00
4.995604633437908504e+00
4.996293961080231050e+00
4.996976366388119040e+00
4.997649681317127168e+00
4.998318213196911941e+00
4.998981032120504153e+00
4.999632783877172137e+00
5.000274906726993152e+00
5.000905130701579715e+00
5.001522739725627886e+00
5.002126107262887977e+00
5.002706381092289156e+00
5.003264035927573516e+00
5.003796111727575990e+00
5.004304993311386340e+00
5.004778738962929907e+00
5.005212089838902756e+00
5.005618688585680154e+00
5.005994598055701239e+00
5.006347737694601285e+00
5.006678494969824200e+00
5.006981728757241790e+00
5.007263269843974740e+00
5.007516521653601949e+00
5.007747097807447645e+00
5.007954164492408822e+00
5.008129961519014017e+00
5.008280754927988632e+00
5.008400426870654343e+00
5.008498252165014542e+00
5.008569274251792436e+00
5.008619605629217375e+00
5.008641925775889625e+00
5.008634293511719626e+00
5.008608742900404032e+00
5.008563265911512907e+00
5.008504657325542730e+00
5.008431546519719113e+00
5.008341484609267980e+00
5.008237405427940381e+00
5.008112331981980248e+00
5.007971568712243027e+00
5.007809410513589299e+00
5.007622513798275499e+00
5.007412645825394470e+00
5.007176529475696469e+00
5.006919040036597046e+00
5.006634713568934636e+00
5.006332575333513724e+00
5.005998971712983803e+00
5.005634287026919260e+00
5.005248092067636989e+00
5.004840251383581240e+00
5.004418338862457460e+00
5.003981657167175356e+00
5.003532009151975046e+00
5.003072250773411334e+00
5.002600180682938102e+00
5.002121354964773836e+00
5.001634522927206561e+00
5.001143774938981323e+00
5.000650633936028377e+00
5.000153147903482420e+00
4.999655347158411978e+00
4.999157270406583642e+00
4.998663193647960412e+00
4.998173801702658459e+00
4.997689889212350245e+00
4.997213738513390346e+00
4.996742947836618320e+00
4.996285715651910486e+00
4.995844907378057975e+00
4.995432669622103639e+00
4.995049636875490862e+00
4.994685043459039520e+00
4.994350314614576902e+00
4.994046676018488284e+00
4.993782001965892725e+00
4.993560935192954631e+00
4.993376295854550229e+00
4.993236700463321576e+00
4.993139168973294240e+00
4.993089035841848933e+00
4.993086565262210286e+00
4.993126757987346842e+00
4.993206271989773626e+00
4.993338657938446445e+00
4.993505849842483357e+00
4.993710212450976016e+00
4.993942437232042231e+00
4.994207158390934431e+00
4.994514461573715813e+00
4.994849643376225501e+00
4.995214965012425345e+00
4.995603426438325556e+00
4.996019633900876222e+00
4.996461304095145550e+00
4.996931903962549271e+00
4.997432917397972574e+00
4.997957032178100611e+00
4.998508711163458074e+00
4.999085299414153027e+00
4.999684757259245771e+00
5.000314997923132054e+00
5.000964208510276343e+00
5.001630844217296534e+00
5.002311025973911640e+00
5.003004209589715146e+00
5.003709429991002544e+00
5.004426739704366689e+00
5.005143566992637183e+00
5.005855820145961310e+00
5.006556752812620026e+00
5.007247235965486709e+00
5.007919125821944206e+00
5.008566770520562983e+00
5.009182927277439745e+00
5.009768692520017552e+00
5.010319829512888568e+00
5.010830494951958869e+00
5.011285549890751589e+00
5.011700266305859408e+00
5.012063904185350083e+00
5.012390883531923080e+00
5.012665381379926899e+00
5.012888005212451148e+00
5.013068703063333409e+00
5.013191658756266378e+00
5.013272319738323546e+00
5.013289908015438279e+00
5.013259540685257143e+00
5.013171707085137818e+00
5.013018958094334288e+00
5.012823318159942865e+00
5.012575722495829389e+00
5.012292953609292390e+00
5.011969903251890734e+00
5.011591924122338781e+00
5.011181799388294777e+00
5.010728930859631447e+00
5.010247219159073673e+00
5.009735157555708085e+00
5.009189870646962639e+00
5.008623890905449016e+00
5.008024736634262730e+00
5.007401462225982591e+00
5.006751783220836138e+00
5.006074848799775268e+00
5.005374142854283726e+00
5.004650393380591034e+00
5.003904508157440034e+00
5.003139560921855633e+00
5.002352715014287021e+00
5.001548868371911816e+00
5.000728419824310933e+00
4.999899069546527741e+00
4.999068488209314154e+00
4.998238336994118569e+00
4.997408856480188177e+00
4.996585462643570175e+00
4.995768083660668601e+00
4.994952731086677922e+00
4.994142427398628570e+00
4.993334608106678729e+00
4.992532661287850893e+00
4.991735031558937941e+00
4.990936515806980722e+00
4.990146719842024403e+00
4.989361553146310690e+00
4.988597906335062504e+00
4.987855344741411123e+00
4.987129677488274737e+00
4.986426377548641931e+00
4.985735686152048984e+00
4.985067790775367769e+00
4.984423126905031864e+00
4.983802732816704051e+00
4.983217174327739585e+00
4.982656000061698620e+00
4.982134197830029088e+00
4.981645898549623475e+00
4.981211699276036242e+00
4.980840229718750400e+00
4.980512442542976537e+00
4.980245754393554769e+00
4.980032921294489157e+00
4.979896898763993107e+00
4.979831492035456719e+00
4.979835464470825812e+00
4.979920003154120423e+00
4.980066988701738140e+00
4.980298781405009478e+00
4.980589731289811972e+00
4.980964520900317716e+00
4.981407243116565908e+00
4.981901850021252187e+00
4.982463907441863959e+00
4.983071706770727971e+00
4.983736248417566017e+00
4.984456074415514415e+00
4.985212810068200717e+00
4.986015351592372191e+00
4.986848742841551996e+00
4.987717891140649229e+00
4.988614890082547326e+00
4.989531137673923311e+00
4.990465492858358054e+00
4.991409477322169330e+00
4.992359186514088165e+00
4.993307759194443918e+00
4.994246040685841770e+00
4.995169181628893007e+00
4.996071858509250951e+00
4.996951591326662445e+00
4.997808932765194001e+00
4.998638589932391518e+00
4.999442557721207159e+00
5.000210797517368633e+00
5.000942794038722994e+00
5.001626035301754314e+00
5.002264082236955289e+00
5.002867030306527241e+00
5.003429930536817061e+00
5.003958582273495104e+00
5.004452406643699724e+00
5.004906615382801682e+00
5.005323960660766680e+00
5.005692263758550808e+00
5.006011317922543391e+00
5.006278214688222761e+00
5.006493815994629948e+00
5.006641040538245768e+00
5.006722952137509175e+00
5.006736010176402907e+00
5.006683630797354567e+00
5.006573454452021288e+00
5.006391258047236725e+00
5.006149537557078588e+00
5.005841575109672092e+00
5.005474122272144832e+00
5.005047999576936135e+00
5.004575153582998759e+00
5.004058693790145895e+00
5.003507563689060689e+00
5.002921754264541221e+00
5.002297374450869860e+00
5.001643925004905178e+00
5.000958907821482669e+00
5.000252890282578022e+00
4.999529735588735591e+00
4.998799429753130852e+00
4.998070535579032025e+00
4.997341920205657928e+00
4.996626810499734006e+00
4.995920609900062814e+00
4.995245543339555283e+00
4.994597449296418468e+00
4.993981213414374842e+00
4.993400374421181453e+00
4.992845227153301479e+00
4.992330098220409518e+00
4.991850331307650990e+00
4.991403985762299378e+00
4.990997734324338353e+00
4.990621820085944016e+00
4.990294425667525680e+00
4.990001096551568871e+00
4.989756443084480075e+00
4.989564557031991754e+00
4.989407580451372226e+00
4.989312710494998804e+00
4.989253975239847705e+00
4.989255390039765814e+00
4.989302629700983260e+00
4.989399738845536447e+00
4.989560605262526316e+00
4.989754907575556508e+00
4.990002088689366566e+00
4.990299296335438228e+00
4.990640776225487407e+00
4.991035379835526697e+00
4.991456957453053178e+00
4.991919535280327835e+00
4.992404408187728571e+00
4.992925506823820747e+00
4.993488419794601896e+00
4.994071733609897201e+00
4.994685575098854358e+00
4.995315586806398755e+00
4.995973039374810298e+00
4.996658725769383302e+00
4.997366059453351994e+00
4.998096161068543708e+00
4.998836487935051309e+00
4.999591582150324953e+00
5.000358217165931762e+00
5.001134025485381329e+00
5.001915408701761656e+00
5.002696495832068990e+00
5.003479215012058390e+00
5.004262744293676235e+00
5.005049991638527374e+00
5.005834293172821248e+00
5.006614747972354174e+00
5.007368205667599881e+00
5.008101960376963646e+00
5.008800623745785607e+00
5.009469802708493624e+00
5.010110357136595027e+00
5.010699766756164131e+00
5.011255582378375095e+00
5.011761574329006486e+00
5.012223939628469793e+00
5.012654086754788629e+00
5.013038913452197320e+00
5.013391570293475930e+00
5.013690406208057837e+00
5.013950167701712424e+00
5.014165174954703375e+00
5.014330290065279527e+00
5.014464040392211608e+00
5.014550518722406203e+00
5.014608149880675825e+00
5.014627834368164727e+00
5.014610870928172481e+00
5.014573204052304334e+00
5.014513574974281518e+00
5.014441436110667283e+00
5.014351118840880694e+00
5.014244882567458816e+00
5.014131596452228834e+00
5.014002185427255398e+00
5.013860784741721588e+00
5.013695924925289482e+00
5.013514497476303511e+00
5.013310694276027490e+00
5.013084968561909882e+00
5.012843410960070578e+00
5.012583229086033931e+00
5.012311820323249734e+00
5.012019002559265246e+00
5.011701541478417177e+00
5.011363893869004826e+00
5.011000527451416886e+00
5.010620112652560465e+00
5.010207181918104880e+00
5.009765794771393388e+00
5.009289884986956487e+00
5.008783829631884288e+00
5.008261535363872419e+00
5.007717334898790007e+00
5.007158198254784587e+00
5.006581352884551528e+00
5.005993628549059160e+00
5.005405980619272555e+00
5.004817608455796929e+00
5.004235579791148858e+00
5.003657320114452745e+00
5.003081436241647140e+00
5.002516936297197070e+00
5.001960407803435871e+00
5.001416146467108526e+00
5.000881887125450120e+00
5.000355114462452732e+00
4.999843561920005897e+00
4.999342749762016425e+00
4.998851024965423662e+00
4.998367933603603319e+00
4.997894378351647404e+00
4.997434952157216337e+00
4.996987442570405058e+00
4.996558892848567801e+00
4.996141336607413663e+00
4.995745390961545240e+00
4.995372690084058043e+00
4.995028004134673516e+00
4.994712298522371974e+00
4.994425869295972653e+00
4.994173398903238414e+00
4.993947274862455821e+00
4.993750549248088255e+00
4.993589319149632999e+00
4.993457807573159712e+00
4.993365088096489046e+00
4.993292249171663144e+00
4.993252536217350546e+00
4.993247675240288785e+00
4.993269061903718331e+00
4.993318277370434544e+00
4.993387456998477525e+00
4.993474728964515386e+00
4.993589060032986637e+00
4.993717663666479289e+00
4.993867629893368409e+00
4.994031336378550456e+00
4.994205913316703160e+00
4.994395576358086508e+00
4.994594049580639350e+00
4.994804578494523639e+00
4.995024862211439931e+00
4.995251335945223303e+00
4.995491479799392565e+00
4.995746656932177565e+00
4.996017073463889346e+00
4.996297779880705114e+00
4.996584176101031005e+00
4.996882262058796265e+00
4.997192564957083860e+00
4.997513222337008898e+00
4.997838501200318362e+00
4.998168065116048275e+00
4.998498723894596374e+00
4.998829437248647700e+00
4.999153506547451720e+00
4.999471492409946372e+00
4.999779508576038367e+00
5.000075285151842408e+00
5.000360969376060893e+00
5.000632874869052280e+00
5.000891818978135284e+00
5.001130715344344502e+00
5.001349392771964553e+00
5.001535830606018251e+00
5.001690695645530482e+00
5.001810656605529815e+00
5.001898048982265976e+00
5.001951281061637999e+00
5.001959119300599887e+00
5.001934028152618339e+00
5.001859188458192662e+00
5.001746772784979811e+00
5.001602170473202769e+00
5.001425710102781252e+00
5.001224059021339485e+00
5.000978500327335929e+00
5.000699483571814596e+00
5.000393215460944063e+00
5.000063471539187177e+00
4.999714993132518437e+00
4.999345470188425899e+00
4.998958401499556281e+00
4.998558098195361232e+00
4.998142883708941220e+00
4.997716773418951597e+00
4.997278831234443608e+00
4.996833322240281205e+00
4.996372316671776836e+00
4.995897955825793879e+00
4.995419440014528867e+00
4.994935576884317108e+00
4.994452788537609322e+00
4.993967105156052355e+00
4.993479499636459096e+00
4.992999991854893516e+00
4.992526401883231379e+00
4.992063537916408222e+00
4.991609053170549259e+00
4.991163359066711713e+00
4.990732420651482926e+00
4.990310695847735900e+00
4.989902023567125866e+00
4.989502324579522252e+00
4.989116891293093659e+00
4.988741254626080313e+00
4.988374268083140883e+00
4.988018481252954217e+00
4.987669293252991132e+00
4.987326598471269357e+00
4.986986369570956867e+00
4.986651111921534429e+00
4.986318636020882877e+00
4.985988277314468142e+00
4.985658809921010182e+00
4.985327868541939544e+00
4.985000091498952735e+00
4.984677108345788810e+00
4.984360769545895131e+00
4.984052408697317915e+00
4.983753819434205923e+00
4.983470567098122750e+00
4.983198693270099788e+00
4.982948053410514611e+00
4.982712816210701057e+00
4.982490244867516793e+00
4.982283425523205800e+00
4.982087126454575632e+00
4.981909759776905311e+00
4.981745042024419590e+00
4.981590375533566650e+00
4.981447901908547138e+00
4.981312656790256810e+00
4.981191795250639487e+00
4.981081661746143752e+00
4.980986564500494929e+00
4.980909103696471441e+00
4.980848057136175733e+00
4.980806582957741036e+00
4.980775139649632699e+00
4.980758231815419101e+00
4.980748877394945318e+00
4.980759503872832283e+00
4.980788451087428292e+00
4.980833102905889653e+00
4.980896145192672542e+00
4.980969137357314835e+00
4.981063018658896446e+00
4.981172453969483271e+00
4.981301052005727037e+00
4.981443443879250310e+00
4.981596529068189838e+00
4.981768082430351186e+00
4.981959903253007305e+00
4.982176167158175240e+00
4.982407228307563329e+00
4.982659282063830020e+00
4.982932832980292659e+00
4.983224996676432816e+00
4.983537199603158996e+00
4.983860685707766969e+00
4.984201111601430867e+00
4.984556548179824631e+00
4.984927874276181115e+00
4.985316552700241211e+00
4.985724677586694575e+00
4.986158360907574583e+00
4.986619638459523607e+00
4.987113633038243066e+00
4.987640110658249526e+00
4.988196003431221826e+00
4.988784504303476197e+00
4.989405190491815745e+00
4.990059754619140087e+00
4.990749063784022610e+00
4.991475994506616942e+00
4.992234067538519504e+00
4.993032675379653007e+00
4.993857685247202305e+00
4.994717044451970622e+00
4.995606361100215054e+00
4.996519266286630234e+00
4.997458922782677782e+00
4.998420029947299170e+00
4.999398092398184446e+00
5.000387045064705660e+00
5.001382432425158342e+00
5.002378776291148910e+00
5.003379672238366105e+00
5.004383236983553473e+00
5.005390178704396398e+00
5.006398485148086053e+00
5.007406448120012676e+00
5.008406721049681209e+00
5.009397555360331822e+00
5.010364921310677566e+00
5.011311561235918255e+00
5.012219700881971107e+00
5.013094202646746211e+00
5.013922826716436632e+00
5.014694360488785918e+00
5.015426617184415292e+00
5.016104605564609464e+00
5.016732590192691355e+00
5.017311693573130782e+00
5.017838714526726029e+00
5.018331555196775540e+00
5.018767966473234310e+00
5.019155849175285233e+00
5.019486617961656627e+00
5.019775411853325764e+00
5.020015557924044636e+00
5.020201863510292739e+00
5.020342604027819178e+00
5.020433858934548077e+00
5.020491536202597693e+00
5.020511168822403114e+00
5.020502670360136754e+00
5.020452949958260191e+00
5.020370718105100494e+00
5.020268627781756088e+00
5.020147677431217481e+00
5.020015693348233832e+00
5.019867993569333997e+00
5.019708125343878891e+00
5.019540554484684947e+00
5.019361823475319007e+00
5.019177585648701978e+00
5.018982713757411673e+00
5.018780675487920284e+00
5.018573836529953702e+00
5.018358378591342372e+00
5.018139412192954119e+00
5.017913555143725723e+00
5.017686024619592011e+00
5.017448531067324247e+00
5.017201929161650753e+00
5.016954759093326999e+00
5.016704727052104573e+00
5.016458260523480206e+00
5.016212805001392105e+00
5.015972956152959128e+00
5.015743357291770010e+00
5.015517238932055477e+00
5.015302130351168231e+00
5.015094916405481662e+00
5.014902614629222377e+00
5.014730579438014146e+00
5.014570381542993616e+00
5.014430641796765009e+00
5.014304371498850443e+00
5.014207032233803041e+00
5.014127283687096259e+00
5.014072277745554196e+00
5.014033889741960515e+00
5.013997840482599777e+00
5.013966261618163500e+00
5.013932206318105322e+00
5.013899198436965854e+00
5.013861113532303904e+00
5.013811458518586228e+00
5.013751062948114345e+00
5.013677492008403291e+00
5.013591593026040627e+00
5.013491206678419410e+00
5.013372801502091747e+00
5.013241919257535706e+00
5.013097630531383686e+00
5.012945068745730204e+00
5.012786694324431913e+00
5.012617556794403129e+00
5.012439137610464002e+00
5.012248652639656576e+00
5.012050475354165258e+00
5.011844222198098997e+00
5.011633922203302838e+00
5.011405956360370340e+00
5.011162488839447704e+00
5.010895643538654021e+00
5.010609959351688403e+00
5.010307799435078202e+00
5.009973142674982505e+00
5.009613683453618904e+00
5.009219017146944175e+00
5.008803523748039943e+00
5.008359784266770198e+00
5.007888681969465239e+00
5.007397296509565443e+00
5.006883959888341451e+00
5.006352838544967376e+00
5.005801010547998864e+00
5.005226860686066814e+00
5.004635839878443626e+00
5.004023397496764503e+00
5.003396476886098121e+00
5.002751719585482704e+00
5.002095863750997573e+00
5.001425037911954696e+00
5.000741312584700893e+00
5.000052594623388025e+00
4.999359495199145798e+00
4.998663553676428783e+00
4.997974968707981525e+00
4.997298923737230503e+00
4.996644781610787511e+00
4.996020010045589821e+00
4.995411561808409395e+00
4.994837737164321112e+00
4.994296630664589287e+00
4.993800040638866733e+00
4.993333538553539341e+00
4.992907606183414337e+00
4.992521457007949692e+00
4.992164863726919144e+00
4.991845072775010550e+00
4.991547730236177038e+00
4.991279149341258936e+00
4.991033555592272464e+00
4.990798298518035914e+00
4.990581075499628483e+00
4.990377232829903420e+00
4.990195520675605678e+00
4.990030446003056674e+00
4.989879081833042740e+00
4.989746843349985639e+00
4.989628699493459330e+00
4.989534593081897285e+00
4.989455645239776693e+00
4.989399727365799286e+00
4.989361844290380432e+00
4.989333681151603805e+00
4.989322197771963729e+00
4.989318801288592731e+00
4.989328325180671264e+00
4.989342181586527758e+00
4.989353536967520597e+00
4.989366291433671385e+00
4.989381116873683020e+00
4.989406832368676881e+00
4.989439333193567805e+00
4.989477303955335508e+00
4.989521520222169215e+00
4.989579452961315553e+00
4.989657741194223561e+00
4.989754259004821613e+00
4.989869626206909992e+00
4.990007260223483954e+00
4.990179094416653527e+00
4.990391919189697489e+00
4.990638969489937793e+00
4.990932852277165210e+00
4.991269195215410015e+00
4.991655037501461223e+00
4.992081967616089244e+00
4.992554391832658034e+00
4.993073328794547905e+00
4.993635625192532679e+00
4.994244191893944418e+00
4.994889580184229239e+00
4.995573874437817530e+00
4.996296308884033088e+00
4.997048525685079845e+00
4.997834789627798813e+00
4.998640987598903962e+00
4.999485531845697217e+00
5.000352449440964797e+00
5.001255948194869738e+00
5.002191715338835110e+00
5.003149006092555418e+00
5.004139360511309143e+00
5.005147564882046929e+00
5.006184685552126368e+00
5.007242525541787614e+00
5.008321359181408639e+00
5.009425221332913125e+00
5.010549751469499213e+00
5.011692659804229955e+00
5.012842938774829449e+00
5.013994522565608847e+00
5.015146162831789489e+00
5.016295383298403188e+00
5.017439127215749473e+00
5.018576890030510107e+00
5.019703238555795366e+00
5.020812170082337822e+00
5.021908995234972473e+00
5.022977040433890927e+00
5.024025467732556649e+00
5.025040285387643024e+00
5.026021188968425868e+00
5.026966778287296655e+00
5.027864503884320158e+00
5.028735074499254054e+00
5.029563809731607549e+00
5.030367212915425768e+00
5.031129545295244476e+00
5.031841286072140207e+00
5.032514451691513457e+00
5.033135664635901563e+00
5.033718773373967004e+00
5.034268902340538254e+00
5.034780036085850341e+00
5.035256666527694769e+00
5.035691772685953360e+00
5.036089781323083159e+00
5.036448173844823017e+00
5.036760590547331162e+00
5.037031432730712410e+00
5.037252559611209435e+00
5.037437253320224961e+00
5.037565049068637890e+00
5.037651971462749678e+00
5.037689819355131604e+00
5.037681356783127562e+00
5.037633579744128731e+00
5.037534030646188654e+00
5.037392016098006131e+00
5.037210552681339770e+00
5.036989442229373282e+00
5.036743819274110301e+00
5.036457695297998249e+00
5.036134986028176996e+00
5.035776975721222293e+00
5.035385108448665825e+00
5.034973374649983846e+00
5.034536378316683880e+00
5.034074843794209997e+00
5.033575785502892863e+00
5.033048393100601814e+00
5.032487830415470320e+00
5.031902816787464872e+00
5.031289872795446705e+00
5.030647970631823007e+00
5.029989843115314940e+00
5.029315202355489234e+00
5.028631865277991331e+00
5.027940716117725195e+00
5.027247310549125991e+00
5.026553435370431977e+00
5.025869151100622823e+00
5.025191109374273601e+00
5.024531345561253914e+00
5.023892762780297616e+00
5.023276540830840631e+00
5.022688271299113438e+00
5.022113542787838725e+00
5.021562768787252828e+00
5.021036183431851541e+00
5.020533960804450579e+00
5.020061879575359320e+00
5.019606211379277205e+00
5.019179777883100435e+00
5.018785842143107523e+00
5.018413513869155018e+00
5.018072900071847364e+00
5.017753891021121682e+00
5.017457127317894283e+00
5.017182732679057011e+00
5.016926884062695713e+00
5.016698791764784282e+00
5.016488403704125076e+00
5.016290472865211569e+00
5.016103326331931456e+00
5.015925085999179522e+00
5.015762163873869639e+00
5.015609017161761329e+00
5.015462696578463664e+00
5.015324289722477680e+00
5.015194030951817261e+00
5.015081307849024839e+00
5.014981268884722176e+00
5.014893712483456056e+00
5.014818820113426057e+00
5.014758437451085626e+00
5.014719357959105395e+00
5.014699808338767717e+00
5.014692937828942654e+00
5.014695804333889839e+00
5.014707570728491604e+00
5.014731285456213605e+00
5.014769072933700222e+00
5.014812975181843768e+00
5.014861951051856614e+00
5.014915235522781067e+00
5.014974517552760247e+00
5.015040246947314984e+00
5.015118707176874580e+00
5.015204118528049371e+00
5.015301330956276615e+00
5.015406124927680231e+00
5.015515364781597540e+00
5.015633457787910920e+00
5.015758935101906957e+00
5.015888717463817592e+00
5.016018145345728207e+00
5.016142088370973973e+00
5.016259338260272926e+00
5.016375125870683682e+00
5.016480547879464957e+00
5.016578244269467746e+00
5.016657490013740173e+00
5.016723408499372816e+00
5.016772406865483092e+00
5.016804967613996524e+00
5.016829613033321422e+00
5.016841775291239536e+00
5.016845701607516084e+00
5.016843123172282759e+00
5.016837062115071078e+00
5.016834353685251102e+00
5.016828368148406270e+00
5.016819465443829174e+00
5.016802836608245997e+00
5.016780216189204999e+00
5.016750968744151606e+00
5.016706069855123573e+00
5.016647947433508392e+00
5.016573900741628123e+00
5.016486478404243776e+00
5.016384815325130475e+00
5.016263697625239715e+00
5.016126764782805836e+00
5.015981741950949591e+00
5.015827858581308085e+00
5.015664803668024696e+00
5.015488934370788243e+00
5.015304864405753626e+00
5.015115747100772126e+00
5.014928273375243606e+00
5.014743403515875997e+00
5.014567011672169450e+00
5.014398091345191766e+00
5.014233485109270028e+00
5.014075984808713748e+00
5.013923944368125163e+00
5.013782854464934324e+00
5.013649910141811716e+00
5.013529994788677335e+00
5.013428570649683280e+00
5.013344879376798069e+00
5.013281504118911158e+00
5.013239694864584983e+00
5.013212832508704864e+00
5.013200544241678713e+00
5.013198066755991888e+00
5.013205622789660865e+00
5.013216626374028984e+00
5.013224242342380954e+00
5.013228692462120328e+00
5.013225608914776643e+00
5.013216595022508493e+00
5.013193354854860395e+00
5.013154267320909518e+00
5.013098113757125773e+00
5.013031951330169100e+00
5.012964012773275080e+00
5.012894560421385037e+00
5.012827917585648052e+00
5.012760326584370318e+00
5.012688437846057887e+00
5.012615597342639617e+00
5.012537906739428450e+00
5.012458468509405130e+00
5.012368592975228410e+00
5.012264027690082280e+00
5.012148129792451279e+00
5.012015252580432900e+00
5.011871137257231545e+00
5.011701886459751343e+00
5.011508543241335545e+00
5.011288735895916169e+00
5.011051794282661120e+00
5.010795955426559978e+00
5.010523910905735789e+00
5.010236442882137098e+00
5.009942247524426406e+00
5.009646671220228775e+00
5.009351835969403588e+00
5.009061827539964540e+00
5.008777494553043219e+00
5.008505968499495253e+00
5.008243381652547122e+00
5.007989995769722036e+00
5.007745461418790178e+00
5.007512207041990848e+00
5.007298457726401253e+00
5.007097483101796698e+00
5.006911865483535173e+00
5.006739293477996178e+00
5.006585290014309741e+00
5.006446980742302877e+00
5.006323939088297870e+00
5.006220541290503867e+00
5.006138391077082694e+00
5.006090348015102443e+00
5.006075030187173702e+00
5.006098162475071334e+00
5.006150944222725663e+00
5.006227045202657600e+00
5.006332702184126404e+00
5.006464837728097805e+00
5.006622761724546677e+00
5.006796823026642862e+00
5.006980473319097236e+00
5.007173803610755591e+00
5.007375731779291073e+00
5.007588872270686942e+00
5.007814287891639182e+00
5.008042942745637660e+00
5.008274486729901831e+00
5.008507405942333790e+00
5.008746826643150740e+00
5.008995060356358664e+00
5.009249411853056166e+00
5.009504067836354935e+00
5.009753826776544905e+00
5.010002778222809816e+00
5.010254641411851395e+00
5.010506233418386302e+00
5.010754245048413047e+00
5.010994863485941586e+00
5.011232406305173193e+00
5.011468279393413106e+00
5.011708590308227684e+00
5.011956563456007707e+00
5.012207923190691972e+00
5.012458354154626150e+00
5.012705940822161921e+00
5.012946462253130342e+00
5.013181433411336485e+00
5.013404652340359036e+00
5.013617274383104672e+00
5.013824631547576516e+00
5.014018887722885509e+00
5.014204216109609646e+00
5.014376108119286357e+00
5.014537010801977779e+00
5.014686935799218759e+00
5.014814910966926220e+00
5.014927493263058977e+00
5.015020356582501115e+00
5.015098469116748170e+00
5.015161568218863941e+00
5.015207140514648998e+00
5.015238247233464008e+00
5.015250580833780170e+00
5.015244275424882936e+00
5.015224566888318414e+00
5.015187520375730124e+00
5.015137569741600743e+00
5.015071581327611661e+00
5.014990339265460229e+00
5.014899555701085809e+00
5.014796941201457692e+00
5.014689654154025789e+00
5.014576022769579922e+00
5.014464238542387875e+00
5.014354279493238309e+00
5.014241577494216173e+00
5.014127719379288806e+00
5.014009881117639900e+00
5.013888727161360137e+00
5.013761909161952524e+00
5.013624373167080428e+00
5.013480259948669193e+00
5.013326069819999731e+00
5.013163619837981422e+00
5.012986818752509066e+00
5.012800260982734457e+00
5.012611824269664673e+00
5.012422152604234071e+00
5.012235178570520588e+00
5.012051505106760452e+00
5.011873007784856782e+00
5.011702989577575096e+00
5.011544423843992568e+00
5.011398418802095911e+00
5.011267381203620808e+00
5.011160488124264845e+00
5.011069978964775018e+00
5.010995940105318347e+00
5.010943839727230120e+00
5.010914479142781097e+00
5.010910102692692547e+00
5.010925444554565011e+00
5.010959474138478420e+00
5.011003341401488953e+00
5.011061566715622639e+00
5.011125200038338612e+00
5.011196342950248628e+00
5.011258595298537344e+00
5.011310769600355819e+00
5.011346522987847329e+00
5.011368005230584011e+00
5.011379339481033313e+00
5.011367833322408316e+00
5.011337960112402179e+00
5.011280282858321833e+00
5.011194336788291182e+00
5.011074820618638626e+00
5.010909756172011065e+00
5.010701670359382298e+00
5.010439074534484227e+00
5.010137167267062708e+00
5.009772832162238565e+00
5.009344229913808455e+00
5.008862380638279710e+00
5.008316628180006447e+00
5.007727764613488119e+00
5.007065451435307679e+00
5.006343144319514771e+00
5.005550295553664597e+00
5.004690850667218527e+00
5.003781722776154517e+00
5.002813206158142734e+00
5.001792908750038791e+00
5.000724389470676989e+00
4.999612597442726347e+00
4.998473154671051688e+00
4.997307328648425973e+00
4.996120891414142839e+00
4.994915541924096480e+00
4.993696541927315380e+00
4.992471733606911322e+00
4.991246218822455560e+00
4.990020923234081529e+00
4.988800427831269424e+00
4.987584053493597125e+00
4.986366436697103666e+00
4.985162764556266168e+00
4.983969143025136717e+00
4.982797105453467879e+00
4.981642073608495203e+00
4.980503453678943870e+00
4.979394117585875357e+00
4.978300920716979050e+00
4.977234365634181756e+00
4.976187215737559733e+00
4.975159436232901911e+00
4.974160071752526058e+00
4.973184189118004639e+00
4.972241869039393691e+00
4.971323364965177127e+00
4.970430518976902690e+00
4.969566022671317640e+00
4.968731161720608469e+00
4.967941610358213467e+00
4.967190294332361589e+00
4.966497433773731984e+00
4.965853242493725617e+00
4.965251532934167322e+00
4.964704796365953854e+00
4.964201384774901804e+00
4.963762483775178147e+00
4.963371302663841078e+00
4.963032262131133798e+00
4.962760197028079467e+00
4.962540163967320339e+00
4.962396216086606415e+00
4.962295302181998657e+00
4.962265248260490758e+00
4.962310959910072761e+00
4.962409503859496418e+00
4.962578901060885173e+00
4.962785702914960240e+00
4.963049629599817436e+00
4.963369637140102597e+00
4.963729156077868687e+00
4.964131905705697179e+00
4.964570544854765899e+00
4.965046638445024918e+00
4.965549692370956336e+00
4.966073321410482855e+00
4.966624029845958965e+00
4.967198801272576070e+00
4.967803310983842202e+00
4.968422076002723564e+00
4.969061181590921805e+00
4.969716281638510758e+00
4.970384194002516409e+00
4.971063219503529140e+00
4.971746812955506911e+00
4.972437992588647937e+00
4.973134607718358247e+00
4.973836463064918334e+00
4.974541932017575441e+00
4.975248245642553080e+00
4.975957957477341154e+00
4.976669890032184185e+00
4.977386872218025005e+00
4.978102049649728578e+00
4.978816454009188597e+00
4.979514000759495573e+00
4.980198110387695998e+00
4.980862623126282251e+00
4.981511822463049910e+00
4.982151984990610849e+00
4.982772547238542238e+00
4.983380295791698167e+00
4.983973585561884079e+00
4.984556899079156445e+00
4.985137271964025452e+00
4.985706452288699353e+00
4.986265737385523700e+00
4.986811322205734420e+00
4.987345147476564655e+00
4.987866533630560539e+00
4.988365813986431974e+00
4.988849089452100038e+00
4.989313770690036343e+00
4.989764544487966802e+00
4.990206524626387363e+00
4.990638231047464402e+00
4.991065153078210415e+00
4.991483972528052426e+00
4.991897389636410054e+00
4.992310914256647081e+00
4.992722130239977574e+00
4.993137449109033454e+00
4.993552896463349988e+00
4.993976461038962533e+00
4.994405458503440975e+00
4.994832326964512959e+00
4.995254100010766862e+00
4.995665180840566322e+00
4.996065418989434903e+00
4.996446207285895724e+00
4.996805507102086708e+00
4.997146993027105744e+00
4.997467600637152785e+00
4.997771667026952080e+00
4.998050642916038733e+00
4.998304087453560030e+00
4.998536715087518623e+00
4.998747449153140288e+00
4.998940644142254364e+00
4.999109608930572435e+00
4.999260890026613779e+00
4.999393815481141701e+00
4.999512331596613457e+00
4.999622093149499236e+00
4.999718068054915143e+00
4.999804916157424728e+00
4.999879801449402805e+00
4.999941083280406318e+00
4.999983518034255781e+00
5.000010520731135166e+00
5.000030013412738228e+00
5.000042907427100225e+00
5.000052128203364532e+00
5.000054163151193443e+00
5.000059290744369278e+00
5.000070026543228963e+00
5.000086187420651029e+00
5.000109867724362722e+00
5.000140693337429276e+00
5.000183294849241733e+00
5.000232765596130946e+00
5.000287351734707286e+00
5.000346935350219901e+00
5.000409371914112278e+00
5.000474816892066521e+00
5.000539143058241542e+00
5.000602463056104341e+00
5.000662607029782158e+00
5.000722535518700163e+00
5.000774695301198669e+00
5.000819764473246387e+00
5.000856054644803095e+00
5.000883381856375820e+00
5.000907331614992124e+00
5.000924872206063299e+00
5.000938402625736856e+00
5.000943798173803856e+00
5.000940840452215319e+00
5.000928424272689909e+00
5.000903759649493630e+00
5.000870207957462732e+00
5.000826443158562284e+00
5.000776240401441974e+00
5.000713924183051162e+00
5.000639682039159872e+00
5.000559155288624602e+00
5.000472290077719428e+00
5.000383031647193555e+00
5.000288305189002358e+00
5.000188550045256974e+00
5.000087986709091936e+00
4.999986684033189022e+00
4.999887202139484899e+00
4.999787955022889641e+00
4.999690264965878761e+00
4.999586773756431235e+00
4.999480430511296980e+00
4.999376508704857613e+00
4.999276205924810590e+00
4.999182986663194050e+00
4.999097166219265809e+00
4.999018087386626341e+00
4.998956892857800760e+00
4.998910215831834591e+00
4.998884215871345127e+00
4.998877682789585108e+00
4.998890895577037696e+00
4.998928708766013251e+00
4.998980197269825787e+00
4.999051550916752795e+00
4.999137648075243412e+00
4.999234464048764259e+00
4.999346942344105038e+00
4.999471428721567356e+00
4.999618280140107451e+00
4.999786350132322532e+00
4.999970688336885516e+00
5.000174918865210039e+00
5.000402868912912524e+00
5.000661928673632239e+00
5.000943011884934286e+00
5.001250608415699794e+00
5.001581589133834882e+00
5.001935284474289922e+00
5.002315871828592719e+00
5.002711291649736047e+00
5.003128212915159523e+00
5.003562052735485821e+00
5.004012438246408401e+00
5.004482544177571768e+00
5.004962695950069929e+00
5.005458051712611045e+00
5.005961731561818340e+00
5.006477756427028858e+00
5.006998841726579386e+00
5.007522987240351497e+00
5.008049494476414232e+00
5.008570261971450499e+00
5.009086380788481563e+00
5.009586445392464782e+00
5.010070262478089731e+00
5.010535616130924907e+00
5.010980121718145774e+00
5.011402247698403478e+00
5.011789699123599284e+00
5.012151954808631515e+00
5.012477264442839697e+00
5.012774058358170137e+00
5.013045676594026112e+00
5.013272623719073451e+00
5.013470314612037626e+00
5.013624173348196322e+00
5.013747041850709074e+00
5.013834594433555836e+00
5.013873860841976615e+00
5.013885337890952698e+00
5.013860407768643945e+00
5.013811382855184462e+00
5.013738013802924165e+00
5.013639786940895071e+00
5.013527130315907243e+00
5.013393431696004932e+00
5.013246540621748792e+00
5.013084146835734778e+00
5.012908321161646974e+00
5.012721915961136254e+00
5.012531064328632269e+00
5.012334976390829588e+00
5.012143520814260178e+00
5.011955484532644611e+00
5.011784047194650427e+00
5.011629547941393703e+00
5.011488162659936130e+00
5.011364737226521981e+00
5.011250115576094011e+00
5.011157368169060433e+00
5.011081160645826316e+00
5.011018226201541026e+00
5.010969869251257869e+00
5.010927496984495910e+00
5.010898539308818123e+00
5.010879115641710513e+00
5.010869436098273511e+00
5.010873281455261008e+00
5.010882074649107842e+00
5.010900040285324764e+00
5.010920068561227403e+00
5.010941028653307150e+00
5.010961592714431312e+00
5.010984240393283606e+00
5.011013033150359064e+00
5.011041500512640745e+00
5.011070906436201788e+00
5.011103210104760564e+00
5.011143999099862967e+00
5.011200205017945386e+00
5.011265074191747715e+00
5.011345552895350330e+00
5.011436473988128526e+00
5.011538146613297329e+00
5.011652775416283845e+00
5.011780375922231912e+00
5.011918182447686831e+00
5.012058330616115498e+00
5.012194302547854363e+00
5.012328170547393213e+00
5.012456748224926706e+00
5.012581161437688060e+00
5.012701816624163698e+00
5.012814901750668461e+00
5.012924227630853657e+00
5.013023588499187611e+00
5.013111511170997403e+00
5.013194682002199976e+00
5.013272885494067133e+00
5.013350485544784796e+00
5.013426519688350069e+00
5.013504041102845754e+00
5.013581652077977679e+00
5.013654395099860217e+00
5.013719820301179020e+00
5.013773281108719004e+00
5.013816454340834561e+00
5.013841172109954059e+00
5.013850449728328051e+00
5.013846296957185977e+00
5.013827867188216381e+00
5.013800128883873164e+00
5.013760084909578474e+00
5.013713142140027834e+00
5.013667546617057269e+00
5.013622774313394537e+00
5.013587177055146782e+00
5.013559176497352610e+00
5.013552202594424578e+00
5.013565878932555009e+00
5.013597757375525710e+00
5.013648507554742118e+00
5.013710856718669007e+00
5.013794039144837456e+00
5.013894768750020603e+00
5.014008287137099451e+00
5.014133343809939802e+00
5.014263206749879132e+00
5.014404686299807956e+00
5.014555295912272115e+00
5.014714647402710668e+00
5.014877369088774905e+00
5.015044524987882113e+00
5.015213122779226040e+00
5.015383635313903632e+00
5.015552135893796226e+00
5.015717391783093504e+00
5.015879711975997246e+00
5.016039291621839702e+00
5.016196615436768980e+00
5.016348062718010148e+00
5.016494699010348057e+00
5.016636563177874208e+00
5.016775098882337858e+00
5.016910237149988738e+00
5.017039864940292304e+00
5.017166395561493353e+00
5.017279435341900573e+00
5.017380114730169538e+00
5.017457738976649040e+00
5.017517063139660394e+00
5.017543248961866098e+00
5.017533205236961003e+00
5.017492831644323914e+00
5.017415329969209914e+00
5.017310623700452332e+00
5.017169612419513314e+00
5.016990872916487376e+00
5.016760600150284688e+00
5.016475767993090251e+00
5.016154591419455855e+00
5.015787296720501942e+00
5.015374692321477035e+00
5.014909354054090329e+00
5.014389490128216664e+00
5.013826989062783568e+00
5.013218816981370729e+00
5.012580667153653025e+00
5.011911910564359474e+00
5.011224797607119363e+00
