0.000000000000000000e+00
0.000000000000000000e+00
-1.312178824264265475e-08
-7.886327580308718502e-08
-2.455136461776419966e-07
-5.382509414175727552e-07
-1.013640475093779562e-06
-1.515285738378224626e-06
-2.277769279999119909e-06
4.691142669344121910e-07
6.912134223284739881e-06
1.999156908937038395e-05
4.588567312680424704e-05
8.576437491797149297e-05
1.432902937369817241e-04
2.239391034083837559e-04
3.337704682337516281e-04
4.783258134114020213e-04
6.671181613194221947e-04
9.058149823533769322e-04
1.201855681239294513e-03
1.565388246773409455e-03
2.003611355422663283e-03
2.521292894481348430e-03
3.133359543381857796e-03
3.843667424617933093e-03
4.659430525599645399e-03
5.593949399291205105e-03
6.654338977633642536e-03
7.848935789762662846e-03
9.180056370197458432e-03
1.065545803993813573e-02
1.230240098327271651e-02
1.411684191912285918e-02
1.612460500687233969e-02
1.831982678860298933e-02
2.073081470221154604e-02
2.336704618424051069e-02
2.624910063236825589e-02
2.937458641022317601e-02
3.273444182366006677e-02
3.633415318220728496e-02
4.019230163782709642e-02
4.430948889940850705e-02
4.870042509525886881e-02
5.333265788048376782e-02
5.823852962940802291e-02
6.339115089863409103e-02
6.882831043690314232e-02
7.454862541645637664e-02
8.053647882431619331e-02
8.680254346817604938e-02
9.336697346657386876e-02
1.001755715081082826e-01
1.072502613732206067e-01
1.145821542212354244e-01
1.221354032227384007e-01
1.299190951058255550e-01
1.379105300375806364e-01
1.461271554896222402e-01
1.545739049383985098e-01
1.632662940689908193e-01
1.722265530297147074e-01
1.814093226858960184e-01
1.908149791428433995e-01
2.004188162752973401e-01
2.102333707281934250e-01
2.202385611006605071e-01
2.304596752592909248e-01
2.408712071844923419e-01
2.515040761896955579e-01
2.623582679697857301e-01
2.734505111643658615e-01
2.847789949843274604e-01
2.963308031031476331e-01
3.081165236899243709e-01
3.200959844061719295e-01
3.322912616202222669e-01
3.446743208834516237e-01
3.572753030726301127e-01
3.701029128500806231e-01
3.831663126417981791e-01
3.964670450159893944e-01
4.099575466582165983e-01
4.236569077441083575e-01
4.375304300257550350e-01
4.516012329527722691e-01
4.658496899077283482e-01
4.802989966341840167e-01
4.949429459044323854e-01
5.098146171042309271e-01
5.248993498751506337e-01
5.401715750166757868e-01
5.556315392920359031e-01
5.712684852549418935e-01
5.870912367770060314e-01
6.030969733664377497e-01
6.193227953383312334e-01
6.357155997225628630e-01
6.523164374300824964e-01
6.691148824164258047e-01
6.860996324488508602e-01
7.032837540575850310e-01
7.206298119494306542e-01
7.381941396662581312e-01
7.559683496424542959e-01
7.739887268015728239e-01
7.922406370112285989e-01
8.106630510756359653e-01
8.292698902556288054e-01
8.480254358717786989e-01
8.669506878325331511e-01
8.860527331301557563e-01
9.053257018992291183e-01
9.247926456400739070e-01
9.444447500178203558e-01
9.642985994288311158e-01
9.843256337115156018e-01
1.004518891043363782e+00
1.024863372511564563e+00
1.045360758967100345e+00
1.066003380484282115e+00
1.086841271586119317e+00
1.107846170134245689e+00
1.129052057928739972e+00
1.150483534998594681e+00
1.172202654547392253e+00
1.194199863142668017e+00
1.216447988218962273e+00
1.238953743643461891e+00
1.261705840296446501e+00
1.284756673044859410e+00
1.308087182707487583e+00
1.331667543120085506e+00
1.355584092802702756e+00
1.379796844191252481e+00
1.404293108648955180e+00
1.429060271448790331e+00
1.454114132589995334e+00
1.479404125876128351e+00
1.504965861506163849e+00
1.530775366491972989e+00
1.556811826891600914e+00
1.583065367407500590e+00
1.609552522368133065e+00
1.636219347185790429e+00
1.663103001780211976e+00
1.690172510809600182e+00
1.717518184847533380e+00
1.745105152792632675e+00
1.772911551661193519e+00
1.800929909414947128e+00
1.829165447420776136e+00
1.857665138907135027e+00
1.886432090468109113e+00
1.915421035952270534e+00
1.944659417338074014e+00
1.974113820261658159e+00
2.003811248011292179e+00
2.033718710608185098e+00
2.063877731032073726e+00
2.094255333609283287e+00
2.124891117281616282e+00
2.155772998995483469e+00
2.186875310606658740e+00
2.218183565802276824e+00
2.249688151545226944e+00
2.281346538729370099e+00
2.313167191214263951e+00
2.345115206904113681e+00
2.377167039580047714e+00
2.409298709101379554e+00
2.441499732203186390e+00
2.473749049372375719e+00
2.506026371187866086e+00
2.538310099310577606e+00
2.570579188532532200e+00
2.602827459044159131e+00
2.635030456251800768e+00
2.667173207468688911e+00
2.699233015246093714e+00
2.731199413008392529e+00
2.763064754671753498e+00
2.794826625055969682e+00
2.826486588186920557e+00
2.858028627104462149e+00
2.889457789129913579e+00
2.920759115881622847e+00
2.951941912836732129e+00
2.982988849348725768e+00
3.013911269373597435e+00
3.044674122996034349e+00
3.075293491549195402e+00
3.105734966463746360e+00
3.136020823187531725e+00
3.166113341517152069e+00
3.196038673586549361e+00
3.225757072634400924e+00
3.255295706457796090e+00
3.284610121912660663e+00
3.313732369608583639e+00
3.342617784208956166e+00
3.371300566858950187e+00
3.399786856836977122e+00
3.428098316855135330e+00
3.456228213972750041e+00
3.484151678747835490e+00
3.511867862410249952e+00
3.539380064673128157e+00
3.566684425539675019e+00
3.593779595560732343e+00
3.620616760916414822e+00
3.647207418150606895e+00
3.673571973509493827e+00
3.699711466498080359e+00
3.725596950716678180e+00
3.751235705084506655e+00
3.776636956400576839e+00
3.801802931494418392e+00
3.826744018263522396e+00
3.851416168875399393e+00
3.875816329188052300e+00
3.899949262804690786e+00
3.923772421545687727e+00
3.947300167746249588e+00
3.970539138979617189e+00
3.993459797568027270e+00
4.016066878504458870e+00
4.038384314245882400e+00
4.060368874735535982e+00
4.082047510809601931e+00
4.103430791563690505e+00
4.124496923155487771e+00
4.145256298250854066e+00
4.165743752188384441e+00
4.185919180578887122e+00
4.205817161268889492e+00
4.225405157274901846e+00
4.244716231293380382e+00
4.263759381241500890e+00
4.282510638899505118e+00
4.300980750984846779e+00
4.319149826235472389e+00
4.337030963368117220e+00
4.354604772991835127e+00
4.371960219807324854e+00
4.389053941435514972e+00
4.405915969080626660e+00
4.422508378691374809e+00
4.438859685129821209e+00
4.454976285166442729e+00
4.470877789921463119e+00
4.486560965246856547e+00
4.501996173329056106e+00
4.517247456974684994e+00
4.532274710602462342e+00
4.547124174303711186e+00
4.561753416723908217e+00
4.576162501043976150e+00
4.590372565455139053e+00
4.604353241390883866e+00
4.618123014635742152e+00
4.631655286020934348e+00
4.644957864947020454e+00
4.658054954476058107e+00
4.670941297478377052e+00
4.683615292973218658e+00
4.696056775517162940e+00
4.708311242527661200e+00
4.720350650019345728e+00
4.732176322407421587e+00
4.743809635109601075e+00
4.755230681366620082e+00
4.766475421852764072e+00
4.777520051665004708e+00
4.788364484972652768e+00
4.799024962849316012e+00
4.809482849306758290e+00
4.819741283125575038e+00
4.829818033642466979e+00
4.839708281821903491e+00
4.849397761888203817e+00
4.858906392521558537e+00
4.868221322960553543e+00
4.877334334916767489e+00
4.886248527235684591e+00
4.894957087702451304e+00
4.903475585646329904e+00
4.911792833871541752e+00
4.919900371498761693e+00
4.927824731535611846e+00
4.935553628868756704e+00
4.943080305523571916e+00
4.950399962134060416e+00
4.957509574360546623e+00
4.964414887494739581e+00
4.971111396617589051e+00
4.977595503992734649e+00
4.983886700935064695e+00
4.989980466432271555e+00
4.995879056520162287e+00
5.001577932901082768e+00
5.007072767681775893e+00
5.012361624903379109e+00
5.017441473669705942e+00
5.022315294212994274e+00
5.026998367376026344e+00
5.031485019392666125e+00
5.035772068566974902e+00
5.039857036239799193e+00
5.043741197056468728e+00
5.047437954909499425e+00
5.050943289167579842e+00
5.054255186385807619e+00
5.057372416622337497e+00
5.060295540458854546e+00
5.063036769694980066e+00
5.065593459374603036e+00
5.067963859505351998e+00
5.070147767878468770e+00
5.072143386370833618e+00
5.073962436980899326e+00
5.075604402936395587e+00
5.077068569279607146e+00
5.078353919453319598e+00
5.079459452397522057e+00
5.080394968233402864e+00
5.081160323909815979e+00
5.081765486515460672e+00
5.082211127831934405e+00
5.082497190378009400e+00
5.082631152878850145e+00
5.082613992630606425e+00
5.082454965352183329e+00
5.082156253154492376e+00
5.081718288804506933e+00
5.081149216811275515e+00
5.080451333369230937e+00
5.079632839630460417e+00
5.078696970488047135e+00
5.077644734825108586e+00
5.076482892553422666e+00
5.075214052419279476e+00
5.073845477919195268e+00
5.072381067345951067e+00
5.070825784127329428e+00
5.069188316981409592e+00
5.067474541287040779e+00
5.065692357341861296e+00
5.063847985784625472e+00
5.061948169539784104e+00
5.059998496393776080e+00
5.058008100162362020e+00
5.055983865778064690e+00
5.053934833179329900e+00
5.051868981937977843e+00
5.049794056932541686e+00
5.047717939387174724e+00
5.045646805088134457e+00
5.043584708343357370e+00
5.041539596836179804e+00
5.039517029295772943e+00
5.037524806181998827e+00
5.035568888108343799e+00
5.033659868757337286e+00
5.031804287503571338e+00
5.030010375003428180e+00
5.028290355871529727e+00
5.026646559606405162e+00
5.025083676646564079e+00
5.023604180137726694e+00
5.022211209009500799e+00
5.020900402288051900e+00
5.019679585765215890e+00
5.018542653243158291e+00
5.017495097066376530e+00
5.016532699982737320e+00
5.015660443897461462e+00
5.014877682249164970e+00
5.014178962181425447e+00
5.013559654164231105e+00
5.013011881481028276e+00
5.012542815464652080e+00
5.012145051020301167e+00
5.011822988870656914e+00
5.011572738359786783e+00
5.011388723584929039e+00
5.011268397620985304e+00
5.011205527512463398e+00
5.011205391112369512e+00
5.011260690900151360e+00
5.011373914179046984e+00
5.011536900807758599e+00
5.011752335742702513e+00
5.012013327587982126e+00
5.012321303781708259e+00
5.012671733495434268e+00
5.013060482178469890e+00
5.013486782681782827e+00
5.013948941823681338e+00
5.014446412060995506e+00
5.014979243461628045e+00
5.015547100600440622e+00
5.016148436774154007e+00
5.016779075820585021e+00
5.017437067736526757e+00
5.018124444891354230e+00
5.018837099109432209e+00
5.019574881230136398e+00
5.020332029943010532e+00
5.021107016090891051e+00
5.021902021501801094e+00
5.022712746743700052e+00
5.023539087135932668e+00
5.024375682507298713e+00
5.025221218947909740e+00
5.026076926846646309e+00
5.026938828934572001e+00
5.027806291167281394e+00
5.028674567524932471e+00
5.029542307962320713e+00
5.030410150845193051e+00
5.031274503652595875e+00
5.032134335894727251e+00
5.032985327724957436e+00
5.033826283399605472e+00
5.034657354686999042e+00
5.035475316305301874e+00
5.036278922964476656e+00
5.037064187635324153e+00
5.037829860929988079e+00
5.038574119393371298e+00
5.039292610992334609e+00
5.039981691200875247e+00
5.040638796050689763e+00
5.041261683326801801e+00
5.041848884221754368e+00
5.042398276810191149e+00
5.042909004647873061e+00
5.043379097652278098e+00
5.043810509812675313e+00
5.044204068441533018e+00
5.044559279565357990e+00
5.044876496192657989e+00
5.045155371331268235e+00
5.045395731326782318e+00
5.045595915184013514e+00
5.045758388542226136e+00
5.045883290028784884e+00
5.045970904255873357e+00
5.046021884872234686e+00
5.046034724342527866e+00
5.046012252099236761e+00
5.045955277514067916e+00
5.045866309749318823e+00
5.045746914828550977e+00
5.045598898539674693e+00
5.045425312100332071e+00
5.045225921972077643e+00
5.045001229262334519e+00
5.044752511913312532e+00
5.044481121832861348e+00
5.044189086063189720e+00
5.043876303984207610e+00
5.043542494392378117e+00
5.043189501343650960e+00
5.042818152970058421e+00
5.042431177897735317e+00
5.042029121918960577e+00
5.041610762989505723e+00
5.041178522175534304e+00
5.040732875494643217e+00
5.040277040517314511e+00
5.039811706757529208e+00
5.039336073873920796e+00
5.038851601845008688e+00
5.038356578043085676e+00
5.037852467401308765e+00
5.037341946317237529e+00
5.036823804667574400e+00
5.036299379794281883e+00
5.035766631206852750e+00
5.035226922175270126e+00
5.034682949921471362e+00
5.034134111060185823e+00
5.033581615416689026e+00
5.033023301056010368e+00
5.032460274240357023e+00
5.031893950878066235e+00
5.031327039329689832e+00
5.030762236295623246e+00
5.030196953704936469e+00
5.029631280405803651e+00
5.029066019049270864e+00
5.028503438970431283e+00
5.027946113078280987e+00
5.027391204936787261e+00
5.026838573618218398e+00
5.026288934192046476e+00
5.025744430264814433e+00
5.025207258491202644e+00
5.024679943723961095e+00
5.024164071744665172e+00
5.023661122983679839e+00
5.023173262728736432e+00
5.022701677596554504e+00
5.022248370936499562e+00
5.021814240543531760e+00
5.021400495386110663e+00
5.021009780085074148e+00
5.020637705764160685e+00
5.020282362206264892e+00
5.019942369116827230e+00
5.019617346292718274e+00
5.019308261694742868e+00
5.019010113077595925e+00
5.018720255559667720e+00
5.018437202507986861e+00
5.018160410682097172e+00
5.017889901819065024e+00
5.017626094473884635e+00
5.017369944574670448e+00
5.017121355748162870e+00
5.016880010581003191e+00
5.016645043762760103e+00
5.016415615035580089e+00
5.016190691786245104e+00
5.015968940547093524e+00
5.015749141825719626e+00
5.015529885972275004e+00
5.015309866024537655e+00
5.015087747136486307e+00
5.014865677161497004e+00
5.014642881760728699e+00
5.014421647237968571e+00
5.014201405970734271e+00
5.013984421464037666e+00
5.013770732256006113e+00
5.013558086967449867e+00
5.013348538959752965e+00
5.013141540727001910e+00
5.012940036962165280e+00
5.012744417442363876e+00
5.012552542863768501e+00
5.012366703143698032e+00
5.012186342282574536e+00
5.012014560019951048e+00
5.011851817975173873e+00
5.011696763020361267e+00
5.011548245372602572e+00
5.011405333038772447e+00
5.011267164843509647e+00
5.011132890088836334e+00
5.011001871545220254e+00
5.010873423181825714e+00
5.010746961618194106e+00
5.010621827729399236e+00
5.010497376863266794e+00
5.010376721518467136e+00
5.010260664271542375e+00
5.010147826495000345e+00
5.010041278703488921e+00
5.009941368690110863e+00
5.009852228127770424e+00
5.009775367603057639e+00
5.009710223130302786e+00
5.009654905642734413e+00
5.009606149965318167e+00
5.009565822352074704e+00
5.009533803370199934e+00
5.009508327148272322e+00
5.009486647392972003e+00
5.009465310045400521e+00
5.009445664370781870e+00
5.009427295585978435e+00
5.009412993844948758e+00
5.009402810046799104e+00
5.009394288141397311e+00
5.009389084358466526e+00
5.009386265036067876e+00
5.009388278847821674e+00
5.009394833886675613e+00
5.009406232056120345e+00
5.009417238426307151e+00
5.009424534980119859e+00
5.009426187335106917e+00
5.009421094671765218e+00
5.009408604156401879e+00
5.009386915546551577e+00
5.009353969228164338e+00
5.009311507582375533e+00
5.009260068876379535e+00
5.009203013564169638e+00
5.009141494846613085e+00
5.009075031397573596e+00
5.009006810011983113e+00
5.008937926833227472e+00
5.008872560035146471e+00
5.008812589171051322e+00
5.008757583783649103e+00
5.008705971670047497e+00
5.008655276769482967e+00
5.008607590841772428e+00
5.008563141353142179e+00
5.008520394364086137e+00
5.008476867424969114e+00
5.008429715759766587e+00
5.008380526342143035e+00
5.008329402153093746e+00
5.008279416151990127e+00
5.008231223128449372e+00
5.008183210441554678e+00
5.008137707450138976e+00
5.008094657553072260e+00
5.008057209570602630e+00
5.008026194472972925e+00
5.008000371817674434e+00
5.007977759685076968e+00
5.007955668834678242e+00
5.007936017574452059e+00
5.007919101630745828e+00
5.007903321795806661e+00
5.007886375443253435e+00
5.007865558169492637e+00
5.007842659427028664e+00
5.007817910093058877e+00
5.007794410444972755e+00
5.007772832525138718e+00
5.007751404129145101e+00
5.007730405782992555e+00
5.007706679988829457e+00
5.007679627629173957e+00
5.007650480901999934e+00
5.007620924139105867e+00
5.007592697546993321e+00
5.007567861236808859e+00
5.007548734768704435e+00
5.007532304224504571e+00
5.007517308520099242e+00
5.007503653979575198e+00
5.007492136515857339e+00
5.007484099740461048e+00
5.007476001996611359e+00
5.007466109555744005e+00
5.007454042828240581e+00
5.007440389680042792e+00
5.007426207676828334e+00
5.007407843446191720e+00
5.007383546725680645e+00
5.007352990190332420e+00
5.007316742424221978e+00
5.007275877707938250e+00
5.007231922295244608e+00
5.007186503057667437e+00
5.007137055971026207e+00
5.007083087173588964e+00
5.007020931752697024e+00
5.006949720146433691e+00
5.006870058352426156e+00
5.006778889844492930e+00
5.006675234861970303e+00
5.006555334866344964e+00
5.006418303499296840e+00
5.006264948543459603e+00
5.006096192315520277e+00
5.005912880875469817e+00
5.005715660561176783e+00
5.005505353618715070e+00
5.005282604802702373e+00
5.005048245169525067e+00
5.004802930463408295e+00
5.004547660440509027e+00
5.004283166300808716e+00
5.004010034274612551e+00
5.003729081504348919e+00
5.003440965019469999e+00
5.003146548826551410e+00
5.002846597932583350e+00
5.002542583436078161e+00
5.002236743100292315e+00
5.001926652375914273e+00
5.001611975539780985e+00
5.001293773535944176e+00
5.000973766777970120e+00
5.000654501017488762e+00
5.000333609950104119e+00
5.000010761019147765e+00
4.999687057432092629e+00
4.999364316981592005e+00
4.999045138877190375e+00
4.998729828816213860e+00
4.998416638370908771e+00
4.998108134284921178e+00
4.997804265521772926e+00
4.997508585188843888e+00
4.997221991230108351e+00
4.996944985162774522e+00
4.996677825186710997e+00
4.996420612518053694e+00
4.996173255440155891e+00
4.995935546677867656e+00
4.995707269251654203e+00
4.995488124076584491e+00
4.995277672797748814e+00
4.995077140122959669e+00
4.994888504926422890e+00
4.994715276450228281e+00
4.994555150490563200e+00
4.994408541243832822e+00
4.994271412711897895e+00
4.994142157934914117e+00
4.994021596998284629e+00
4.993909008583361953e+00
4.993802794633742437e+00
4.993700683588470746e+00
4.993599767178604765e+00
4.993502312094280526e+00
4.993408729514414723e+00
4.993318106724255578e+00
4.993228636017373212e+00
4.993137880010833918e+00
4.993048290076037787e+00
4.992960425770214705e+00
4.992874170296198955e+00
4.992788906997374987e+00
4.992703623656487899e+00
4.992622285034813423e+00
4.992547159075112262e+00
4.992479236564904888e+00
4.992418612773835918e+00
4.992364954660953202e+00
4.992317629518292499e+00
4.992275491716645419e+00
4.992237438686497164e+00
4.992202020549521002e+00
4.992167943072345793e+00
4.992133781769152456e+00
4.992097989971589378e+00
4.992059891362513824e+00
4.992018947153190389e+00
4.991975137920888983e+00
4.991928523670720708e+00
4.991879220929766880e+00
4.991827574911367194e+00
4.991773812574174407e+00
4.991718386103238814e+00
4.991661682113845089e+00
4.991604150467392920e+00
4.991545621411716205e+00
4.991485766124753809e+00
4.991423941947362941e+00
4.991359405325568765e+00
4.991291521092720451e+00
4.991224217921338635e+00
4.991159975760460554e+00
4.991099755991094788e+00
4.991043937237778394e+00
4.990992068693818062e+00
4.990945194502205418e+00
4.990905890719809612e+00
4.990871741242084880e+00
4.990842773012194478e+00
4.990815132706268642e+00
4.990787614608492184e+00
4.990761031761142164e+00
4.990737169116113314e+00
4.990718968416407719e+00
4.990704475182650590e+00
4.990693695850279887e+00
4.990688332572537966e+00
4.990690696810708538e+00
4.990704529091818387e+00
4.990728016551220669e+00
4.990761765644055714e+00
4.990803052463668621e+00
4.990852658867004799e+00
4.990908763289551686e+00
4.990966719321074940e+00
4.991026259220305406e+00
4.991084472124565963e+00
4.991141710627925221e+00
4.991195812283184097e+00
4.991247070945898479e+00
4.991297657575558766e+00
4.991349465411257569e+00
4.991404205818762208e+00
4.991463454661060339e+00
4.991529070145551472e+00
4.991597299652275055e+00
4.991666256303069815e+00
4.991735320670632525e+00
4.991804726158371786e+00
4.991875222611343865e+00
4.991942564050769526e+00
4.992004489625906594e+00
4.992060183754294833e+00
4.992109699674984746e+00
4.992153619674136955e+00
4.992192917225984239e+00
4.992228683549546631e+00
4.992258691999230891e+00
4.992283344135721279e+00
4.992300270862978451e+00
4.992310003119274420e+00
4.992314858893151630e+00
4.992313621522989742e+00
4.992307304381756516e+00
4.992294027870884499e+00
4.992274218891179949e+00
4.992246250464012824e+00
4.992209011409795671e+00
4.992157761375784375e+00
4.992090335893808906e+00
4.992006242317512665e+00
4.991906066607118220e+00
4.991790526756450852e+00
4.991657745936318946e+00
4.991508359765068015e+00
4.991344764889584340e+00
4.991170333144620663e+00
4.990988902193859822e+00
4.990800316897587408e+00
4.990606035837338972e+00
4.990404362311021913e+00
4.990195921701745085e+00
4.989983004560129665e+00
4.989764074501946922e+00
4.989539810126082386e+00
4.989307795563147963e+00
4.989068308663921592e+00
4.988823524923430064e+00
4.988575145458236548e+00
4.988324525342687998e+00
4.988072843370392029e+00
4.987821128988072950e+00
4.987574353074088584e+00
4.987334869583501806e+00
4.987108639018043021e+00
4.986899401829942846e+00
4.986708494653359303e+00
4.986536251386062268e+00
4.986381029053958081e+00
4.986246877764718199e+00
4.986135974428982820e+00
4.986048645931663970e+00
4.985984405088607296e+00
4.985940922163795364e+00
4.985921628137954364e+00
4.985927987590336841e+00
4.985959410977454986e+00
4.986014487150031371e+00
4.986089814857486147e+00
4.986188163601699586e+00
4.986309258418994972e+00
4.986457652945908592e+00
4.986635747787448558e+00
4.986843597602935496e+00
4.987080287926735522e+00
4.987342435059042067e+00
4.987633177556932473e+00
4.987953591898919292e+00
4.988302955844344133e+00
4.988679650866331805e+00
4.989080912501455245e+00
4.989505205520333497e+00
4.989953320131541581e+00
4.990419747003258522e+00
4.990902045772314111e+00
4.991393239901303680e+00
4.991889058382152022e+00
4.992387510792251959e+00
4.992887597077426243e+00
4.993389416293140926e+00
4.993888043829141310e+00
4.994380849295196434e+00
4.994866758615611246e+00
4.995345522009668748e+00
4.995817202658292544e+00
4.996277432062563584e+00
4.996723748885926852e+00
4.997155373983916959e+00
4.997572063014743549e+00
4.997974451363917936e+00
4.998363339223797830e+00
4.998739188157853341e+00
4.999099510789750234e+00
4.999443402991532004e+00
4.999767872982560313e+00
5.000072468084184152e+00
5.000357447688369206e+00
5.000620611918059844e+00
5.000860862892954728e+00
5.001075446841210415e+00
5.001263837118536060e+00
5.001427096624761148e+00
5.001564928156225776e+00
5.001678804320185634e+00
5.001767952035083731e+00
5.001830676009780596e+00
5.001868233983771894e+00
5.001880466038494788e+00
5.001868884822254557e+00
5.001834002256292599e+00
5.001778021480786762e+00
5.001701346140253968e+00
5.001603772014277638e+00
5.001487833920764459e+00
5.001354917518693100e+00
5.001208849798786105e+00
5.001051027875292654e+00
5.000881230391461152e+00
5.000699746765095099e+00
5.000507222328234747e+00
5.000304194398123236e+00
5.000091789446669210e+00
4.999870997320758903e+00
4.999642677966403603e+00
4.999407575659352787e+00
4.999166201695697254e+00
4.998919322740184690e+00
4.998667696908013269e+00
4.998411895528332316e+00
4.998152771394596350e+00
4.997890805628046884e+00
4.997626666545763818e+00
4.997360938571288713e+00
4.997094340033722659e+00
4.996828851092498525e+00
4.996567596278977064e+00
4.996309091251236900e+00
4.996053884800416789e+00
4.995802671227497882e+00
4.995556224070382356e+00
4.995315204083812688e+00
4.995080285247309071e+00
4.994851954642575365e+00
4.994630930095802057e+00
4.994417970057467571e+00
4.994213544063161869e+00
4.994018516864519697e+00
4.993833381056677290e+00
4.993658826321254018e+00
4.993495471820126319e+00
4.993344488318901320e+00
4.993202025087442486e+00
4.993066045099761929e+00
4.992936405984577775e+00
4.992813692128177827e+00
4.992699681993465255e+00
4.992590904829915743e+00
4.992485702892657251e+00
4.992384182818126348e+00
4.992287121599433775e+00
4.992196172045437308e+00
4.992111245177578205e+00
4.992030317501987113e+00
4.991956160210894389e+00
4.991888970875071330e+00
4.991832730656379447e+00
4.991789184261935297e+00
4.991757693186292144e+00
4.991736653906182042e+00
4.991722958560921519e+00
4.991718621962417224e+00
4.991723629194955159e+00
4.991740140511598867e+00
4.991765946961884914e+00
4.991801466401144971e+00
4.991844263760782496e+00
4.991895759519600517e+00
4.991954695833326738e+00
4.992017193980927914e+00
4.992083894297893565e+00
4.992152673336158308e+00
4.992224916731419881e+00
4.992299379487002753e+00
4.992372384839171673e+00
4.992444504042569342e+00
4.992513753310260149e+00
4.992581448945632161e+00
4.992646271269252978e+00
4.992706789597353811e+00
4.992766311275257607e+00
4.992826529512598199e+00
4.992887778547077993e+00
4.992949681551611896e+00
4.993011246807358638e+00
4.993071525771588526e+00
4.993129611820400271e+00
4.993186089507721803e+00
4.993242194186382044e+00
4.993299760682925914e+00
4.993360666892907140e+00
4.993427039621813002e+00
4.993495569633734199e+00
4.993564546922635294e+00
4.993633626778092527e+00
4.993703107814718045e+00
4.993773932950053229e+00
4.993842022665258895e+00
4.993905131550919307e+00
4.993962656361464525e+00
4.994014667458315238e+00
4.994061795817171578e+00
4.994105071569276078e+00
4.994145711096417806e+00
4.994182424928942154e+00
4.994217148108356596e+00
4.994249295768743657e+00
4.994281143950713542e+00
4.994312411883795377e+00
4.994340632010199954e+00
4.994367060542054482e+00
4.994390572357870539e+00
4.994413118720467892e+00
4.994434185577039109e+00
4.994455156947434915e+00
4.994474891770578573e+00
4.994495331013522055e+00
4.994515939633774160e+00
4.994533956170259970e+00
4.994550602951264295e+00
4.994564621212836286e+00
4.994577859022598432e+00
4.994589697598190270e+00
4.994597283093668239e+00
4.994601803470057000e+00
4.994601966200015397e+00
4.994599747682686441e+00
4.994594448088782279e+00
4.994583214854237063e+00
4.994567177576127115e+00
4.994545093256628654e+00
4.994518858886904056e+00
4.994487914465016054e+00
4.994454386458846429e+00
4.994417972004621120e+00
4.994376048500298815e+00
4.994329926309756473e+00
4.994278400841749566e+00
4.994223513043134055e+00
4.994164617200030243e+00
4.994098901146670322e+00
4.994027524626462267e+00
4.993949272286728025e+00
4.993866063019841484e+00
4.993777277114451074e+00
4.993682383632868316e+00
4.993585642407298408e+00
4.993489646044210417e+00
4.993395966588169088e+00
4.993305377148673507e+00
4.993218134016379928e+00
4.993134338882400769e+00
4.993053455593643442e+00
4.992975104384704821e+00
4.992898460755705869e+00
4.992822959649957149e+00
4.992747934654935271e+00
4.992672369576641067e+00
4.992595537876360012e+00
4.992516452720038522e+00
4.992434347312547871e+00
4.992348337763570676e+00
4.992257754405611259e+00
4.992166728026815825e+00
4.992077884947531352e+00
4.991992651609354681e+00
4.991911803235882239e+00
4.991835559023194868e+00
4.991763902021222776e+00
4.991696378089137909e+00
4.991632502874009170e+00
4.991571503634215645e+00
4.991512725612730073e+00
4.991455443197510888e+00
4.991398700786405129e+00
4.991341708929859067e+00
4.991283498214206027e+00
4.991223247478363767e+00
4.991160079602730448e+00
4.991093202255313166e+00
4.991026055792922911e+00
4.990959833500551390e+00
4.990899279242024811e+00
4.990846799056622096e+00
4.990802492516691835e+00
4.990766790629009186e+00
4.990740302431971642e+00
4.990723884022903789e+00
4.990719011817876805e+00
4.990721604711310100e+00
4.990729917776937974e+00
4.990743915803197872e+00
4.990764548884638607e+00
4.990793835889948404e+00
4.990828464256069630e+00
4.990867137477203563e+00
4.990909573176346647e+00
4.990956166350684065e+00
4.991007693807063994e+00
4.991065233006543700e+00
4.991130187214753988e+00
4.991202490270538306e+00
4.991281642686976383e+00
4.991366090706018888e+00
4.991459665313764837e+00
4.991564395964548595e+00
4.991680644933537359e+00
4.991808190323815175e+00
4.991945938045562414e+00
4.992092687586724864e+00
4.992246784536572335e+00
4.992406384541126840e+00
4.992569431556793447e+00
4.992733799672159911e+00
4.992897266062383821e+00
4.993057769282196467e+00
4.993218136305396904e+00
4.993379713358765848e+00
4.993542551180756739e+00
4.993706027144974691e+00
4.993869049536472815e+00
4.994034133056588054e+00
4.994201521506942854e+00
4.994369313667006871e+00
4.994534640094675737e+00
4.994693980819024937e+00
4.994848241420873691e+00
4.994996439727434456e+00
4.995137227183618300e+00
4.995269242251701769e+00
4.995391481683068235e+00
4.995507385736741135e+00
4.995618845547026510e+00
4.995726443488559099e+00
4.995830190709269480e+00
4.995929719606823305e+00
4.996029213235190447e+00
4.996131095296179936e+00
4.996236412624304180e+00
4.996345437100562670e+00
4.996457752619344106e+00
4.996572663398865188e+00
4.996689115303043494e+00
4.996805851614509741e+00
4.996921469342369804e+00
4.997034434877742015e+00
4.997143192343819429e+00
4.997246451886776519e+00
4.997347589867596085e+00
4.997448563330282312e+00
4.997550013592872986e+00
4.997651964376156108e+00
4.997753846744482864e+00
4.997855092330312665e+00
4.997955059592089633e+00
4.998053146550841319e+00
4.998148711963034785e+00
4.998241101099588413e+00
4.998329669531845099e+00
4.998413893344292092e+00
4.998495510757380522e+00
4.998572605467811236e+00
4.998645721293462962e+00
4.998712477452529335e+00
4.998772835676964732e+00
4.998824658809636112e+00
4.998867569329623173e+00
4.998902351703900848e+00
4.998930561709157949e+00
4.998954192296543475e+00
4.998975552603544870e+00
4.998997178931197105e+00
4.999016666101699258e+00
4.999033361161302480e+00
4.999047934240837598e+00
4.999061757316988874e+00
4.999076827106939902e+00
4.999090206197172925e+00
4.999100895283220325e+00
4.999109356772562407e+00
4.999116830592568839e+00
4.999125196377457669e+00
4.999131449866285770e+00
4.999134572640064889e+00
4.999134954006254183e+00
4.999133921794379987e+00
4.999133221516929737e+00
4.999135067254499631e+00
4.999142126881594983e+00
4.999151865667042394e+00
4.999163585168386881e+00
4.999177879178275496e+00
4.999196111297312228e+00
4.999220504223447215e+00
4.999248024311926386e+00
4.999277668928805873e+00
4.999309850521928666e+00
4.999345839473496866e+00
4.999387555893588519e+00
4.999435349789527194e+00
4.999487928601991982e+00
4.999543290462423961e+00
4.999598733399143846e+00
4.999656356124288159e+00
4.999716465229250062e+00
4.999777752257033470e+00
4.999838131017132703e+00
4.999895067324943376e+00
4.999950585922308122e+00
5.000004996259778345e+00
5.000056935723952378e+00
5.000104299376800121e+00
5.000144717128097049e+00
5.000180167812469989e+00
5.000211151373187057e+00
5.000241336781145129e+00
5.000272348728574734e+00
5.000303769391575059e+00
5.000334216496520767e+00
5.000361648013895710e+00
5.000388383961362315e+00
5.000414883702140934e+00
5.000439999001645930e+00
5.000461723227599187e+00
5.000477717411085266e+00
5.000490043828576425e+00
5.000498985301783605e+00
5.000503250694564805e+00
5.000500708701985708e+00
5.000489119370434388e+00
5.000470444135101111e+00
5.000445258362417711e+00
5.000417242931399997e+00
5.000387928684905781e+00
5.000356936679420272e+00
5.000322887013863848e+00
5.000283756937098367e+00
5.000241872166482082e+00
5.000197654027690675e+00
5.000149993334165544e+00
5.000096838461434601e+00
5.000035950286513042e+00
4.999969369327848412e+00
4.999897465106298178e+00
4.999821170732576370e+00
4.999741663249406720e+00
4.999660415645887035e+00
4.999578007456113582e+00
4.999494612176169639e+00
4.999410035737057889e+00
4.999323880845881085e+00
4.999235599847710709e+00
4.999144505417174145e+00
4.999049786213984881e+00
4.998950632536983463e+00
4.998846230102902410e+00
4.998735709028517604e+00
4.998618430258904510e+00
4.998493925040785157e+00
4.998361796006757451e+00
4.998221729515318401e+00
4.998073613295529682e+00
4.997919303203198993e+00
4.997761634445015311e+00
4.997604304297093236e+00
4.997446523575309385e+00
4.997289450770440844e+00
4.997130691992316187e+00
4.996970282146903308e+00
4.996810196904662327e+00
4.996648286214295354e+00
4.996484760424318772e+00
4.996316584633859748e+00
4.996143396428051275e+00
4.995966931848051296e+00
4.995789884893418353e+00
4.995616011662605160e+00
4.995444460815016363e+00
4.995276386780861166e+00
4.995109364172641619e+00
4.994943347113403043e+00
4.994780427521291699e+00
4.994618402799787305e+00
4.994457539810063018e+00
4.994294780517193111e+00
4.994129727991492906e+00
4.993964086199374819e+00
4.993797842400343967e+00
4.993629583591791210e+00
4.993457242088587655e+00
4.993278472131313706e+00
4.993095480079026594e+00
4.992908875016691894e+00
4.992722623316767638e+00
4.992538582464874253e+00
4.992356517153055506e+00
4.992179757399679119e+00
4.992008384341567684e+00
4.991845793580830026e+00
4.991692626118855003e+00
4.991546609593751072e+00
4.991410163460495930e+00
4.991282415433052400e+00
4.991166376840519447e+00
4.991062203539731179e+00
4.990968710469276814e+00
4.990888359496564952e+00
4.990820322568723988e+00
4.990765017169723095e+00
4.990723602875331899e+00
4.990697765328187430e+00
4.990689512316568432e+00
4.990701052194892462e+00
4.990735890411271747e+00
4.990791087511426305e+00
4.990865466163925568e+00
4.990959283818922287e+00
4.991073524437345199e+00
4.991210962177686561e+00
4.991367924471817652e+00
4.991542772201321476e+00
4.991735490427783972e+00
4.991946895287803443e+00
4.992179555350414688e+00
4.992429779802878720e+00
4.992696436082441735e+00
4.992975709733981304e+00
4.993268774019050227e+00
4.993574439042673951e+00
4.993889327698813219e+00
4.994208994747565633e+00
4.994528110676871968e+00
4.994846255683768277e+00
4.995161218249666746e+00
4.995474162080753011e+00
4.995783890446144682e+00
4.996087579296399461e+00
4.996386160009969934e+00
4.996678591349590803e+00
4.996966657375415011e+00
4.997249623143543040e+00
4.997525110894311062e+00
4.997794233148414200e+00
4.998056160432714279e+00
4.998312782940883103e+00
4.998563822933900447e+00
4.998811533690857623e+00
4.999055671801285960e+00
4.999294033606963339e+00
4.999527980142700834e+00
4.999756651723253675e+00
4.999982065537441400e+00
5.000203769111502439e+00
5.000419273653496255e+00
5.000629895438868822e+00
5.000834626664837579e+00
5.001035574541857542e+00
5.001232227568944033e+00
5.001422013824303292e+00
5.001606246938426814e+00
5.001783908212055429e+00
5.001957086452712531e+00
5.002125440293420766e+00
5.002291322385390870e+00
5.002454637752344446e+00
5.002612928112467827e+00
5.002767733593901589e+00
5.002918011040856427e+00
5.003066061397514197e+00
5.003211496786645895e+00
5.003351631404332700e+00
5.003487879910938574e+00
5.003619156458845474e+00
5.003747666140516692e+00
5.003872916491200584e+00
5.003992360762749669e+00
5.004107270443310718e+00
5.004216690722351757e+00
5.004322648334746049e+00
5.004424812390896982e+00
5.004525658560411649e+00
5.004624984112993502e+00
5.004720424066722906e+00
5.004813412900507963e+00
5.004903005973860175e+00
5.004991398795931801e+00
5.005078140755607308e+00
5.005160649090497849e+00
5.005240293580531130e+00
5.005315980121917363e+00
5.005389847878791265e+00
5.005461375892587661e+00
5.005527986178599953e+00
5.005590990160086129e+00
5.005649351046845830e+00
5.005705127480865713e+00
5.005757892976940404e+00
5.005810112638824805e+00
5.005861636882141141e+00
5.005910026386803935e+00
5.005956776507622941e+00
5.006000867274082999e+00
5.006044527499430075e+00
5.006087328104728229e+00
5.006126673698850560e+00
5.006163940064103812e+00
5.006198069385678906e+00
5.006231180184947505e+00
5.006262788011187403e+00
5.006290653324646733e+00
5.006316579345108764e+00
5.006340154588649227e+00
5.006364139674658098e+00
5.006388859273825709e+00
5.006413241531659786e+00
5.006435515359003219e+00
5.006453529364620181e+00
5.006469653121850882e+00
5.006484498246530634e+00
5.006497208444590896e+00
5.006506130676672939e+00
5.006509252184143222e+00
5.006508996141139534e+00
5.006506014727867715e+00
5.006499412610657451e+00
5.006487520273306124e+00
5.006468408758748545e+00
5.006444450231732013e+00
5.006416456584351415e+00
5.006387538687788741e+00
5.006357693603725068e+00
5.006329550632736769e+00
5.006302848466667399e+00
5.006274673504749195e+00
5.006246038602191639e+00
5.006215267492450494e+00
5.006183939563568330e+00
5.006150887670453464e+00
5.006112798898474381e+00
5.006070231547573357e+00
5.006021371552715316e+00
5.005967489172698848e+00
5.005907309338445188e+00
5.005839941435488605e+00
5.005768666340964401e+00
5.005694832563396091e+00
5.005620792591008339e+00
5.005544203393157865e+00
5.005464832218359916e+00
5.005383669178929296e+00
5.005302318859841115e+00
5.005223071532319601e+00
5.005143162006508106e+00
5.005061818951735297e+00
5.004979671662667329e+00
5.004898156164208523e+00
5.004819198226551968e+00
5.004745197150851865e+00
5.004679136801506445e+00
5.004618622017087404e+00
5.004563117673615835e+00
5.004513350025746377e+00
5.004470885120327672e+00
5.004438264224672750e+00
5.004412561134895299e+00
5.004392897862936174e+00
5.004379792126354864e+00
5.004374704682494901e+00
5.004380045690568046e+00
5.004393376923625958e+00
5.004414863417849801e+00
5.004440673474680246e+00
5.004469678349784623e+00
5.004502999055191914e+00
5.004537371319245587e+00
5.004572136876165978e+00
5.004603237646157332e+00
5.004629418490447179e+00
5.004651553308583800e+00
5.004671541979995197e+00
5.004692231206217201e+00
5.004711926050013027e+00
5.004730915253975176e+00
5.004746023681007294e+00
5.004756554137208546e+00
5.004763718334366729e+00
5.004764705768616651e+00
5.004758953856949688e+00
5.004742915196988662e+00
5.004715754412758955e+00
5.004678824320147434e+00
5.004634276227737821e+00
5.004584987987475309e+00
5.004529717410626688e+00
5.004468702105517863e+00
5.004400372765671179e+00
5.004325345782277168e+00
5.004241860871849745e+00
5.004146604174463775e+00
5.004039439484193608e+00
5.003918600119366289e+00
5.003784708575992113e+00
5.003636209536058921e+00
5.003475147317809402e+00
5.003304605092568025e+00
5.003124938942208111e+00
5.002938505168720518e+00
5.002744832019969223e+00
5.002545910589113021e+00
5.002340661566420543e+00
5.002126384768352807e+00
5.001903299130217029e+00
5.001669528521315300e+00
5.001426015663611224e+00
5.001171250994966400e+00
5.000906261317148882e+00
5.000633326619581709e+00
5.000355638097690125e+00
5.000077049247638961e+00
4.999796875603215618e+00
4.999516472890691787e+00
4.999238554388003131e+00
4.998966586421893510e+00
4.998705242704318152e+00
4.998453904576317441e+00
4.998214255049543198e+00
4.997983589321093767e+00
4.997762081753181818e+00
4.997551538049894049e+00
4.997354222517180311e+00
4.997172224130200568e+00
4.997007803301976026e+00
4.996864162906723195e+00
4.996737825572211023e+00
4.996627561552170249e+00
4.996533290622476642e+00
4.996455653966124899e+00
4.996396726364920937e+00
4.996352241020369789e+00
4.996320401655697019e+00
4.996300836323945838e+00
4.996293951500275554e+00
4.996301192005350167e+00
4.996320148253299287e+00
4.996351475586133795e+00
4.996395221898282557e+00
4.996449523815835292e+00
4.996512339185873230e+00
4.996580844908901753e+00
4.996655858849125664e+00
4.996735653095829122e+00
4.996816045586902177e+00
4.996897103833917164e+00
4.996976400530847684e+00
4.997054712754624539e+00
4.997130318219723755e+00
4.997203778839620192e+00
4.997277361565220843e+00
4.997354272898236971e+00
4.997438822003031689e+00
4.997530250498974702e+00
4.997630182845469449e+00
4.997736224472474120e+00
4.997848441336254943e+00
4.997969156388145429e+00
4.998096170477521305e+00
4.998230052661104317e+00
4.998367658663494417e+00
4.998508554972661777e+00
4.998654642483171706e+00
4.998803533526090526e+00
4.998955529430833877e+00
4.999107454499181813e+00
4.999258836923116789e+00
4.999410500690291137e+00
4.999563743896731971e+00
4.999720366835544105e+00
4.999876987483300894e+00
5.000032044347324955e+00
5.000185425650277793e+00
5.000337759206021637e+00
5.000490258518555997e+00
5.000639236845025870e+00
5.000782952174493978e+00
5.000921202391336529e+00
5.001054529525291059e+00
5.001184084160203547e+00
5.001311392361249553e+00
5.001438209606286378e+00
5.001561351740686057e+00
5.001679445417551051e+00
5.001792461207090312e+00
5.001901130793569017e+00
5.002006546720815905e+00
5.002105149771971959e+00
5.002195296842558925e+00
5.002276813672809297e+00
5.002350314958905919e+00
5.002416925962036132e+00
5.002477746723172913e+00
5.002533634650474070e+00
5.002585843434509627e+00
5.002635944053483108e+00
5.002685605977613470e+00
5.002736636489580668e+00
5.002791088266249631e+00
5.002845654865678782e+00
5.002898806516034469e+00
5.002950272202445703e+00
5.003000459248154286e+00
5.003050326552196836e+00
5.003099613414102365e+00
5.003147018645846877e+00
5.003195619770282931e+00
5.003246495654763315e+00
5.003304213789249388e+00
5.003371280907611407e+00
5.003447862384799549e+00
5.003533275132958202e+00
5.003625488435809565e+00
5.003727531168569165e+00
5.003840649822685727e+00
5.003964135410222447e+00
5.004096661439125349e+00
5.004235717333812339e+00
5.004384082142220969e+00
5.004542779583441181e+00
5.004710993483620030e+00
5.004887356884736072e+00
5.005069528721230121e+00
5.005254934575366299e+00
5.005440638806627263e+00
5.005628521084742211e+00
5.005818751804486766e+00
5.006009837925391892e+00
5.006199546098666353e+00
5.006385175861375991e+00
5.006568581569897702e+00
5.006749883849131777e+00
5.006927588634151327e+00
5.007099420405881851e+00
5.007262896947521469e+00
5.007419814445036366e+00
5.007570574130822294e+00
5.007718702774455188e+00
5.007865592190956505e+00
5.008010714907160654e+00
5.008152758410162164e+00
5.008290083246268232e+00
5.008425534335859020e+00
5.008560128115081334e+00
5.008693449344451487e+00
5.008824291914667270e+00
5.008951022807474729e+00
5.009076464619454327e+00
5.009201749373194623e+00
5.009326475324075822e+00
5.009449426444213316e+00
5.009568752866204733e+00
5.009682195266675464e+00
5.009787610830705340e+00
5.009886881472509046e+00
5.009979864988442166e+00
5.010064808042685947e+00
5.010138979480568189e+00
5.010199668780866311e+00
5.010248089014517348e+00
5.010283989946788807e+00
5.010307354210840280e+00
5.010314245950163503e+00
5.010302756089684451e+00
5.010272579475739008e+00
5.010224130976446588e+00
5.010158412436457098e+00
5.010076158380569744e+00
5.009978851199583971e+00
5.009871624287653091e+00
5.009758213757042000e+00
5.009641199427163016e+00
5.009522502746871275e+00
5.009403531074962501e+00
5.009285396596856010e+00
5.009168803196839548e+00
5.009054387079991066e+00
5.008942567928202472e+00
5.008833774783156834e+00
5.008728364313460801e+00
5.008626437912202967e+00
5.008528363256224303e+00
5.008434263978593037e+00
5.008344448393649451e+00
5.008259151017732336e+00
5.008178454403274138e+00
5.008102575846457682e+00
5.008031704438359100e+00
5.007965980166078523e+00
5.007905567696758986e+00
5.007850614067606898e+00
5.007801246506602411e+00
5.007757546965473594e+00
5.007719626169161664e+00
5.007687656575322777e+00
5.007661763442188274e+00
5.007642057604130947e+00
5.007628658199423377e+00
5.007621618628359528e+00
5.007621153796749880e+00
5.007627372754463124e+00
5.007640426199608363e+00
5.007660759686216601e+00
5.007683521403189175e+00
5.007705999555722265e+00
5.007726927200522482e+00
5.007745873898924671e+00
5.007762968741548804e+00
5.007773483016021210e+00
5.007774823455213742e+00
5.007765832308170850e+00
5.007746146360834594e+00
5.007716058490289335e+00
5.007676117049954634e+00
5.007627311625941324e+00
5.007570719083263455e+00
5.007507627063854549e+00
5.007439306636762844e+00
5.007367146324789076e+00
5.007292471101929543e+00
5.007211552879264893e+00
5.007122422244823845e+00
5.007024284286848648e+00
5.006917100113309260e+00
5.006800970670258089e+00
5.006672892097806304e+00
5.006532330459406488e+00
5.006380490104159087e+00
5.006219676325519785e+00
5.006052603649396637e+00
5.005877826886671045e+00
5.005695903918193856e+00
5.005508741161274422e+00
5.005319173003035971e+00
5.005130690543401428e+00
5.004941980431276249e+00
5.004753555899904782e+00
5.004562301526266133e+00
5.004367747085588292e+00
5.004171100931660732e+00
5.003974600958123631e+00
5.003781394085333289e+00
5.003589932585552624e+00
5.003400700541630108e+00
5.003213420438066272e+00
5.003032429220573007e+00
5.002860584522084153e+00
5.002698834037826003e+00
5.002547627717673251e+00
5.002406553125425148e+00
5.002274885869071319e+00
5.002151374567716857e+00
5.002039150821461000e+00
5.001938354859544411e+00
5.001853024701071959e+00
5.001784824461159573e+00
5.001732506735664607e+00
5.001695546179492524e+00
5.001673342785747600e+00
5.001666035460026194e+00
5.001674300893160563e+00
5.001692554234711707e+00
5.001717361252474348e+00
5.001746321582420940e+00
5.001778265306446869e+00
5.001812138565537857e+00
5.001847444752884009e+00
5.001884067797753630e+00
5.001921881706173245e+00
5.001961104337777186e+00
5.002001685280072607e+00
5.002043868977296803e+00
5.002088020242469568e+00
5.002134305386523039e+00
5.002183229172322498e+00
5.002234814654754835e+00
5.002289632436539790e+00
5.002347987642232319e+00
5.002405876404327323e+00
5.002461790781190132e+00
5.002515564247688395e+00
5.002568317552751331e+00
5.002621614498740321e+00
5.002672414634099951e+00
5.002719655510692753e+00
5.002763602215520855e+00
5.002805699737467471e+00
5.002847679102518264e+00
5.002886653015114149e+00
5.002921621747039360e+00
5.002952910611596415e+00
5.002982148657276973e+00
5.003011005796682120e+00
5.003041894669836509e+00
5.003077417880954059e+00
5.003115078589140730e+00
5.003154262049316792e+00
5.003195568924962089e+00
5.003240514743333200e+00
5.003291307027644130e+00
5.003344991040608036e+00
5.003400577778188918e+00
5.003458567081211505e+00
5.003520302359206973e+00
5.003587965011788263e+00
5.003658564049943358e+00
5.003731037388749137e+00
5.003804783943301970e+00
5.003879470709902577e+00
5.003954851335103982e+00
5.004030814907705071e+00
5.004107324551982039e+00
5.004184384328504542e+00
5.004262107788775893e+00
5.004340596432989230e+00
5.004419954895235279e+00
5.004500307022788697e+00
5.004581752616176438e+00
5.004664504911013445e+00
5.004748652829983158e+00
5.004834357883045648e+00
5.004921852900841905e+00
5.005006282926732553e+00
5.005085064173872667e+00
5.005157069257657909e+00
5.005222040769842451e+00
5.005280331108918013e+00
5.005332634384942025e+00
5.005379820881611153e+00
5.005420497521958723e+00
5.005456542257419983e+00
5.005487480919077470e+00
5.005515679254863848e+00
5.005540903845073331e+00
5.005560877140349696e+00
5.005576967141794675e+00
5.005588381229869377e+00
5.005597261275950949e+00
5.005603222687467380e+00
5.005604585187509059e+00
5.005603746470484339e+00
5.005601129254688253e+00
5.005600376806438767e+00
5.005602874261426471e+00
5.005607800759940496e+00
5.005613297048006949e+00
5.005616655842208829e+00
5.005619636526721372e+00
5.005622162493277294e+00
5.005626404033721499e+00
5.005631019314789043e+00
5.005637176803467980e+00
5.005643814149700610e+00
5.005648463877188981e+00
5.005648040373345431e+00
5.005639308193932102e+00
5.005623482257361978e+00
5.005599969670874394e+00
5.005566706730751214e+00
5.005520840733078458e+00
5.005459691676076517e+00
5.005384485073152590e+00
5.005295400026951391e+00
5.005195379223440710e+00
5.005085198836166427e+00
5.004964341981102294e+00
5.004835755213861148e+00
5.004700477620351862e+00
5.004562421314184384e+00
5.004423150926594843e+00
5.004282017744842825e+00
5.004137331297386027e+00
5.003986696231875975e+00
5.003832014923681015e+00
5.003673397725214578e+00
5.003513175429543658e+00
5.003350574200740475e+00
5.003187292249640095e+00
5.003027233028551457e+00
5.002870165942003844e+00
5.002718602096430267e+00
5.002571415140993238e+00
5.002430409485242535e+00
5.002294428258902137e+00
5.002159486332675264e+00
5.002025673048337673e+00
5.001890293800970611e+00
5.001753829059890855e+00
5.001614230772249314e+00
5.001472338208698076e+00
5.001331425657264518e+00
5.001190871860600851e+00
5.001052777109435965e+00
5.000915972947842292e+00
5.000782065460224857e+00
5.000651126432930305e+00
5.000521733028581828e+00
5.000391886386788443e+00
5.000259156109533087e+00
5.000125884929440545e+00
4.999992693004899458e+00
4.999861494837098519e+00
4.999729838561036921e+00
4.999597402628281451e+00
4.999462156764933773e+00
4.999325661876942384e+00
4.999187297833855403e+00
4.999044365979502302e+00
4.998895848443502210e+00
4.998741639520743796e+00
4.998582376710841935e+00
4.998419057804863286e+00
4.998252862900266713e+00
4.998085512894908433e+00
4.997918580438712510e+00
4.997753957457610419e+00
4.997593427229442220e+00
4.997438877563693538e+00
4.997292710015320161e+00
4.997151546649404530e+00
4.997013773325600816e+00
4.996879084262767279e+00
4.996747828669617419e+00
4.996621132058794323e+00
4.996494894115026675e+00
4.996367005998039623e+00
4.996236896909543646e+00
4.996104751419045975e+00
4.995971350095937069e+00
4.995837808888176745e+00
4.995705575899923367e+00
4.995576279399688957e+00
4.995451712760847762e+00
4.995333702660870401e+00
4.995224167549755734e+00
4.995125651335117212e+00
4.995034706689189363e+00
4.994949766559297899e+00
4.994870445349955723e+00
4.994797159506711104e+00
4.994731177318612936e+00
4.994668237840527603e+00
4.994606351297118607e+00
4.994544800001897933e+00
4.994483889954867806e+00
4.994424283852572088e+00
4.994366962191421067e+00
4.994313548979120831e+00
4.994265544459926431e+00
4.994224879563557096e+00
4.994193269418323311e+00
4.994172625570795887e+00
4.994165634621173133e+00
4.994168876259941214e+00
4.994180690893559316e+00
4.994200751849572129e+00
4.994229421301866090e+00
4.994268116106399980e+00
4.994312656641126225e+00
4.994360890475221915e+00
4.994412240253881308e+00
4.994466909340700589e+00
4.994525672940655525e+00
4.994589693404853037e+00
4.994660771547934530e+00
4.994735246843776011e+00
4.994811292391386992e+00
4.994888522008549714e+00
4.994967223301645554e+00
4.995048413898913076e+00
4.995128042714789274e+00
4.995203965593248085e+00
4.995275726223483481e+00
4.995343465281770534e+00
4.995407918326676189e+00
4.995467400572382921e+00
4.995523099562272584e+00
4.995578414255874122e+00
4.995633051156187499e+00
4.995689357941159869e+00
4.995746436969500159e+00
4.995806243827690452e+00
4.995867631093722672e+00
4.995927033972119347e+00
4.995984655509825956e+00
4.996038141546894629e+00
4.996088249914471646e+00
4.996133004411245970e+00
4.996168557825154899e+00
4.996194551704107312e+00
4.996208680065469920e+00
