0.000000000000000000e+00
0.000000000000000000e+00
-1.324562845184118805e-08
-7.977671202752391322e-08
-2.490824977030571021e-07
-5.490264652507904960e-07
-1.039800974922400158e-06
-1.548723141695518102e-06
-2.370064887600164534e-06
-1.369326257645297461e-06
4.344137503267121828e-06
1.814790384514708028e-05
4.439784994019647252e-05
8.732415118856807308e-05
1.502277221311488066e-04
2.419493797947326206e-04
3.659650109489121297e-04
5.299895614166418240e-04
7.394331864793459146e-04
1.001820432372824230e-03
1.318456212409273298e-03
1.699478680618539319e-03
2.150988335140480850e-03
2.680486755796208757e-03
3.290714824922814224e-03
3.997172320612207147e-03
4.800812879927888153e-03
5.714300105698837118e-03
6.744948530920280572e-03
7.903562615044846043e-03
9.195814261563555608e-03
1.063087878597571145e-02
1.222421286476446656e-02
1.399490801466299512e-02
1.595195365918470470e-02
1.810951096785856293e-02
2.047314731252981163e-02
2.304537830723120059e-02
2.583469567669226599e-02
2.884399590862585586e-02
3.206608978880240435e-02
3.549530444515540395e-02
3.913696287048652050e-02
4.296761540544822428e-02
4.700117735040978267e-02
5.122221527469948688e-02
5.565971163881614642e-02
6.029517976415946917e-02
6.511967984808281207e-02
7.012817649019555122e-02
7.532502082956629708e-02
8.072510925901728307e-02
8.632935551775293426e-02
9.216701416147549120e-02
9.821136740816435728e-02
1.044525781072457860e-01
1.108812573350747566e-01
1.175016537107308884e-01
1.243274268306573532e-01
1.313573410905679584e-01
1.386086633600076556e-01
1.460898437894662949e-01
1.537733527816614043e-01
1.616526326335748776e-01
1.697192963756403161e-01
1.779951026834330208e-01
1.864689263500055871e-01
1.951597174800714929e-01
2.040560874141535141e-01
2.131357046760401219e-01
2.223975607551416656e-01
2.318347087301095844e-01
2.414733072913965162e-01
2.512986227668603245e-01
2.613334175742943466e-01
2.715849706329186430e-01
2.820672330058892063e-01
2.927548631824334335e-01
3.036210939086755323e-01
3.146635338462671072e-01
3.258733281291804063e-01
3.372831484474024810e-01
3.488743111289820953e-01
3.606730279125056615e-01
3.726615723766169008e-01
3.848315653003535064e-01
3.971948191322169364e-01
4.097447582877955519e-01
4.224940189517817357e-01
4.354405638374171383e-01
4.485705813564143662e-01
4.618865975536188273e-01
4.753790363468012314e-01
4.890589305557092037e-01
5.029193350471337087e-01
5.169728204406578431e-01
5.312174007095178396e-01
5.456387087501368693e-01
5.602412959731897235e-01
5.749843916095573881e-01
5.898869952358084534e-01
6.049526533283072771e-01
6.201947602428277140e-01
6.356145450271447617e-01
6.511938878692468124e-01
6.669424387611230243e-01
6.828754111923057701e-01
6.989881810344534818e-01
7.153218635715321572e-01
7.318303414977863630e-01
7.485019120372607970e-01
7.653474327720479753e-01
7.823576852477865939e-01
7.995449361003714728e-01
8.168728348411398166e-01
8.343631693519431014e-01
8.520285829700308122e-01
8.699145647682029470e-01
8.880109473861533820e-01
9.062925788558798823e-01
9.247630032695607349e-01
9.434175178207234724e-01
9.622651287711935231e-01
9.813049015201404934e-01
1.000579752603895978e+00
1.020076923052199547e+00
1.039770645777114089e+00
1.059667321125395967e+00
1.079796811024077874e+00
1.100192950645812795e+00
1.120867806354888474e+00
1.141775713840849971e+00
1.162946680466063754e+00
1.184356203953154774e+00
1.206000414768584550e+00
1.227872072140105297e+00
1.249989758411772733e+00
1.272307532707579458e+00
1.294860764423735322e+00
1.317628105560668006e+00
1.340603035370238283e+00
1.363780609051115977e+00
1.387172962108977448e+00
1.410818227211364073e+00
1.434723909775145634e+00
1.458834825436003957e+00
1.483219147602446775e+00
1.507832001129516097e+00
1.532646180073150344e+00
1.557649398723968570e+00
1.582843979278930835e+00
1.608266392628082464e+00
1.633912356773742802e+00
1.659730530659088155e+00
1.685739296356567829e+00
1.711907766739258596e+00
1.738262813965210984e+00
1.764797142425904353e+00
1.791532083431611522e+00
1.818466504494081093e+00
1.845536480823884551e+00
1.872771950641999306e+00
1.900162323395142572e+00
1.927693577686677040e+00
1.955372992435823187e+00
1.983235858360658410e+00
2.011276734749208650e+00
2.039528935829530543e+00
2.067948966900239327e+00
2.096596749702821061e+00
2.125434258858094339e+00
2.154477570930847907e+00
2.183732472339996900e+00
2.213205381313690712e+00
2.242851732651123253e+00
2.272687443176635735e+00
2.302697771469482735e+00
2.332855711857208636e+00
2.363148106018432948e+00
2.393554495254883285e+00
2.424064455906281168e+00
2.454672156254181559e+00
2.485343030372986206e+00
2.516069336811432855e+00
2.546822875419984200e+00
2.577595139423737969e+00
2.608364587704072424e+00
2.639115360657105835e+00
2.669824481884370382e+00
2.700473898331056333e+00
2.731042581478486664e+00
2.761512196937928376e+00
2.791868220249543064e+00
2.822082959095368437e+00
2.852148590961823604e+00
2.882038472572693966e+00
2.911773327270875011e+00
2.941352606693635074e+00
2.970767856518158556e+00
3.000017817894348404e+00
3.029093662182221092e+00
3.058020094314941595e+00
3.086783011833557744e+00
3.115380903164276294e+00
3.143801856914886450e+00
3.172045749107727186e+00
3.200100944916137724e+00
3.227966509739288448e+00
3.255611818710693051e+00
3.283049574772246793e+00
3.310247999111541439e+00
3.337222760597594817e+00
3.363946090618498808e+00
3.390438686291106229e+00
3.416669689098723151e+00
3.442663207928069014e+00
3.468389874378570159e+00
3.493872440735229290e+00
3.519078434387573395e+00
3.544033668915161250e+00
3.568711760918029885e+00
3.593139990249999638e+00
3.617292755524047276e+00
3.641194554249175486e+00
3.664813996235260163e+00
3.688185289780029574e+00
3.711277144829162378e+00
3.734124906937011268e+00
3.756697631756194422e+00
3.779026192108520199e+00
3.801104491630920013e+00
3.822945192734130693e+00
3.844509104172118885e+00
3.865813423076995825e+00
3.886891804615386636e+00
3.907783616463073262e+00
3.928494928757079396e+00
3.949045103470214091e+00
3.969428120533354587e+00
3.989615879932768561e+00
4.009607932249434015e+00
4.029437679926282989e+00
4.049092104116803092e+00
4.068590982834225933e+00
4.087890231291181564e+00
4.107010233084089634e+00
4.125952170769101812e+00
4.144693188349133806e+00
4.163238340298062390e+00
4.181616549173718944e+00
4.199807296673184531e+00
4.217813872972851819e+00
4.235661556402570582e+00
4.253314561525709081e+00
4.270797226110822464e+00
4.288120911995298101e+00
4.305255134979612208e+00
4.322215234915144144e+00
4.339016437212355193e+00
4.355633773485548588e+00
4.372080961147673861e+00
4.388343381563553081e+00
4.404403729120621058e+00
4.420280496755965238e+00
4.435959431806930198e+00
4.451452306190856412e+00
4.466749280372985353e+00
4.481842795292266146e+00
4.496755127588636824e+00
4.511474597135908482e+00
4.526018626371747899e+00
4.540387344042188467e+00
4.554567279497510057e+00
4.568572084585552417e+00
4.582386309782391365e+00
4.596022858301525460e+00
4.609467320124034373e+00
4.622707287947063648e+00
4.635760899464015594e+00
4.648615529219036091e+00
4.661286530176525389e+00
4.673761373440151523e+00
4.686065325418836025e+00
4.698180446306592373e+00
4.710094275156384569e+00
4.721822721639997056e+00
4.733351889530545975e+00
4.744704079309827627e+00
4.755860757509595693e+00
4.766816726604826471e+00
4.777584144750959716e+00
4.788146640936262521e+00
4.798524827638991574e+00
4.808701026121505073e+00
4.818669495264419567e+00
4.828442997614272869e+00
4.838006636182197617e+00
4.847377864996323282e+00
4.856539814750084894e+00
4.865485672036537146e+00
4.874235130826361839e+00
4.882770726362593905e+00
4.891108104864485107e+00
4.899231379906065165e+00
4.907133397141819842e+00
4.914827903190976066e+00
4.922303117195492739e+00
4.929570256153469998e+00
4.936618078628903561e+00
4.943441806713467557e+00
4.950054226199513074e+00
4.956444198767071541e+00
4.962622363845234474e+00
4.968578549901371488e+00
4.974313285032635257e+00
4.979837136546498400e+00
4.985133332291967534e+00
4.990210617462522258e+00
4.995055068711168111e+00
4.999674390832310245e+00
5.004077384451752764e+00
5.008267149607068980e+00
5.012249837199576064e+00
5.016012990156538010e+00
5.019562508443718762e+00
5.022904796282178452e+00
5.026044431606656815e+00
5.028986086527234889e+00
5.031720479110605382e+00
5.034251567999250554e+00
5.036583664844161312e+00
5.038722578415995912e+00
5.040671658942824429e+00
5.042424893210059267e+00
5.043985120335942263e+00
5.045354904810315233e+00
5.046541417444473154e+00
5.047547189498668097e+00
5.048369261974816169e+00
5.049009186381820946e+00
5.049467825422409462e+00
5.049753085894856497e+00
5.049866815403450282e+00
5.049814490087677576e+00
5.049599895540971772e+00
5.049224321570593865e+00
5.048697850879626969e+00
5.048023560744123728e+00
5.047207220893697333e+00
5.046254405033187673e+00
5.045165874090390190e+00
5.043951790955262027e+00
5.042617485251621900e+00
5.041167909231380584e+00
5.039608653810218719e+00
5.037945320483641076e+00
5.036185372498231061e+00
5.034330191638664687e+00
5.032390553083613938e+00
5.030376324233011509e+00
5.028296597179369165e+00
5.026160839971498540e+00
5.023972206887203029e+00
5.021740779605107896e+00
5.019472735997634771e+00
5.017176494028764644e+00
5.014865201887088730e+00
5.012546621587472551e+00
5.010230276909069858e+00
5.007924710985617089e+00
5.005636486437515131e+00
5.003374545749619706e+00
5.001146706667141117e+00
4.998958929207520718e+00
4.996818905350164819e+00
4.994733964529230796e+00
4.992710173305466625e+00
4.990755002227023063e+00
4.988871909555390616e+00
4.987070820805029392e+00
4.985351735826926145e+00
4.983718822177843677e+00
4.982177750196651544e+00
4.980729746397928537e+00
4.979381652351812626e+00
4.978129198279575007e+00
4.976972064104274729e+00
4.975907619174913421e+00
4.974935979646042838e+00
4.974054539751604942e+00
4.973263307985263282e+00
4.972570169967013065e+00
4.971969990868466915e+00
4.971463890511888195e+00
4.971046339784162882e+00
4.970715619463819124e+00
4.970470583502549111e+00
4.970311469182718156e+00
4.970243492101666050e+00
4.970265655709312114e+00
4.970377502074347476e+00
4.970573535324887438e+00
4.970851397668823779e+00
4.971216394347950818e+00
4.971662472305699687e+00
4.972189812479420823e+00
4.972793634800120266e+00
4.973470925880476123e+00
4.974220082504555052e+00
4.975031199870510790e+00
4.975902638478084228e+00
4.976825480280323788e+00
4.977796040145560319e+00
4.978811388356491285e+00
4.979861660046382532e+00
4.980944403899713713e+00
4.982051661429807154e+00
4.983180223597093672e+00
4.984324459252758466e+00
4.985475646523637394e+00
4.986630373267336935e+00
4.987781840009494871e+00
4.988926603166266460e+00
4.990059042019648672e+00
4.991176710618539403e+00
4.992279216615362891e+00
4.993362779734535906e+00
4.994425259349746682e+00
4.995462676105900002e+00
4.996474061949057521e+00
4.997459178684158232e+00
4.998416458112997063e+00
4.999346054835122288e+00
5.000247451854747283e+00
5.001120595974726690e+00
5.001963333679242396e+00
5.002772869435949232e+00
5.003548391802113748e+00
5.004289204073947062e+00
5.004995019776623977e+00
5.005665515554946765e+00
5.006299917293589807e+00
5.006898314548533513e+00
5.007458498297135741e+00
5.007977819299202160e+00
5.008456385401887090e+00
5.008894117554528513e+00
5.009292728645606374e+00
5.009653377724690770e+00
5.009976174129053383e+00
5.010261553307874927e+00
5.010508885184182581e+00
5.010719406572982315e+00
5.010890461975589183e+00
5.011020240407317416e+00
5.011109926435976192e+00
5.011158756088343935e+00
5.011167767536472972e+00
5.011134479839467026e+00
5.011058206844255736e+00
5.010938572266250723e+00
5.010775577162504213e+00
5.010570744720398650e+00
5.010322575734107886e+00
5.010030710843502710e+00
5.009695551616250242e+00
5.009317569245693491e+00
5.008897297789451919e+00
5.008433974866866478e+00
5.007926484045683857e+00
5.007375791628955852e+00
5.006781803813874276e+00
5.006146670428216261e+00
5.005469340157807423e+00
5.004749423337280234e+00
5.003987837431131069e+00
5.003183863160311162e+00
5.002339655456244927e+00
5.001454843801558248e+00
5.000530027744471973e+00
4.999566734728515982e+00
4.998564603475034396e+00
4.997525995445549540e+00
4.996451896053851982e+00
4.995343942565024342e+00
4.994204152074755321e+00
4.993034162071646520e+00
4.991836594116986880e+00
4.990612036806646223e+00
4.989363778156342910e+00
4.988098484945599154e+00
4.986820780408683262e+00
4.985535405946078136e+00
4.984244715494217992e+00
4.982952254933419312e+00
4.981665022147002908e+00
4.980387352329794126e+00
4.979123921019141363e+00
4.977877444920245864e+00
4.976651785594525812e+00
4.975450132561030969e+00
4.974274732393327625e+00
4.973128829148713237e+00
4.972014597502652400e+00
4.970935028416220369e+00
4.969892660451236566e+00
4.968890805465284721e+00
4.967927368131581645e+00
4.967003560734095657e+00
4.966116549295487737e+00
4.965266477760972741e+00
4.964457138699593486e+00
4.963685027283729845e+00
4.962948271927537292e+00
4.962247481715979625e+00
4.961583690044582440e+00
4.960959111821950707e+00
4.960376241651476725e+00
4.959839534719587384e+00
4.959346503426433017e+00
4.958896290992498734e+00
4.958489716348349674e+00
4.958128438030481533e+00
4.957816870228499262e+00
4.957551984318643079e+00
4.957334609885809762e+00
4.957159705736783550e+00
4.957024806232300129e+00
4.956931499649879669e+00
4.956876142376211547e+00
4.956860293943543994e+00
4.956880734045634007e+00
4.956937048108892796e+00
4.957033904241043842e+00
4.957169373863953510e+00
4.957346405638027420e+00
4.957562475865351814e+00
4.957819917639363361e+00
4.958118238141406842e+00
4.958451693718900266e+00
4.958820598041286054e+00
4.959220926491190617e+00
4.959653658819963340e+00
4.960117343393732448e+00
4.960606012781729746e+00
4.961119255004098783e+00
4.961653211181630496e+00
4.962208233279755021e+00
4.962781370980313689e+00
4.963373899636438935e+00
4.963983809975555772e+00
4.964606023197640994e+00
4.965239869495501779e+00
4.965882098292578206e+00
4.966533397128451988e+00
4.967191271399726382e+00
4.967850872641076165e+00
4.968511230190862271e+00
4.969169374471175793e+00
4.969825108861195773e+00
4.970476319482195038e+00
4.971123589044082358e+00
4.971764927124250555e+00
4.972397375171651035e+00
4.973016348657775865e+00
4.973617892330159052e+00
4.974201700081693822e+00
4.974766011600958215e+00
4.975309142274426222e+00
4.975826004733908015e+00
4.976313796182738614e+00
4.976771175441908390e+00
4.977197602865862436e+00
4.977593094473350632e+00
4.977958123748767783e+00
4.978293498931098959e+00
4.978600130965577186e+00
4.978879078095422628e+00
4.979131436282412615e+00
4.979358597481268411e+00
4.979561800630408541e+00
4.979742256914841292e+00
4.979901192308979319e+00
4.980039838458985457e+00
4.980159380519405765e+00
4.980261080637217397e+00
4.980346172414363615e+00
4.980415829266064520e+00
4.980471341120654039e+00
4.980513910515809606e+00
4.980544872851687899e+00
4.980565443120076097e+00
4.980576445711420774e+00
4.980576532426476355e+00
4.980566964794835627e+00
4.980551071034696520e+00
4.980528374966652017e+00
4.980501104174599014e+00
4.980468353117301739e+00
4.980431370328131990e+00
4.980391737760927917e+00
4.980349779793012743e+00
4.980310306388836317e+00
4.980276138461612767e+00
4.980248132923569493e+00
4.980226758027401779e+00
4.980211289314738110e+00
4.980206145430984499e+00
4.980213990427273529e+00
4.980235611020307651e+00
4.980271365138887241e+00
4.980320571422762299e+00
4.980382396093754771e+00
4.980455344057826750e+00
4.980541320377214198e+00
4.980637781572713862e+00
4.980745533154532723e+00
4.980861575723812606e+00
4.980985985518619152e+00
4.981121530299260414e+00
4.981266177295891495e+00
4.981421166825293234e+00
4.981583799421039238e+00
4.981754585094002152e+00
4.981930452733483783e+00
4.982110891006138687e+00
4.982297847046698536e+00
4.982488457094127909e+00
4.982682693357759263e+00
4.982876682690522863e+00
4.983069599772980141e+00
4.983262510522445510e+00
4.983456751312305144e+00
4.983653741906573842e+00
4.983854931629440266e+00
4.984062153286476615e+00
4.984271648637195185e+00
4.984481457061310294e+00
4.984690955876549978e+00
4.984900150838485366e+00
4.985109667386105059e+00
4.985315064656724360e+00
4.985513922888031857e+00
4.985705379377296076e+00
4.985889288800944286e+00
4.986066128256907426e+00
4.986236670090993250e+00
4.986402036267508109e+00
4.986563529296953234e+00
4.986722578256564731e+00
4.986880726459608226e+00
4.987039511389272484e+00
4.987200669775890383e+00
4.987360567654657295e+00
4.987517301961022831e+00
4.987670302977029735e+00
4.987819626218814584e+00
4.987965793972078288e+00
4.988104440280411112e+00
4.988233309312898101e+00
4.988351570394995882e+00
4.988459155167627834e+00
4.988556627742187999e+00
4.988644798807041703e+00
4.988724890890704700e+00
4.988798226005570768e+00
4.988866323711524942e+00
4.988930699857126783e+00
4.988992963134486480e+00
4.989054771409545452e+00
4.989113140352244180e+00
4.989167249285790362e+00
4.989217824413615610e+00
4.989266420243483324e+00
4.989315289034683687e+00
4.989361897496682019e+00
4.989405669992962977e+00
4.989446577093738178e+00
4.989484872204891452e+00
4.989520995285538163e+00
4.989554933460140340e+00
4.989586306509272262e+00
4.989619326881775230e+00
4.989656591298236243e+00
4.989699197312994272e+00
4.989747570072477600e+00
4.989801173935822121e+00
4.989864293471156564e+00
4.989939402406282198e+00
4.990027217761792144e+00
4.990127678252004095e+00
4.990239742760725683e+00
4.990363427111125461e+00
4.990500296716756878e+00
4.990646421936518529e+00
4.990800233175225031e+00
4.990957417813307373e+00
4.991117339105523243e+00
4.991276666027673059e+00
4.991435206690050919e+00
4.991595393260189084e+00
4.991755707309762258e+00
4.991917470962921932e+00
4.992078693182389060e+00
4.992240050723026457e+00
4.992404684526095870e+00
4.992571458582947486e+00
4.992742080492148737e+00
4.992914693736652865e+00
4.993090139468383093e+00
4.993266400871049449e+00
4.993441104543578035e+00
4.993616857593129232e+00
4.993794578098873949e+00
4.993973716990272926e+00
4.994153107171128703e+00
4.994330901344488538e+00
4.994510145270447232e+00
4.994692062241206543e+00
4.994876397316525996e+00
4.995062055782596211e+00
4.995247296829887773e+00
4.995435158339509130e+00
4.995627028410502213e+00
4.995823377770550522e+00
4.996024390299983686e+00
4.996229876549161730e+00
4.996439480212695017e+00
4.996652908203370380e+00
4.996869515692062613e+00
4.997088705850013746e+00
4.997309718960145197e+00
4.997531860144057703e+00
4.997754452199854924e+00
4.997976726190366925e+00
4.998197937020281145e+00
4.998417283249268372e+00
4.998634026841441980e+00
4.998847381201754203e+00
4.999056567297498255e+00
4.999260812335828419e+00
4.999459328157076499e+00
4.999651343998679387e+00
4.999836262901493633e+00
5.000015708440162854e+00
5.000193005063749752e+00
5.000367680330938036e+00
5.000541619946426763e+00
5.000713483811534132e+00
5.000884482403463949e+00
5.001056269434459800e+00
5.001225638435401244e+00
5.001391108640649286e+00
5.001552775063731637e+00
5.001711401538171842e+00
5.001868226704367260e+00
5.002020701932899271e+00
5.002168444375686640e+00
5.002312911692254005e+00
5.002456421795479891e+00
5.002602164539687202e+00
5.002748560401789391e+00
5.002896062898628315e+00
5.003041472573943160e+00
5.003183959460995922e+00
5.003324644285431333e+00
5.003460448132073246e+00
5.003590664266784671e+00
5.003711469852541782e+00
5.003821756848310542e+00
5.003922473377724778e+00
5.004015403053899469e+00
5.004102686596278993e+00
5.004182143955667961e+00
5.004253493015831999e+00
5.004317991579128488e+00
5.004377572535714691e+00
5.004434702162806836e+00
5.004487877836625742e+00
5.004537409343000398e+00
5.004580592037353171e+00
5.004617130608938425e+00
5.004648466821935315e+00
5.004672376075002482e+00
5.004688517158326633e+00
5.004693901105025766e+00
5.004688148365645795e+00
5.004672936572283959e+00
5.004650848981516020e+00
5.004625032479931512e+00
5.004594824431520372e+00
5.004560898159221338e+00
5.004520859968438096e+00
5.004474673637710147e+00
5.004423832868746480e+00
5.004366336854695341e+00
5.004301971070058030e+00
5.004227731054238681e+00
5.004143286909498833e+00
5.004050046599991752e+00
5.003948762587793198e+00
5.003839374374188687e+00
5.003721515250914464e+00
5.003595040285550688e+00
5.003464044782856668e+00
5.003331235436314195e+00
5.003197819472813279e+00
5.003064435965904444e+00
5.002931003145465461e+00
5.002798438587750418e+00
5.002668573971430277e+00
5.002538256965169516e+00
5.002406469922105359e+00
5.002273652445117236e+00
5.002141141326692519e+00
5.002010820604455787e+00
5.001884821107206669e+00
5.001765776214717185e+00
5.001650817229939427e+00
5.001538816293296108e+00
5.001430017867650513e+00
5.001325308339263032e+00
5.001226454156975088e+00
5.001129944970424290e+00
5.001034220898118221e+00
5.000939282517474993e+00
5.000845823272657142e+00
5.000755324255269585e+00
5.000665072690289925e+00
5.000574708761243770e+00
5.000485691077602546e+00
5.000400373166022483e+00
5.000322277674977833e+00
5.000249843656611404e+00
5.000183773696017298e+00
5.000120813710209333e+00
5.000060150691833627e+00
5.000003186490912910e+00
4.999946860842002572e+00
4.999890680558574552e+00
4.999830827781525322e+00
4.999766058296490456e+00
4.999697418164986473e+00
4.999626866591687424e+00
4.999557322150619321e+00
4.999487162645498195e+00
4.999416609544830692e+00
4.999347713001596638e+00
4.999283103187161181e+00
4.999226545909011499e+00
4.999176555488781482e+00
4.999133963965401328e+00
4.999095603326391135e+00
4.999060599944609606e+00
4.999030491827110900e+00
4.999002157443724670e+00
4.998975153356846945e+00
4.998945600905977393e+00
4.998912259597386942e+00
4.998876150982509259e+00
4.998839227374232586e+00
4.998804479780196708e+00
4.998770236236564912e+00
4.998736836568973274e+00
4.998703793018179908e+00
4.998675258686820833e+00
4.998653658319784476e+00
4.998639745368676834e+00
4.998633685714271024e+00
4.998634706311609222e+00
4.998641780976654125e+00
4.998653520290723407e+00
4.998669081685117810e+00
4.998687992715028727e+00
4.998709985571666792e+00
4.998734932159758060e+00
4.998762776301926891e+00
4.998793597088415197e+00
4.998827514766936098e+00
4.998864667964855180e+00
4.998905207663530526e+00
4.998949345387273979e+00
4.998997263447136241e+00
4.999049235060565088e+00
4.999105357196866883e+00
4.999165920419370579e+00
4.999231126857674568e+00
4.999300559526062671e+00
4.999373037246741092e+00
4.999452225006869810e+00
4.999540171166635183e+00
4.999637285107501050e+00
4.999743303917103532e+00
4.999856897815816659e+00
4.999981464128696373e+00
5.000118454862140460e+00
5.000267423791564525e+00
5.000426984997220714e+00
5.000594532051809260e+00
5.000772719466813676e+00
5.000962542341778061e+00
5.001163086937497226e+00
5.001372714107613859e+00
5.001588845690469576e+00
5.001810315539817253e+00
5.002036716518681203e+00
5.002268286542725484e+00
5.002505842847507544e+00
5.002744908826183057e+00
5.002983148200192964e+00
5.003219487657526443e+00
5.003453734246767759e+00
5.003686042101806564e+00
5.003911883188165710e+00
5.004128774599857721e+00
5.004335588561123593e+00
5.004532216256238009e+00
5.004718790510423787e+00
5.004896050886936010e+00
5.005064811771489097e+00
5.005223992047583614e+00
5.005372448060413149e+00
5.005508504220967048e+00
5.005630482472230192e+00
5.005736674610275827e+00
5.005825120648119686e+00
5.005893938885752625e+00
5.005941069954755740e+00
5.005964680965740321e+00
5.005962734628597310e+00
5.005933042367584740e+00
5.005873591726310856e+00
5.005782206304036031e+00
5.005657058305702733e+00
5.005497682675384752e+00
5.005305512681268887e+00
5.005082156717442388e+00
5.004830452821813935e+00
5.004551537487322399e+00
5.004245544470513174e+00
5.003915399185979496e+00
5.003562906741763072e+00
5.003191683202649287e+00
5.002803084425296198e+00
5.002397149823273992e+00
5.001977132916118229e+00
5.001544646232988001e+00
5.001103570371534524e+00
5.000655778407717911e+00
5.000205638728703939e+00
4.999754911757673170e+00
4.999303143195474419e+00
4.998853332496845603e+00
4.998406261935496531e+00
4.997965910158717051e+00
4.997533689126038681e+00
4.997108377240265575e+00
4.996693216323518705e+00
4.996288460440601042e+00
4.995898191727365045e+00
4.995523228369320279e+00
4.995167451634669575e+00
4.994830297737980374e+00
4.994513683899903356e+00
4.994222825135702593e+00
4.993957321218814194e+00
4.993720819972123692e+00
4.993511967885908120e+00
4.993333664931025595e+00
4.993185774827043844e+00
4.993063547474931418e+00
4.992968137388717587e+00
4.992896322308708612e+00
4.992849738387060476e+00
4.992827084719803743e+00
4.992823253332363542e+00
4.992838938407557769e+00
4.992870829311624625e+00
4.992920150469482010e+00
4.992985092621722742e+00
4.993062120025473227e+00
4.993153574989603882e+00
4.993258866855371458e+00
4.993381943368781606e+00
4.993524369757119885e+00
4.993685638989751041e+00
4.993864252764229406e+00
4.994056707761678204e+00
4.994265505831186225e+00
4.994490703764800088e+00
4.994731076277288295e+00
4.994984175890180289e+00
4.995246455791834350e+00
4.995520003821197541e+00
4.995804760392252852e+00
4.996099171146250129e+00
4.996400810732936293e+00
4.996706202785914819e+00
4.997017240441835817e+00
4.997333540684975262e+00
4.997658772162593799e+00
4.997994232095279266e+00
4.998339301563300197e+00
4.998692272074021226e+00
4.999050153970218346e+00
4.999415168046450475e+00
4.999787360161042749e+00
5.000165310307838062e+00
5.000546634971596127e+00
5.000928120232618568e+00
5.001311603404082540e+00
5.001696976229049518e+00
5.002082620851196815e+00
5.002466001688936181e+00
5.002844086653986722e+00
5.003216030179956419e+00
5.003582872442402518e+00
5.003946468002595793e+00
5.004309432461359286e+00
5.004669829450048901e+00
5.005027504071095201e+00
5.005378843686977497e+00
5.005722690626481786e+00
5.006059490061798734e+00
5.006385947681464721e+00
5.006700634128848471e+00
5.006999403546998018e+00
5.007280872158208496e+00
5.007545708260932038e+00
5.007795506894090920e+00
5.008032037104912959e+00
5.008253452918927096e+00
5.008459391176204534e+00
5.008649189371118915e+00
5.008825246795514552e+00
5.008988145209351650e+00
5.009136745130145840e+00
5.009269043534498422e+00
5.009383304595451669e+00
5.009481288214650441e+00
5.009563719259079839e+00
5.009632896596070140e+00
5.009688894526537872e+00
5.009733575746854406e+00
5.009766087519442301e+00
5.009783866635030058e+00
5.009787185418451472e+00
5.009774765619574133e+00
5.009747382766132517e+00
5.009703429034476407e+00
5.009640263538373439e+00
5.009558085403902794e+00
5.009456001618444176e+00
5.009335041628717455e+00
5.009194876808239272e+00
5.009037746168239380e+00
5.008866207167071316e+00
5.008679393879633679e+00
5.008477834607971246e+00
5.008259449913662564e+00
5.008024708903890954e+00
5.007775063026262075e+00
5.007508659135115003e+00
5.007225438650261928e+00
5.006922833505582204e+00
5.006601068000805732e+00
5.006262022215438812e+00
5.005907411198629475e+00
5.005539412121786214e+00
5.005160198840810537e+00
5.004772139299228151e+00
5.004377303864373516e+00
5.003978135991409282e+00
5.003576873871995900e+00
5.003175735357716647e+00
5.002777248803094601e+00
5.002378308433607756e+00
5.001977819982483808e+00
5.001575743663625673e+00
5.001172709982411924e+00
5.000769943590777089e+00
5.000368834245520588e+00
4.999971338059324033e+00
4.999577465202230009e+00
4.999186554844992969e+00
4.998797104950563508e+00
4.998412286150768935e+00
4.998033720064475105e+00
4.997661201353683857e+00
4.997293983395710626e+00
4.996930287960483774e+00
4.996573289442374666e+00
4.996224091533139067e+00
4.995887660268261143e+00
4.995566999461067859e+00
4.995262887008053987e+00
4.994975302159351038e+00
4.994702402535390995e+00
4.994447858292174303e+00
4.994213592852961625e+00
4.993999676476728489e+00
4.993805467035186574e+00
4.993628522805433789e+00
4.993472390105511138e+00
4.993338822904537899e+00
4.993227848136359448e+00
4.993138710405239600e+00
4.993069717842647748e+00
4.993019494419481674e+00
4.992986899901211473e+00
4.992970876016684656e+00
4.992970437072786538e+00
4.992984814373182090e+00
4.993013028543780152e+00
4.993054535970429697e+00
4.993108518956567821e+00
4.993174164969812701e+00
4.993250855588692971e+00
4.993337699816900788e+00
4.993434227294627270e+00
4.993539673778567334e+00
4.993653231700290185e+00
4.993774737957273224e+00
4.993904233080675326e+00
4.994041996541774608e+00
4.994188477405687721e+00
4.994344680094500610e+00
4.994505759467711137e+00
4.994668580321004470e+00
4.994831475493839434e+00
4.994993467004380072e+00
4.995154165261767254e+00
4.995311668840579422e+00
4.995463100466287720e+00
4.995609798943035251e+00
4.995751329101032923e+00
4.995890416819012358e+00
4.996027438444427204e+00
4.996160876862115963e+00
4.996293153687723532e+00
4.996424382198014769e+00
4.996557890548714909e+00
4.996694538723089885e+00
4.996832913727843106e+00
4.996970457312994718e+00
4.997103813755669144e+00
4.997234027692460501e+00
4.997360350265509510e+00
4.997483671688815576e+00
4.997601218530318690e+00
4.997712662461554878e+00
4.997819446036003477e+00
4.997923981509514668e+00
4.998029511272317649e+00
4.998134674820460255e+00
4.998240036423661437e+00
4.998342564403421839e+00
4.998441714243374356e+00
4.998538753808819735e+00
4.998630925667816527e+00
4.998717700037517808e+00
4.998795461505064708e+00
4.998863373696216250e+00
4.998922618207866542e+00
4.998975412733265067e+00
4.999024628688926164e+00
4.999068842683332292e+00
4.999108547563078098e+00
4.999142736913048779e+00
4.999173962536145766e+00
4.999202719970485376e+00
4.999227402433165324e+00
4.999245586126920493e+00
4.999254409130657884e+00
4.999255169287930123e+00
4.999247782902233261e+00
4.999235064232627757e+00
4.999217736793354128e+00
4.999194799966782732e+00
4.999169043919676092e+00
4.999141075522778976e+00
4.999114601919567136e+00
4.999090984654751324e+00
4.999069254242487048e+00
4.999051137659836996e+00
4.999034946903258891e+00
4.999021689467037177e+00
4.999011732451754675e+00
4.999004737576024482e+00
4.999000151056526953e+00
4.998997113575598839e+00
4.998994666326172620e+00
4.998991793492598923e+00
4.998988955054512573e+00
4.998987311203667794e+00
4.998988890480098313e+00
4.998990623509738107e+00
4.998991432118339517e+00
4.998991747034555289e+00
4.998992823485491677e+00
4.998996630233919269e+00
4.999000269118727857e+00
4.999002904777621659e+00
4.999003275392710499e+00
4.998999992752756860e+00
4.998991547434085803e+00
4.998977794502822647e+00
4.998959247245180926e+00
4.998936947724976321e+00
4.998910852082733669e+00
4.998880294662628287e+00
4.998848900209375223e+00
4.998818363615970206e+00
4.998793944743188611e+00
4.998778714403703916e+00
4.998773690703635530e+00
4.998778877946276289e+00
4.998792859404309397e+00
4.998819457509052100e+00
4.998860622358005656e+00
4.998916529396047359e+00
4.998986618972812934e+00
4.999068834667523831e+00
4.999166808330883782e+00
4.999282350481917270e+00
4.999415539556612664e+00
4.999565743457025313e+00
4.999731441352015082e+00
4.999910906373953523e+00
5.000102067652588467e+00
5.000302487804984430e+00
5.000509681466464684e+00
5.000720926120376220e+00
5.000933542184030856e+00
5.001144874400890394e+00
5.001357344228275714e+00
5.001571932609625293e+00
5.001788142796107728e+00
5.002004949531952960e+00
5.002220776553700787e+00
5.002438811163854027e+00
5.002660541820776352e+00
5.002885855685424765e+00
5.003114001385371878e+00
5.003343429740023218e+00
5.003572225391370587e+00
5.003798285543423319e+00
5.004019188496720894e+00
5.004232450264942678e+00
5.004435400876653617e+00
5.004625304106129491e+00
5.004800197451813482e+00
5.004962289582444157e+00
5.005112367465598844e+00
5.005249903069314499e+00
5.005373775481682053e+00
5.005483116477232208e+00
5.005580812457452566e+00
5.005668225034574981e+00
5.005745140442127372e+00
5.005810652251788895e+00
5.005863522442491664e+00
5.005904428584004862e+00
5.005935498883451018e+00
5.005958841228826728e+00
5.005976555672210893e+00
5.005990698519132032e+00
5.006003361387380224e+00
5.006015620436486735e+00
5.006028223672148947e+00
5.006041400753860060e+00
5.006055224493579203e+00
5.006069661308978347e+00
5.006084392698216590e+00
5.006099164701267590e+00
5.006113531155246932e+00
5.006127071087217217e+00
5.006139386245018308e+00
5.006151110811591920e+00
5.006163437387407988e+00
5.006177937401194100e+00
5.006196457805313749e+00
5.006221379161549301e+00
5.006249659074206271e+00
5.006279987950079224e+00
5.006312467759676643e+00
5.006347835453893502e+00
5.006387686034399209e+00
5.006428402130227440e+00
5.006468299207012862e+00
5.006507299049959059e+00
5.006546022972294452e+00
5.006585753789374316e+00
5.006628073063882134e+00
5.006675091074981765e+00
5.006723680879192173e+00
5.006772456035220031e+00
5.006821497605383975e+00
5.006871532910704303e+00
5.006924016961097124e+00
5.006975358772291607e+00
5.007023884785561485e+00
5.007069498543828878e+00
5.007112826836497277e+00
5.007155061584168898e+00
5.007192616568614696e+00
5.007223799891041160e+00
5.007248529061878450e+00
5.007267363161051144e+00
5.007281609140306067e+00
5.007292834274672977e+00
5.007302772848603922e+00
5.007308436492428960e+00
5.007308447024284348e+00
5.007302984896547571e+00
5.007292813693371869e+00
5.007279030126253083e+00
5.007258195371565357e+00
5.007228688476339507e+00
5.007190515410353093e+00
5.007144342960987871e+00
5.007091028659803378e+00
5.007027152699616401e+00
5.006951059766311829e+00
5.006862789180326345e+00
5.006762944685490879e+00
5.006652859460757554e+00
5.006534200675979207e+00
5.006408566937044391e+00
5.006276406079725128e+00
5.006137243753492783e+00
5.005990534305765571e+00
5.005839928576915732e+00
5.005687169620959942e+00
5.005532739788487007e+00
5.005376238238260278e+00
5.005216874025955498e+00
5.005058360111162230e+00
5.004902658110678360e+00
5.004750249955997710e+00
5.004600867603168801e+00
5.004453498220264862e+00
5.004306807967096482e+00
5.004159226494103940e+00
5.004013970533580213e+00
5.003872728452282814e+00
5.003735725267054235e+00
5.003602525929184530e+00
5.003471900925235971e+00
5.003347618442225198e+00
5.003231679855111302e+00
5.003124591533291365e+00
5.003026066387268322e+00
5.002935011053653014e+00
5.002851695578740987e+00
5.002777890499876534e+00
5.002711738629463056e+00
5.002654592005733036e+00
5.002604824977191278e+00
5.002558720896216116e+00
5.002517137366541355e+00
5.002478498741713686e+00
5.002444755986529046e+00
5.002415396461458386e+00
5.002387500498174155e+00
5.002362489190146810e+00
5.002339168369965172e+00
5.002319681381069749e+00
5.002303659950577241e+00
5.002288445079194901e+00
5.002275667072701104e+00
5.002264367761982911e+00
5.002256958702655965e+00
5.002253282484907970e+00
5.002253735528375600e+00
5.002253499664003122e+00
5.002249699279711415e+00
5.002240874818455474e+00
5.002226355323728946e+00
5.002205941780631271e+00
5.002178840777999014e+00
5.002144152630283003e+00
5.002105225013732337e+00
5.002063801569096135e+00
5.002020057832054611e+00
5.001973494781345231e+00
5.001923189979211593e+00
5.001872694260605989e+00
5.001823894256892444e+00
5.001777096601370154e+00
5.001731904084960156e+00
5.001687231884504037e+00
5.001641571401784780e+00
5.001593345451335715e+00
5.001545614196153622e+00
5.001500004731284754e+00
5.001456602952607966e+00
5.001414783388540286e+00
5.001373395017512102e+00
5.001336025536224028e+00
5.001304686487350715e+00
5.001279699309893800e+00
5.001260651871493934e+00
5.001246379578883072e+00
5.001236926109927872e+00
5.001233278016957939e+00
5.001235316671596820e+00
5.001241763879011870e+00
5.001250900556265755e+00
5.001260457573158291e+00
5.001273130518316457e+00
5.001289900441121539e+00
5.001310310661726710e+00
5.001333109445337932e+00
5.001356368965868882e+00
5.001383037441343937e+00
5.001414319944967879e+00
5.001449884707041882e+00
5.001488589562875120e+00
5.001528534924079672e+00
5.001571963510875740e+00
5.001618844808478848e+00
5.001669227534374151e+00
5.001723227130649541e+00
5.001780974238578814e+00
5.001842653320571763e+00
5.001908472494623226e+00
5.001978615040361120e+00
5.002053327832772567e+00
5.002133084789321060e+00
5.002212692547993278e+00
5.002288746412315135e+00
5.002359208569332694e+00
5.002422721425473284e+00
5.002478485337860548e+00
5.002525987236232652e+00
5.002565009549662989e+00
5.002595492559421153e+00
5.002617495262464686e+00
5.002631152495676581e+00
5.002636645610262889e+00
5.002634229702752400e+00
5.002624128462857200e+00
5.002606625833658782e+00
5.002581978463211065e+00
5.002550459266283944e+00
5.002512370326664737e+00
5.002468260607790818e+00
5.002418695359600598e+00
5.002364557340850837e+00
5.002306651922054037e+00
5.002245904972888013e+00
5.002183261036051931e+00
5.002119661487750335e+00
5.002050957760885375e+00
5.001974496387057378e+00
5.001889063038042593e+00
5.001794006276986337e+00
5.001689342253021309e+00
5.001575408142171497e+00
5.001452589484042477e+00
5.001321622461192717e+00
5.001183217905574629e+00
5.001038317775465813e+00
5.000888015043103429e+00
5.000733012791835463e+00
5.000574501689636797e+00
5.000413391638660165e+00
5.000250734232479566e+00
5.000087565790974686e+00
4.999924985870831229e+00
4.999759261880180716e+00
4.999588312257191802e+00
4.999411730554063737e+00
4.999229757238288663e+00
4.999043372508247707e+00
4.998853950511772837e+00
4.998662935283143760e+00
4.998472105164188939e+00
4.998283317379761392e+00
4.998098569151121495e+00
4.997919953066963572e+00
4.997749958310383711e+00
4.997585413113344366e+00
4.997424861054975409e+00
4.997268100280423120e+00
4.997115721499657326e+00
4.996969031805282846e+00
4.996825165312847261e+00
4.996683546129722764e+00
4.996545661065835198e+00
4.996413919713456053e+00
4.996291799044343840e+00
4.996177921092243679e+00
4.996072555093200585e+00
4.995977613872022438e+00
4.995895767474651805e+00
4.995830985323631346e+00
4.995781615094387895e+00
4.995748518767872071e+00
4.995728339366255710e+00
4.995719993672905090e+00
4.995724936517874859e+00
4.995739790348091347e+00
4.995764050602669037e+00
4.995793558699300085e+00
4.995826742826252165e+00
4.995864156007523427e+00
4.995907567369510360e+00
4.995959978674298085e+00
4.996019471923579758e+00
4.996086406244654832e+00
4.996157624235135764e+00
4.996233497511355814e+00
4.996311286513454242e+00
4.996385788263513206e+00
4.996455867912380278e+00
4.996517798102219743e+00
4.996570870878864312e+00
4.996612017422672025e+00
4.996639129577893357e+00
4.996651045289112858e+00
4.996646654558940526e+00
4.996625471177616795e+00
4.996587129481708800e+00
4.996531274676895507e+00
4.996457840194566735e+00
4.996366867851104843e+00
4.996258392482634925e+00
4.996132379835108495e+00
4.995988704440752493e+00
4.995827430626015087e+00
4.995648638428757060e+00
4.995452434932450281e+00
4.995238749337951312e+00
4.995008557447801145e+00
4.994765634266298271e+00
4.994512796820711031e+00
4.994255379093448965e+00
4.993996336804340075e+00
4.993737020389746206e+00
4.993477667430053835e+00
4.993217454654735654e+00
4.992960256049048695e+00
4.992708032717568578e+00
4.992460980424297645e+00
4.992218573772920109e+00
4.991979328142120309e+00
4.991746865799292721e+00
4.991522997738436551e+00
4.991307779876156481e+00
4.991100616389528177e+00
4.990900050392016674e+00
4.990705907391026486e+00
4.990518997804835877e+00
4.990340600041314190e+00
4.990173053750409871e+00
4.990013164439811355e+00
4.989859603996959159e+00
4.989712577480463374e+00
4.989573086415989067e+00
4.989443102385488160e+00
4.989319146321726350e+00
4.989199714054923795e+00
4.989084912286711138e+00
4.988975618993503502e+00
4.988873744830129908e+00
4.988775784624381870e+00
4.988680277233584981e+00
4.988587325811027817e+00
4.988497843173904656e+00
4.988413289943349760e+00
4.988335488494124448e+00
4.988267055051039733e+00
4.988205074267100692e+00
4.988148455144476578e+00
4.988097511385205962e+00
4.988053260994713689e+00
4.988017701163991902e+00
4.987987512403271317e+00
4.987961182556682971e+00
4.987938940699315538e+00
4.987921648327831470e+00
4.987911170627559621e+00
4.987904137832449791e+00
4.987899076143150978e+00
4.987896170887618830e+00
4.987896321729962779e+00
4.987901060658653130e+00
4.987912267583335613e+00
4.987932581388769826e+00
4.987959159186022617e+00
4.987990890731482274e+00
4.988028147213074526e+00
4.988071948864409855e+00
4.988124379917890927e+00
4.988182103072205997e+00
4.988243709944102378e+00
4.988309448069806251e+00
4.988380188580516794e+00
4.988457879789088167e+00
4.988539164822462624e+00
4.988622508749280371e+00
4.988708192344669001e+00
4.988797141613352082e+00
4.988890975268469141e+00
4.988990859288633395e+00
4.989097529111341522e+00
4.989211505290032989e+00
4.989333043174731586e+00
4.989462228530931576e+00
4.989599079938519033e+00
4.989743599055247891e+00
4.989895746802822885e+00
4.990055273232893107e+00
4.990222111476494860e+00
4.990396127497687573e+00
4.990577172135843398e+00
4.990765070581718810e+00
4.990959882626218480e+00
4.991157947147173424e+00
4.991359263976944405e+00
4.991560617891979135e+00
4.991761841328721694e+00
4.991960027964693403e+00
4.992155086679291642e+00
4.992349203510118016e+00
4.992540826426726142e+00
4.992730816623103252e+00
4.992916997356248388e+00
4.993099820820523504e+00
4.993281854504627582e+00
4.993461744880212549e+00
4.993640651574267508e+00
4.993816448302847988e+00
4.993989503161889942e+00
4.994157445227635606e+00
4.994320105222893602e+00
4.994479052910490324e+00
4.994635603988451855e+00
4.994790707670061281e+00
4.994945293499065464e+00
4.995100240839553507e+00
4.995255086293353131e+00
4.995408815678118231e+00
4.995559716962185703e+00
4.995706070030016654e+00
4.995846093922761355e+00
4.995978384876530676e+00
4.996101741708722344e+00
4.996215010873882534e+00
4.996317293086929290e+00
4.996407675102261692e+00
4.996485352788027967e+00
4.996549472028296357e+00
4.996599311965423951e+00
4.996634099110401905e+00
4.996653439727984036e+00
4.996658935334440166e+00
4.996649456816398605e+00
4.996625919577803998e+00
4.996586935658146267e+00
4.996533302057672543e+00
4.996465944487740174e+00
4.996387776060169372e+00
4.996299217583751506e+00
4.996202834721794162e+00
4.996098831955482211e+00
4.995989899549771351e+00
4.995880751477692172e+00
4.995772377483685744e+00
4.995668392151732640e+00
4.995569032810766252e+00
4.995477433426441571e+00
4.995393867090479390e+00
4.995315601823987706e+00
4.995244190709802190e+00
4.995178156120839930e+00
4.995119603935765262e+00
4.995068009093539985e+00
4.995020069585319078e+00
4.994976947245326926e+00
4.994936967634734160e+00
4.994902003694464021e+00
4.994871081584737915e+00
4.994845631877566028e+00
4.994824421110704016e+00
4.994810104057567202e+00
4.994802846404516217e+00
4.994800225496608626e+00
4.994804483538342943e+00
4.994814944876440954e+00
4.994834891924718079e+00
4.994864812899930229e+00
4.994902359716676621e+00
4.994949957178056010e+00
4.995006924075156007e+00
4.995076542491175609e+00
4.995159414526156638e+00
4.995253761572844731e+00
4.995356613298958415e+00
4.995463656442320932e+00
4.995575675968161988e+00
4.995691301444626475e+00
4.995809478344477306e+00
4.995929298926226281e+00
4.996049891825847133e+00
4.996170585988170210e+00
4.996290723107835063e+00
4.996409706989382471e+00
4.996526956990440027e+00
4.996641926368777575e+00
4.996756380809550535e+00
4.996868984237392119e+00
4.996981298368503133e+00
4.997092042280440793e+00
4.997202667532569365e+00
4.997311854394233421e+00
4.997416004961436009e+00
4.997515231374730860e+00
4.997607356024985847e+00
4.997693048533131233e+00
4.997770329610522921e+00
4.997835715938438561e+00
4.997889215228226156e+00
4.997929135681208557e+00
4.997956242290404916e+00
4.997968859323611568e+00
4.997963935855971762e+00
4.997941509051909925e+00
4.997900196355498537e+00
4.997840663920817939e+00
4.997762253554268064e+00
4.997666932809828211e+00
4.997558103613284786e+00
4.997436368316139799e+00
4.997304229894381500e+00
4.997161826751854719e+00
4.997011322434720348e+00
4.996853424198654636e+00
4.996687548532810830e+00
4.996512377615746736e+00
4.996326656043257763e+00
4.996133136339211411e+00
4.995933262109481632e+00
4.995729996803873973e+00
4.995522789582336642e+00
4.995313391554826232e+00
4.995100416894726614e+00
4.994885094221405808e+00
4.994670633543006666e+00
4.994456208552889187e+00
4.994243619758360175e+00
4.994031406435841092e+00
4.993820690363372172e+00
4.993614824451233503e+00
4.993412868678297478e+00
4.993216756991770033e+00
4.993024848606165023e+00
4.992838399298215712e+00
4.992657438665355052e+00
4.992481150347465757e+00
4.992308495118940037e+00
4.992138009201460669e+00
4.991968081984393457e+00
4.991797049324683933e+00
4.991628064941339815e+00
4.991462934277676844e+00
4.991301979738943295e+00
4.991144946850559094e+00
4.990990807348584468e+00
4.990843457216119106e+00
4.990705248275494554e+00
4.990576808294004074e+00
4.990458244848719360e+00
4.990348669336832188e+00
4.990247036572267092e+00
4.990151691985968974e+00
4.990065947500710308e+00
4.989991461694893715e+00
4.989928019032535467e+00
4.989874765821452840e+00
4.989829585724230299e+00
4.989795653999036240e+00
4.989774520562215265e+00
4.989765848542165649e+00
4.989768734733814881e+00
4.989780900917256901e+00
4.989805647899637542e+00
4.989843652780407979e+00
4.989899825142937395e+00
4.989977406413535377e+00
4.990076823794522554e+00
4.990198073136859591e+00
4.990338880029745461e+00
4.990502891541697572e+00
4.990692230222054881e+00
4.990906778761424079e+00
4.991145973206735142e+00
4.991407860704936361e+00
4.991690546927282313e+00
4.991991903801688224e+00
4.992309520748682949e+00
4.992640851085313081e+00
4.992983162609168524e+00
4.993333738168010072e+00
4.993689691295156052e+00
4.994051260446437546e+00
4.994414581862518077e+00
4.994778748509714816e+00
4.995139637721011994e+00
4.995496024769970234e+00
4.995848877822288259e+00
4.996199735050328883e+00
4.996550639440545893e+00
4.996903223228882140e+00
4.997258727309536575e+00
4.997618251760733266e+00
4.997982726154160282e+00
4.998352908586394250e+00
4.998729497400354660e+00
4.999113087413142864e+00
4.999504380469453224e+00
4.999904096630644723e+00
5.000311082248818373e+00
5.000723471661340014e+00
5.001138208938073149e+00
5.001557585803102945e+00
5.001981823836695540e+00
5.002409557421935382e+00
5.002838600260448132e+00
5.003266076502632664e+00
5.003693985400031963e+00
5.004122507293949695e+00
5.004553748128245161e+00
5.004985903372296541e+00
5.005419641603955583e+00
5.005852407274077542e+00
5.006284248438904072e+00
5.006717328076491391e+00
5.007149716262947692e+00
5.007582097520361764e+00
5.008011750114390814e+00
5.008438797799179554e+00
5.008865266536602689e+00
5.009289395307429338e+00
5.009711776954361540e+00
5.010129658189842239e+00
5.010542982799240264e+00
5.010948391353018394e+00
5.011340698209829192e+00
5.011717830841669219e+00
5.012075811979600282e+00
5.012413021122345214e+00
5.012726229076513995e+00
5.013015281261184342e+00
5.013280850612797046e+00
5.013521237206884251e+00
5.013736088854499506e+00
5.013923306801595814e+00
5.014083478768595725e+00
5.014218589552918104e+00
5.014329701421091023e+00
5.014417739176431965e+00
5.014483121532255616e+00
5.014526778623702441e+00
5.014551248127835592e+00
5.014559875206912487e+00
5.014552984174231121e+00
5.014532138569635755e+00
5.014496681831666969e+00
5.014448164423816579e+00
5.014389771243445537e+00
5.014321090864836350e+00
5.014243670526781216e+00
5.014156367761902544e+00
5.014060206806175479e+00
5.013953759010769673e+00
5.013833680806570214e+00
5.013700340336078476e+00
5.013552163123974559e+00
5.013390001404919971e+00
5.013213040187844527e+00
5.013023179538437901e+00
5.012824190605321029e+00
5.012616622570792657e+00
5.012403168838361900e+00
5.012183834250907744e+00
5.011960949778448970e+00
5.011734094723951927e+00
5.011500527758045109e+00
5.011261023927374048e+00
5.011014126568927196e+00
5.010761149853363072e+00
5.010501037362857346e+00
5.010232911810170719e+00
5.009956248916576982e+00
5.009670584455023779e+00
5.009375509630780599e+00
5.009070730555692741e+00
5.008756327081361093e+00
5.008435077603797581e+00
5.008107105467359155e+00
5.007775079507272409e+00
5.007439113754671212e+00
5.007101859945695566e+00
5.006763329554241082e+00
5.006421242143851202e+00
5.006077053706985858e+00
5.005729802410941787e+00
5.005381558474046422e+00
5.005031843867045360e+00
5.004677993405502789e+00
5.004321272570533274e+00
5.003960575546963163e+00
5.003597853977126420e+00
5.003232591386777450e+00
5.002865720849377418e+00
5.002499352443855685e+00
5.002136134665352785e+00
5.001779238778990333e+00
5.001431545477251994e+00
5.001096279445927273e+00
5.000770914938192035e+00
5.000454507630208489e+00
5.000147668972501513e+00
4.999851572804042910e+00
4.999568676885107976e+00
4.999295785084257204e+00
4.999031424868742413e+00
4.998775976292679779e+00
4.998530399531016855e+00
4.998296968966612575e+00
4.998072353444883653e+00
4.997855090901145658e+00
4.997645507130664022e+00
4.997444519486171188e+00
4.997253912363094130e+00
4.997074614662570191e+00
4.996906480763000147e+00
4.996751513203497197e+00
4.996614596100415362e+00
4.996495328668395963e+00
4.996396785976254584e+00
4.996317644055821461e+00
4.996260013474971728e+00
4.996222796323131377e+00
4.996203201820030415e+00
4.996204439814904141e+00
4.996228134102425500e+00
4.996274042992158826e+00
4.996341298377378948e+00
4.996427165862408870e+00
4.996535004206238639e+00
4.996666644631190479e+00
4.996821892621231775e+00
4.997000089237702447e+00
4.997199260337514382e+00
4.997417368186872544e+00
4.997652039515089406e+00
4.997902031677078583e+00
4.998166980432581674e+00
4.998447689717870901e+00
4.998739044877003934e+00
4.999038007376950254e+00
4.999343208844075903e+00
4.999653998507420205e+00
4.999970403580228151e+00
5.000292737862328529e+00
5.000621869122842789e+00
5.000953368028858925e+00
5.001284627361457069e+00
5.001614476150134436e+00
5.001942415913800843e+00
5.002268367713551100e+00
5.002587542576949708e+00
5.002897138452391701e+00
5.003195857523243362e+00
5.003483158579331125e+00
5.003758981382707915e+00
5.004022952696542070e+00
5.004274993228028379e+00
5.004519028185169915e+00
5.004757494615625468e+00
5.004991434799740624e+00
5.005221313169459840e+00
5.005446830397706215e+00
5.005667409716409111e+00
5.005882342612605562e+00
5.006090528728675437e+00
5.006290935600410386e+00
5.006482146518538734e+00
5.006662830995628255e+00
5.006832246693084798e+00
5.006992715770612001e+00
5.007144663507353322e+00
5.007290916439380624e+00
5.007432093337414791e+00
5.007566657649589636e+00
5.007695213701811809e+00
