0.000000000000000000e+00
0.000000000000000000e+00
-1.337984031124506225e-08
-8.077427537500625900e-08
-2.530142364776112013e-07
-5.609957725027926394e-07
-1.069117438419198304e-06
-1.584448596076981656e-06
-2.393487425251806011e-06
-3.238966141907440931e-06
-4.051345654261242201e-06
-4.947556203660498840e-06
-1.734973534439634067e-06
7.135017754080756234e-06
2.550181418428109649e-05
6.065657080853270708e-05
1.150960633322029367e-04
1.932113589509754873e-04
3.004316957458286631e-04
4.451887095137863808e-04
6.335020037158756775e-04
8.723138244613435916e-04
1.171684970126989252e-03
1.538742964135053539e-03
1.979603168533685190e-03
2.510877956615330687e-03
3.144894947276952266e-03
3.892098178134800399e-03
4.755789597497821902e-03
5.760015134678722441e-03
6.903925572501063909e-03
8.211301301585080537e-03
9.676141773329621776e-03
1.131438944207275622e-02
1.313357565270508245e-02
1.514335531459892747e-02
1.734520736800277893e-02
1.972343031035507857e-02
2.228787664042557529e-02
2.504390153752411585e-02
2.799806896315659710e-02
3.115216079817856656e-02
3.452757540808763098e-02
3.811572018729295769e-02
4.195502910481538339e-02
4.602859679328049486e-02
5.033297065363968176e-02
5.486328694687928748e-02
5.963015589581574516e-02
6.460632834302033889e-02
6.981211695538604156e-02
7.523005220757567058e-02
8.089373562203489021e-02
8.677722487317167388e-02
9.286602232323727668e-02
9.915318164692960012e-02
1.056425962196453627e-01
1.123495427118404860e-01
1.192811295734509114e-01
1.263981339679821625e-01
1.337240478740796268e-01
1.412357071386441398e-01
1.489807954774960419e-01
1.569305697427853530e-01
1.651282415138348725e-01
1.735534611688717699e-01
1.821721402155026537e-01
1.910146513925656264e-01
2.000559321390256162e-01
2.093465444789990582e-01
2.188609704719647886e-01
2.286064306245907951e-01
2.385712781892880829e-01
2.487147298799618489e-01
2.590526023851498216e-01
2.695766786085231348e-01
2.802849296079737984e-01
2.911697987066371729e-01
3.022372940527065510e-01
3.134836331354243777e-01
3.249243727670771964e-01
3.365470043169124237e-01
3.483681980119808230e-01
3.603788224207027935e-01
3.725958755956753632e-01
3.850204316125974136e-01
3.976879397379026182e-01
4.105873874174222893e-01
4.236868909345730683e-01
4.369915357576474313e-01
4.504899576650722715e-01
4.641892484174831024e-01
4.780833450304133869e-01
4.921827045427424885e-01
5.064852598653896143e-01
5.210337856756313002e-01
5.358104542242153601e-01
5.507885292516812026e-01
5.659682277189358457e-01
5.813370719896417960e-01
5.969055441366297732e-01
6.126322999940972958e-01
6.285580888734918492e-01
6.446733025060754629e-01
6.609546581255062447e-01
6.774111906038388087e-01
6.939991608606441709e-01
7.107724622236355483e-01
7.277226510988338282e-01
7.448871425138577917e-01
7.622513237939940733e-01
7.798111787782774362e-01
7.975613871561154644e-01
8.155296007143124637e-01
8.336894491659267992e-01
8.520734945283993111e-01
8.706539729581935783e-01
8.894456091867551928e-01
9.084338108049497817e-01
9.276279393182859101e-01
9.470214739786253499e-01
9.666633418546783929e-01
9.865399244772066201e-01
1.006658828590976107e+00
1.027013030384646974e+00
1.047613838051425716e+00
1.068457153175937258e+00
1.089562576149569972e+00
1.110889001225100481e+00
1.132466252182589450e+00
1.154271941517458933e+00
1.176297264431582335e+00
1.198533704613314654e+00
1.220995374058352567e+00
1.243634412621127394e+00
1.266486668919192704e+00
1.289544520710574460e+00
1.312838044499026191e+00
1.336375532482729778e+00
1.360098741386996046e+00
1.384033968781100077e+00
1.408148994778261942e+00
1.432459540699587697e+00
1.456917772625551999e+00
1.481561222408877221e+00
1.506379719112978410e+00
1.531401207779512719e+00
1.556618175839052487e+00
1.582016449307069861e+00
1.607610643242464610e+00
1.633353958462343547e+00
1.659281292294130239e+00
1.685386569832429737e+00
1.711677177284822271e+00
1.738144557808503965e+00
1.764786265228853068e+00
1.791619429920778162e+00
1.818630984161958564e+00
1.845824182365998878e+00
1.873213930462464871e+00
1.900800276135071964e+00
1.928592217300995726e+00
1.956595383022889045e+00
1.984784865711792801e+00
2.013211713169678507e+00
2.041849720810517077e+00
2.070712619160278933e+00
2.099783974026306677e+00
2.129072413776977868e+00
2.158553064201934824e+00
2.188235326145751891e+00
2.218093955849273602e+00
2.248123455380065749e+00
2.278294959400756881e+00
2.308602502678497537e+00
2.339010050629242166e+00
2.369486182068451186e+00
2.399997747276886528e+00
2.430519385670288468e+00
2.461019356583221906e+00
2.491468792294128765e+00
2.521841349934204057e+00
2.552117622231109273e+00
2.582281267975433448e+00
2.612318041657073930e+00
2.642218709324462900e+00
2.671988606785400400e+00
2.701621883247955491e+00
2.731128642891510694e+00
2.760503380631073256e+00
2.789756203030212323e+00
2.818877349232299601e+00
2.847859335278137394e+00
2.876694686745270069e+00
2.905375655029876825e+00
2.933880188797577393e+00
2.962205713127716855e+00
2.990331828926667157e+00
3.018258765076264893e+00
3.045966782902345571e+00
3.073457258080110499e+00
3.100710325573549309e+00
3.127730689381227780e+00
3.154501324032411791e+00
3.181027427052126377e+00
3.207319386337862177e+00
3.233348782394990906e+00
3.259129929875001608e+00
3.284635241364106673e+00
3.309878905151948381e+00
3.334835937355623336e+00
3.359493544434175583e+00
3.383866689537629924e+00
3.407943635319337972e+00
3.431735661362276257e+00
3.455269427631959989e+00
3.478513682221040959e+00
3.501492476795778686e+00
3.524179158543215173e+00
3.546598599289522369e+00
3.568722503517733013e+00
3.590550568436251311e+00
3.612139561508761698e+00
3.633473396633731145e+00
3.654592228268252363e+00
3.675472236012087723e+00
3.696117015217409651e+00
3.716509719227419239e+00
3.736690717075930035e+00
3.756635389660463620e+00
3.776376076077089472e+00
3.795885501240358284e+00
3.815147675608262734e+00
3.834207548235520679e+00
3.853041328524217324e+00
3.871681605909929047e+00
3.890103082989320615e+00
3.908331534002885466e+00
3.926363555525407723e+00
3.944176743363008608e+00
3.961802256439790781e+00
3.979217131470308644e+00
3.996445883844957692e+00
4.013466706608401324e+00
4.030266218517885690e+00
4.046889528368578404e+00
4.063313863609896437e+00
4.079525491331683185e+00
4.095552686785326912e+00
4.111378771399126997e+00
4.126992528771029178e+00
4.142422952984438744e+00
4.157655438517199542e+00
4.172680621479617713e+00
4.187523707483875590e+00
4.202172797058690179e+00
4.216618609760868885e+00
4.230875537727939673e+00
4.244935410355198613e+00
4.258783202503789056e+00
4.272444256876577029e+00
4.285907031630147301e+00
4.299158817862141824e+00
4.312225231264698699e+00
4.325093728636372425e+00
4.337759943340885549e+00
4.350242683027851776e+00
4.362527602051365250e+00
4.374609178637134832e+00
4.386507537697421633e+00
4.398210007284747647e+00
4.409712422226534478e+00
4.421026907299624220e+00
4.432151059244738178e+00
4.443077451323138582e+00
4.453815762137042000e+00
4.464365959499941638e+00
4.474721482132540729e+00
4.484891748760806429e+00
4.494873540137874102e+00
4.504660511349308116e+00
4.514263080690968266e+00
4.523677256439792238e+00
4.532911841009722664e+00
4.541964881752597272e+00
4.550831178759204398e+00
4.559520492290126015e+00
4.568029602502452491e+00
4.576370135878192080e+00
4.584535332654581907e+00
4.592522266243562967e+00
4.600343310569391164e+00
4.607987890575991230e+00
4.615468050573931613e+00
4.622779102657900374e+00
4.629917368029223823e+00
4.636879282330141905e+00
4.643658398126230935e+00
4.650270022486314936e+00
4.656709002588853785e+00
4.662984378074273906e+00
4.669095425938234456e+00
4.675036067103013337e+00
4.680800696943864025e+00
4.686388371323212176e+00
4.691805414889915760e+00
4.697043737505539163e+00
4.702109950517280090e+00
4.706997027431590652e+00
4.711714057360751440e+00
4.716267975901229370e+00
4.720650730763537695e+00
4.724873017107112716e+00
4.728927183483703445e+00
4.732821949754817403e+00
4.736549609933955907e+00
4.740115900670154758e+00
4.743529140983684833e+00
4.746784746979339609e+00
4.749887838100058879e+00
4.752834204469783330e+00
4.755627532337769026e+00
4.758275734816654889e+00
4.760782685016259563e+00
4.763152116273507097e+00
4.765387652401789964e+00
4.767492281679973409e+00
4.769471124147042218e+00
4.771327177320585200e+00
4.773064243380890304e+00
4.774694440697298425e+00
4.776223029379710994e+00
4.777655075524912753e+00
4.778995390866862536e+00
4.780248836462365425e+00
4.781424938325748997e+00
4.782530990500913681e+00
4.783572542254792559e+00
4.784555721540915130e+00
4.785486485620008779e+00
4.786372107078300964e+00
4.787221297805176690e+00
4.788040345941648290e+00
4.788836175014242080e+00
4.789614655931456966e+00
4.790381432955130414e+00
4.791141884212358093e+00
4.791899933700426217e+00
4.792660694976313529e+00
4.793428751935226551e+00
4.794208781902653094e+00
4.795004869659407198e+00
4.795822706331475338e+00
4.796661621813638199e+00
4.797522201349003090e+00
4.798406595175129574e+00
4.799316977743966817e+00
4.800256783400638660e+00
4.801229275275929353e+00
4.802240818177326176e+00
4.803289460797770083e+00
4.804375284870132212e+00
4.805500138734445592e+00
4.806666096185313819e+00
4.807879301269519345e+00
4.809136737545000706e+00
4.810440984477268422e+00
4.811787338961826421e+00
4.813174076040254157e+00
4.814604385902153005e+00
4.816073362191188423e+00
4.817581861128080511e+00
4.819124386866556975e+00
4.820698569227921837e+00
4.822304750640856952e+00
4.823943803419339815e+00
4.825619725991953324e+00
4.827328776677121347e+00
4.829071239639988633e+00
4.830841382701865250e+00
4.832636218030921249e+00
4.834455000718108408e+00
4.836298045177928273e+00
4.838168213178387411e+00
4.840061629523506603e+00
4.841977888901701554e+00
4.843911625553838363e+00
4.845860580463877909e+00
4.847825867940656508e+00
4.849803294648400431e+00
4.851792141308060025e+00
4.853787425269357136e+00
4.855787292231791064e+00
4.857792319466345710e+00
4.859798728336565787e+00
4.861805276830666322e+00
4.863807391782276390e+00
4.865803034861558629e+00
4.867787447233670406e+00
4.869758963097804205e+00
4.871717083861105024e+00
4.873658388067952707e+00
4.875580993850701539e+00
4.877480818440192323e+00
4.879356736798756700e+00
4.881208507676594088e+00
4.883035078902713266e+00
4.884837057997456711e+00
4.886612461318246226e+00
4.888359272290935031e+00
4.890077360232344184e+00
4.891766043861380808e+00
4.893425924141874717e+00
4.895056822259893359e+00
4.896659445871582861e+00
4.898231817294825596e+00
4.899771688391436619e+00
4.901278409172761918e+00
4.902751004506815669e+00
4.904189362932910079e+00
4.905590783764589347e+00
4.906952951212394609e+00
4.908274792094696970e+00
4.909555342306365588e+00
4.910794400160182427e+00
4.911989652623404368e+00
4.913140930269826789e+00
4.914249373857844994e+00
4.915316987444628083e+00
4.916346544732319579e+00
4.917338574414121588e+00
4.918293903727995797e+00
4.919213701819049156e+00
4.920098578293786495e+00
4.920949683819876519e+00
4.921766343598233284e+00
4.922548111786114511e+00
4.923294138346778759e+00
4.924003934596645315e+00
4.924676863660081949e+00
4.925312232484085229e+00
4.925911721733372772e+00
4.926478779834668309e+00
4.927016027268928511e+00
4.927524873276215800e+00
4.928006029498738449e+00
4.928461630118055048e+00
4.928896101635857008e+00
4.929312719476385496e+00
4.929713211652798854e+00
4.930098758225306632e+00
4.930470071394905673e+00
4.930827261318428967e+00
4.931170566377206299e+00
4.931499565017387177e+00
4.931813913208409339e+00
4.932113317602291325e+00
4.932397143856599442e+00
4.932665961959375345e+00
4.932923768662822894e+00
4.933173505661052616e+00
4.933416771718276195e+00
4.933654507321281635e+00
4.933887611848278176e+00
4.934121054929655692e+00
4.934358477552398092e+00
4.934601851773424031e+00
4.934852547121210797e+00
4.935111319662048857e+00
4.935378478520527246e+00
4.935654179879441550e+00
4.935938189622922856e+00
4.936230239287926480e+00
4.936529904377624511e+00
4.936836686988339551e+00
4.937149925191865130e+00
4.937472457249627134e+00
4.937803308811949066e+00
4.938144937452839223e+00
4.938496252407300169e+00
4.938859482218491692e+00
4.939233979728984814e+00
4.939616087001729383e+00
4.940006660182940657e+00
4.940403492298887755e+00
4.940807949115501252e+00
4.941218478453325069e+00
4.941633263860808256e+00
4.942055710923837886e+00
4.942487875928150309e+00
4.942930206616389377e+00
4.943382542912829969e+00
4.943843920377063661e+00
4.944313697812128261e+00
4.944791569148171639e+00
4.945275093314219994e+00
4.945760927532782070e+00
4.946244968806375653e+00
4.946727857735921496e+00
4.947208368253876998e+00
4.947685498964955464e+00
4.948158492666652641e+00
4.948626748991182822e+00
4.949089736935666117e+00
4.949546979700198968e+00
4.949997983162274906e+00
4.950442361456325990e+00
4.950879924182763681e+00
4.951312732991747012e+00
4.951739447896353674e+00
4.952161146846584039e+00
4.952576071579924744e+00
4.952984788750280920e+00
4.953385500644316153e+00
4.953774903302062604e+00
4.954153279882837602e+00
4.954519128871132772e+00
4.954873491634598004e+00
4.955215603035859395e+00
4.955547333729438009e+00
4.955871210058205634e+00
4.956185779904000555e+00
4.956491592393241774e+00
4.956790821754358589e+00
4.957086381182992163e+00
4.957381775003844027e+00
4.957675910086356552e+00
4.957969536517731868e+00
4.958259857554905281e+00
4.958546476361327393e+00
4.958830788672885959e+00
4.959112196710875331e+00
4.959393336509337225e+00
4.959674483125080968e+00
4.959953838621250277e+00
4.960233667527308654e+00
4.960513775513488710e+00
4.960797308680581885e+00
4.961084895820337515e+00
4.961374883555788706e+00
4.961664658688921925e+00
4.961950972449948871e+00
4.962235141375085590e+00
4.962516841587594207e+00
4.962798994236609751e+00
4.963082384594700081e+00
4.963365800657294713e+00
4.963652108401976015e+00
4.963941841979494285e+00
4.964238785409350818e+00
4.964544515122641499e+00
4.964858185124565892e+00
4.965177802217175085e+00
4.965500322428513691e+00
4.965827407349815203e+00
4.966158900965918832e+00
4.966492772844603110e+00
4.966826148030332178e+00
4.967155733850767696e+00
4.967482777682116435e+00
4.967806957920065436e+00
4.968131190088561411e+00
4.968456258808245707e+00
4.968780981113186002e+00
4.969107993987371685e+00
4.969437520352174786e+00
4.969772870463301295e+00
4.970115064752270939e+00
4.970462629158963530e+00
4.970812904273143040e+00
4.971162391153147730e+00
4.971512055654994988e+00
4.971861009706728396e+00
4.972211368826203071e+00
4.972562577423624397e+00
4.972911756706408504e+00
4.973259935003688348e+00
4.973605723229219677e+00
4.973950830210915441e+00
4.974294458252360940e+00
4.974638603885641608e+00
4.974982738566567697e+00
4.975324076821079800e+00
4.975663610992004493e+00
4.975999978666175494e+00
4.976334845458139533e+00
4.976667359692026338e+00
4.976994607594776632e+00
4.977317394834924080e+00
4.977634347227384737e+00
4.977947011922468690e+00
4.978254597333242160e+00
4.978557451066544459e+00
4.978854711388220444e+00
4.979149375946245293e+00
4.979442309194229921e+00
4.979737609026006595e+00
4.980037217528544780e+00
4.980340783183449638e+00
4.980647025552564777e+00
4.980953583155744546e+00
4.981262732834541573e+00
4.981575031612986315e+00
4.981889127974386433e+00
4.982202895765181161e+00
4.982513621483919408e+00
4.982823248689053131e+00
4.983132015203117327e+00
4.983443328400134043e+00
4.983758364466011059e+00
4.984075789672314016e+00
4.984393333566366380e+00
4.984707934779105898e+00
4.985020917576727939e+00
4.985331867073652390e+00
4.985638329849569672e+00
4.985937171221701547e+00
4.986225159444837018e+00
4.986503217999813664e+00
4.986771016527889344e+00
4.987030961324451006e+00
4.987283489887593291e+00
4.987527458888468601e+00
4.987763984107401072e+00
4.987991614469315493e+00
4.988210988544848234e+00
4.988419856649814577e+00
4.988614559003143434e+00
4.988794146643011906e+00
4.988956272096364053e+00
4.989100501785977748e+00
4.989224733549162849e+00
4.989330116060554765e+00
4.989418771804303709e+00
4.989490316870614173e+00
4.989545916139140225e+00
4.989584592550053266e+00
4.989607925705604075e+00
4.989618767714818937e+00
4.989616837714237363e+00
4.989603733694784715e+00
4.989578457194983940e+00
4.989542600905660485e+00
4.989499279686387290e+00
4.989448170393845139e+00
4.989391083672781946e+00
4.989326938183186400e+00
4.989256900564907227e+00
4.989179433507054284e+00
4.989094008344365783e+00
4.989000826466037708e+00
4.988900642168848876e+00
4.988794338197588552e+00
4.988683036218538369e+00
4.988568048083363848e+00
4.988450705220133230e+00
4.988332614905340634e+00
4.988215184507099664e+00
4.988100004249391262e+00
4.987988759779509174e+00
4.987877683571677601e+00
4.987764853739316884e+00
4.987649542044055195e+00
4.987531750711750256e+00
4.987411951904323182e+00
4.987290216467480164e+00
4.987166309419225563e+00
4.987044702774981353e+00
4.986928220789085486e+00
4.986818323114091456e+00
4.986715742738122792e+00
4.986620124594445258e+00
4.986536465517381167e+00
4.986467801818760925e+00
4.986415862489628203e+00
4.986381521857945032e+00
4.986363985403111876e+00
4.986368434904688840e+00
4.986398176390758330e+00
4.986454974611371327e+00
4.986539835401892162e+00
4.986653105796396090e+00
4.986794665421440342e+00
4.986964047330513239e+00
4.987160527131600851e+00
4.987383270694954795e+00
4.987631454135371456e+00
4.987904076709493317e+00
4.988199871278450104e+00
4.988517798095091216e+00
4.988856590448959238e+00
4.989215375690801757e+00
4.989592860437078059e+00
4.989988311811429433e+00
4.990399293697518779e+00
4.990821194111449088e+00
4.991255130379539828e+00
4.991699014327568129e+00
4.992154816559595254e+00
4.992620709895234654e+00
4.993097542955617918e+00
4.993587925939897865e+00
4.994088420591395128e+00
4.994598266839129330e+00
4.995114529601378806e+00
4.995639410077674647e+00
4.996172688215121838e+00
4.996712350792333446e+00
4.997255420035764395e+00
4.997798047832294976e+00
4.998341339363798319e+00
4.998884394935413589e+00
4.999428622148080592e+00
4.999971873818978452e+00
5.000514481722459159e+00
5.001053734294220732e+00
5.001586936696515551e+00
5.002111539377914973e+00
5.002625009476291851e+00
5.003124754226852211e+00
5.003608289606022552e+00
5.004073190151798300e+00
5.004516993000256875e+00
5.004937292060898990e+00
5.005331498741256269e+00
5.005697196669028237e+00
5.006033620446070920e+00
5.006343060995531502e+00
5.006626384652298256e+00
5.006883303768079330e+00
5.007112865301858839e+00
5.007315223890435263e+00
5.007493442411614204e+00
5.007648979679760970e+00
5.007782109000799231e+00
5.007891962242392303e+00
5.007977696594862138e+00
5.008038362798362009e+00
5.008074467243241124e+00
5.008089927746297576e+00
5.008087119647209207e+00
5.008067690245481707e+00
5.008032177854003564e+00
5.007981207300582938e+00
5.007916384916425656e+00
5.007839903076784616e+00
5.007750259134590820e+00
5.007647003624261295e+00
5.007527454923512700e+00
5.007390720331716061e+00
5.007238447768288303e+00
5.007072756839590966e+00
5.006895460290508026e+00
5.006705000782059045e+00
5.006500988928276108e+00
5.006285204020936241e+00
5.006059694988330477e+00
5.005826912400922701e+00
5.005585886342130308e+00
5.005337221407941684e+00
5.005079467752627131e+00
5.004813618147426979e+00
5.004542881389760112e+00
5.004266829592787680e+00
5.003987307389878403e+00
5.003703283900074794e+00
5.003416109336220607e+00
5.003124442593805732e+00
5.002828968288056011e+00
5.002531998762540510e+00
5.002236647521757007e+00
5.001947023300134632e+00
5.001662293625677158e+00
5.001383513463342645e+00
5.001113295508231360e+00
5.000854937294180402e+00
5.000613293414617466e+00
5.000387446516806556e+00
5.000179258091057122e+00
4.999985990011745152e+00
4.999807323300891504e+00
4.999645817866230857e+00
4.999498824095036653e+00
4.999367018611784452e+00
4.999246875121872158e+00
4.999137570801805097e+00
4.999040907350983609e+00
4.998955670855623978e+00
4.998884681299943900e+00
4.998828091029693610e+00
4.998783049727475003e+00
4.998751422667095490e+00
4.998731804249959332e+00
4.998726695679047261e+00
4.998735498030123736e+00
4.998759786464193944e+00
4.998796186324594437e+00
4.998843450041873027e+00
4.998902381088968561e+00
4.998974601326895417e+00
4.999063326184090883e+00
4.999166086463641356e+00
4.999282306775834073e+00
4.999413221598054236e+00
4.999560759727295078e+00
4.999728652004534979e+00
4.999914407737934496e+00
5.000118583877021017e+00
5.000336876910560946e+00
5.000567629252009816e+00
5.000811951801561683e+00
5.001065768439702630e+00
5.001328207988670727e+00
5.001594322238496204e+00
5.001862070754548917e+00
5.002131632797797600e+00
5.002404196307440820e+00
5.002682236776134772e+00
5.002963175483427172e+00
5.003246769428631779e+00
5.003529008318118088e+00
5.003808352135501458e+00
5.004085195444902823e+00
5.004355830539395811e+00
5.004618844136973443e+00
5.004869700342794658e+00
5.005106755912681393e+00
5.005330223951867552e+00
5.005540145978709887e+00
5.005736811876674963e+00
5.005920297921082174e+00
5.006090803023806934e+00
5.006248477295420329e+00
5.006393298775337009e+00
5.006525525616860151e+00
5.006645208847157136e+00
5.006752530623606923e+00
5.006847659971946030e+00
5.006930671742567007e+00
5.007001803259746531e+00
5.007060974276074994e+00
5.007108435252130896e+00
5.007144280617040977e+00
5.007168695580595852e+00
5.007181783220412186e+00
5.007183584130951992e+00
5.007174247114569710e+00
5.007153895842028746e+00
5.007122703772156846e+00
5.007080761124497847e+00
5.007028141757589701e+00
5.006964970431408091e+00
5.006891348762557037e+00
5.006807797653720193e+00
5.006717749256760719e+00
5.006622364390761248e+00
5.006525608757630863e+00
5.006429013293355545e+00
5.006331827789664679e+00
5.006237304573998514e+00
5.006146085187911154e+00
5.006062113251656065e+00
5.005986926001615878e+00
5.005919606308571801e+00
5.005859416215799662e+00
5.005805734335565305e+00
5.005757997431912187e+00
5.005715681947887852e+00
5.005678339109410402e+00
5.005645528540600075e+00
5.005616848594628188e+00
5.005591850727916459e+00
5.005570146916554108e+00
5.005552146686361503e+00
5.005539263282091866e+00
5.005528226152648585e+00
5.005517968137403351e+00
5.005509304555137540e+00
5.005503801219287396e+00
5.005504103379184500e+00
5.005507742693276363e+00
5.005514329217817249e+00
5.005521714818874202e+00
5.005531891239784592e+00
5.005544635730307945e+00
5.005559105566913303e+00
5.005574180233502979e+00
5.005588508589403851e+00
5.005605642530114530e+00
5.005627566573654263e+00
5.005654882048234278e+00
5.005687524718209325e+00
5.005724626986752135e+00
5.005768844995159839e+00
5.005820266620698789e+00
5.005876344002293976e+00
5.005938955328868012e+00
5.006007190437496313e+00
5.006083658684485016e+00
5.006168482752957338e+00
5.006259492200308081e+00
5.006353377096795398e+00
5.006445902215758359e+00
5.006537522750416969e+00
5.006626792384753166e+00
5.006711678926342834e+00
5.006789874259823137e+00
5.006859328609400528e+00
5.006922401662425415e+00
5.006979973178795618e+00
5.007031512281363561e+00
5.007075807882911178e+00
5.007111505763576886e+00
5.007141503281863137e+00
5.007167009280502512e+00
5.007187717733877719e+00
5.007202591911164014e+00
5.007210292569918231e+00
5.007213816125269723e+00
5.007214439993305177e+00
5.007213195490814783e+00
5.007211000300205939e+00
5.007208628293786212e+00
5.007206805795480165e+00
5.007206168385649470e+00
5.007207344795364001e+00
5.007210894091016051e+00
5.007217399924023482e+00
5.007227424727945575e+00
5.007241493110969444e+00
5.007260152442804646e+00
5.007283939636735681e+00
5.007313382238107735e+00
5.007349014288238642e+00
5.007391718808985814e+00
5.007436627304606702e+00
5.007480568533257959e+00
5.007521824689077583e+00
5.007559254468845644e+00
5.007592331442476841e+00
5.007620868474671916e+00
5.007644820419567822e+00
5.007664425421003429e+00
5.007680006409259477e+00
5.007691885843136959e+00
5.007700636346902989e+00
5.007706656730347206e+00
5.007710484459436451e+00
5.007712636785342397e+00
5.007713588960447382e+00
5.007713979045089303e+00
5.007714343354396469e+00
5.007710755198437447e+00
5.007701541337242546e+00
5.007681698077882437e+00
5.007649058683833587e+00
5.007603455980366824e+00
5.007545641020930915e+00
5.007476849237517236e+00
5.007394264450357291e+00
5.007297211892964839e+00
5.007186483999776172e+00
5.007063508292722176e+00
5.006930155696410090e+00
5.006785995436894510e+00
5.006633148815544665e+00
5.006471265431555295e+00
5.006298855047734087e+00
5.006117816891581640e+00
5.005928435519397368e+00
5.005733714725881356e+00
5.005534105140774237e+00
5.005329010140208368e+00
5.005117049131600382e+00
5.004896884121059486e+00
5.004671286650062001e+00
5.004441285848678866e+00
5.004206576913658111e+00
5.003965913660885612e+00
5.003718005258650514e+00
5.003465716175795386e+00
5.003210388895184657e+00
5.002951712578596499e+00
5.002688440539004411e+00
5.002419212207260379e+00
5.002146898385198881e+00
5.001872958771945932e+00
5.001602169822963795e+00
5.001337038863510109e+00
5.001078338611931962e+00
5.000825736828207191e+00
5.000577933013497400e+00
5.000338422030268681e+00
5.000108798898814655e+00
4.999889127153961610e+00
4.999678524684219028e+00
4.999475142739771449e+00
4.999282256130188173e+00
4.999101041041374316e+00
4.998935622785301014e+00
4.998785915931747148e+00
4.998655312776625337e+00
4.998544257476986274e+00
4.998449462417573486e+00
4.998372516853795133e+00
4.998311404695795268e+00
4.998268230746561791e+00
4.998241581214188045e+00
4.998233369483441102e+00
4.998241582711870912e+00
4.998265312100939717e+00
4.998304685378625933e+00
4.998360130280435243e+00
4.998433090682320667e+00
4.998522531167783001e+00
4.998624543762945294e+00
4.998740375275902537e+00
4.998868050753316084e+00
4.999009764800956823e+00
4.999165068372329657e+00
4.999330547536899871e+00
4.999507417968651168e+00
4.999693588475873085e+00
4.999890792454768196e+00
5.000097562643874838e+00
5.000315043526876835e+00
5.000540072201926201e+00
5.000772057539958126e+00
5.001012851755309185e+00
5.001259505889552592e+00
5.001512056934821260e+00
5.001766691665340048e+00
5.002022448453295134e+00
5.002280612728733367e+00
5.002538182820368107e+00
5.002794802962976739e+00
5.003046747903513669e+00
5.003293113942432591e+00
5.003535091496246423e+00
5.003774963311093948e+00
5.004015890463428207e+00
5.004256510335194363e+00
5.004497451215224046e+00
5.004735773327935178e+00
5.004971064916987622e+00
5.005204722742725210e+00
5.005434130347509836e+00
5.005658890000720618e+00
5.005875529824931114e+00
5.006083287309099461e+00
5.006283464349050583e+00
5.006478376827378618e+00
5.006671135585000876e+00
5.006860509525228764e+00
5.007047014340002100e+00
5.007227854198952777e+00
5.007402686095972832e+00
5.007572853966792970e+00
5.007735845773658490e+00
5.007891207664449951e+00
5.008035564880063184e+00
5.008168285387744056e+00
5.008290289799858463e+00
5.008400548082951431e+00
5.008500468629587310e+00
5.008589261789980540e+00
5.008667651136581078e+00
5.008735722616490804e+00
5.008793383432727175e+00
5.008840142778296922e+00
5.008875356308361226e+00
5.008898243267266182e+00
5.008907945897024483e+00
5.008903533943465547e+00
5.008884956754281248e+00
5.008855982200710599e+00
5.008819056324663954e+00
5.008775492863732914e+00
5.008725931811150112e+00
5.008670486387800658e+00
5.008608781410386790e+00
5.008540385308680953e+00
5.008464717049156967e+00
5.008381016882140990e+00
5.008288473155353415e+00
5.008186039779340071e+00
5.008073323847731295e+00
5.007953040501108788e+00
5.007825758526108118e+00
5.007694937022409754e+00
5.007561404941610839e+00
5.007424151994296579e+00
5.007285872524613879e+00
5.007146768610932774e+00
5.007010453691714602e+00
5.006877663809813583e+00
5.006752151561908448e+00
5.006635440908379309e+00
5.006526261338970940e+00
5.006427750889218764e+00
5.006339826010176353e+00
5.006266123465271001e+00
5.006208232188606111e+00
5.006164613495589499e+00
5.006134836388759446e+00
5.006118251855026458e+00
5.006114926598915105e+00
5.006125866144378378e+00
5.006145744200279246e+00
5.006171464230814827e+00
5.006200986707067813e+00
5.006233259059905016e+00
5.006267693699287591e+00
5.006301464573430060e+00
5.006330037694375790e+00
5.006352833032093663e+00
5.006367235097518353e+00
5.006373580624881470e+00
5.006369851045842978e+00
5.006354975725357370e+00
5.006328465409409567e+00
5.006290152235254531e+00
5.006240184320433606e+00
5.006178842204920265e+00
5.006106547535695839e+00
5.006023839115463225e+00
5.005931163355075597e+00
5.005829122252130503e+00
5.005718323019632265e+00
5.005599256799855290e+00
5.005471228909978088e+00
5.005332994814329695e+00
5.005183217385151373e+00
5.005024650273211861e+00
5.004858635505029518e+00
5.004687611692884452e+00
5.004510283609220345e+00
5.004327216715851456e+00
5.004136449144521492e+00
5.003938708872834873e+00
5.003733677388469303e+00
5.003520159189889682e+00
5.003296495740602090e+00
5.003061256808527979e+00
5.002816957374402129e+00
5.002564739928879511e+00
5.002308742226399652e+00
5.002051010829696054e+00
5.001791735449173437e+00
5.001535072689243577e+00
5.001282715917864330e+00
5.001039800429085247e+00
5.000809193504343497e+00
5.000591403869281137e+00
5.000385913075248823e+00
5.000190605474005956e+00
5.000008676619570380e+00
4.999841320877264295e+00
4.999688056827824134e+00
4.999547563902404512e+00
4.999417044296230905e+00
4.999299401109408514e+00
4.999195063970353736e+00
4.999107282151770804e+00
4.999034374746798015e+00
4.998977875103546076e+00
4.998935205917176106e+00
4.998906314519071081e+00
4.998894298786133561e+00
4.998897195038687791e+00
4.998916428497131470e+00
4.998949211391689573e+00
4.998995443487609158e+00
4.999058160803350859e+00
4.999135297376732900e+00
4.999228134283865366e+00
4.999333814743976312e+00
4.999452863222058063e+00
4.999582277143443498e+00
4.999720012459973439e+00
4.999864593537594715e+00
5.000015021737734600e+00
5.000170506544480808e+00
5.000330426421085939e+00
5.000494321368704753e+00
5.000661788608948832e+00
5.000832495976308856e+00
5.001006192796002559e+00
5.001182605873863984e+00
5.001361556936126718e+00
5.001540186617594586e+00
5.001719551168453570e+00
5.001898075778107966e+00
5.002077282711933748e+00
5.002256111994455523e+00
5.002434807464549493e+00
5.002609577633508664e+00
5.002778918359496174e+00
5.002942955967106364e+00
5.003102821528979227e+00
5.003260142773458874e+00
5.003412068670684221e+00
5.003557778688217716e+00
5.003697832197021356e+00
5.003833715438913643e+00
5.003967298528251284e+00
5.004095827236844762e+00
5.004218530913886909e+00
5.004334207240564325e+00
5.004441811598909773e+00
5.004540655098927537e+00
5.004634451296253950e+00
5.004725598691105226e+00
5.004814953383132980e+00
5.004903104871585739e+00
5.004989732446223805e+00
5.005074421081767255e+00
5.005156594643444201e+00
5.005235148005263923e+00
5.005309179674910069e+00
5.005377436371595934e+00
5.005438762547523623e+00
5.005492285003962039e+00
5.005539970014321050e+00
5.005581176870579796e+00
5.005617778695265585e+00
5.005649135276285300e+00
5.005677145156617769e+00
5.005701012942547656e+00
5.005717954602399544e+00
5.005728592847549230e+00
5.005731346412753524e+00
5.005727488817315773e+00
5.005715656263888924e+00
5.005692860525702059e+00
5.005659427116293081e+00
5.005613768398428753e+00
5.005556967132391399e+00
5.005488002532758607e+00
5.005408203852960369e+00
5.005320466793740763e+00
5.005228511066774466e+00
5.005136940665209977e+00
5.005045674014503732e+00
5.004956791856923992e+00
5.004868627283388882e+00
5.004781912965367674e+00
5.004699549926111324e+00
5.004619925571271111e+00
5.004544217907489490e+00
5.004469974524939246e+00
5.004397527323702910e+00
5.004329352103773054e+00
5.004264986184092656e+00
5.004207313819455827e+00
5.004156228862369993e+00
5.004114856123591970e+00
5.004083749104425216e+00
5.004060618274047023e+00
5.004047530584171177e+00
5.004043510495063352e+00
5.004051322471893215e+00
5.004071213200766088e+00
5.004100502918552351e+00
5.004141131889152661e+00
5.004192031615491310e+00
5.004255895501080076e+00
5.004332979478019361e+00
5.004421303307714730e+00
5.004517983522343449e+00
5.004619060268703734e+00
5.004725629527199793e+00
5.004836897391904849e+00
5.004950334670100531e+00
5.005062572041603985e+00
5.005169804932625865e+00
5.005272811593564519e+00
5.005370700515883620e+00
5.005464899007307622e+00
5.005553844327184088e+00
5.005638636833134925e+00
5.005721810719077070e+00
5.005801797358397032e+00
5.005879208155053384e+00
5.005951411619858682e+00
5.006018472330721281e+00
5.006082270413713786e+00
5.006144749571646457e+00
5.006207568452770929e+00
5.006272449193599705e+00
5.006341221707949707e+00
5.006410150619299948e+00
5.006477388137096085e+00
5.006542153682636886e+00
5.006604453248979070e+00
5.006664716874325016e+00
5.006723305623123288e+00
5.006780696686433885e+00
5.006837127258145337e+00
5.006892922481597452e+00
5.006948301706538373e+00
5.007003536096847895e+00
5.007058851717113512e+00
5.007111108664496157e+00
5.007159735973065295e+00
5.007206063375881477e+00
5.007247470191754424e+00
5.007283589239771793e+00
5.007310963024459660e+00
5.007329011564681132e+00
5.007339046313965092e+00
5.007343485637639979e+00
5.007345478776505487e+00
5.007343839535123742e+00
5.007339306211897600e+00
5.007329103410111060e+00
5.007313051432238815e+00
5.007292524174657089e+00
5.007265149351544764e+00
5.007230634930413871e+00
5.007185715375338297e+00
5.007129876170178129e+00
5.007064516645726826e+00
5.006992148681414179e+00
5.006915892040227689e+00
5.006834654467050783e+00
5.006749307796230397e+00
5.006662254867946693e+00
5.006576658714434025e+00
5.006496620656794683e+00
5.006421232180543690e+00
5.006351736643225969e+00
5.006285458830061152e+00
5.006222100186969115e+00
5.006163593133786449e+00
5.006107393087693147e+00
5.006053566451990733e+00
5.005998668678912189e+00
5.005941984042401316e+00
5.005884840254547719e+00
5.005828462824100988e+00
5.005773771031634567e+00
5.005721628948920809e+00
5.005672857313292035e+00
5.005625160801099760e+00
5.005579129591461118e+00
5.005532650047789467e+00
5.005481159718583761e+00
5.005423920567954710e+00
5.005358009500305627e+00
5.005283104278023920e+00
5.005196949917699811e+00
5.005100120952230114e+00
5.004995051737751055e+00
5.004881078725556875e+00
5.004759398674469395e+00
5.004628819696482545e+00
5.004490433674182448e+00
5.004345740428071565e+00
5.004191816601778697e+00
5.004027772977824640e+00
5.003854237016167161e+00
5.003672509774443000e+00
5.003484501954046593e+00
5.003292413804558691e+00
5.003098522372422252e+00
5.002900544557598472e+00
5.002697967853276140e+00
5.002491528265058385e+00
5.002282708234964126e+00
5.002073423549412645e+00
5.001860835444061237e+00
5.001644133649646662e+00
5.001423839334279364e+00
5.001201369970917021e+00
5.000978627897679551e+00
5.000752856045841632e+00
5.000523145500451072e+00
5.000289940930783494e+00
5.000054645523310803e+00
4.999819106221081277e+00
4.999585705552133774e+00
4.999357144351932014e+00
4.999130945544575155e+00
4.998906608078512726e+00
4.998684804387274028e+00
4.998467097323270991e+00
4.998255771122757096e+00
4.998047885730746209e+00
4.997842648219200434e+00
4.997640536747756101e+00
4.997442916635306709e+00
4.997251620948198081e+00
4.997068955659750067e+00
4.996898095071199641e+00
4.996736543498817795e+00
4.996583811132120800e+00
4.996440478436532828e+00
4.996307998675737494e+00
4.996189079269651501e+00
4.996080708125490766e+00
4.995982024524245446e+00
4.995893430881086950e+00
4.995816256496008911e+00
4.995752763453755740e+00
4.995703006856028416e+00
4.995664330507977979e+00
4.995635512377019083e+00
4.995615871335727931e+00
4.995605508175328779e+00
4.995604823042129716e+00
4.995612206604172378e+00
4.995623644778579120e+00
4.995639778163357470e+00
4.995658743118009504e+00
4.995682032778467452e+00
4.995708735899142106e+00
4.995735506042445095e+00
4.995763277187550422e+00
4.995790539902707827e+00
4.995818972580207351e+00
4.995847713271693635e+00
4.995878635956512603e+00
4.995911351078727414e+00
4.995942925002497148e+00
4.995974479049515082e+00
4.996004665908008846e+00
4.996035229842715530e+00
4.996065357129161555e+00
4.996092019097019055e+00
4.996116196394036812e+00
4.996136571575958030e+00
4.996154831517093164e+00
4.996170272404167001e+00
4.996184806008430179e+00
4.996197927922084503e+00
4.996206985865909722e+00
4.996213063097283857e+00
4.996214937390950794e+00
4.996214338631845386e+00
4.996210377739927821e+00
4.996200304677197224e+00
4.996185069455251870e+00
4.996163471272167200e+00
4.996137177176724897e+00
4.996105548491186710e+00
4.996070638830725663e+00
4.996032090667587688e+00
4.995987673039500976e+00
4.995938884416547765e+00
4.995885048383800431e+00
4.995828511650628023e+00
4.995769049083768287e+00
4.995704473430244263e+00
4.995636382695241906e+00
4.995564126335971800e+00
4.995490093651183017e+00
4.995414204076819686e+00
4.995337970909618619e+00
4.995259121638678579e+00
4.995177643383809318e+00
4.995095308954783597e+00
4.995013153470078571e+00
4.994931598986456223e+00
4.994850681015249094e+00
4.994770164462696727e+00
4.994694679361725953e+00
4.994627352367112749e+00
4.994569973243359051e+00
4.994523599777328293e+00
4.994488643275997397e+00
4.994465243081520178e+00
4.994453228494109887e+00
4.994452226847585052e+00
4.994461699879554573e+00
4.994481033469144293e+00
4.994509571004253523e+00
4.994546578499083012e+00
4.994591340255516876e+00
4.994643090996484069e+00
4.994701026524942300e+00
4.994764357451874304e+00
4.994832072649675325e+00
4.994907427705417291e+00
4.994990439140762462e+00
4.995084815617243379e+00
4.995191555587166654e+00
4.995310027697645872e+00
4.995438911305331686e+00
4.995575721716098982e+00
4.995723234382979605e+00
4.995882539735697847e+00
4.996052932185643947e+00
4.996233054292910758e+00
4.996420388785714373e+00
4.996617787690424528e+00
4.996826309417896184e+00
4.997045344864539551e+00
4.997273494178019249e+00
4.997508492735737384e+00
4.997749616620653867e+00
4.997997323093528621e+00
4.998252701913529883e+00
4.998517853175814096e+00
4.998789430619740237e+00
4.999066053485089256e+00
4.999347845153474523e+00
4.999635658772254132e+00
4.999931418528372085e+00
5.000231644218379401e+00
5.000534842727298646e+00
5.000841031880642440e+00
5.001150949956441494e+00
5.001466023908521130e+00
5.001786125363376634e+00
5.002109508761731327e+00
5.002433716268805064e+00
5.002755707377164462e+00
5.003077146099475847e+00
5.003397832871942619e+00
5.003716080100803154e+00
5.004029310369459083e+00
5.004334767242488269e+00
5.004634057735620090e+00
5.004926890456644628e+00
5.005211567474125545e+00
5.005485471324591096e+00
5.005746130780844183e+00
5.005995022678344064e+00
5.006232473948566408e+00
5.006461733938722070e+00
5.006683728681473156e+00
5.006897903984008913e+00
5.007104693190721711e+00
5.007305641309884869e+00
5.007502684803274207e+00
5.007698153467443625e+00
5.007889775005695654e+00
5.008076781766083840e+00
5.008260034886713896e+00
5.008440976446087767e+00
5.008621692867542663e+00
5.008799562515284798e+00
5.008973673605884080e+00
5.009142328859829796e+00
5.009308109921926544e+00
5.009471749705785903e+00
5.009637476509028353e+00
5.009806956747135942e+00
5.009980219645013833e+00
5.010156097845693601e+00
5.010332353716302478e+00
5.010511717019189071e+00
5.010694546686071504e+00
5.010880022668796840e+00
5.011066278801817653e+00
5.011250688997614944e+00
5.011435685889382263e+00
5.011621341486979020e+00
5.011806692132312335e+00
5.011989600291061109e+00
5.012167688818234268e+00
5.012343244595037994e+00
5.012516371221797939e+00
5.012687714384454374e+00
5.012857587957340044e+00
5.013026603800761372e+00
5.013190087997870137e+00
5.013344862075107322e+00
5.013489396232696294e+00
5.013622484696614201e+00
5.013743798020812825e+00
5.013853190518501535e+00
5.013950597313750812e+00
5.014036393506040135e+00
5.014110842324380535e+00
5.014174480038283477e+00
5.014227755629047323e+00
5.014271021686083962e+00
5.014303115411251177e+00
5.014321938359001862e+00
5.014325560769297141e+00
5.014315780254778865e+00
5.014293390570907505e+00
5.014261975484202161e+00
5.014222819772782280e+00
5.014175593094202021e+00
5.014119358933763593e+00
5.014053214318351159e+00
5.013975964915238670e+00
5.013886258248471783e+00
5.013782695941859657e+00
5.013663735362002605e+00
5.013527915934332668e+00
5.013373716334112551e+00
5.013200653894103631e+00
5.013011961309470799e+00
5.012809485486008576e+00
5.012593883024760721e+00
5.012365193376549399e+00
5.012123652948298869e+00
5.011873277547069350e+00
5.011616534935541267e+00
5.011354441745437427e+00
5.011087366352088956e+00
5.010814968487479426e+00
5.010536574395604958e+00
5.010251458576179928e+00
5.009961145920911463e+00
5.009663861310341915e+00
5.009360179407755354e+00
5.009047914790222933e+00
5.008727592462908440e+00
5.008401578637074358e+00
5.008068642178784557e+00
5.007729795472931400e+00
5.007383159930121508e+00
5.007029535630954875e+00
5.006671659248186579e+00
5.006313036838784036e+00
5.005958065735413243e+00
5.005606368379905469e+00
5.005259679677203088e+00
5.004915885972096135e+00
5.004575267518176496e+00
5.004240364590896384e+00
5.003909074934435708e+00
5.003582150722158062e+00
5.003256689356874176e+00
5.002932474212955505e+00
5.002611431526253760e+00
5.002296517985175939e+00
5.001992066866021602e+00
5.001697403723609270e+00
5.001414289130132751e+00
5.001140314741294723e+00
5.000875667454908857e+00
5.000622994499514640e+00
5.000380783593515233e+00
5.000150778675685359e+00
4.999931052131810993e+00
4.999722533235559929e+00
4.999528283300112008e+00
4.999346076427261032e+00
4.999176542898873699e+00
4.999016041225056384e+00
4.998863672362875654e+00
4.998720690720018567e+00
4.998588440260154364e+00
4.998468086617305239e+00
4.998360731089726450e+00
4.998267915193229882e+00
4.998187923571333791e+00
4.998123659463837853e+00
4.998074667058192588e+00
4.998044252160710244e+00
4.998033482084522916e+00
4.998040887534392240e+00
4.998063967461006563e+00
4.998098625415245522e+00
4.998146099727842184e+00
4.998205898022519911e+00
4.998275731061826654e+00
4.998352737361806852e+00
4.998433254212383048e+00
4.998518749838937403e+00
4.998608829677346321e+00
4.998705968791861132e+00
4.998809252511952295e+00
4.998920815056432154e+00
4.999039930720122982e+00
4.999162964094670869e+00
4.999290535105632038e+00
4.999420369854437496e+00
4.999553597849103248e+00
4.999688666863607800e+00
4.999821682386341948e+00
4.999952833578232614e+00
5.000079865725953532e+00
5.000203595748414109e+00
5.000322475750241580e+00
5.000437663262953691e+00
5.000548605928440971e+00
5.000653176466246741e+00
5.000748416362573501e+00
5.000831413455551377e+00
5.000903289937659757e+00
5.000963434647081485e+00
5.001009691567404047e+00
5.001039004486764306e+00
5.001048798809304863e+00
5.001040011712128752e+00
5.001012802731956697e+00
5.000969458760472719e+00
5.000909478955681386e+00
5.000831454347598459e+00
5.000736886651965918e+00
5.000625108469056279e+00
5.000498559593933301e+00
5.000356531737152110e+00
5.000197508314405681e+00
5.000022806001608977e+00
4.999832172261333696e+00
4.999627836661195701e+00
4.999409614240533983e+00
4.999180289225435558e+00
4.998939688147760130e+00
4.998686194902069779e+00
4.998421444741793174e+00
4.998144714103796460e+00
4.997858511058399067e+00
4.997562482243189663e+00
4.997254730386445409e+00
4.996936774363526901e+00
4.996607825865754471e+00
4.996270271276840091e+00
4.995924172436605026e+00
4.995572180559644693e+00
4.995218758953521743e+00
4.994864183550487446e+00
4.994511578788768169e+00
4.994160487426231754e+00
4.993813142662654414e+00
4.993469007981728325e+00
4.993127738905857704e+00
4.992789790330241395e+00
4.992455534597646682e+00
4.992125762810720069e+00
4.991801168991041315e+00
4.991482789216351357e+00
4.991171510757667740e+00
4.990868353785736566e+00
4.990574264058631471e+00
4.990290183571887361e+00
4.990017096696210075e+00
4.989756028631490814e+00
4.989508142748636743e+00
4.989274423567367833e+00
4.989055859612090416e+00
4.988853479472710184e+00
4.988668370300692878e+00
4.988501612690997788e+00
4.988354233305691388e+00
4.988227342663123842e+00
4.988121921203821252e+00
4.988038978434890858e+00
4.987980851598807774e+00
4.987942933780400878e+00
4.987922417402994135e+00
4.987917886982001114e+00
4.987928631038200500e+00
4.987954631338623379e+00
4.987995467393455229e+00
4.988049510631506145e+00
4.988121001927909859e+00
4.988212466112133647e+00
4.988324999308940910e+00
4.988458919974770645e+00
4.988613310253975364e+00
4.988789417187479813e+00
4.988991936503706093e+00
4.989219651709107417e+00
4.989475349618851752e+00
4.989756796325353960e+00
4.990066019541381515e+00
4.990401692225395536e+00
4.990758184849081402e+00
4.991135394370911804e+00
4.991529303624091973e+00
4.991940468384681751e+00
4.992366136743485505e+00
4.992800539753196709e+00
4.993242890259979028e+00
4.993689313477633895e+00
4.994139680511116453e+00
4.994590903094767498e+00
4.995042978732644912e+00
4.995496918990075308e+00
4.995948815068959270e+00
4.996396734959243524e+00
4.996840481220540475e+00
4.997280575393494573e+00
4.997718142105993522e+00
4.998149596511181514e+00
4.998573242968674002e+00
4.998989054097587648e+00
4.999397640771025664e+00
4.999800214192621439e+00
5.000196477605752143e+00
5.000584776050203573e+00
5.000962798206860072e+00
5.001328249781186841e+00
5.001682842767592341e+00
5.002026600449140048e+00
5.002358010097200491e+00
5.002674838288482029e+00
5.002975065226461737e+00
5.003260424251463334e+00
5.003531253843364723e+00
5.003788052483259641e+00
5.004027538395286356e+00
5.004248572348415358e+00
5.004451405185073476e+00
5.004637113346515953e+00
5.004807296546904816e+00
5.004962981308607617e+00
5.005104987269995753e+00
5.005235005340336052e+00
5.005354928935673797e+00
5.005462664210034163e+00
5.005558056489360474e+00
5.005642431371639667e+00
5.005717831200713341e+00
5.005786578634547013e+00
5.005846712596508041e+00
5.005898134119601828e+00
5.005942235610240765e+00
5.005981097165753901e+00
5.006017288442494717e+00
5.006048796535730538e+00
5.006075227358641300e+00
5.006092759259307634e+00
5.006100119818262861e+00
5.006097853020734512e+00
5.006087475975478540e+00
5.006070944112694043e+00
5.006046007100925621e+00
5.006012424193289512e+00
5.005971403070691217e+00
5.005924996426294626e+00
5.005875696940312203e+00
5.005821472015197671e+00
5.005761927408132195e+00
5.005695425337147952e+00
5.005623750542257611e+00
5.005546863432940086e+00
5.005466718208012367e+00
5.005382285034251311e+00
5.005295063750786255e+00
5.005208586361226786e+00
5.005122412070599935e+00
5.005038684410942018e+00
5.004956118939412058e+00
5.004876069314745379e+00
5.004801789997112671e+00
5.004731952692348607e+00
5.004667826206389947e+00
5.004606875223073459e+00
5.004549317769671823e+00
5.004497527480091357e+00
5.004451279705357081e+00
5.004413962967194429e+00
5.004386680792052289e+00
5.004367971629802625e+00
5.004355307745248282e+00
5.004345080625465236e+00
5.004338500254635669e+00
5.004334725744521428e+00
5.004336431115335770e+00
5.004344110118510436e+00
5.004356006127602008e+00
5.004374751099206264e+00
5.004400303719850562e+00
5.004436091701318645e+00
5.004483342058773765e+00
5.004540763026851913e+00
5.004605983630570520e+00
5.004675440783429075e+00
5.004750315393136972e+00
5.004830102459343344e+00
5.004913406199591464e+00
5.004998774113879279e+00
5.005084615726770103e+00
5.005174110899494266e+00
5.005269359494374015e+00
5.005370602072032327e+00
5.005477689769866956e+00
5.005589602137732186e+00
5.005707387416438614e+00
5.005834532021359529e+00
5.005969510352985097e+00
5.006113856662810946e+00
5.006264950181171791e+00
5.006422884701565046e+00
5.006587476744130960e+00
5.006757105025277710e+00
5.006930383140966612e+00
5.007105009178444810e+00
5.007278622942791024e+00
5.007449348731712213e+00
5.007618713802473032e+00
5.007786210975424979e+00
5.007954058605062819e+00
5.008122149458902328e+00
5.008288231505829025e+00
5.008453868604081372e+00
5.008618480558324926e+00
5.008784315208722582e+00
5.008951263627787753e+00
5.009117002724489787e+00
5.009283121316513210e+00
5.009448995454985898e+00
5.009616908556600023e+00
5.009786901301521489e+00
5.009957174337286823e+00
5.010125241069871116e+00
5.010288460734116711e+00
5.010448387577014273e+00
5.010605037896710634e+00
5.010756643577296110e+00
5.010900753778223304e+00
5.011034815874699788e+00
5.011160355587306547e+00
5.011277640093865671e+00
5.011387657378616467e+00
5.011487916600707138e+00
5.011577615416425324e+00
5.011655633989538394e+00
5.011724702655152797e+00
5.011785581689142788e+00
5.011837509390713485e+00
5.011878643021733915e+00
5.011907203031984892e+00
5.011925640828954975e+00
5.011934822851723759e+00
5.011938704467135963e+00
5.011939079769834215e+00
5.011935615146539291e+00
5.011928166558972997e+00
5.011915742828748854e+00
5.011897454382159722e+00
5.011872256453387742e+00
5.011838919708278439e+00
5.011796224919852882e+00
5.011742808033485375e+00
5.011677280726616779e+00
5.011598336740172854e+00
5.011504571462758406e+00
5.011394642318375503e+00
5.011267117584832675e+00
5.011120521125161709e+00
5.010954537388646379e+00
5.010772515159809259e+00
5.010576519497448089e+00
5.010367376372927062e+00
5.010145253461563364e+00
5.009910589285904159e+00
5.009667601172590246e+00
5.009419035200738612e+00
5.009166134294832595e+00
5.008909548424893998e+00
5.008649151191823634e+00
5.008384569694064758e+00
5.008115284980051207e+00
5.007843517639451569e+00
5.007568463214449928e+00
5.007291941323093631e+00
5.007012981322372269e+00
5.006733326405996998e+00
5.006457027789913639e+00
5.006184142303429674e+00
5.005917484906278858e+00
5.005656375323199292e+00
5.005403077431731518e+00
5.005156964619421167e+00
5.004914507285469938e+00
5.004676308573002608e+00
5.004440111775662281e+00
5.004207018350030900e+00
5.003975368977304328e+00
5.003745459892566139e+00
5.003519021176513704e+00
5.003298552890089290e+00
5.003087708965655800e+00
5.002884773310984912e+00
5.002690187149461565e+00
5.002502872214432905e+00
5.002326654565300679e+00
5.002163319528816210e+00
5.002014924024014597e+00
5.001883846844329184e+00
5.001773696846112394e+00
5.001681741538241077e+00
5.001607072811355970e+00
5.001550173751792450e+00
5.001512303160750683e+00
5.001496328178808071e+00
5.001499002383395620e+00
5.001518871314662107e+00
5.001556167736022296e+00
5.001611943364447477e+00
5.001688931047288733e+00
5.001783713822558042e+00
5.001895681809007677e+00
5.002019489662096419e+00
5.002152355055630828e+00
5.002293932431684631e+00
5.002441138889016869e+00
5.002594483814510440e+00
5.002752114500228053e+00
