0.000000000000000000e+00
0.000000000000000000e+00
-1.433619472663849829e-06
-7.457929605152458224e-06
-1.881107542430982346e-05
-3.233678959077225165e-05
-4.369373986264691353e-05
-2.140380529453977671e-05
2.155977679649368037e-05
1.182412021444178988e-04
3.031319603906014047e-04
5.789670572266918114e-04
9.547871947870594390e-04
1.521929003356490857e-03
2.241954900382553233e-03
3.151907570718323962e-03
4.306297026632821545e-03
5.716734997986354372e-03
7.367192827223340013e-03
9.327963016985456324e-03
1.163261430716375743e-02
1.419874119019369843e-02
1.707032936072211404e-02
2.026168244337897203e-02
2.380786108231405795e-02
2.764770435547690003e-02
3.178135889029364003e-02
3.617325263476232899e-02
4.090807067608694114e-02
4.591464924073080517e-02
5.129747318482259788e-02
5.689534472679952382e-02
6.281371461605884943e-02
6.894141124939777432e-02
7.536556529259540171e-02
8.203432726120810092e-02
8.892119454598286510e-02
9.600056277966356744e-02
1.033381049559102260e-01
1.108100305721745615e-01
1.184932886288151827e-01
1.263118873760685767e-01
1.343121783659443902e-01
1.424705653116688786e-01
1.507710002586827025e-01
1.591989009306415959e-01
1.678014789745792268e-01
1.764866005108340630e-01
1.853074853346332040e-01
1.942069177553637227e-01
2.032231705114825038e-01
2.123566459343417256e-01
2.215503292009814440e-01
2.308211730644686710e-01
2.401439003870471378e-01
2.495367573425754382e-01
2.589993016645892876e-01
2.685018246099932782e-01
2.780741583034976316e-01
2.876724957153781181e-01
2.973405634090884875e-01
3.070369421169742430e-01
3.168087218925937365e-01
3.266105889008029672e-01
3.364923028871997235e-01
3.464578257725223209e-01
3.564914368317111393e-01
3.666023682281955853e-01
3.767843173668369849e-01
3.870699273273930374e-01
3.974400900528416991e-01
4.078682707474217684e-01
4.183503149673924448e-01
4.289362834618077325e-01
4.395474826023563764e-01
4.502392386124119406e-01
4.609758161232456186e-01
4.717700396702274590e-01
4.826358483955844880e-01
4.935914848968966928e-01
5.045896361992343593e-01
5.157097147629245981e-01
5.269084047005161420e-01
5.381563268825992896e-01
5.495593892261966262e-01
5.610760198757633876e-01
5.727288817093356688e-01
5.845465038940890201e-01
5.965617095158082250e-01
6.087003742382508520e-01
6.210802971050719545e-01
6.336368988678434677e-01
6.463915382549743072e-01
6.593617640659789059e-01
6.725821970627290369e-01
6.859634362385256257e-01
6.996430491135102736e-01
7.134589706585389157e-01
7.275508390591126640e-01
7.419097469971163150e-01
7.564899526760563431e-01
7.713457320854648636e-01
7.864560781643376020e-01
8.019309209511265024e-01
8.175923715755926136e-01
8.335651897118079301e-01
8.498067628071296342e-01
8.662906943485725320e-01
8.829969190285194003e-01
9.000146435425271374e-01
9.172072063610544612e-01
9.347142528221596969e-01
9.524783788845530008e-01
9.704578612968914886e-01
9.886618910953992589e-01
1.007159165017365687e+00
1.025805518500565450e+00
1.044768220059632213e+00
1.064004799000977552e+00
1.083475620620011348e+00
1.103176658026932877e+00
1.123122923247574789e+00
1.143320772521256190e+00
1.163844275347946988e+00
1.184546098582505147e+00
1.205575959555863053e+00
1.226799483172653638e+00
1.248362293116806354e+00
1.270198025576828149e+00
1.292288884989975406e+00
1.314650056235550535e+00
1.337271628253220435e+00
1.360228669516800881e+00
1.383525440566300224e+00
1.407059488169907224e+00
1.430928704612015379e+00
1.455062973372696522e+00
1.479498457782028487e+00
1.504093806617019746e+00
1.528933403365371424e+00
1.554027349822280302e+00
1.579285273425338199e+00
1.604706244342086530e+00
1.630224740378615866e+00
1.655862600676772489e+00
1.681675100199935269e+00
1.707497982852217877e+00
1.733401732318160526e+00
1.759382169120070838e+00
1.785322694651839681e+00
1.811245434157607637e+00
1.837181539408919706e+00
1.862999741904494577e+00
1.888731727473494937e+00
1.914298488967177470e+00
1.939732944838759909e+00
1.965088915698287808e+00
1.990247785918471957e+00
2.015257913939711987e+00
2.039965071551559372e+00
2.064335558287856642e+00
2.088394155375715933e+00
2.112096552722213083e+00
2.135402595870253606e+00
2.158364753596541785e+00
2.180881504885909372e+00
2.202949859969375090e+00
2.224820692412612377e+00
2.246415223948714512e+00
2.267926814429519045e+00
2.289245595805403877e+00
2.310542037360427070e+00
2.331698942057844892e+00
2.352810983531233635e+00
2.373985421530959261e+00
2.395225429408309292e+00
2.416513604991195052e+00
2.438031971328018077e+00
2.459729170672653176e+00
2.481792194716689881e+00
2.504145610205886552e+00
2.526724603049514517e+00
2.549638798110244409e+00
2.572800679080245789e+00
2.596299824588057970e+00
2.620056068770644675e+00
2.644104997985122107e+00
2.668411962859389863e+00
2.693041176669356940e+00
2.717934031359908520e+00
2.743163137309310606e+00
2.768652865760086179e+00
2.794440407626388900e+00
2.820495662562607198e+00
2.846862122885940760e+00
2.873499026171920878e+00
2.900456595294234940e+00
2.927651650779006243e+00
2.954992532603499811e+00
2.982450971476791057e+00
3.009979085795638998e+00
3.037574608199355986e+00
3.065212731234786769e+00
3.092900955550430098e+00
3.120595500342605355e+00
3.148153018824813465e+00
3.175590982310530830e+00
3.202985443942305555e+00
3.230329406134841097e+00
3.257662811152693738e+00
3.284981913439986467e+00
3.312301506869551826e+00
3.339450731150862772e+00
3.366504363887069307e+00
3.393498885504958817e+00
3.420478939883468072e+00
3.447530887000319400e+00
3.474465491645094772e+00
3.501409952513930612e+00
3.528366868369337883e+00
3.555412809722181766e+00
3.582599689833876333e+00
3.609776241652724149e+00
3.637017810218092784e+00
3.664134704940078091e+00
3.691224017016646375e+00
3.718224503867384900e+00
3.745150370471236556e+00
3.771938574187513993e+00
3.798695316188094306e+00
3.825278777949569609e+00
3.851805462710617078e+00
3.878177411429641452e+00
3.904484846465347214e+00
3.930731720797775441e+00
3.956970970504043894e+00
3.983150527350662884e+00
4.009329140059707974e+00
4.035443761222122561e+00
4.061543564669847228e+00
4.087540402285814167e+00
4.113427426688431865e+00
4.139243390433549052e+00
4.164961528651474509e+00
4.190597908370254920e+00
4.216091601722000703e+00
4.241393709056136885e+00
4.266562754981277905e+00
4.291481752269029393e+00
4.316169950835466729e+00
4.340508634917497943e+00
4.364535288684129988e+00
4.388175504081011091e+00
4.411471621863603865e+00
4.434501135222673973e+00
4.457241709105730365e+00
4.479651265017747797e+00
4.501746718756914234e+00
4.523494722716569605e+00
4.545020673148393087e+00
4.566337857119798116e+00
4.587370521895645759e+00
4.608215253226516595e+00
4.628777170054672041e+00
4.649143154494521646e+00
4.669319138400314984e+00
4.689196070306060449e+00
4.708876615636108376e+00
4.728355429045913105e+00
4.747678953282592929e+00
4.766792634598968625e+00
4.785700394980667127e+00
4.804439794890639881e+00
4.823000703923461252e+00
4.841416541211364333e+00
4.859616343848464304e+00
4.877592451445814881e+00
4.895387855641599728e+00
4.912995046250578035e+00
4.930450401179548692e+00
4.947679880730864177e+00
4.964682656399961758e+00
4.981495904795881557e+00
4.998106056325193336e+00
5.014545491807217203e+00
5.030788482300991404e+00
5.046757968537564309e+00
5.062555800549740859e+00
5.078106591574903739e+00
5.093428212277647305e+00
5.108576502673384034e+00
5.123448809258695391e+00
5.138145019881483755e+00
5.152574223153349564e+00
5.166779758803602185e+00
5.180697090499158719e+00
5.194358662240263769e+00
5.207822137944456031e+00
5.220989637248274029e+00
5.233949516885038733e+00
5.246594389550444326e+00
5.259021801821943676e+00
5.271140498988387435e+00
5.282967972628829223e+00
5.294494285456893046e+00
5.305640954844710322e+00
5.316536482445952672e+00
5.327103626601455311e+00
5.337373741738555388e+00
5.347344515197035797e+00
5.357050129644629344e+00
5.366485475771185953e+00
5.375586492888686507e+00
5.384389141671416468e+00
5.392895857565161322e+00
5.401135870687720164e+00
5.409097828142401809e+00
5.416706296078918292e+00
5.424006027452704437e+00
5.430995325915572103e+00
5.437712970845457683e+00
5.444072811476942775e+00
5.450153518788573237e+00
5.455962561242339248e+00
5.461478985421416077e+00
5.466701154582258582e+00
5.471621967725512015e+00
5.476272414796111043e+00
5.480606310240981216e+00
5.484665995709654851e+00
5.488456776015516958e+00
5.492012353114840373e+00
5.495328168742415365e+00
5.498336940579172882e+00
5.501079839043375053e+00
5.503561295144315579e+00
5.505757329635377673e+00
5.507692996881957903e+00
5.509309736512657096e+00
5.510654381536002511e+00
5.511731384195442729e+00
5.512526802517529134e+00
5.513071125730927058e+00
5.513313443385118973e+00
5.513299958429120906e+00
5.513036646063261159e+00
5.512510645168654300e+00
5.511746885034076726e+00
5.510700503888361190e+00
5.509441122862332563e+00
5.507928764822714207e+00
5.506156091543666697e+00
5.504167846443884571e+00
5.501905650499098854e+00
5.499383721652262302e+00
5.496604606213800537e+00
5.493565829994909500e+00
5.490268196764223951e+00
5.486699436011545750e+00
5.482872150542966949e+00
5.478830439450971035e+00
5.474568265083063601e+00
5.470073653164137184e+00
5.465377011897792237e+00
5.460482758584251251e+00
5.455379089417685456e+00
5.450098704400290650e+00
5.444639562669030042e+00
5.439020065369835955e+00
5.433231725397338785e+00
5.427289971413842729e+00
5.421227246823542067e+00
5.415050791802636709e+00
5.408774367871514777e+00
5.402403097453347236e+00
5.395916515293351701e+00
5.389348920288317579e+00
5.382716675105326587e+00
5.376039389672509827e+00
5.369323996010057165e+00
5.362573259177437990e+00
5.355818649831048717e+00
5.349060219230882929e+00
5.342328079047433675e+00
5.335630571546785106e+00
5.328975974622004230e+00
5.322352749409906103e+00
5.315778610410922589e+00
5.309244727792971297e+00
5.302778348627322558e+00
5.296382733884091643e+00
5.290100348296401300e+00
5.283924554291008491e+00
5.277872036400077072e+00
5.271933166685339955e+00
5.266147201361892627e+00
5.260499842467543985e+00
5.255015138092276494e+00
5.249701137843367782e+00
5.244577258529899311e+00
5.239618566932914945e+00
5.234875984790561709e+00
5.230317070188758244e+00
5.225963672104117386e+00
5.221816647055384841e+00
5.217853106262919205e+00
5.214077332916494889e+00
5.210549122693773683e+00
5.207182891371485489e+00
5.204046775403258884e+00
5.201102946105239155e+00
5.198363410237070603e+00
5.195838612320657468e+00
5.193519068958993401e+00
5.191370974185700149e+00
5.189445103856558106e+00
5.187715681346887209e+00
5.186153902414076811e+00
5.184774940314524905e+00
5.183513634058468433e+00
5.182455465647213266e+00
5.181544035899274370e+00
5.180788626300924626e+00
5.180171521122389322e+00
5.179664760905139609e+00
5.179265792521469791e+00
5.178962938173495623e+00
5.178758216726415675e+00
5.178663464610286482e+00
5.178676856673842366e+00
5.178805594818254754e+00
5.179022085202444892e+00
5.179322337938059739e+00
5.179724091572274425e+00
5.180228955057968321e+00
5.180834817757417277e+00
5.181521104221751273e+00
5.182283386608173004e+00
5.183118728866388025e+00
5.184026992341092210e+00
5.185014134963563670e+00
5.186069766824654259e+00
5.187187833210043841e+00
5.188366788049750156e+00
5.189590157514029301e+00
5.190867179577761448e+00
5.192187088077480084e+00
5.193539715205841567e+00
5.194920823668651266e+00
5.196322773342541446e+00
5.197735590284279894e+00
5.199144512509517035e+00
5.200549419467857426e+00
5.201930213218145305e+00
5.203278183286600189e+00
5.204578836803846364e+00
5.205833766555004516e+00
5.207007008364014311e+00
5.208112009709291890e+00
5.209122787585074299e+00
5.210030588453228972e+00
5.210818969105894816e+00
5.211474365835603528e+00
5.211976083090122280e+00
5.212354657074031117e+00
5.212588004266438091e+00
5.212651848286917300e+00
5.212565475615268618e+00
5.212332331078655123e+00
5.211948464947349535e+00
5.211446710886960432e+00
5.210815802129513230e+00
5.210055928068763720e+00
5.209182281258113001e+00
5.208177546995289120e+00
5.207062327625757270e+00
5.205832508566386352e+00
5.204485139908796576e+00
5.203049834432607490e+00
5.201524848701958526e+00
5.199924977632766065e+00
5.198229119541649901e+00
5.196436524900203580e+00
5.194577985616928295e+00
5.192653183999067501e+00
5.190683562668567674e+00
5.188663811149602623e+00
5.186589524658923978e+00
5.184477917315966522e+00
5.182332916619782459e+00
5.180177904578450843e+00
5.178006400676969712e+00
5.175826361092333627e+00
5.173632988991743176e+00
5.171404982718234677e+00
5.169172229530816232e+00
5.166937630983595042e+00
5.164704744430784977e+00
5.162476138236526957e+00
5.160245180042986490e+00
5.158010895463233325e+00
5.155787016215328755e+00
5.153563060375455862e+00
5.151343921186928299e+00
5.149110325636869767e+00
5.146869699122912145e+00
5.144629011961227683e+00
5.142396807285553706e+00
5.140175667467124399e+00
5.137982076319463687e+00
5.135813718053110932e+00
5.133647165360459397e+00
5.131490973594197591e+00
5.129342986407288585e+00
5.127206474753627674e+00
5.125087034466275782e+00
5.122987705829151750e+00
5.120917098733194450e+00
5.118875294687756039e+00
5.116850035848624856e+00
5.114847672196634498e+00
5.112858294310577811e+00
5.110896700682647342e+00
5.108966868283754792e+00
5.107054096075302141e+00
5.105168353083139543e+00
5.103298043074612877e+00
5.101459112378363692e+00
5.099635246607069128e+00
5.097834667923454965e+00
5.096066988470559167e+00
5.094317383381132380e+00
5.092602688732151606e+00
5.090909882100824291e+00
5.089246484252218039e+00
5.087607514920239993e+00
5.086000855478054028e+00
5.084435342910295752e+00
5.082901492329841453e+00
5.081414539577966849e+00
5.079960058542496881e+00
5.078542331072098293e+00
5.077160692276959431e+00
5.075818498941663037e+00
5.074528812083008766e+00
5.073295125352743185e+00
5.072114143806103037e+00
5.070979645388725032e+00
5.069891457992198092e+00
5.068858592944743613e+00
5.067882506909372253e+00
5.066949164556863394e+00
5.066063246416452337e+00
5.065214788230661291e+00
5.064415521236662165e+00
5.063660597565178279e+00
5.062941773446802074e+00
5.062259492191079069e+00
5.061609342160226177e+00
5.061003672281802146e+00
5.060435554111896828e+00
5.059907801474032851e+00
5.059408047559259103e+00
5.058946963461634638e+00
5.058520004811283499e+00
5.058129233109352363e+00
5.057779733377095965e+00
5.057454499068255949e+00
5.057161288640045882e+00
5.056893788656734223e+00
5.056654315913609921e+00
5.056446001163266146e+00
5.056258327687673138e+00
5.056096464122226131e+00
5.055953791454946611e+00
5.055842202991759571e+00
5.055749391099949364e+00
5.055684387317438855e+00
5.055638533575971039e+00
5.055598482961346285e+00
5.055572358117483844e+00
5.055554118592104906e+00
5.055547940782550320e+00
5.055550030067666789e+00
5.055554518271223152e+00
5.055562698793932164e+00
5.055574442737838403e+00
5.055587159752017001e+00
5.055598736894884482e+00
5.055608240733840297e+00
5.055616785101578081e+00
5.055629204662967169e+00
5.055634170198448629e+00
5.055633208767742026e+00
5.055624577186884849e+00
5.055613041032687605e+00
5.055598706395016073e+00
5.055581452794490005e+00
5.055567016337649378e+00
5.055543568708585234e+00
5.055513852689532683e+00
5.055472690480878661e+00
5.055422594388132573e+00
5.055368691551615612e+00
5.055297765111667729e+00
5.055209002172691868e+00
5.055098652666552006e+00
5.054965542372433340e+00
5.054818829935160629e+00
5.054640102706966509e+00
5.054431493342040227e+00
5.054189934007941254e+00
5.053922826018303560e+00
5.053628294974683577e+00
5.053300961353002663e+00
5.052943040192244162e+00
5.052559386775015149e+00
5.052155008114991297e+00
5.051734410956618682e+00
5.051300422795233835e+00
5.050857164397952737e+00
5.050406850934145986e+00
5.049948397673783340e+00
5.049481086827930731e+00
5.049006948270018391e+00
5.048530100904518925e+00
5.048048995196931621e+00
5.047557702049724426e+00
5.047052427031212041e+00
5.046537345558516741e+00
5.046011575631911050e+00
5.045481868073458109e+00
5.044950594887251505e+00
5.044415634743982579e+00
5.043885758355373561e+00
5.043359458580726873e+00
5.042843488961571197e+00
5.042343988068515692e+00
5.041855958759897227e+00
5.041386182479674183e+00
5.040927997738235966e+00
5.040492263868563860e+00
5.040073028564565405e+00
5.039674373142533526e+00
5.039294037617855437e+00
5.038929666116946038e+00
5.038588648051136154e+00
5.038261805869751697e+00
5.037951806899271467e+00
5.037655002907030166e+00
5.037370837632678011e+00
5.037106307376286729e+00
5.036854479540250118e+00
5.036616028048209515e+00
5.036387854986005053e+00
5.036171155240499075e+00
5.035966148510688356e+00
5.035764074329399875e+00
5.035573643822335299e+00
5.035389850702249426e+00
5.035216764941922385e+00
5.035049371164403098e+00
5.034882112819813571e+00
5.034711763713620947e+00
5.034531963992975534e+00
5.034343132753036798e+00
5.034144635819010283e+00
5.033932715918981060e+00
5.033702415175848266e+00
5.033452051788680492e+00
5.033179191280267695e+00
5.032888109501563179e+00
5.032575838253013245e+00
5.032239178925863143e+00
5.031876226760558346e+00
5.031495120100788476e+00
5.031091953165939934e+00
5.030670420177390412e+00
5.030234805926791175e+00
5.029786518275847662e+00
5.029333997503033338e+00
5.028879202589503272e+00
5.028432966306916718e+00
5.027994241662434582e+00
5.027574857756607507e+00
5.027171703040711037e+00
5.026787380449582621e+00
5.026431710183728363e+00
5.026104346051919691e+00
5.025806603845316189e+00
5.025538858309496426e+00
5.025307147823381726e+00
5.025121714122701810e+00
5.024969588913131169e+00
5.024858361318814914e+00
5.024772968137743767e+00
5.024726254073078380e+00
5.024712859111943430e+00
5.024725689109520665e+00
5.024766353600764290e+00
5.024822749829957580e+00
5.024901040679881525e+00
5.024996847351187235e+00
5.025106936021813908e+00
5.025239280349682147e+00
5.025391461904267665e+00
5.025569665338019298e+00
5.025766213665823656e+00
5.025976054797988368e+00
5.026204065176766989e+00
5.026447760275672749e+00
5.026710562407147975e+00
5.026983618549181188e+00
5.027269259112997268e+00
5.027562983109727490e+00
5.027860345802380948e+00
5.028164206276758641e+00
5.028476088847144254e+00
5.028793064820690439e+00
5.029109218250139790e+00
5.029419934450760188e+00
5.029727316162660777e+00
5.030034957545921337e+00
5.030336123964860739e+00
5.030628057140036802e+00
5.030903563554508295e+00
5.031165316048188174e+00
5.031417943387402225e+00
5.031656040026916799e+00
5.031877555864975093e+00
5.032076891585364642e+00
5.032258234265371222e+00
5.032412782683148400e+00
5.032541360407249087e+00
5.032654030080065510e+00
5.032743790856675226e+00
5.032809846148938782e+00
5.032840634816439618e+00
5.032836736321097959e+00
5.032810856452325510e+00
5.032758203255126794e+00
5.032681163492726206e+00
5.032576405423808019e+00
5.032442416668985175e+00
5.032276074000747279e+00
5.032068072882593945e+00
5.031830976334514816e+00
5.031561093208495095e+00
5.031264482670579241e+00
5.030948839605900780e+00
5.030609502763603302e+00
5.030254969456349201e+00
5.029883143984830163e+00
5.029499471307850023e+00
5.029106090487098335e+00
5.028699585505877145e+00
5.028281686798786509e+00
5.027845816099200782e+00
5.027394271426949501e+00
5.026918150977345512e+00
5.026419873804900185e+00
5.025907191568169452e+00
5.025376969509871117e+00
5.024834840641470457e+00
5.024277158984096658e+00
5.023707606838197393e+00
5.023134587154837405e+00
5.022556114279779216e+00
5.021976074845643900e+00
5.021386014417859478e+00
5.020786360249970492e+00
5.020181419336351425e+00
5.019574670651110182e+00
5.018974729710372173e+00
5.018380650513918795e+00
5.017793621727378195e+00
5.017222464018613159e+00
5.016664611668438134e+00
5.016128523060232602e+00
5.015609246128351018e+00
5.015105208129734926e+00
5.014623370365351995e+00
5.014156108395308564e+00
5.013718944498449126e+00
5.013306672730594826e+00
5.012931136050374548e+00
5.012592312776597225e+00
5.012273934380265139e+00
5.011987546877118227e+00
5.011730508254024663e+00
5.011508011640164462e+00
5.011318719488683904e+00
5.011152339623425434e+00
5.011015968713093294e+00
5.010901847322585034e+00
5.010818416102903683e+00
5.010754099408279316e+00
5.010715374685007717e+00
5.010695531148576798e+00
5.010685176857861300e+00
5.010687585647885633e+00
5.010694022404696746e+00
5.010706322629904008e+00
5.010713458543378351e+00
5.010711286882778559e+00
5.010695064188821490e+00
5.010661860294549186e+00
5.010609921221530705e+00
5.010529828569761257e+00
5.010422477400770624e+00
5.010284687564618977e+00
5.010113798663860862e+00
5.009913589605039519e+00
5.009670654502607512e+00
5.009391122800208151e+00
5.009075419013298891e+00
5.008727569361127507e+00
5.008347322014071068e+00
5.007931599025525315e+00
5.007479099673129319e+00
5.006997518879272135e+00
5.006476977025068997e+00
5.005922435936428272e+00
5.005336513076818150e+00
5.004723241520024679e+00
5.004087842446661938e+00
5.003427196484901529e+00
5.002749679130412908e+00
5.002061408948995869e+00
5.001363367852666109e+00
5.000661982712246711e+00
4.999955855426288842e+00
4.999252498042681125e+00
4.998553852927781982e+00
4.997862982717253821e+00
4.997179245394565150e+00
4.996499243196943496e+00
4.995825950545171423e+00
4.995158323836426106e+00
4.994502949532965808e+00
4.993861825284460210e+00
4.993234672960737086e+00
4.992631290634074404e+00
4.992048524548209798e+00
4.991504302774465884e+00
4.991007053968405494e+00
4.990545044322407975e+00
4.990129360114134549e+00
4.989749825340605405e+00
4.989432873059905127e+00
4.989169352915978628e+00
4.988975623831993111e+00
4.988848343263287077e+00
4.988779416186641669e+00
4.988778898180478372e+00
4.988842107807302639e+00
4.988978774580189679e+00
4.989167526005784836e+00
4.989419188774207647e+00
4.989719436480680947e+00
4.990079745142739220e+00
4.990496345250885923e+00
4.990944216637890563e+00
4.991428144737165340e+00
4.991933323754947693e+00
4.992470249733908183e+00
4.993034270717783052e+00
4.993615033789558844e+00
4.994209493412657075e+00
4.994808501950487312e+00
4.995409066132291187e+00
4.996005105129462720e+00
4.996591062559766705e+00
4.997161832205041065e+00
4.997722858502552157e+00
4.998268666169629171e+00
4.998798554888950640e+00
4.999310808344769264e+00
4.999802881716775893e+00
5.000283989249754590e+00
5.000749374269534364e+00
5.001204812056410987e+00
5.001645364291061213e+00
5.002064483216989821e+00
5.002466493188429730e+00
5.002846300280679337e+00
5.003212873428156016e+00
5.003561264551271925e+00
5.003890103264739153e+00
5.004203021242311422e+00
5.004486807095846146e+00
5.004752469300319362e+00
5.004986585485776018e+00
5.005193488071700614e+00
5.005365463304361384e+00
5.005495884944713758e+00
5.005603764760336638e+00
5.005681049325532150e+00
5.005741561520872018e+00
5.005775190473094938e+00
5.005772617657811452e+00
5.005749189612131111e+00
5.005693387366505931e+00
5.005606881860316548e+00
5.005487987041147058e+00
5.005327825709851020e+00
5.005143056898983644e+00
5.004921985767454728e+00
5.004666986815304419e+00
5.004386937427939941e+00
5.004074945464404678e+00
5.003744687601598073e+00
5.003396635703415640e+00
5.003038070887000366e+00
5.002679183795721407e+00
5.002314797319144191e+00
5.001945907227367982e+00
5.001576044015259015e+00
5.001207623161047167e+00
5.000850732639103846e+00
5.000503627858727818e+00
5.000165311410694535e+00
4.999837575234144182e+00
4.999516818947761010e+00
4.999210145562558161e+00
4.998913390520631772e+00
4.998626990370124368e+00
4.998349705520690023e+00
4.998084185808570723e+00
4.997833285011024529e+00
4.997595644663692660e+00
4.997374535571458054e+00
4.997169832694949854e+00
4.996984355967166280e+00
4.996823397982539383e+00
4.996678854996011943e+00
4.996558198580192567e+00
4.996455114628795435e+00
4.996368672834385016e+00
4.996300513288613132e+00
4.996244161581295806e+00
4.996206608755189293e+00
4.996182680961815947e+00
4.996172294618468790e+00
4.996174006038659243e+00
4.996187254655256815e+00
4.996212948601774784e+00
4.996247476429294565e+00
4.996293417305301077e+00
4.996343798690091376e+00
4.996401916846249236e+00
4.996461338472169444e+00
4.996520640031982374e+00
4.996581164078402360e+00
4.996637173832009893e+00
4.996691611932205568e+00
4.996736419058020573e+00
4.996770963663315968e+00
4.996797946790779044e+00
4.996814052928551853e+00
4.996823485744266158e+00
4.996821777913450724e+00
4.996812544102162690e+00
4.996793356987495827e+00
4.996765410895774195e+00
4.996727384825088158e+00
4.996686392461731074e+00
4.996647006932496637e+00
4.996613680094330157e+00
4.996585909268204340e+00
4.996565843671876728e+00
4.996561076680397839e+00
4.996575055650635200e+00
4.996607948592599158e+00
4.996662006736467099e+00
4.996729381358917088e+00
4.996811401401379804e+00
4.996908706328565763e+00
4.997019547898989167e+00
4.997144152144636919e+00
4.997273482442569303e+00
4.997409605500024554e+00
4.997551864250300291e+00
4.997702318108378172e+00
4.997855545351949758e+00
4.998008233769533071e+00
4.998158915252160384e+00
4.998305244142857262e+00
4.998448953344222900e+00
4.998584677730424808e+00
4.998712482494038767e+00
4.998837531343769847e+00
4.998955638319921846e+00
4.999069670657363851e+00
4.999179111006406551e+00
4.999289634781628244e+00
4.999403875055461022e+00
4.999514289493411034e+00
4.999622611491680857e+00
4.999727103025390917e+00
4.999830634030250742e+00
4.999934285604132000e+00
5.000032517839891000e+00
5.000128483227189946e+00
5.000216000885440160e+00
5.000296672139985965e+00
5.000364980427286277e+00
5.000423498297779545e+00
5.000479966443702295e+00
5.000530825974159654e+00
5.000578271508888228e+00
5.000619567692952572e+00
5.000656584468411658e+00
5.000695897359141995e+00
5.000734451599159414e+00
5.000774773787447280e+00
5.000815849257373102e+00
5.000859897839577961e+00
5.000903095882127225e+00
5.000941533713809228e+00
5.000975566142910722e+00
5.001002763372121684e+00
5.001025421824048856e+00
5.001037965325846990e+00
5.001040273716967910e+00
5.001037147471976141e+00
5.001028755520996683e+00
5.001018657103008636e+00
5.001004872998049855e+00
5.000987460631471926e+00
5.000965392801038689e+00
5.000937092641427384e+00
5.000901530664007666e+00
5.000853615570406419e+00
5.000791969177837082e+00
5.000715598123671946e+00
5.000631916024314449e+00
5.000548331648634992e+00
5.000464611989037245e+00
5.000378837971539703e+00
5.000295361796918137e+00
5.000215809284302537e+00
5.000143838747928449e+00
5.000077806259097812e+00
5.000019650244677649e+00
4.999964973749185582e+00
4.999907989995146629e+00
4.999850382678734384e+00
4.999786077411437546e+00
4.999716184525341944e+00
4.999631014591606082e+00
4.999527860586123751e+00
4.999405291298927523e+00
4.999266202854515839e+00
4.999118924527020447e+00
4.998958745128065928e+00
4.998787848758102115e+00
4.998605072232484403e+00
4.998410491621644525e+00
4.998210354814830225e+00
4.998002196843328804e+00
4.997789498972300848e+00
4.997564149475250517e+00
4.997319341501746059e+00
4.997061717076750398e+00
4.996785111161472948e+00
4.996493282741460540e+00
4.996174970394525516e+00
4.995829621231707485e+00
4.995456330566259595e+00
4.995056845559333603e+00
4.994640651321563318e+00
4.994200424491019419e+00
4.993742001889796889e+00
4.993260675309749708e+00
4.992754067866655987e+00
4.992231435342285195e+00
4.991681054657849614e+00
4.991112967333349637e+00
4.990520081906173466e+00
4.989907437949035796e+00
4.989272660850141428e+00
4.988615219755623720e+00
4.987946010618064641e+00
4.987264024852368749e+00
4.986574397249671442e+00
4.985877924500557334e+00
4.985173594890686566e+00
4.984464352889510508e+00
4.983753276182862457e+00
4.983041050298663954e+00
4.982331505803915483e+00
4.981625743521902017e+00
4.980920632197116227e+00
4.980229805274462684e+00
4.979550682319856314e+00
4.978898172541118328e+00
4.978268378316021980e+00
4.977688507041492905e+00
4.977157786874630396e+00
4.976667686677138214e+00
4.976226861788490829e+00
4.975829912027874613e+00
4.975502883879999949e+00
4.975252649704527741e+00
4.975065556815426504e+00
4.974944996111626772e+00
4.974881915072510985e+00
4.974900367210684848e+00
4.975006260179980266e+00
4.975180273798359920e+00
4.975421954111261869e+00
4.975720694844676828e+00
4.976099108827366280e+00
4.976532034349694378e+00
4.977042745572581417e+00
4.977620311004176124e+00
4.978245156106605229e+00
4.978929874819770340e+00
4.979652931761995305e+00
4.980427300778283772e+00
4.981241707873596880e+00
4.982080755678071959e+00
4.982954089787855700e+00
4.983849751201525180e+00
4.984772473496452250e+00
4.985716175657764815e+00
4.986669703495756778e+00
4.987635897842303656e+00
4.988608546477809824e+00
4.989581064132110555e+00
4.990548620221272103e+00
4.991505454552426002e+00
4.992452459109081531e+00
4.993380419907224699e+00
4.994290942770494013e+00
4.995182723698272653e+00
4.996054709476485556e+00
4.996907162291065241e+00
4.997730694484966207e+00
4.998528403562563227e+00
4.999296985638397750e+00
5.000038868260638480e+00
5.000754184273140446e+00
5.001441284191861847e+00
5.002098561895148343e+00
5.002736357224241814e+00
5.003344117623822029e+00
5.003907421563821067e+00
5.004426309985177568e+00
5.004893776473657852e+00
5.005317715180175320e+00
5.005677618046359356e+00
5.005965168342993543e+00
5.006190902774290130e+00
5.006347995230063574e+00
5.006439332987249635e+00
5.006471363082130921e+00
5.006411774213960442e+00
5.006283764931908742e+00
5.006088729407243143e+00
5.005832950658700931e+00
5.005525866373977451e+00
5.005156227647862721e+00
5.004731564074359262e+00
5.004251878149411858e+00
5.003726576491795086e+00
5.003155207037530694e+00
5.002528766765797386e+00
5.001864273026191299e+00
5.001153779252970111e+00
5.000404946431124209e+00
4.999630060493553074e+00
4.998823890387618540e+00
4.998000693693364305e+00
4.997160610034668160e+00
4.996310651227438449e+00
4.995461033358776781e+00
4.994609438851082217e+00
4.993755818008983383e+00
4.992907692342602566e+00
4.992068152799808978e+00
4.991246767192687450e+00
4.990445360987986412e+00
4.989664278328027613e+00
4.988910121246780349e+00
4.988181170671786013e+00
4.987484558224286602e+00
4.986820271759834000e+00
4.986184045150483968e+00
4.985588413662816798e+00
4.985027729756738246e+00
4.984502649716642253e+00
4.984027650840189949e+00
4.983596705123391146e+00
4.983221711404231868e+00
4.982916471566615435e+00
4.982665813192335591e+00
4.982503094598261129e+00
4.982390375360457035e+00
4.982360685120413635e+00
4.982378512577462004e+00
4.982475925295921648e+00
4.982673821582767282e+00
4.982923778112354540e+00
4.983251378464821357e+00
4.983621604184929943e+00
4.984060501533870813e+00
4.984579243290549577e+00
4.985141570273166955e+00
4.985767533186202805e+00
4.986437546762948259e+00
4.987148984673742902e+00
4.987914772260312546e+00
4.988709434050444536e+00
4.989546406421187186e+00
4.990406579452876912e+00
4.991299771297103227e+00
4.992217211055883119e+00
4.993149193975457756e+00
4.994095922488102524e+00
4.995054843056330185e+00
4.996016889292129726e+00
4.996971768218406496e+00
4.997911910790332257e+00
4.998833736258871951e+00
4.999743717241414309e+00
5.000624000135191594e+00
5.001475332754978353e+00
5.002285001951583432e+00
5.003048301938303410e+00
5.003780028376111133e+00
5.004456101435549975e+00
5.005084220993645694e+00
5.005652900192267829e+00
5.006169957074648735e+00
5.006637555997199840e+00
5.007049978117771083e+00
5.007412208657093800e+00
5.007710732019821087e+00
5.007961685623356196e+00
5.008156058232613894e+00
5.008292893332742857e+00
5.008379682016872891e+00
5.008405173736006688e+00
5.008386400843351183e+00
5.008315257521658737e+00
5.008201385716289700e+00
5.008037621619493507e+00
5.007827037776203305e+00
5.007579609973671353e+00
5.007296820337266752e+00
5.006982031816929357e+00
5.006633753048569169e+00
5.006254114004165423e+00
5.005856230164260623e+00
5.005436293164581940e+00
5.004996829347998499e+00
5.004528368989317855e+00
5.004035751128882659e+00
5.003520993160397445e+00
5.002986808063776714e+00
5.002440804334672642e+00
5.001878906356485466e+00
5.001307085546048192e+00
5.000729570666641699e+00
5.000155447068006076e+00
4.999590130800695142e+00
4.999037846232146975e+00
4.998495752008945026e+00
4.997968717569798436e+00
4.997463956119806205e+00
4.996986197995336276e+00
4.996536404060514691e+00
4.996123623008222658e+00
4.995742752420097688e+00
4.995400844494194637e+00
4.995097928399533593e+00
4.994830542149335528e+00
4.994597409794420351e+00
4.994403294975250596e+00
4.994248472487866408e+00
4.994129372591464389e+00
4.994042850060698591e+00
4.993987482374843800e+00
4.993960667816765842e+00
4.993967443916091042e+00
4.994001194831991342e+00
4.994059395987616945e+00
4.994141384355798685e+00
4.994244308492242546e+00
4.994372300991862801e+00
4.994517650205716919e+00
4.994684113796876268e+00
4.994873628962861467e+00
4.995083963155822815e+00
4.995318952288554826e+00
4.995568037435489828e+00
4.995842274960208051e+00
4.996134719450105344e+00
4.996436985146332610e+00
4.996747107833702017e+00
4.997056277070271335e+00
4.997368467535900471e+00
4.997681300092565060e+00
4.997988548401819386e+00
4.998289979558514950e+00
4.998579953324126635e+00
4.998862078927533759e+00
4.999132282801048710e+00
4.999392266172991484e+00
4.999648826953099423e+00
4.999898392215445853e+00
5.000140958290620219e+00
5.000371824067157966e+00
5.000590151391994809e+00
5.000801168430668575e+00
5.000999584544522314e+00
5.001182364422901649e+00
5.001345243912261651e+00
5.001482516305594039e+00
5.001595040459258179e+00
5.001682004483487987e+00
5.001752649878222101e+00
5.001805679334398569e+00
5.001845577975805313e+00
5.001869685782191155e+00
5.001866468076666017e+00
5.001845738964227905e+00
5.001801985709068532e+00
5.001742343583216233e+00
5.001667409406115539e+00
5.001575082575042686e+00
5.001472744259124248e+00
5.001351315469553249e+00
5.001214753507707833e+00
5.001061218229194694e+00
5.000893816479555554e+00
5.000709021591654313e+00
5.000497296878209319e+00
5.000268677637985881e+00
5.000020892468353573e+00
4.999760694463809330e+00
4.999491414182891447e+00
4.999213613976795756e+00
4.998931502156962914e+00
4.998644552675148844e+00
4.998358500429502804e+00
4.998075350073238887e+00
4.997804153782388070e+00
4.997545496762803019e+00
4.997300128747781400e+00
4.997067698796352708e+00
4.996838765011241357e+00
4.996613679786285012e+00
4.996393007447084145e+00
4.996174813897422240e+00
4.995958074086420453e+00
4.995734496858977636e+00
4.995506810412817522e+00
4.995275566016400326e+00
4.995047924739385081e+00
4.994827814788634690e+00
4.994610886105411929e+00
4.994403522924596217e+00
4.994199731403107911e+00
4.993997287989672351e+00
4.993803401959207022e+00
4.993614334330971793e+00
4.993435669669029409e+00
4.993263956175264973e+00
4.993095190559592389e+00
4.992936131914223807e+00
4.992784444882611972e+00
4.992648855882773518e+00
4.992540823525825289e+00
4.992454574124030486e+00
4.992400952435174233e+00
4.992379143461194602e+00
4.992385701638604623e+00
4.992434676572638175e+00
4.992519379084885855e+00
4.992659511513964254e+00
4.992831043679222702e+00
4.993056178972079096e+00
4.993339994143649818e+00
4.993665020879312522e+00
4.994047199901146428e+00
4.994459829669398943e+00
4.994920827712816980e+00
4.995433129150374185e+00
4.995980976413888719e+00
4.996570790041190868e+00
4.997191515605849510e+00
4.997855915468139010e+00
4.998554706614417142e+00
4.999292599897783518e+00
5.000052958693308014e+00
5.000839680399698395e+00
5.001644149165553443e+00
5.002455738004249142e+00
5.003280099820297089e+00
5.004114299382965925e+00
5.004968134205740604e+00
5.005836069326799809e+00
5.006715408455531424e+00
5.007608521472613816e+00
5.008510080616872528e+00
5.009426305707494365e+00
5.010348931815425289e+00
5.011282094608941584e+00
5.012213964577714620e+00
5.013139489930073189e+00
5.014060667645138025e+00
5.014972991909782962e+00
5.015875528421203988e+00
5.016754067581096876e+00
5.017615284215608540e+00
5.018439261060157364e+00
5.019231058176555571e+00
5.019989679794708337e+00
5.020706085305610245e+00
5.021384249146976231e+00
5.022001496184565816e+00
5.022572156492569384e+00
5.023094583604432728e+00
5.023561934050120747e+00
5.023981259692408052e+00
5.024329807016945537e+00
5.024630300871975486e+00
5.024880347181058582e+00
5.025089836943840815e+00
5.025245726214667918e+00
5.025360886411688099e+00
5.025424824202379348e+00
5.025432680152768228e+00
5.025393713276313790e+00
5.025293822029085256e+00
5.025148190224022926e+00
5.024945707248003046e+00
5.024686115124674224e+00
5.024368258865028913e+00
5.023997921646983222e+00
5.023560224772841920e+00
5.023055098579676248e+00
5.022506711819619163e+00
5.021905250103624319e+00
5.021253011749537976e+00
5.020533220173272859e+00
5.019751340077671209e+00
5.018913892881426975e+00
5.018033125923428095e+00
5.017096596883090953e+00
5.016107090414915426e+00
5.015064946637902921e+00
5.013975322024379011e+00
5.012841112466011495e+00
5.011675744579587644e+00
5.010473701508197486e+00
5.009247716964634556e+00
5.007993101031931182e+00
5.006719252021463618e+00
5.005439182372243501e+00
5.004152389021069958e+00
5.002863962055595692e+00
5.001577533186824631e+00
5.000300567449481370e+00
4.999038292915971127e+00
4.997787082643659673e+00
4.996544258819372253e+00
4.995311979056746843e+00
4.994096499980837045e+00
4.992901525945812935e+00
4.991724245549590933e+00
4.990561930613073294e+00
4.989419203550967019e+00
4.988299837411793725e+00
4.987205239461215633e+00
4.986136055664571742e+00
4.985097435937676735e+00
4.984090030045662090e+00
4.983116013781581977e+00
4.982183711977159035e+00
4.981294070334588930e+00
4.980452576280986143e+00
4.979658505172882776e+00
4.978914365695271904e+00
4.978217715398821852e+00
4.977589775548730167e+00
4.977024749407028104e+00
4.976513992176806234e+00
4.976058444754634991e+00
4.975653725230548829e+00
4.975303922259663558e+00
4.975023977515702356e+00
4.974797337447705914e+00
4.974631124084297973e+00
4.974531865726640412e+00
4.974475760722016027e+00
4.974491966242386987e+00
4.974550148189484489e+00
4.974674121315076469e+00
4.974862449231043371e+00
4.975087983427988192e+00
4.975371909315186691e+00
4.975688310066658460e+00
4.976054239409465119e+00
4.976463941881853259e+00
4.976903677532870773e+00
4.977386107581159180e+00
4.977897818709215549e+00
4.978449763158759644e+00
4.979023918198844711e+00
4.979624196688136273e+00
4.980239302168091520e+00
4.980862542787988900e+00
4.981495286474427076e+00
4.982133113990030004e+00
4.982775579864583193e+00
4.983417940089902132e+00
4.984053234408101218e+00
4.984678902576169079e+00
4.985293255659243528e+00
4.985897873292168825e+00
4.986484515170057641e+00
4.987054110529324014e+00
4.987601713041267537e+00
4.988130250448784331e+00
4.988639217043719043e+00
4.989119189517995601e+00
4.989571940588255927e+00
4.989990314418873751e+00
4.990385677094063333e+00
4.990741627017459159e+00
4.991057381766339951e+00
4.991341470597735253e+00
4.991590625761501698e+00
4.991817818830215359e+00
4.992016732624227515e+00
4.992183918567801193e+00
4.992328661444092930e+00
4.992442616407254619e+00
4.992533840403388545e+00
4.992596196109857054e+00
4.992633893710058501e+00
4.992652660055514779e+00
4.992641206432796075e+00
4.992597620010108095e+00
4.992512713771045441e+00
4.992399515414342126e+00
4.992248736971721002e+00
4.992054165189816928e+00
4.991824747005209062e+00
4.991546324060959883e+00
4.991239554060352468e+00
4.990893981007587854e+00
4.990513009166074099e+00
4.990105129776250870e+00
4.989669591670583770e+00
4.989212652666221715e+00
4.988727971089731206e+00
4.988216846173354924e+00
4.987679051456699320e+00
4.987125578967581241e+00
4.986566159872064752e+00
4.986003855352947767e+00
4.985439402458916369e+00
4.984879027081380087e+00
4.984324423445115393e+00
4.983776670170674272e+00
4.983237430749188235e+00
4.982702851665864685e+00
4.982179562261055850e+00
4.981668142934989163e+00
4.981168956158410488e+00
4.980694366169821308e+00
4.980246212480317958e+00
4.979830025730382026e+00
4.979439924804219153e+00
4.979072872398145222e+00
4.978732643646844203e+00
4.978425847606459342e+00
4.978168719613649706e+00
4.977946601265766269e+00
4.977771113382377877e+00
4.977635719420113958e+00
4.977539978537432575e+00
4.977486642894991320e+00
4.977471292470773356e+00
4.977499744794522840e+00
4.977562255142447434e+00
4.977653035437880291e+00
4.977772147767439037e+00
4.977922388706550016e+00
4.978108801357642221e+00
4.978335304856495114e+00
4.978586197663292801e+00
4.978872603941902675e+00
4.979188247192845473e+00
4.979547977987872187e+00
4.979938171673762959e+00
4.980366778988589260e+00
4.980830366369535689e+00
4.981310068983783701e+00
4.981819146555115374e+00
4.982347494680632316e+00
4.982897836547542703e+00
4.983464570176053599e+00
4.984034460354792806e+00
4.984614221435236914e+00
4.985199794117558092e+00
4.985793357622075206e+00
4.986389554273534586e+00
4.986981436964322612e+00
4.987576211262691572e+00
4.988173484150516757e+00
4.988774671498883428e+00
4.989376631323446887e+00
4.989973377119948594e+00
4.990566236432838920e+00
4.991147326100814574e+00
4.991713968981254190e+00
4.992273313235688015e+00
4.992821908984529600e+00
4.993364231232749084e+00
4.993890245575654419e+00
4.994397042934047626e+00
4.994889859091687256e+00
4.995365469064762642e+00
4.995828771461001239e+00
4.996272105630687577e+00
4.996690040063314520e+00
4.997090677153519955e+00
4.997467278335444796e+00
4.997826864849978179e+00
4.998157161232285262e+00
4.998447655867986228e+00
4.998698980156532912e+00
4.998914504554323734e+00
4.999092400782012113e+00
4.999227362619913073e+00
4.999297262346572346e+00
4.999319670605673060e+00
4.999279846353656076e+00
4.999185248781196300e+00
4.999037908688388043e+00
4.998832744602314193e+00
4.998577766996077365e+00
4.998256563749363224e+00
4.997889167648007280e+00
4.997457198184181770e+00
4.996965575088014866e+00
4.996426838915993152e+00
4.995829623732913838e+00
4.995193171743501637e+00
4.994508196953882262e+00
4.993779576588619484e+00
4.993019436691153778e+00
4.992226056102860632e+00
4.991411479283320851e+00
4.990565421600090090e+00
4.989692688901171458e+00
4.988794863764391074e+00
4.987882494125710053e+00
4.986958269048677117e+00
4.986028278563367166e+00
4.985091685746061430e+00
4.984159930516230297e+00
4.983234582264174151e+00
4.982314933035720372e+00
4.981402363274443523e+00
4.980495751295435092e+00
4.979599823449003537e+00
4.978710755128610721e+00
4.977825380433546165e+00
4.976945120413051704e+00
4.976069689635383320e+00
4.975202773381219856e+00
4.974340199772464111e+00
4.973489091936694528e+00
4.972652164418446041e+00
4.971833283100472123e+00
4.971032198909864697e+00
4.970258373711454070e+00
4.969515870679366287e+00
4.968801107276428652e+00
4.968120222259509333e+00
4.967468049843061451e+00
4.966849677246259809e+00
4.966283200737285242e+00
4.965754175577510310e+00
4.965264362376379914e+00
4.964807073418247008e+00
4.964387378040897580e+00
4.964019345436441633e+00
4.963687886689054807e+00
4.963406214826005858e+00
4.963150285445350640e+00
4.962935245894092517e+00
4.962750690784500485e+00
4.962599413600014664e+00
4.962500543603870717e+00
4.962431451999779419e+00
4.962413933271506927e+00
4.962436278370638831e+00
4.962505403134470860e+00
4.962632991328333354e+00
4.962808164331559801e+00
4.963049782543872190e+00
4.963327218267565399e+00
4.963662244241183075e+00
4.964057442258542174e+00
4.964495743188505728e+00
4.964986382957046196e+00
4.965503120433036877e+00
4.966060166444127510e+00
4.966653697054330685e+00
4.967279655571524621e+00
4.967944060649220006e+00
4.968627719144765642e+00
4.969342482398692695e+00
4.970078618835153783e+00
4.970843948807063484e+00
4.971635186161342368e+00
4.972448588024321658e+00
4.973280682648959505e+00
4.974128394063058067e+00
4.974989941652358638e+00
4.975861714567483496e+00
4.976738101999700348e+00
4.977618693347514167e+00
4.978492309834301466e+00
4.979356239597737321e+00
4.980200487013399346e+00
4.981020359109580298e+00
4.981803890551864455e+00
4.982540004338561701e+00
4.983241515691815060e+00
4.983894651617347904e+00
4.984500276233493565e+00
4.985047031986950650e+00
4.985523533421993392e+00
4.985952399309216965e+00
4.986320393803953088e+00
4.986643043357370964e+00
4.986902138731866607e+00
4.987100042432039970e+00
4.987226262112572250e+00
4.987272343473933667e+00
4.987266041478915390e+00
4.987195825936115767e+00
4.987068718882121665e+00
4.986878247881152859e+00
4.986621366483936058e+00
4.986321984236905536e+00
4.985971588348815153e+00
4.985577155766853785e+00
4.985135109057496017e+00
4.984646621389161147e+00
4.984131059354017346e+00
4.983586765533159380e+00
4.983024254595706637e+00
4.982438503770004523e+00
4.981826865827511774e+00
4.981200091471742475e+00
4.980558357914756762e+00
4.979908559625815911e+00
4.979251185213994901e+00
4.978588759606553005e+00
4.977921340769005276e+00
4.977251376962136931e+00
4.976584127848816763e+00
4.975922794272971572e+00
4.975271322360110382e+00
4.974634229248239059e+00
4.974017711175454437e+00
4.973419514974427358e+00
4.972839084496570194e+00
4.972276806911302138e+00
4.971736502876353825e+00
4.971224792158079886e+00
4.970738120494258006e+00
4.970276998212408870e+00
4.969841927407158799e+00
4.969436155414056699e+00
4.969071500418555054e+00
4.968735828889382589e+00
4.968438440194202776e+00
4.968174281926674318e+00
4.967941816305589953e+00
4.967742701997829080e+00
4.967570207720471309e+00
4.967433283539337552e+00
4.967328568283316592e+00
4.967256364539114344e+00
4.967219751308055820e+00
4.967211377113906146e+00
4.967241621290647835e+00
4.967308170821830515e+00
4.967410733633056630e+00
4.967554823773295603e+00
4.967732938340247983e+00
4.967951361386417908e+00
4.968212692680149090e+00
4.968520578572838353e+00
4.968866002576738161e+00
4.969242744686394708e+00
4.969646726416736549e+00
4.970082960965424235e+00
4.970543999316482164e+00
4.971030303219644786e+00
4.971529138068047970e+00
4.972033022882727415e+00
4.972541550303187563e+00
4.973053277040209608e+00
4.973568913506652756e+00
4.974079830924358347e+00
4.974585904980386886e+00
4.975090934055233838e+00
4.975592864619875044e+00
4.976091970520399421e+00
4.976578077839992176e+00
4.977047321627222409e+00
4.977501443641567214e+00
4.977937506864153150e+00
4.978356761316142354e+00
4.978747525940023344e+00
4.979107461849533678e+00
4.979429857002876325e+00
4.979721498152545500e+00
4.979988935718618670e+00
4.980223382672601673e+00
4.980433053018831657e+00
4.980609645823321330e+00
4.980755684616346990e+00
4.980877160884743304e+00
4.980972577965189885e+00
4.981044159050401987e+00
4.981073229648941947e+00
4.981059077836877513e+00
4.981006438516383916e+00
4.980913106518169542e+00
4.980784055803273880e+00
4.980600450605455976e+00
4.980365999758546103e+00
4.980090121038561080e+00
4.979773300260608160e+00
4.979422739044135682e+00
4.979026815526490957e+00
4.978589155122941534e+00
4.978121257804638766e+00
4.977622962005739282e+00
4.977106660984759401e+00
4.976569018334452643e+00
4.976013374783401666e+00
4.975436809256975401e+00
4.974847144864802395e+00
4.974248950973454875e+00
4.973650687158409411e+00
4.973058498770301483e+00
4.972474145524506284e+00
4.971894657321575650e+00
4.971323661476676037e+00
4.970770740852061387e+00
4.970237018846275667e+00
4.969726243697408563e+00
4.969241010517182922e+00
4.968779133156242089e+00
4.968338884234727360e+00
4.967920916199982884e+00
4.967530873686373916e+00
4.967165648274422196e+00
4.966834736474155854e+00
4.966535466097592000e+00
4.966268075302541440e+00
4.966033204578160998e+00
4.965825556487143189e+00
4.965653127756267438e+00
4.965506910503208360e+00
4.965386557400523593e+00
4.965302034475205240e+00
4.965255200381686329e+00
4.965252442719827464e+00
4.965278343780845205e+00
4.965345543272740692e+00
4.965461252316779373e+00
4.965621595516747533e+00
4.965821640849059193e+00
4.966057567488346258e+00
4.966331325456443402e+00
4.966635050535145979e+00
4.966972666293327343e+00
4.967335588134769608e+00
4.967729143075588993e+00
4.968141143456045405e+00
4.968567469663861758e+00
4.969009836003127845e+00
4.969467396274152904e+00
4.969942548520807080e+00
4.970425080195012058e+00
4.970919639378728050e+00
4.971419149137975779e+00
4.971922833234014405e+00
4.972431930065098094e+00
4.972939729675593945e+00
4.973448075227383747e+00
4.973949024066272706e+00
4.974441119119468624e+00
4.974924617022220552e+00
4.975396764896754753e+00
4.975862735979204921e+00
4.976325031056944681e+00
4.976780297256950369e+00
4.977232108026687918e+00
4.977679582707528638e+00
4.978121111713294411e+00
4.978558405287507149e+00
4.978984938621463741e+00
4.979397666327598948e+00
4.979791240043881295e+00
4.980161702357174036e+00
4.980505495950520611e+00
4.980826174192072742e+00
4.981126167032809526e+00
4.981403994098247523e+00
4.981659926868916344e+00
4.981893834680261257e+00
4.982113175749721456e+00
4.982322698667590366e+00
4.982522698122953564e+00
4.982718293856774672e+00
4.982909188106600773e+00
4.983099406793658481e+00
4.983288318648879667e+00
4.983474852185641346e+00
4.983655642963890742e+00
4.983823667004647184e+00
4.983977053383306988e+00
4.984119146069452277e+00
4.984245220081820804e+00
4.984352277772441830e+00
4.984434608252659160e+00
4.984490232028939261e+00
4.984521452723011059e+00
4.984530227747918651e+00
4.984524677983890761e+00
4.984503008196069729e+00
4.984472203868381079e+00
4.984432407900629691e+00
4.984386796587085833e+00
4.984337656641319114e+00
4.984280245498693418e+00
4.984215776807569220e+00
4.984145141610818008e+00
4.984069549715089309e+00
4.983989728795306107e+00
4.983913450491556318e+00
4.983841830318734623e+00
4.983781701674625531e+00
4.983732489909918684e+00
4.983696537314855846e+00
4.983682740910619025e+00
4.983698069446429457e+00
4.983737169935077205e+00
4.983798039516143419e+00
4.983885534701577136e+00
4.984001058878084756e+00
4.984145435744604669e+00
4.984318344553640756e+00
4.984514723567001759e+00
4.984732895640366479e+00
4.984974893087231962e+00
4.985230682844006722e+00
4.985501922683501341e+00
4.985782820785129132e+00
4.986068647408568921e+00
4.986359265463138790e+00
4.986647906785543150e+00
4.986943433543379101e+00
4.987246486803227796e+00
4.987556650859946039e+00
4.987876039033467102e+00
4.988197772202724423e+00
4.988529155922763358e+00
4.988868388866715797e+00
4.989212611799770158e+00
4.989562390295499306e+00
4.989912344401412625e+00
4.990268899051183205e+00
4.990627775525385168e+00
4.990980968361430570e+00
4.991331349050336819e+00
4.991673867514069052e+00
4.992011948300238977e+00
4.992337810506757734e+00
4.992652943206663529e+00
4.992966240903074393e+00
4.993276266863281521e+00
4.993589642008480212e+00
4.993902108182843413e+00
