0.000000000000000000e+00
0.000000000000000000e+00
-1.248650391971750783e-08
-7.426733304782827405e-08
-2.212781657817686294e-07
-4.845238038342360048e-07
-9.199850649110890821e-07
-1.372409311670708621e-06
-2.098777036962929341e-06
2.512502545641836992e-06
1.636144385315675817e-05
4.126753338255185403e-05
8.453209099002379368e-05
1.500357888323833886e-04
2.464248161447813389e-04
3.793059397173691605e-04
5.573230158222488694e-04
7.825728241039090708e-04
1.059373162282782220e-03
1.392500504447298677e-03
1.790487013353186723e-03
2.259683899177390275e-03
2.808630048824626094e-03
3.450759678675014049e-03
4.188286766005832815e-03
5.034246548606234259e-03
5.988026365233738678e-03
7.052111133529027041e-03
8.237323417855577784e-03
9.542906090213135878e-03
1.097720707912572084e-02
1.253914262313969921e-02
1.422469507117398411e-02
1.604971523542531031e-02
1.801278854866154855e-02
2.012220422883160414e-02
2.237649078626759505e-02
2.478316123743183955e-02
2.735095764656193112e-02
3.006375487108356795e-02
3.293466027040608396e-02
3.595946247835284798e-02
3.914597715397006433e-02
4.250400657911426044e-02
4.601839269657260340e-02
4.970455791015750829e-02
5.354950453300601210e-02
5.757008726854449809e-02
6.176168705482608379e-02
6.610917325277454459e-02
7.063133771677143624e-02
7.531317318935520921e-02
8.017428155202992179e-02
8.520891840715534571e-02
9.042345459718832690e-02
9.582908745069633472e-02
1.014009975935949021e-01
1.071543097044957982e-01
1.130794363762868959e-01
1.191913997675909526e-01
1.254818897988333182e-01
1.319564431454672282e-01
1.386241852786077866e-01
1.454566746499074970e-01
1.524709713007940393e-01
1.596560865189566025e-01
1.670278614308370879e-01
1.745782833840383852e-01
1.822845243956579542e-01
1.901710873391165013e-01
1.982166760708822251e-01
2.064443641449942024e-01
2.148368680026068456e-01
2.234057646538748221e-01
2.321490889336599583e-01
2.410586636807455219e-01
2.501683777119649843e-01
2.594605606343282633e-01
2.689162814166082827e-01
2.785473620440497289e-01
2.883436190630926932e-01
2.983169489647879979e-01
3.084578388478294020e-01
3.187661593701377472e-01
3.292574232365623743e-01
3.399288779046074627e-01
3.507893341328636172e-01
3.618590873028770249e-01
3.731359487320914936e-01
3.846154278065695986e-01
3.962839346673026064e-01
4.081468933369650776e-01
4.201985686566366840e-01
4.324493175293936398e-01
4.449186795498862312e-01
4.575855558659567834e-01
4.704521363522544686e-01
4.835057061459555605e-01
4.967530673291221111e-01
5.101855569626821962e-01
5.237953286911978257e-01
5.376212912346854944e-01
5.516445558812156369e-01
5.659084146763818657e-01
5.803857224728601327e-01
5.950989847924246234e-01
6.100199192311300811e-01
6.251238733078972043e-01
6.404625433232322695e-01
6.560041051651970267e-01
6.717894666935935177e-01
6.877856033589377915e-01
7.040105086113943589e-01
7.204668575074210102e-01
7.371237951066030858e-01
7.540266412045492084e-01
7.711407559659017030e-01
7.885093420292866861e-01
8.060998361851705596e-01
8.239043908860219645e-01
8.419454079415336079e-01
8.602122395779623343e-01
8.787213414456379601e-01
8.974414032246602613e-01
9.163425987507831660e-01
9.354551714207660629e-01
9.547510319497118925e-01
9.742576270844469644e-01
9.939802354123123962e-01
1.013909158065510852e+00
1.034050657108022131e+00
1.054402877643300096e+00
1.074918939426136921e+00
1.095618957832050766e+00
1.116509985282612138e+00
1.137632052257251836e+00
1.158975860431384675e+00
1.180546390369128895e+00
1.202339736774158174e+00
1.224302164867114406e+00
1.246449622466754281e+00
1.268784627273273014e+00
1.291348881080340627e+00
1.314134163215350481e+00
1.337080387427997064e+00
1.360201746776294796e+00
1.383463434531879477e+00
1.406892372920703682e+00
1.430501856162738727e+00
1.454308111026477723e+00
1.478312486961078642e+00
1.502525178744983592e+00
1.526941711261462942e+00
1.551512479140948919e+00
1.576262177779865103e+00
1.601153151347827874e+00
1.626214267566394422e+00
1.651456267192554117e+00
1.676894344642352319e+00
1.702538155868243308e+00
1.728400513484667833e+00
1.754488417461108174e+00
1.780834044768999869e+00
1.807415124728869227e+00
1.834229778602312955e+00
1.861300613239001311e+00
1.888621532275866821e+00
1.916224452808093615e+00
1.944081091239642678e+00
1.972155291392993837e+00
2.000466076686572947e+00
2.028977767780017594e+00
2.057701672866535603e+00
2.086599470927906985e+00
2.115671860530568438e+00
2.144895548179341027e+00
2.174223648860645675e+00
2.203641154124927670e+00
2.233103761031819179e+00
2.262588419273091400e+00
2.292059432819081088e+00
2.321489011600208485e+00
2.350845441177082495e+00
2.380099839523029726e+00
2.409229318454456870e+00
2.438201031043720324e+00
2.467000138118458086e+00
2.495617780044269818e+00
2.524049023940754033e+00
2.552289287402820683e+00
2.580336589172076867e+00
2.608188695266437485e+00
2.635842377498340383e+00
2.663273813083361752e+00
2.690491487338733112e+00
2.717502087905597552e+00
2.744312974765491742e+00
2.770932289912892088e+00
2.797392224624348334e+00
2.823693894698811491e+00
2.849824797465992710e+00
2.875791026904774395e+00
2.901577631786060874e+00
2.927189437701893659e+00
2.952614635780049568e+00
2.977860888793660621e+00
3.002919003322316094e+00
3.027798072650623951e+00
3.052483960941029473e+00
3.076939083888722504e+00
3.101225053622914007e+00
3.125293413951588217e+00
3.149197956874562276e+00
3.172881583526326210e+00
3.196391648605061864e+00
3.219669467761708592e+00
3.242722215011311970e+00
3.265573345973684205e+00
3.288221313312246430e+00
3.310671841457082376e+00
3.332915233924581333e+00
3.354957737281514696e+00
3.376793536498738479e+00
3.398384646728230596e+00
3.419752852275563360e+00
3.440904170825672903e+00
3.461851522281361504e+00
3.482595602824879677e+00
3.503138157680226517e+00
3.523434147193623467e+00
3.543503462627125344e+00
3.563312047078800671e+00
3.582882124736499918e+00
3.602180203750324328e+00
3.621189680650425124e+00
3.639976847722721232e+00
3.658493344142628168e+00
3.676756419494343398e+00
3.694778510883045985e+00
3.712564081504535984e+00
3.730118324115467843e+00
3.747443086459828265e+00
3.764495856120777972e+00
3.781333404138279342e+00
3.797907258823109089e+00
3.814265717818928536e+00
3.830405967786504107e+00
3.846321607186986569e+00
3.862004589393331244e+00
3.877457281902028097e+00
3.892669299199773114e+00
3.907684416129781457e+00
3.922479012563421019e+00
3.937082779958440248e+00
3.951501495197011327e+00
3.965733875587178492e+00
3.979810906007481552e+00
3.993735393836689962e+00
4.007518811776829892e+00
4.021150940015507658e+00
4.034635279729557489e+00
4.047954199865055891e+00
4.061128653838825819e+00
4.074140270307255562e+00
4.087005556180668187e+00
4.099676800325108061e+00
4.112169373586369581e+00
4.124479824855519894e+00
4.136566477372838335e+00
4.148430423095418540e+00
4.160080918624593060e+00
4.171535482957555274e+00
4.182788463189793582e+00
4.193823288037967778e+00
4.204637059524250375e+00
4.215235887124729963e+00
4.225636914327336235e+00
4.235833858802509511e+00
4.245843722179126978e+00
4.255651448323917840e+00
4.265251022532177139e+00
4.274675946190548359e+00
4.283914631560039155e+00
4.292983332231234961e+00
4.301845844342897962e+00
4.310502712085436450e+00
4.318966870262812563e+00
4.327240077212046288e+00
4.335327408268640603e+00
4.343209397151658990e+00
4.350897231056879200e+00
4.358403928830812291e+00
4.365732102348992782e+00
4.372887570216844821e+00
4.379852212026309033e+00
4.386634898140620464e+00
4.393246240570735317e+00
4.399688755824755937e+00
4.405965211346339672e+00
4.412081754758548691e+00
4.418052449777317037e+00
4.423878946855258398e+00
4.429560020520876940e+00
4.435104395106028718e+00
4.440520977928828827e+00
4.445804498746585232e+00
4.450962490990352904e+00
4.455983262016963486e+00
4.460876078858566629e+00
4.465650881185722731e+00
4.470306642308425893e+00
4.474852512433719731e+00
4.479294725313377690e+00
4.483637843086911268e+00
4.487887275769902651e+00
4.492048343076898043e+00
4.496123735859585580e+00
4.500121333852005634e+00
4.504043163612079681e+00
4.507893185272407344e+00
4.511676483407211613e+00
4.515397903278064895e+00
4.519064922287655328e+00
4.522680524542522562e+00
4.526248694911194193e+00
4.529775228455258151e+00
4.533264993086052463e+00
4.536723459615899401e+00
4.540155407145214816e+00
4.543564063265515429e+00
4.546951648249817346e+00
4.550322854175758991e+00
4.553680955424499466e+00
4.557030878915976579e+00
4.560375490441511914e+00
4.563715720727633318e+00
4.567056485369395347e+00
4.570399879768084261e+00
4.573751734748077169e+00
4.577115445687960360e+00
4.580490827813338051e+00
4.583883321836183633e+00
4.587294119253347624e+00
4.590729699387740226e+00
4.594194159760663254e+00
4.597688857867906265e+00
4.601214181437681461e+00
4.604767045035551121e+00
4.608351620390603642e+00
4.611969093635270411e+00
4.615618500664423252e+00
4.619297566070746264e+00
4.623000766589830945e+00
4.626730498328397445e+00
4.630486193552205698e+00
4.634266185715387287e+00
4.638067564025113221e+00
4.641885173573681911e+00
4.645720765247533635e+00
4.649573930754850259e+00
4.653442779436300469e+00
4.657324086382577555e+00
4.661213994577119379e+00
4.665109406068514097e+00
4.669008256747911645e+00
4.672906078353117110e+00
4.676796518221089549e+00
4.680676951065251501e+00
4.684543377413937115e+00
4.688393880083750354e+00
4.692225561990927218e+00
4.696036854043197373e+00
4.699824114098738903e+00
4.703583021416854137e+00
4.707310205652903257e+00
4.711003237917613440e+00
4.714659485175800135e+00
4.718277316942406152e+00
4.721854284062576568e+00
4.725384795322609577e+00
4.728866398587419084e+00
4.732294895007802538e+00
4.735669203653527504e+00
4.738986147299004692e+00
4.742242537691784499e+00
4.745434706165981176e+00
4.748558554306221424e+00
4.751615138902855584e+00
4.754602309122277326e+00
4.757518288746071633e+00
4.760359061911297651e+00
4.763124974324894900e+00
4.765814696803283290e+00
4.768424969568442862e+00
4.770952615096758720e+00
4.773393319353056441e+00
4.775748860045863076e+00
4.778016841217471722e+00
4.780201646193458664e+00
4.782298267438603645e+00
4.784307915672253664e+00
4.786230565711449891e+00
4.788061953439902041e+00
4.789807648017595731e+00
4.791464744314144930e+00
4.793035516991804634e+00
4.794519309654424966e+00
4.795920618578384698e+00
4.797241987242887085e+00
4.798485359578917198e+00
4.799649772598931108e+00
4.800733651101181110e+00
4.801740896284171889e+00
4.802673780202456832e+00
4.803533838718720084e+00
4.804316947936601245e+00
4.805030710279530659e+00
4.805673622071331863e+00
4.806252948633915167e+00
4.806772589601164825e+00
4.807230543747133211e+00
4.807635120480841628e+00
4.807985018334870908e+00
4.808287611949777052e+00
4.808544550697837927e+00
4.808756053924148510e+00
4.808929026938562501e+00
4.809062711905275123e+00
4.809168293496181690e+00
4.809251046862041967e+00
4.809318074301406121e+00
4.809376088596470034e+00
4.809427826196476019e+00
4.809477788602523063e+00
4.809529223555289335e+00
4.809583048482015677e+00
4.809643451074659737e+00
4.809710509298890102e+00
4.809786992414444740e+00
4.809879443036914282e+00
4.809992700197324389e+00
4.810131566037014750e+00
4.810297204718515296e+00
4.810493094284609583e+00
4.810720655598268003e+00
4.810982812025174304e+00
4.811282061968520374e+00
4.811619104143754377e+00
4.811996026296690765e+00
4.812413859066144717e+00
4.812874542136267308e+00
4.813379693810420079e+00
4.813929446969703818e+00
4.814526179876700951e+00
4.815171042975561200e+00
4.815866349708811001e+00
4.816613890078439653e+00
4.817413870912566232e+00
4.818269287717118488e+00
4.819180023294463489e+00
4.820149084028377828e+00
4.821177174669281307e+00
4.822266891073957673e+00
4.823420177769437878e+00
4.824638257023468491e+00
4.825923779007569969e+00
4.827276605066435522e+00
4.828699002709763377e+00
4.830191482898372080e+00
4.831760062870161576e+00
4.833400152024403873e+00
4.835109363046066200e+00
4.836886921819822049e+00
4.838730975833312797e+00
4.840645926591532699e+00
4.842624923583643159e+00
4.844669646170512323e+00
4.846771610525027363e+00
4.848926267024650905e+00
4.851132420745267737e+00
4.853383204337730739e+00
4.855677516606225375e+00
4.858004495200288986e+00
4.860361711230648751e+00
4.862739906456841510e+00
4.865134455409421577e+00
4.867544371333494269e+00
4.869960792657509252e+00
4.872381104376687588e+00
4.874797444936408652e+00
4.877204917517079963e+00
4.879597334858551072e+00
4.881969178464784065e+00
4.884319571700467932e+00
4.886647508439198262e+00
4.888951438364163238e+00
4.891227557804956660e+00
4.893471906330958632e+00
4.895678961571828580e+00
4.897846144136564384e+00
4.899972174909489553e+00
4.902056595530885907e+00
4.904099054929393908e+00
4.906097579744236548e+00
4.908049516227619868e+00
4.909951301213876462e+00
4.911800959107057274e+00
4.913598897006884236e+00
4.915343066301719688e+00
4.917031362649575854e+00
4.918660073575154890e+00
4.920228813585417527e+00
4.921737753000632765e+00
4.923187214132919820e+00
4.924578071233407073e+00
4.925911177244558736e+00
4.927190298583879802e+00
4.928417837095037335e+00
4.929594614055530677e+00
4.930722816136257514e+00
4.931802823987380791e+00
4.932837032001988753e+00
4.933824236091750137e+00
4.934761980619803090e+00
4.935650665607823839e+00
4.936489261087552372e+00
4.937278928380981924e+00
4.938019955825582841e+00
4.938714155998604305e+00
4.939365327504056324e+00
4.939974887926655178e+00
4.940543843392807055e+00
4.941073419634777864e+00
4.941565562110919352e+00
4.942021337781627111e+00
4.942440303821642011e+00
4.942822760005074478e+00
4.943169098865763722e+00
4.943481845815258069e+00
4.943764832575396895e+00
4.944022582244649300e+00
4.944258353353069957e+00
4.944473767761664362e+00
4.944668798275815291e+00
4.944844355859385310e+00
4.945004027613029152e+00
4.945150289578883473e+00
4.945284476342199476e+00
4.945405728674081125e+00
4.945514164321642703e+00
4.945611025715763276e+00
4.945696516713644186e+00
4.945772755878562243e+00
4.945842990257360405e+00
4.945907922835604431e+00
4.945969799590812066e+00
4.946028694516562574e+00
4.946087028394967611e+00
4.946144972798927952e+00
4.946202657014644899e+00
4.946259077039129259e+00
4.946312943377113136e+00
4.946366925036116413e+00
4.946421573610559896e+00
4.946478962997488793e+00
4.946537505729637907e+00
4.946597711165948041e+00
4.946662188993347975e+00
4.946734274007893006e+00
4.946818959169601904e+00
4.946915731054312815e+00
4.947026093552400638e+00
4.947151536435399954e+00
4.947293432761495247e+00
4.947453089874750631e+00
4.947631627485669092e+00
4.947829961773521745e+00
4.948049186315901515e+00
4.948290231317796994e+00
4.948555521384396805e+00
4.948840383939958620e+00
4.949141950306064963e+00
4.949458658542996936e+00
4.949789806191391861e+00
4.950135541257028926e+00
4.950494358648126259e+00
4.950862649340693977e+00
4.951241887283091003e+00
4.951630720530216578e+00
4.952032060657207246e+00
4.952446316104894386e+00
4.952871010784572370e+00
4.953308597129351121e+00
4.953758255910639896e+00
4.954223475713793512e+00
4.954704820212487704e+00
4.955200782266026671e+00
4.955708459388977083e+00
4.956223599460488849e+00
4.956747142185038868e+00
4.957277564961975358e+00
4.957817461375659818e+00
4.958366923999554032e+00
4.958923586901789804e+00
4.959489710402256613e+00
4.960064732242888574e+00
4.960651843954389406e+00
4.961251756582920613e+00
4.961862744126981362e+00
4.962481972460215829e+00
4.963105373826389943e+00
4.963733752292162293e+00
4.964365926381713479e+00
4.965001951825387394e+00
4.965637065019972596e+00
4.966268839534885515e+00
4.966896275800236182e+00
4.967519519810148054e+00
4.968139145445593208e+00
4.968756312277681886e+00
4.969372310709720963e+00
4.969983562786644882e+00
4.970588413138455230e+00
4.971186457608409270e+00
4.971778110970325848e+00
4.972364025895066320e+00
4.972940269779927647e+00
4.973504919183023176e+00
4.974057470817633053e+00
4.974598181207247727e+00
4.975127909478315402e+00
4.975646982450551370e+00
4.976155736256902884e+00
4.976657815795903161e+00
4.977154717367653802e+00
4.977645835798745644e+00
4.978129811134700766e+00
4.978604802672331076e+00
4.979073225517335111e+00
4.979535628479484721e+00
4.979990725029769472e+00
4.980436648872259120e+00
4.980871331129732127e+00
4.981296955381097291e+00
4.981714287657798224e+00
4.982126931358635602e+00
4.982536740076304760e+00
4.982943386618554626e+00
4.983345672857523390e+00
4.983741816837846450e+00
4.984134148616849558e+00
4.984523462463675614e+00
4.984908765662967589e+00
4.985288010757923161e+00
4.985659203712404342e+00
4.986024396304548745e+00
4.986384347040714538e+00
4.986741229590537117e+00
4.987093680199745194e+00
4.987442511056127792e+00
4.987785410468044134e+00
4.988122866448523318e+00
4.988457001109184219e+00
4.988786414895714394e+00
4.989111799147488036e+00
4.989430767704309488e+00
4.989743576791646262e+00
4.990050247680903439e+00
4.990350213848562255e+00
4.990646643169732499e+00
4.990941007283092645e+00
4.991232982870699608e+00
4.991521521188826860e+00
4.991805116698654565e+00
4.992086555023254490e+00
4.992367007077247010e+00
4.992646897990764110e+00
4.992926461712033692e+00
4.993205542468043490e+00
4.993483912289652160e+00
4.993761239961299836e+00
4.994037058759990266e+00
4.994310846213761756e+00
4.994582018550996594e+00
4.994850012843077280e+00
4.995114236489449411e+00
4.995374065746132963e+00
4.995628865749154990e+00
4.995877984405074912e+00
4.996120807692919996e+00
4.996356678694997555e+00
4.996584927790378217e+00
4.996804957964037897e+00
4.997016114626592120e+00
4.997217780460184500e+00
4.997409312125807190e+00
4.997590034544980853e+00
4.997759350367402931e+00
4.997916602153844146e+00
4.998061152106664018e+00
4.998192376398064241e+00
4.998309634063907048e+00
4.998413044704639319e+00
4.998506746531046652e+00
4.998593434567145444e+00
4.998674561257055338e+00
4.998751007380477063e+00
4.998823019346735563e+00
4.998890633179386533e+00
4.998953589584258062e+00
4.999011385903274096e+00
4.999063458253209191e+00
4.999109092258428255e+00
4.999147613301452964e+00
4.999178275118161707e+00
4.999200261062057393e+00
4.999212755189789803e+00
4.999214933386527449e+00
4.999205963711707668e+00
4.999185665065875916e+00
4.999158117885222907e+00
4.999125913067243410e+00
4.999090501170128320e+00
4.999052697562136771e+00
4.999012806781092166e+00
4.998970940757997639e+00
4.998926773953705549e+00
4.998879860106378636e+00
4.998829563113384111e+00
4.998775256264477385e+00
4.998716294940083849e+00
4.998652028583443929e+00
4.998582707403682157e+00
4.998508906292252085e+00
4.998431737923517915e+00
4.998352520323813053e+00
4.998272613433641709e+00
4.998193031705436162e+00
4.998114186625447708e+00
4.998036378377568312e+00
4.997959840020616440e+00
4.997884500597124635e+00
4.997810382458832912e+00
4.997737400878672354e+00
4.997665396321084863e+00
4.997594227113280496e+00
4.997523624382433027e+00
4.997454853139337239e+00
4.997389771619332066e+00
4.997330968731534817e+00
4.997280302366694293e+00
4.997239288620172637e+00
4.997209088781369601e+00
4.997190700537746721e+00
4.997184918556582645e+00
4.997192279709840257e+00
4.997213415915017443e+00
4.997248828927390640e+00
4.997299018105827884e+00
4.997364458455108682e+00
4.997445552409030434e+00
4.997542743789368025e+00
4.997656423211433996e+00
4.997787993293592024e+00
4.997932213232257226e+00
4.998085700463840375e+00
4.998246532682665055e+00
4.998413366027512517e+00
4.998585573513397939e+00
4.998762724422256554e+00
4.998944702580909727e+00
4.999131591752510317e+00
4.999323571160775970e+00
4.999520912900907277e+00
4.999723929096353103e+00
4.999933319114487240e+00
5.000144046847116996e+00
5.000352829009633737e+00
5.000557791352611581e+00
5.000757678713990018e+00
5.000951868579132764e+00
5.001140010342343345e+00
5.001321991984141846e+00
5.001497944318099798e+00
5.001668020379140600e+00
5.001832545310602285e+00
5.001991861261770644e+00
5.002146219550044570e+00
5.002294066794559235e+00
5.002432915414094516e+00
5.002560072210028075e+00
5.002676817480817384e+00
5.002783185005531763e+00
5.002882070061162700e+00
5.002974202301696316e+00
5.003058766745374086e+00
5.003138597024950229e+00
5.003214459311561058e+00
5.003290097768764433e+00
5.003366967224861739e+00
5.003444153852173670e+00
5.003519799438649329e+00
5.003591206059203600e+00
5.003660028566949691e+00
5.003726184917025144e+00
5.003791861361235327e+00
5.003856193827807886e+00
5.003920810552656029e+00
5.003985106557950147e+00
5.004046616688713200e+00
5.004106333539231954e+00
5.004162679411813031e+00
5.004217047811827968e+00
5.004268126673405703e+00
5.004312600273978617e+00
5.004350779426157914e+00
5.004380873431790278e+00
5.004403833383101130e+00
5.004418394924712743e+00
5.004426021238893796e+00
5.004427962838368771e+00
5.004425238873214887e+00
5.004418759513633574e+00
5.004409214251777982e+00
5.004397358919365324e+00
5.004384052712109288e+00
5.004369963574560209e+00
5.004355771254618723e+00
5.004342063039645794e+00
5.004329549439123781e+00
5.004318839616011871e+00
5.004309460753560757e+00
5.004299837372367499e+00
5.004292842227718197e+00
5.004289524901236241e+00
5.004289056596775254e+00
5.004289822304438751e+00
5.004289551374826672e+00
5.004290683519578842e+00
5.004293682877981375e+00
5.004302687104285496e+00
5.004319801517488564e+00
5.004344881473300255e+00
5.004376995268470019e+00
5.004413910080404371e+00
5.004458430819870074e+00
5.004511519964509603e+00
5.004572366309076870e+00
5.004639343019300135e+00
5.004709886643760264e+00
5.004786608624928412e+00
5.004869853244820810e+00
5.004963659696008094e+00
5.005069877324353378e+00
5.005187801211799403e+00
5.005315921731020801e+00
5.005451152423123773e+00
5.005595565378392564e+00
5.005749410610372152e+00
5.005910981200361931e+00
5.006077908571535673e+00
5.006246821764582577e+00
5.006419482320272785e+00
5.006595530710839625e+00
5.006778387441957356e+00
5.006969387322389942e+00
5.007167605437064850e+00
5.007371280133450675e+00
5.007577436394717196e+00
5.007788042943652762e+00
5.008003154970434245e+00
5.008221115149285474e+00
5.008439416918631260e+00
5.008654948152328146e+00
5.008869327861542153e+00
5.009082372948254758e+00
5.009296733174200433e+00
5.009512088183041278e+00
5.009730948149885954e+00
5.009953084192898309e+00
5.010175643820044655e+00
5.010399841308323055e+00
5.010624187715081668e+00
5.010850502136825924e+00
5.011077917214213251e+00
5.011303297463535422e+00
5.011527545243231963e+00
5.011749117631195460e+00
5.011969634681670449e+00
5.012188081886349345e+00
5.012401388283548975e+00
5.012610363937644031e+00
5.012813531882789775e+00
5.013012409429726368e+00
5.013206229187276541e+00
5.013396759960529359e+00
5.013583344869045000e+00
5.013763192143019687e+00
5.013937194045361423e+00
5.014104146394606332e+00
5.014265538803961419e+00
5.014420356355334896e+00
5.014565729690442453e+00
5.014702391173417872e+00
5.014829216530273470e+00
5.014947655057263809e+00
5.015057163318347833e+00
5.015159224128079352e+00
5.015253104228255765e+00
5.015336446897786793e+00
5.015410096543569729e+00
5.015473034573447286e+00
5.015526471408742637e+00
5.015569409849780946e+00
5.015599400576397748e+00
5.015617126712537122e+00
5.015621582005191925e+00
5.015614117152657592e+00
5.015594321712054438e+00
5.015563837014272330e+00
5.015521810910798628e+00
5.015466071725025010e+00
5.015397364882885789e+00
5.015314764309809270e+00
5.015219633257151699e+00
5.015110881658406683e+00
5.014986095180870684e+00
5.014845856180549788e+00
5.014689180454374728e+00
5.014517411789060297e+00
5.014329482553661066e+00
5.014122925004126152e+00
5.013898214822770427e+00
5.013654426777869766e+00
5.013392794275790543e+00
5.013112938715280187e+00
5.012816174471886654e+00
5.012505226073923126e+00
5.012183523154023490e+00
5.011854745833339564e+00
5.011518427854539937e+00
5.011175658567013969e+00
5.010825052796068491e+00
5.010467600388588849e+00
5.010105105465414432e+00
5.009735151430728450e+00
5.009357102600993983e+00
5.008968409834566593e+00
5.008569202622536132e+00
5.008157625733080209e+00
5.007734794704378878e+00
5.007303663468123389e+00
5.006864030188085124e+00
5.006417933380367558e+00
5.005964566892147971e+00
5.005505726425112378e+00
5.005045187039438126e+00
5.004582943594220623e+00
5.004121492928031323e+00
5.003660123212402056e+00
5.003200644416874177e+00
5.002742851687734138e+00
5.002286831079191920e+00
5.001832881247764817e+00
5.001381437642639760e+00
5.000932949720090726e+00
5.000487958355015472e+00
5.000047033218805836e+00
4.999610836593573637e+00
4.999180007552867622e+00
4.998755247084563536e+00
4.998337202271587287e+00
4.997926467334993461e+00
4.997523747434981622e+00
4.997129587507017412e+00
4.996745887933442098e+00
4.996375442793736354e+00
4.996021674661109913e+00
4.995688355354736210e+00
4.995379517613122822e+00
4.995100876348237406e+00
4.994851514412233406e+00
4.994632288901278194e+00
4.994445276590207428e+00
4.994293354110936001e+00
4.994181926375398817e+00
4.994109657913590183e+00
4.994078497119858184e+00
4.994084461104153050e+00
4.994126462299405489e+00
4.994206624586162491e+00
4.994322938682538293e+00
4.994477746045243194e+00
4.994669760098707556e+00
4.994900703100512374e+00
4.995165344985227129e+00
4.995461777435640904e+00
4.995789086433150672e+00
4.996147948825755414e+00
4.996541184471944952e+00
4.996964412057797844e+00
4.997416165830593116e+00
4.997895922834080018e+00
4.998404660845202407e+00
4.998945298181874719e+00
4.999513759674531599e+00
5.000109965974491644e+00
5.000727799186510225e+00
5.001364355782073723e+00
5.002019586959879582e+00
5.002688023323218047e+00
5.003367527747552224e+00
5.004051623294155426e+00
5.004737197482982403e+00
5.005423103967705956e+00
5.006109592193761948e+00
5.006797660240928316e+00
5.007483590865532186e+00
5.008165894174973154e+00
5.008839193159738024e+00
5.009501341009535480e+00
5.010151525834597663e+00
5.010790080303348937e+00
5.011418031329313294e+00
5.012031837912300780e+00
5.012630644539397551e+00
5.013213071400326015e+00
5.013778341585797271e+00
5.014325542362433552e+00
5.014850311005515593e+00
5.015351921940248481e+00
5.015830168338517581e+00
5.016286158362428083e+00
5.016721182154515901e+00
5.017132335143188016e+00
5.017520123185613024e+00
5.017884925404587193e+00
5.018228627877332926e+00
5.018552502827740902e+00
5.018854073347545963e+00
5.019132649419852044e+00
5.019386537397302561e+00
5.019616430128015949e+00
5.019821934761503179e+00
5.020003164937744344e+00
5.020157860504487424e+00
5.020286470629299558e+00
5.020389914266790043e+00
5.020467132763962503e+00
5.020518476060617630e+00
5.020542500513632156e+00
5.020540829754985168e+00
5.020515363316601309e+00
5.020465692181690365e+00
5.020392916000066208e+00
5.020296010722024249e+00
5.020176719215316830e+00
5.020038107906086289e+00
5.019882502083284237e+00
5.019712057460648857e+00
5.019528446991546211e+00
5.019333348602606826e+00
5.019128329225433838e+00
5.018914568137926580e+00
5.018693353284700009e+00
5.018465810821009399e+00
5.018233190451366177e+00
5.017996856619221013e+00
5.017757812396241413e+00
5.017517206363928395e+00
5.017276112244081432e+00
5.017035701845389717e+00
5.016797101248602786e+00
5.016561583590309681e+00
5.016328244202385989e+00
5.016093826976220527e+00
5.015859578412574571e+00
5.015624166217250490e+00
5.015389577087565165e+00
5.015155372407837930e+00
5.014918741278901138e+00
5.014681117844387082e+00
5.014441398859573518e+00
5.014201681476636807e+00
5.013961570814801760e+00
5.013723491535141186e+00
5.013487491917414829e+00
5.013251019392711783e+00
5.013015745703680359e+00
5.012780545645011188e+00
5.012547838774126241e+00
5.012317355584900547e+00
5.012086316899011962e+00
5.011856257238040513e+00
5.011626045696984555e+00
5.011397964779834346e+00
5.011171637803863987e+00
5.010944403216790910e+00
5.010717685569625601e+00
5.010490496486974088e+00
5.010264974359971646e+00
5.010040718254249903e+00
5.009820310187142134e+00
5.009603672411840236e+00
5.009388441119890345e+00
5.009176171750377549e+00
5.008965884607831320e+00
5.008759944953570908e+00
5.008558017660478257e+00
5.008357522629746761e+00
5.008159928259054539e+00
5.007964267183639961e+00
5.007772757869759950e+00
5.007584887698839360e+00
5.007403519314329365e+00
5.007228624739298972e+00
5.007057745636055657e+00
5.006892529290715821e+00
5.006731854279140137e+00
5.006578321692149558e+00
5.006431679802561874e+00
5.006289175890933585e+00
5.006152400609653164e+00
5.006020203644956368e+00
5.005894996628711624e+00
5.005776514059479432e+00
5.005661953280295506e+00
5.005553007165518764e+00
5.005448514644605496e+00
5.005350908462507853e+00
5.005259610044389795e+00
5.005177488059357138e+00
5.005104646112389588e+00
5.005038469762159714e+00
5.004980831851800538e+00
5.004930518807461759e+00
5.004890176949642111e+00
5.004859639837026641e+00
5.004836079487661848e+00
5.004821303774455110e+00
5.004813990828201220e+00
5.004816811571449087e+00
5.004829114044636817e+00
5.004853417638310376e+00
5.004889365970245585e+00
5.004933225307700795e+00
5.004985905545850322e+00
5.005045013418508937e+00
5.005111858514225354e+00
5.005184810333973999e+00
5.005261965785264167e+00
5.005346669992521313e+00
5.005440572071909067e+00
5.005543801104739288e+00
5.005655736932620670e+00
5.005774914790033669e+00
5.005900422297505870e+00
5.006031987611291534e+00
5.006163820596497338e+00
5.006292134933258531e+00
5.006414590943690790e+00
5.006529678423044416e+00
5.006636404823598063e+00
5.006734154112723267e+00
5.006822627717715690e+00
5.006901687262666378e+00
5.006971386447636618e+00
5.007031800020572909e+00
5.007083035856573439e+00
5.007125064632942824e+00
5.007155640886717052e+00
5.007175577024550073e+00
5.007183521255007541e+00
5.007180610681331245e+00
5.007165279664711477e+00
5.007134402882453372e+00
5.007088051595871114e+00
5.007024604980046867e+00
5.006944826929041525e+00
5.006847669690989378e+00
5.006734961787378424e+00
5.006610058223968096e+00
5.006473409872640445e+00
5.006327483434367842e+00
5.006172120798516367e+00
5.006009263586391533e+00
5.005838272445043202e+00
5.005658264853198425e+00
5.005472583122689834e+00
5.005282812997836395e+00
5.005088993799079233e+00
5.004890466503937319e+00
5.004686248287694816e+00
5.004479721229659894e+00
5.004272606339441154e+00
5.004064941726761084e+00
5.003856103871154204e+00
5.003644911520320093e+00
5.003433905732022957e+00
5.003223386187243271e+00
5.003016819007831018e+00
5.002815309729562898e+00
5.002617535539108040e+00
5.002426498182254377e+00
5.002242366265642559e+00
5.002068956609952544e+00
5.001907628033446684e+00
5.001756785413386197e+00
5.001619666800037223e+00
5.001496219396726062e+00
5.001390428109229624e+00
5.001303951287776606e+00
5.001235694330318893e+00
5.001183661151809901e+00
5.001143949273175515e+00
5.001118182266730550e+00
5.001105563574605561e+00
5.001107601061016261e+00
5.001120885682544426e+00
5.001144390317863397e+00
5.001178951414553708e+00
5.001226318047632624e+00
5.001289881935593762e+00
5.001367383121762877e+00
5.001459155014965852e+00
5.001561154906887907e+00
5.001671936816785013e+00
5.001792243399905580e+00
5.001922182065682954e+00
5.002061150714071758e+00
5.002208258693354281e+00
5.002361967253746933e+00
5.002526180043132875e+00
5.002703222993077681e+00
5.002893966964693462e+00
5.003098669673564203e+00
5.003316832172932216e+00
5.003547683029682780e+00
5.003790129243644635e+00
5.004042861133130238e+00
5.004304488438430454e+00
5.004573427352371873e+00
5.004848173602733929e+00
5.005126916605298071e+00
5.005410841728811455e+00
5.005696870691394018e+00
5.005984778634524623e+00
5.006271036795592266e+00
5.006554798024958508e+00
5.006833485446191112e+00
5.007107375047421982e+00
5.007374009589916852e+00
5.007629082600837833e+00
5.007871782469815791e+00
5.008099452338434787e+00
5.008311907376415739e+00
5.008507111619480590e+00
5.008686055789955738e+00
5.008851088199087975e+00
5.009001846534455460e+00
5.009139684901828815e+00
5.009263602837243035e+00
5.009374449399553342e+00
5.009470219525763213e+00
5.009547462125562234e+00
5.009605355912142066e+00
5.009641670316711703e+00
5.009656106146073817e+00
5.009646519479362681e+00
5.009611371228027465e+00
5.009549543818947015e+00
5.009460339135046958e+00
5.009343205558623779e+00
5.009197818179170980e+00
5.009023836169880006e+00
5.008821066272002298e+00
5.008589280050736114e+00
5.008328326445560919e+00
5.008037993226687412e+00
5.007719838869313378e+00
5.007378104467431257e+00
5.007016072225312087e+00
5.006635576401394339e+00
5.006238033202034643e+00
5.005824641500156602e+00
5.005397349585336997e+00
5.004958284188551154e+00
5.004505473550898031e+00
5.004039099280281455e+00
5.003560810637218914e+00
5.003072956715268305e+00
5.002578291547044032e+00
5.002080110524339318e+00
5.001581883941335960e+00
5.001082239848120281e+00
5.000581811767560225e+00
5.000082127254945163e+00
4.999585698795061539e+00
4.999095858026783468e+00
4.998610732023161418e+00
4.998130558085184916e+00
4.997656731669348318e+00
4.997191781875234717e+00
4.996738595989089760e+00
4.996299505781871098e+00
4.995875239920359867e+00
4.995466144819302734e+00
4.995071937133115370e+00
4.994696424816292613e+00
4.994339790519815914e+00
4.994006015163404477e+00
4.993696624830854525e+00
4.993409272198123361e+00
4.993147020776314449e+00
4.992909163449448684e+00
4.992699371397984365e+00
4.992519037824613370e+00
4.992366501128788769e+00
4.992239170389736636e+00
4.992132356184090902e+00
4.992047273654978135e+00
4.991982096506770716e+00
4.991939535935897787e+00
4.991920133132742521e+00
4.991921056397484513e+00
4.991944968388640547e+00
4.991990861147867165e+00
4.992062228629589704e+00
4.992160312189012572e+00
4.992283487925528007e+00
4.992429145276768843e+00
4.992592616696134300e+00
4.992775124777331541e+00
4.992975808177365415e+00
4.993192663770390283e+00
4.993423312623274768e+00
4.993664353266579425e+00
4.993918149229359393e+00
4.994185421429794935e+00
4.994465201497297890e+00
4.994755863901447768e+00
4.995055087711882891e+00
4.995360090397520381e+00
4.995667926296814443e+00
4.995977407768590339e+00
4.996288266387058918e+00
4.996601281520200999e+00
4.996912043653652269e+00
4.997218464557304785e+00
4.997519908678010658e+00
4.997816523742154793e+00
4.998109118938669937e+00
4.998395969681665996e+00
4.998676845375671363e+00
4.998951523900254656e+00
4.999219886958822912e+00
4.999481816143021895e+00
4.999737205878123980e+00
4.999986067153735725e+00
5.000228320006504745e+00
5.000463972930088374e+00
5.000692990198955634e+00
5.000915287900940420e+00
5.001130957752690342e+00
5.001339434106128579e+00
5.001540202629047194e+00
5.001732295137124140e+00
5.001914631035402792e+00
5.002086621523128329e+00
5.002249176856356172e+00
5.002400109060334721e+00
5.002538981307522725e+00
5.002662768615635080e+00
5.002771446267367139e+00
5.002866753740460304e+00
5.002951573897377102e+00
5.003029255797378561e+00
5.003099169773273402e+00
5.003162271995322818e+00
5.003216460491756834e+00
5.003262012610439236e+00
5.003300748185947278e+00
5.003330780859332805e+00
5.003352178416908380e+00
5.003362228897394459e+00
5.003360818778101127e+00
5.003349840934324000e+00
5.003331651276611503e+00
5.003308941851073222e+00
5.003284368597606502e+00
5.003260547813197512e+00
5.003234892015981927e+00
5.003206348969772677e+00
5.003175222795627874e+00
5.003142294197979290e+00
5.003108889696822992e+00
5.003073733587452665e+00
5.003034762724937856e+00
5.002994408620225819e+00
5.002953238090204202e+00
5.002915171474388245e+00
5.002882027166134726e+00
5.002853509875651916e+00
5.002828364922836890e+00
5.002804333692122185e+00
5.002783833147199211e+00
5.002767508377959693e+00
5.002754225148759559e+00
5.002742087921300040e+00
5.002728511951803014e+00
5.002715652945856739e+00
5.002703877654798070e+00
5.002695239239196567e+00
5.002687540212587436e+00
5.002680944488906434e+00
5.002675994764372192e+00
5.002673548188407260e+00
5.002674861818316998e+00
5.002675969227431629e+00
5.002674881670912121e+00
5.002671087426362462e+00
5.002664804131137899e+00
5.002656771429694338e+00
5.002642939149748003e+00
5.002621239859957214e+00
5.002591152869511504e+00
5.002552873241595144e+00
5.002507154229907549e+00
5.002455171910924925e+00
5.002398368949880769e+00
5.002338468945464633e+00
5.002277231752753295e+00
5.002216524864428138e+00
5.002158291224271913e+00
5.002104773578115449e+00
5.002052797354639146e+00
5.002000838849574471e+00
5.001948605515876167e+00
5.001896591788039359e+00
5.001845800188251090e+00
5.001792346882515616e+00
5.001734212009117719e+00
5.001670815507763379e+00
5.001602436435291565e+00
5.001529873223858225e+00
5.001454407662036417e+00
5.001377491914550610e+00
5.001298423764180434e+00
5.001220503352468150e+00
5.001144416095574918e+00
5.001074300432462927e+00
5.001011775984313346e+00
5.000956160771545811e+00
5.000905671134477259e+00
5.000857272009250565e+00
5.000812820928055125e+00
5.000772035960922679e+00
5.000736584508209681e+00
5.000703836801345226e+00
5.000673484840314487e+00
5.000647124739713512e+00
5.000627199747482265e+00
5.000617502886102628e+00
5.000616530556450279e+00
5.000625258362140890e+00
5.000640519204769596e+00
5.000661527397331163e+00
5.000690024331431616e+00
5.000722993783871750e+00
5.000760210204621359e+00
5.000797859851021876e+00
5.000834777645517093e+00
5.000872088637418500e+00
5.000909231183333858e+00
5.000944222236732628e+00
5.000974441612354937e+00
5.000996994210155755e+00
5.001013502440628145e+00
5.001024076976326782e+00
5.001032038261628010e+00
5.001038606554367938e+00
5.001043095089709567e+00
5.001046826020330904e+00
5.001047603783965734e+00
5.001045763187733861e+00
5.001043422140222461e+00
5.001038773061456943e+00
5.001032286024284623e+00
5.001021186865266976e+00
5.001005430770905313e+00
5.000986982848131923e+00
5.000968675355995430e+00
5.000954174789237427e+00
5.000942288465901164e+00
5.000933931372581576e+00
5.000926191455091541e+00
5.000918669178954445e+00
5.000912928770867794e+00
5.000906242861402617e+00
5.000898407380900856e+00
5.000885817670368105e+00
5.000867667163127805e+00
5.000845111999531412e+00
5.000818611271550473e+00
5.000788038016633408e+00
5.000752946056760351e+00
5.000712955689392558e+00
5.000672189264894207e+00
5.000633301345968285e+00
5.000597534319257242e+00
5.000565552629867128e+00
5.000537262465675425e+00
5.000512513683514015e+00
5.000491176405792437e+00
5.000472930956036954e+00
5.000457535416224175e+00
5.000444539568723812e+00
5.000433585329317587e+00
5.000424271329992898e+00
5.000419409536862148e+00
5.000418776963360123e+00
5.000425225358794634e+00
5.000438955559967980e+00
5.000457387437219126e+00
5.000482229814970481e+00
5.000512282060099345e+00
5.000549908304692259e+00
5.000594891385279794e+00
5.000644314634717702e+00
5.000699674367077741e+00
5.000759667182445689e+00
5.000826550131767689e+00
5.000899787238902938e+00
5.000980581949567849e+00
5.001065714881858248e+00
5.001154306196710309e+00
5.001247229577145070e+00
5.001346261837624319e+00
5.001454384924016949e+00
5.001569368542276628e+00
5.001690951251529071e+00
5.001820501779310923e+00
5.001960096462734207e+00
5.002113224026851768e+00
5.002277749368094106e+00
5.002454058864259423e+00
5.002638202999822425e+00
5.002828652151964484e+00
5.003026207015953908e+00
5.003229641636006697e+00
5.003436890711182805e+00
5.003645365686261393e+00
5.003852148541355405e+00
5.004059290682072003e+00
5.004267171659613211e+00
5.004474652485098041e+00
5.004679945224072668e+00
5.004880508986409460e+00
5.005073574167782979e+00
5.005256921333368858e+00
5.005432407447244714e+00
5.005600611885186346e+00
5.005760557261402788e+00
5.005910606888229530e+00
5.006049456001366416e+00
5.006179448460336801e+00
5.006301601343896124e+00
5.006415142082716763e+00
5.006518567866752534e+00
5.006610681192124268e+00
5.006693994487743105e+00
5.006769865198168468e+00
5.006842561900722188e+00
5.006914482560115509e+00
5.006985900305318538e+00
5.007056184901032658e+00
5.007124014283638402e+00
5.007192435340132697e+00
5.007262814469743084e+00
5.007334729415472196e+00
5.007407010506014444e+00
5.007477888605665228e+00
5.007550218367126327e+00
5.007625182099747718e+00
5.007702918510060108e+00
5.007783313208366671e+00
5.007865693514342631e+00
5.007949180650632215e+00
5.008032936557304637e+00
5.008115754398625441e+00
5.008196515721377473e+00
5.008273910210576219e+00
5.008346605744320001e+00
5.008413334629604918e+00
5.008472731766397956e+00
5.008523397614355943e+00
5.008564009201820433e+00
5.008593185801165859e+00
5.008610228187045266e+00
5.008618700696263026e+00
5.008620528995836096e+00
5.008616729065853868e+00
5.008607454045286289e+00
5.008592780015042045e+00
5.008576536095079135e+00
5.008560241289979231e+00
5.008543998831028965e+00
5.008526761469275890e+00
5.008506998198882343e+00
5.008487673264772511e+00
5.008469838117326489e+00
5.008453117437039914e+00
5.008436196012501007e+00
5.008417249620273459e+00
5.008399094012879083e+00
5.008382681206881237e+00
5.008372603159246594e+00
5.008371317450679427e+00
5.008379284391437203e+00
5.008395983964461173e+00
5.008419561496725514e+00
5.008453311462676361e+00
5.008498562847985447e+00
5.008555017596831860e+00
5.008621530955446488e+00
5.008695700274569340e+00
5.008780586136294843e+00
5.008877019950909393e+00
5.008988294949544340e+00
5.009112844144716803e+00
5.009252186989201938e+00
5.009403827370864981e+00
5.009567654648583002e+00
5.009746579149526369e+00
5.009938560867470692e+00
5.010144956776660052e+00
5.010362913453740852e+00
5.010592897826594339e+00
5.010833142431241782e+00
5.011080749830020054e+00
5.011331717254384088e+00
5.011581408431543316e+00
5.011830247895582069e+00
5.012076943063898504e+00
5.012323753734841070e+00
5.012570647572888838e+00
5.012815616441680611e+00
5.013060885512991227e+00
5.013306211953772795e+00
5.013554782787128516e+00
5.013807183498307118e+00
5.014061781460210199e+00
5.014315916610671664e+00
5.014565939655316384e+00
5.014812836399092255e+00
5.015055689358874247e+00
5.015296881733251944e+00
5.015536579837812425e+00
5.015773029973519037e+00
5.016007490301293004e+00
5.016238482719075797e+00
5.016467151207638864e+00
5.016691960071935519e+00
5.016909270802303311e+00
5.017118971155746010e+00
5.017318834079219414e+00
5.017509287813468610e+00
5.017688132909849053e+00
5.017852403143211681e+00
5.018002612333535950e+00
5.018137861065357974e+00
5.018259680442302972e+00
5.018367166438862270e+00
5.018458337591751750e+00
5.018534269140825010e+00
5.018594494097658121e+00
5.018640841291076349e+00
5.018673429653304652e+00
5.018694378162059877e+00
5.018703352339240809e+00
5.018698496249297314e+00
5.018680988731820669e+00
5.018650246211353583e+00
5.018608144428607254e+00
5.018554079695630499e+00
5.018485892433698581e+00
5.018404643917480534e+00
5.018309666495794019e+00
5.018202772522369237e+00
5.018083267612405862e+00
5.017948982231341226e+00
5.017800957812017515e+00
5.017638541525252016e+00
5.017463504774518412e+00
5.017275791997112933e+00
5.017077522212662011e+00
5.016868280740476749e+00
5.016646093195325840e+00
5.016412133565195219e+00
5.016165763912744602e+00
5.015908858543283166e+00
5.015640735114015314e+00
5.015359185701258937e+00
5.015065260911382161e+00
5.014758210545426920e+00
5.014439852936213526e+00
5.014109519561773531e+00
5.013764944812303170e+00
5.013407144276444960e+00
5.013035383438712245e+00
5.012651414712911091e+00
5.012255171751622385e+00
5.011849313890580859e+00
5.011438348842804480e+00
5.011023497348671363e+00
5.010608423976247394e+00
5.010193744627778223e+00
5.009782810425404520e+00
5.009376112921182234e+00
5.008971407478694182e+00
5.008570515727642558e+00
5.008172433702294590e+00
5.007779574794714250e+00
5.007391742309576621e+00
5.007006108006484268e+00
5.006624182714169535e+00
5.006244734851663658e+00
5.005869990056401875e+00
5.005499334959334412e+00
5.005135409226661558e+00
5.004778177170103426e+00
5.004424908449894183e+00
5.004077195255107746e+00
5.003733774712332050e+00
5.003397042183227228e+00
5.003066659634954227e+00
5.002739635286873821e+00
5.002417436232810211e+00
5.002098695142213280e+00
5.001785681871715461e+00
5.001478104284051263e+00
5.001172931818310019e+00
5.000871582096461765e+00
5.000572699671631760e+00
5.000278499955330247e+00
4.999988457756136206e+00
4.999701956277733395e+00
4.999423598116282896e+00
4.999156446578000512e+00
4.998902467871103816e+00
4.998662869585698054e+00
4.998438490862046280e+00
4.998229788867775802e+00
4.998036812050287381e+00
4.997859544856493308e+00
4.997697722548636534e+00
4.997551173083502718e+00
4.997419655015711726e+00
4.997302794288862593e+00
4.997200210681204346e+00
4.997111580548827092e+00
4.997036408083533665e+00
4.996974252038655528e+00
4.996924567678963314e+00
4.996887356722749196e+00
4.996863803863547560e+00
4.996849147465568741e+00
4.996840688628167548e+00
4.996837199892056880e+00
4.996838233629264714e+00
4.996844244059197138e+00
4.996850374518565729e+00
4.996853821135030849e+00
4.996853372128120085e+00
4.996848591482579316e+00
4.996839614491639381e+00
4.996826977283656213e+00
4.996811552273306312e+00
4.996794377501086792e+00
4.996776653004076252e+00
4.996759590938186335e+00
4.996744531861935457e+00
4.996733019635742679e+00
4.996721838497053980e+00
4.996709982086636082e+00
4.996693896465899343e+00
4.996673137304337153e+00
4.996644515384416785e+00
4.996603145337160434e+00
4.996547470058743556e+00
4.996474355681297830e+00
4.996382950673309509e+00
4.996270678945316845e+00
4.996138091048656804e+00
4.995986849850473810e+00
4.995816192849037662e+00
4.995626826955437139e+00
4.995417229550390914e+00
4.995188712774275785e+00
4.994943704734056134e+00
4.994682849569676009e+00
4.994408797843812309e+00
4.994122121705173889e+00
4.993825611768722084e+00
4.993519475421368981e+00
4.993202265052556044e+00
4.992875663748441717e+00
4.992539292013702834e+00
4.992195531836210343e+00
4.991844231224119355e+00
4.991483516356407080e+00
4.991114977186975388e+00
4.990738237126228327e+00
4.990355563534852656e+00
4.989966745188888275e+00
4.989570279753264614e+00
4.989168452470061688e+00
4.988761625027711588e+00
4.988353050424213286e+00
4.987943699730987390e+00
4.987532505950386330e+00
4.987122389449234028e+00
4.986713779492730758e+00
4.986310340648943296e+00
4.985913079193287523e+00
4.985526128484361941e+00
4.985151378734465233e+00
4.984787630288357363e+00
4.984438296815809188e+00
4.984103576204236496e+00
4.983787567986603051e+00
4.983492148796523580e+00
4.983215591254140264e+00
4.982961501347328515e+00
4.982729674799794672e+00
4.982524392025971416e+00
4.982347678894603504e+00
4.982198580855930814e+00
4.982075326189824516e+00
4.981973772848451887e+00
4.981895870918834568e+00
4.981840696342715979e+00
4.981811104233802467e+00
4.981805313993556084e+00
4.981824733419653484e+00
4.981872587227573312e+00
4.981945116720472910e+00
4.982040659799551463e+00
4.982158819302298092e+00
4.982300098049767811e+00
4.982467014300951291e+00
4.982655377011130149e+00
4.982863093721995540e+00
4.983089702143648658e+00
4.983335588681825357e+00
4.983601907431460809e+00
4.983889683704203932e+00
4.984201067588603706e+00
4.984531240812813735e+00
4.984876979939019570e+00
4.985236712484931054e+00
4.985609345785653623e+00
4.985995112969850318e+00
4.986388313859081656e+00
4.986785176298892175e+00
4.987183792046582909e+00
4.987582848086334231e+00
4.987981784618771286e+00
4.988380358680463367e+00
4.988778572357571051e+00
4.989174530520414486e+00
4.989565572417651751e+00
4.989948867946242927e+00
4.990326049826419030e+00
4.990697055249786906e+00
4.991061900793887673e+00
4.991420610896626364e+00
4.991772934547939577e+00
4.992115185126044352e+00
4.992445869720854468e+00
4.992760992735007619e+00
4.993059376566985286e+00
4.993341899956890373e+00
4.993610542728880830e+00
4.993867523963878341e+00
4.994111463069299539e+00
4.994342375188450589e+00
4.994559482015054286e+00
4.994764970611164756e+00
4.994958849619459684e+00
4.995139343417566380e+00
4.995303666866701242e+00
4.995449298075716804e+00
4.995577101349216953e+00
4.995686772452053503e+00
4.995778950671982521e+00
4.995851521957981767e+00
4.995904867560919449e+00
4.995940980622862071e+00
4.995962682322451442e+00
4.995973074693783822e+00
4.995971414582046854e+00
4.995958676509501650e+00
4.995935452989244574e+00
4.995902024611306835e+00
4.995858628602174889e+00
4.995805215990579029e+00
4.995741842870076610e+00
4.995668421761540579e+00
4.995584873428045469e+00
4.995491345237417669e+00
4.995390836178733807e+00
4.995283744830116390e+00
4.995172939069048468e+00
4.995058795922846961e+00
4.994944291898459454e+00
4.994829815171137888e+00
4.994713436729686151e+00
4.994596931451411592e+00
4.994479695513326156e+00
4.994364184617478664e+00
4.994250343946221804e+00
4.994135813909997168e+00
4.994022275145581169e+00
4.993908916135733733e+00
4.993798157667225013e+00
4.993689764823248112e+00
4.993586464981962791e+00
4.993488580902521790e+00
4.993393841796968324e+00
4.993304127977643780e+00
4.993218557901164090e+00
4.993139714478929569e+00
4.993067646493618561e+00
4.992999806619663694e+00
4.992938014395949864e+00
4.992881275779982531e+00
4.992832178260613318e+00
4.992790371995832643e+00
4.992758298061269251e+00
4.992734665261994387e+00
4.992720763093271508e+00
4.992720658202884465e+00
4.992733523206548618e+00
4.992762009998546802e+00
4.992804386409694040e+00
4.992862348620542789e+00
4.992936470321141407e+00
4.993027416391991657e+00
4.993135347365163845e+00
4.993260074927232672e+00
4.993401691009051291e+00
4.993559601743465137e+00
4.993733762808833632e+00
4.993923571807089345e+00
4.994128869165423978e+00
4.994349288501534367e+00
4.994585032582971706e+00
4.994830215544198815e+00
4.995080356773680563e+00
4.995332838323659708e+00
4.995585532308317589e+00
4.995836819958634045e+00
4.996085601159133027e+00
4.996330796022660614e+00
4.996571777787752744e+00
4.996807895050146442e+00
4.997038570687868386e+00
4.997263339114138780e+00
4.997481645521470561e+00
4.997692794342287748e+00
4.997896082670190587e+00
4.998093593687513270e+00
4.998284755152413439e+00
4.998471540667811297e+00
4.998653393824348257e+00
4.998832298115591044e+00
4.999008318193951972e+00
4.999180003058862454e+00
4.999345010471296646e+00
4.999500777710927046e+00
4.999649045335827324e+00
4.999789445436326751e+00
4.999920446815667496e+00
5.000039402422260970e+00
5.000144004047614388e+00
5.000235839904052071e+00
5.000314592485081810e+00
5.000378717806886364e+00
5.000425402395192620e+00
5.000452568695179956e+00
5.000461613416554485e+00
5.000453081707818548e+00
5.000429822995210216e+00
5.000391603479509506e+00
5.000337283866826965e+00
5.000268588070174047e+00
5.000185575424110240e+00
5.000090707796043255e+00
4.999984578121803303e+00
