0.000000000000000000e+00
0.000000000000000000e+00
-1.429837575415149788e-06
-7.432870479533453491e-06
-1.872335691587068872e-05
-3.208627706044353436e-05
-4.312180928536690663e-05
-2.097279313602484925e-05
2.163997836760246944e-05
1.180831900273915825e-04
3.027058391307947531e-04
5.786879359220621112e-04
9.905179588531611533e-04
1.577830090973293036e-03
2.310418337438022683e-03
3.237062319967663228e-03
4.388424455974018236e-03
5.890955924842273747e-03
7.601819634292044346e-03
9.654080122563756666e-03
1.205410853013745912e-02
1.474632397279492663e-02
1.774980202302686022e-02
2.119370117768994491e-02
2.488300368175259958e-02
2.895914867505780879e-02
3.342507883891812637e-02
3.821113660917034582e-02
4.332461312398662445e-02
4.880591168985120437e-02
5.454200103864424720e-02
6.062580898389571121e-02
6.705190971479171869e-02
7.376211777314894968e-02
8.079295530900712508e-02
8.810300365075822426e-02
9.575935974702591558e-02
1.036613239346479698e-01
1.118874754010176081e-01
1.204255123434996022e-01
1.292423947154020536e-01
1.383775772152876227e-01
1.477583868800138867e-01
1.574317415057157055e-01
1.674233765898679172e-01
1.776628191767667120e-01
1.881784589587186252e-01
1.989179487524960488e-01
2.099496777354214472e-01
2.212552423773739563e-01
2.327910406886074812e-01
2.445895417033169816e-01
2.566547878085110868e-01
2.688701243697141918e-01
2.813333483038878424e-01
2.939900334177946717e-01
3.068364091216063128e-01
3.198353894053434510e-01
3.330010135470364840e-01
3.463346309958432734e-01
3.598488445578549855e-01
3.735897262392972040e-01
3.875738234816525907e-01
4.017802329359982938e-01
4.161581034956907121e-01
4.307133527098629955e-01
4.454113669692013611e-01
4.602643521128628734e-01
4.753497023879024730e-01
4.905525656043026594e-01
5.059827192126247208e-01
5.215426082907649308e-01
5.373338790236444895e-01
5.533630056677787401e-01
5.695661552248922899e-01
5.860038717089619542e-01
6.025527305899587294e-01
6.192906911669697756e-01
6.361172278223957699e-01
6.531364853678670590e-01
6.703597398100822335e-01
6.877634532748191365e-01
7.054028327761617811e-01
7.231516297160114348e-01
7.410801370440448510e-01
7.590846975146259279e-01
7.772462053595505793e-01
7.955507571993789551e-01
8.139844818411786642e-01
8.325624497233350407e-01
8.512921376524884565e-01
8.702145464716869450e-01
8.892965276537851960e-01
9.084963543711619405e-01
9.278067977724987481e-01
9.472051413355786487e-01
9.667074389754253261e-01
9.863647325335459515e-01
1.006114029437156443e+00
1.026054212599845750e+00
1.046119038611503349e+00
1.066296865492912138e+00
1.086603204756827923e+00
1.106995765715690139e+00
1.127593540698142327e+00
1.148305677920432366e+00
1.169238028079124136e+00
1.190370497256370452e+00
1.211612493544669933e+00
1.232980997115226796e+00
1.254414131194206306e+00
1.275980906039329454e+00
1.297639266997428598e+00
1.319427496939750366e+00
1.341335711032004774e+00
1.363398577719779459e+00
1.385683331042380617e+00
1.408073789626212102e+00
1.430587965994925437e+00
1.453146321326346468e+00
1.475790354758353295e+00
1.498502466231436570e+00
1.521345304995627812e+00
1.544257580786795980e+00
1.567329186946006425e+00
1.590478767901511992e+00
1.613848778754325863e+00
1.637378620654197814e+00
1.661033324748130813e+00
1.684779343157859710e+00
1.708621043711753940e+00
1.732617148905845283e+00
1.756779987364860185e+00
1.781046287566276476e+00
1.805495366602989371e+00
1.830077275782676649e+00
1.854701284915062143e+00
1.879343342333885225e+00
1.903960291892142997e+00
1.928516225367637338e+00
1.952970315962882619e+00
1.977307679205985380e+00
2.001509444266409865e+00
2.025572318583579001e+00
2.049466218501181380e+00
2.073226263075918840e+00
2.096806199103445234e+00
2.120229286700338278e+00
2.143584191351980195e+00
2.166833931952565795e+00
2.189938966780751617e+00
2.212869812995045482e+00
2.235579614192097608e+00
2.258193704634755328e+00
2.280592481642812697e+00
2.302756385356039548e+00
2.324849440604299655e+00
2.346801216155141923e+00
2.368726374655813594e+00
2.390538820773214113e+00
2.412276768237203495e+00
2.434149376898855355e+00
2.456077944785207468e+00
2.478128883391469195e+00
2.500350667983143982e+00
2.522778808623402647e+00
2.545372359305470678e+00
2.568245651274769781e+00
2.591312863379567233e+00
2.614629733115284793e+00
2.638236341029255971e+00
2.662152368575185335e+00
2.686333722621053521e+00
2.710818097144215955e+00
2.735610138922780710e+00
2.760749403983206118e+00
2.786280474215597547e+00
2.812094771414846761e+00
2.838270601779073754e+00
2.864713878184408369e+00
2.891463810950368973e+00
2.918520907908529249e+00
2.945765728503316971e+00
2.973226062804311898e+00
3.000754360705466084e+00
3.028454224616140777e+00
3.056192693263144022e+00
3.084076749831289987e+00
3.111974973231405706e+00
3.140000078230948066e+00
3.168049454241842700e+00
3.196224579363912799e+00
3.224422487765401524e+00
3.252745329886525649e+00
3.281078817397207192e+00
3.309533345252126502e+00
3.337988385706990968e+00
3.366556953936666208e+00
3.395118062049001573e+00
3.423795942813009141e+00
3.452459780722707539e+00
3.481230639964193241e+00
3.509958185702413580e+00
3.538604282885640995e+00
3.567087344676107552e+00
3.595416197329611485e+00
3.623696186095328287e+00
3.651890811472983334e+00
3.679986192732901173e+00
3.707975182086081123e+00
3.735861329585165702e+00
3.763804015666098124e+00
3.791745159178824487e+00
3.819608492404074518e+00
3.847384438067526613e+00
3.875146896391959306e+00
3.902863194495291843e+00
3.930521647482962955e+00
3.958103293925376409e+00
3.985579092055411721e+00
4.013085519820304370e+00
4.040603379756064761e+00
4.068131696730704405e+00
4.095755757838340116e+00
4.123418228179068556e+00
4.151079427748770811e+00
4.178817121535391976e+00
4.206551010161490467e+00
4.234250864535422210e+00
4.261977295428366119e+00
4.289648472815602354e+00
4.317219764739124166e+00
4.344763767272083577e+00
4.372174601107685632e+00
4.399432978182880483e+00
4.426581501513568995e+00
4.453593241721240936e+00
4.480485548525898309e+00
4.507191051989643427e+00
4.533660878687946649e+00
4.559980875998586036e+00
4.586088180094807676e+00
4.612056023627370216e+00
4.637812346964925503e+00
4.663374280482382339e+00
4.688586225062460144e+00
4.713473691493123674e+00
4.738060206919759487e+00
4.762361425906270540e+00
4.786345529109090613e+00
4.810008806735128317e+00
4.833334414511769594e+00
4.856298131495564441e+00
4.878963777571767579e+00
4.901217915564625827e+00
4.923150436431019905e+00
4.944675654917805474e+00
4.965870003253071374e+00
4.986724612265675205e+00
5.007175793200580927e+00
5.027369851618855634e+00
5.047236932068914328e+00
5.066826660185902220e+00
5.086111993342488091e+00
5.105072634965031497e+00
5.123699714690296503e+00
5.141954384595005756e+00
5.159910916834919092e+00
5.177485289126484425e+00
5.194738056212512944e+00
5.211666382104007234e+00
5.228199355155078720e+00
5.244417056590168436e+00
5.260252242833225900e+00
5.275761227160542077e+00
5.290936396866886327e+00
5.305722568780033122e+00
5.320174986868946299e+00
5.334283847361652064e+00
5.348049410134403381e+00
5.361455456763354555e+00
5.374519627839175584e+00
5.387283818274585023e+00
5.399717065840808239e+00
5.411901871710864675e+00
5.423789251595583671e+00
5.435354965478030209e+00
5.446650926619616584e+00
5.457645980864612056e+00
5.468371884375659242e+00
5.478768472224323283e+00
5.488830109387486722e+00
5.498689555674641127e+00
5.508296856433003263e+00
5.517638493925183241e+00
5.526736441999523741e+00
5.535541107803434002e+00
5.544119295626729560e+00
5.552399737983792605e+00
5.560388665944188347e+00
5.568114946037382218e+00
5.575544791370481867e+00
5.582729749828428290e+00
5.589677526503652238e+00
5.596381260901539534e+00
5.602814116626826824e+00
5.608938017636386775e+00
5.614819138198940074e+00
5.620473287850467514e+00
5.625899406224338151e+00
5.631077222972956875e+00
5.635974836498347962e+00
5.640646051019279739e+00
5.645099705010501623e+00
5.649326076656429052e+00
5.653307043760865014e+00
5.657013325542060933e+00
5.660500869601814422e+00
5.663783787041752227e+00
5.666805565506069620e+00
5.669625089615432323e+00
5.672195659726706474e+00
5.674503962695447434e+00
5.676596082150784817e+00
5.678416117131559027e+00
5.680026853978482393e+00
5.681389170437900482e+00
5.682468097358790438e+00
5.683343411087838248e+00
5.683949147313682282e+00
5.684298332109895213e+00
5.684400514839063945e+00
5.684224954852681755e+00
5.683854551995019655e+00
5.683225561613063803e+00
5.682301990175466777e+00
5.681174645135025791e+00
5.679799646595339979e+00
5.678249435881000728e+00
5.676450913706642787e+00
5.674364468166452902e+00
5.672081288406473298e+00
5.669549011597256438e+00
5.666843710252861044e+00
5.663909033546071115e+00
5.660663334438425842e+00
5.657214145669563266e+00
5.653515466460808270e+00
5.649646804937943578e+00
5.645550750205144297e+00
5.641223451206312411e+00
5.636635688552484424e+00
5.631853482732400273e+00
5.626848317989930237e+00
5.621633179792985935e+00
5.616204492458924946e+00
5.610597445973978914e+00
5.604802042851075861e+00
5.598820267924890182e+00
5.592681829342470046e+00
5.586344021567925644e+00
5.579838314065560745e+00
5.573188814529999036e+00
5.566381091484650767e+00
5.559461444625480198e+00
5.552419382938964532e+00
5.545236660251243954e+00
5.537976523050890165e+00
5.530623598107920813e+00
5.523194406637775167e+00
5.515715590128526635e+00
5.508198004374131429e+00
5.500655225524530678e+00
5.493101242789851568e+00
5.485553273567782995e+00
5.478014023313151348e+00
5.470508338818180327e+00
5.463045536884891362e+00
5.455630643972979144e+00
5.448286344418153959e+00
5.441027755746469907e+00
5.433875631103143533e+00
5.426812052735910719e+00
5.419863380202875724e+00
5.413025786289797914e+00
5.406330271372424612e+00
5.399763993630039671e+00
5.393332193503009186e+00
5.387060255417453369e+00
5.380924152741061839e+00
5.374991644034015081e+00
5.369206354031192951e+00
5.363600683817493220e+00
5.358132307538616246e+00
5.352839030632602579e+00
5.347700333008396534e+00
5.342766971001255527e+00
5.338023693570721484e+00
5.333466734597313241e+00
5.329082041689980009e+00
5.324893865296470352e+00
5.320921116778480453e+00
5.317090257415401311e+00
5.313447790751086863e+00
5.309974710950481125e+00
5.306690585622416911e+00
5.303585635432827239e+00
5.300638087699042877e+00
5.297845938214885031e+00
5.295231666276084326e+00
5.292797264167891313e+00
5.290501330802068303e+00
5.288362418273314880e+00
5.286340772965774093e+00
5.284484892049655436e+00
5.282764441529139710e+00
5.281164028653725140e+00
5.279699835339410896e+00
5.278337238440139245e+00
5.277113200137240945e+00
5.275998871633632348e+00
5.274977732607943892e+00
5.274059079745633483e+00
5.273216425189596990e+00
5.272473378488642837e+00
5.271802150765282136e+00
5.271195215778273102e+00
5.270657107354921322e+00
5.270170528376323382e+00
5.269737661452811750e+00
5.269339418830197630e+00
5.268965149866265740e+00
5.268608482451957897e+00
5.268255395786685114e+00
5.267897695461135399e+00
5.267523797014575848e+00
5.267124641137043817e+00
5.266686875233272502e+00
5.266208553695896910e+00
5.265665099741736910e+00
5.265058297114292962e+00
5.264386166753095786e+00
5.263635192708891353e+00
5.262809120090526704e+00
5.261905159177106661e+00
5.260925603480857582e+00
5.259843291537684706e+00
5.258666366385144286e+00
5.257369061754864958e+00
5.255959649877470774e+00
5.254449497656744406e+00
5.252812885986487323e+00
5.251068923817793888e+00
5.249187021450916646e+00
5.247207564310946815e+00
5.245105285690941699e+00
5.242892056153931613e+00
5.240570238875069897e+00
5.238112244354406144e+00
5.235558423446337706e+00
5.232883449839274448e+00
5.230123662100951698e+00
5.227245676563899046e+00
5.224234732137839288e+00
5.221137164579550571e+00
5.217938775168578402e+00
5.214673224435966148e+00
5.211318716155211916e+00
5.207887914525192841e+00
5.204388637887162439e+00
5.200822230921907874e+00
5.197215846525354621e+00
5.193562715696020682e+00
5.189871899830027502e+00
5.186146854804680295e+00
5.182393831657097216e+00
5.178622474418805410e+00
5.174834175156281191e+00
5.171033171759770397e+00
5.167219620393442625e+00
5.163403148399518194e+00
5.159590901480839875e+00
5.155789122925924062e+00
5.151997454808877386e+00
5.148222776697801706e+00
5.144469853387998448e+00
5.140737511264013904e+00
5.137031261371300950e+00
5.133354265140221528e+00
5.129717038618252900e+00
5.126132412301229735e+00
5.122596266912149865e+00
5.119111941503216023e+00
5.115678800390888625e+00
5.112308989213635080e+00
5.109014463769128156e+00
5.105785940037895543e+00
5.102626148210693380e+00
5.099532300578285771e+00
5.096511380420853499e+00
5.093572102533507895e+00
5.090696265743900106e+00
5.087929057525324872e+00
5.085279284166026592e+00
5.082710480140375076e+00
5.080241837994980081e+00
5.077848112778592160e+00
5.075577687518524783e+00
5.073415444688725628e+00
5.071347216712165817e+00
5.069390802727866685e+00
5.067513150917219100e+00
5.065762088494229154e+00
5.064095974908994435e+00
5.062534902589248098e+00
5.061087353871987382e+00
5.059717424707339539e+00
5.058467563735174366e+00
5.057285546855853298e+00
5.056208922536896466e+00
5.055236257957148815e+00
5.054332595886516621e+00
5.053516336949396504e+00
5.052761482866335641e+00
5.052085105972218493e+00
5.051497804233658684e+00
5.050994956241773970e+00
5.050565750980601898e+00
5.050210230508671572e+00
5.049921392639952877e+00
5.049719103863315794e+00
5.049607363128886917e+00
5.049557862565705157e+00
5.049579646531345389e+00
5.049654081840852626e+00
5.049791852463821229e+00
5.050009827283065356e+00
5.050280676060210361e+00
5.050607346803736242e+00
5.050974830300401841e+00
5.051388426446211000e+00
5.051849441476952585e+00
5.052345145293365647e+00
5.052882863976846828e+00
5.053453533076535109e+00
5.054064222262096173e+00
5.054710149974417810e+00
5.055390381798934740e+00
5.056114095137310471e+00
5.056859462396098515e+00
5.057632724777651134e+00
5.058424448878358959e+00
5.059227933944058009e+00
5.060043480531167148e+00
5.060863687530946287e+00
5.061687551350186887e+00
5.062511009112785842e+00
5.063328934670280113e+00
5.064135972098301686e+00
5.064924006969521386e+00
5.065691566229650000e+00
5.066445811749288097e+00
5.067182715223022882e+00
5.067899829582163562e+00
5.068597281039544988e+00
5.069272571191975274e+00
5.069930999264903981e+00
5.070564824030586948e+00
5.071176023729928595e+00
5.071761037916727055e+00
5.072312276647277685e+00
5.072822688431330995e+00
5.073286503725537244e+00
5.073717470341213343e+00
5.074106764593014240e+00
5.074449999877103323e+00
5.074744122256375611e+00
5.074987396788634975e+00
5.075197754469551903e+00
5.075367177990115941e+00
5.075495037748328109e+00
5.075582260791993150e+00
5.075628513907864736e+00
5.075640295350309472e+00
5.075616428782084633e+00
5.075561209926235051e+00
5.075469785909952236e+00
5.075336152547823332e+00
5.075154561633097750e+00
5.074922495530771904e+00
5.074656744403617914e+00
5.074350053230153534e+00
5.073999030897246243e+00
5.073600924173223170e+00
5.073153788791821661e+00
5.072673649201021817e+00
5.072154092201814457e+00
5.071593142533524556e+00
5.070997432926518833e+00
5.070361523935421388e+00
5.069696874702199985e+00
5.068995495671257956e+00
5.068254966968521735e+00
5.067482051336988924e+00
5.066674649426565757e+00
5.065844229692443967e+00
5.064987964862807779e+00
5.064114407384618488e+00
5.063219894403441224e+00
5.062303760656936547e+00
5.061362819904312360e+00
5.060399525100216067e+00
5.059424214744788983e+00
5.058436802411299560e+00
5.057440314823609562e+00
5.056433422798139787e+00
5.055423888796790166e+00
5.054414416188223846e+00
5.053403719896301993e+00
5.052393977278694770e+00
5.051381268137917324e+00
5.050377283999548439e+00
5.049382435614094611e+00
5.048399298125729295e+00
5.047427698457465084e+00
5.046469971248732200e+00
5.045528780529127566e+00
5.044596129739509216e+00
5.043678788328396223e+00
5.042775743910895336e+00
5.041893081599699400e+00
5.041024562800155984e+00
5.040169976213799252e+00
5.039335761675465264e+00
5.038523773932682914e+00
5.037736863875614368e+00
5.036972342291700322e+00
5.036223035016881511e+00
5.035489501291738890e+00
5.034771953457818583e+00
5.034072191575393873e+00
5.033386940592751380e+00
5.032720136055575111e+00
5.032067351126896071e+00
5.031426738211737693e+00
5.030797849157677248e+00
5.030178238572405647e+00
5.029568316200601963e+00
5.028964139232266817e+00
5.028365061627556365e+00
5.027770171547164324e+00
5.027180700572063898e+00
5.026596824945738007e+00
5.026019934536745559e+00
5.025446502500999557e+00
5.024876847537088409e+00
5.024307546922791801e+00
5.023733639577257826e+00
5.023154322886693279e+00
5.022563644284236517e+00
5.021967102410124895e+00
5.021367285670566005e+00
5.020763897681462140e+00
5.020160031588600802e+00
5.019554809043037302e+00
5.018950414666759841e+00
5.018345602275657846e+00
5.017739335307705772e+00
5.017133342074084901e+00
5.016527825714875988e+00
5.015925444634488528e+00
5.015328591288855442e+00
5.014737773397794030e+00
5.014155715079835041e+00
5.013584708096317399e+00
5.013027378255358713e+00
5.012486635530224000e+00
5.011974854292204462e+00
5.011482859672835133e+00
5.011015810640385482e+00
5.010570046612848216e+00
5.010144285494317451e+00
5.009752018237342952e+00
5.009382921764483854e+00
5.009044659184148429e+00
5.008734906455360125e+00
5.008453149637065671e+00
5.008208277476809300e+00
5.007997746867916433e+00
5.007829490871956502e+00
5.007688918048373239e+00
5.007580976923785343e+00
5.007507595000646461e+00
5.007469813166974149e+00
5.007474008305146995e+00
5.007500073954146202e+00
5.007560824316608539e+00
5.007650251586603929e+00
5.007764558049533576e+00
5.007909314243737420e+00
5.008080054803435210e+00
5.008281686681005596e+00
5.008503911814336185e+00
5.008743705994134210e+00
5.009005888218676539e+00
5.009290521072841784e+00
5.009593381809689383e+00
5.009904814476765722e+00
5.010225258434809703e+00
5.010552092271544744e+00
5.010884593168892565e+00
5.011216814110674989e+00
5.011546093190708540e+00
5.011871913562216285e+00
5.012194144020477360e+00
5.012517178359130021e+00
5.012838850992420880e+00
5.013161609212556158e+00
5.013479236217836643e+00
5.013787769379714376e+00
5.014089620991297735e+00
5.014380361924565932e+00
5.014664322680479458e+00
5.014932577463484087e+00
5.015183333123720111e+00
5.015421760401374662e+00
5.015644533096499380e+00
5.015857636707521827e+00
5.016052429194246542e+00
5.016235543715450440e+00
5.016401740408183763e+00
5.016543541804568740e+00
5.016670776468382442e+00
5.016780308608576711e+00
5.016879905390233318e+00
5.016966859775275012e+00
5.017040549188531706e+00
5.017107617550209397e+00
5.017160499070451252e+00
5.017203278157540858e+00
5.017232864883407473e+00
5.017247936548810294e+00
5.017255168698756762e+00
5.017245258906185335e+00
5.017223599332645279e+00
5.017186921018438106e+00
5.017137258218864027e+00
5.017078131645249073e+00
5.017014227023609330e+00
5.016945012801588888e+00
5.016869337422103392e+00
5.016780206601396230e+00
5.016681116170510712e+00
5.016578690366149118e+00
5.016473679294138677e+00
5.016368131528867735e+00
5.016257171177564977e+00
5.016147875146269364e+00
5.016040820827035951e+00
5.015937541530727017e+00
5.015834885093642725e+00
5.015728242428301620e+00
5.015619689340962140e+00
5.015509815852417397e+00
5.015398780362009035e+00
5.015284265208316938e+00
5.015162744022234165e+00
5.015035842809155930e+00
5.014901387433782887e+00
5.014766960826962716e+00
5.014634315281435661e+00
5.014506436002701406e+00
5.014381245079711391e+00
5.014253768896013597e+00
5.014126623415648965e+00
5.014001886978075362e+00
5.013873832470998160e+00
5.013736239693388441e+00
5.013584192752168711e+00
5.013419932670222678e+00
5.013243253588008486e+00
5.013056375853050639e+00
5.012854202877064402e+00
5.012640844940474238e+00
5.012424746289183553e+00
5.012205736509788068e+00
5.011987479648816191e+00
5.011766248553321645e+00
5.011538513566629049e+00
5.011304501614795015e+00
5.011068395863549796e+00
5.010832370057034524e+00
5.010601338579584230e+00
5.010379979967404473e+00
5.010160747434277084e+00
5.009942991606223472e+00
5.009726041651592965e+00
5.009513233754114836e+00
5.009307740389632002e+00
5.009101713209675566e+00
5.008890773079620828e+00
5.008672248575167352e+00
5.008444337419496684e+00
5.008204133495019583e+00
5.007954918912874476e+00
5.007700473631995663e+00
5.007444462499845983e+00
5.007187025270689595e+00
5.006931798051377669e+00
5.006680233630618204e+00
5.006434863399050528e+00
5.006196055154584101e+00
5.005959654565237393e+00
5.005722636713914042e+00
5.005491759854636236e+00
5.005268950372269821e+00
5.005058440457363922e+00
5.004855317215701760e+00
5.004664243947051006e+00
5.004485645837417174e+00
5.004325113169183936e+00
5.004177736754796157e+00
5.004047489737427412e+00
5.003933182268669455e+00
5.003829806124126200e+00
5.003741869119262553e+00
5.003665670136255628e+00
5.003610880047347109e+00
5.003574727418166113e+00
5.003554159797062084e+00
5.003548773101213598e+00
5.003548374974054802e+00
5.003559302287762023e+00
5.003577230147206123e+00
5.003608806755513783e+00
5.003656864523077452e+00
5.003716011990913870e+00
5.003793741444246379e+00
5.003881088949859723e+00
5.003989120012268366e+00
5.004113826954856847e+00
5.004246388895556841e+00
5.004391955107569956e+00
5.004543154684946593e+00
5.004708812812462604e+00
5.004884760210408956e+00
5.005064437536640654e+00
5.005258563177778619e+00
5.005461840739592105e+00
5.005677994748696236e+00
5.005901343187437291e+00
5.006128196938083974e+00
5.006358299831048519e+00
5.006588099727527386e+00
5.006815532164767824e+00
5.007040394095825242e+00
5.007256162239360542e+00
5.007455760369200704e+00
5.007630752025294285e+00
5.007780124627175589e+00
5.007915864361573099e+00
5.008031326567876640e+00
5.008127795176704034e+00
5.008194940507534554e+00
5.008231209873343914e+00
5.008250300814984790e+00
5.008243344578081846e+00
5.008211095831944348e+00
5.008138341131276761e+00
5.008030855851836272e+00
5.007882152954703514e+00
5.007700079056090381e+00
5.007475828482426117e+00
5.007210130589670349e+00
5.006901281839823525e+00
5.006549145347093166e+00
5.006166156558905733e+00
5.005752887307321153e+00
5.005305196634149745e+00
5.004827972828066684e+00
5.004318849323905916e+00
5.003792701019563083e+00
5.003244695282199395e+00
5.002675955175080347e+00
5.002086374192157514e+00
5.001479055351236269e+00
5.000858384995380490e+00
5.000225522546687174e+00
4.999570767908014801e+00
4.998901829152025300e+00
4.998214565320528102e+00
4.997514793901358665e+00
4.996803610725914169e+00
4.996078384025608443e+00
4.995346437870179734e+00
4.994609515844500081e+00
4.993864745451723763e+00
4.993115113927639293e+00
4.992355878828681703e+00
4.991593838884151424e+00
4.990830499781882423e+00
4.990064099459565305e+00
4.989298394201910902e+00
4.988532189233815473e+00
4.987768814219748492e+00
4.987005800633346198e+00
4.986248554690396517e+00
4.985504007517015168e+00
4.984776927857313744e+00
4.984069011612448641e+00
4.983384829341088285e+00
4.982730164258396321e+00
4.982112362450574317e+00
4.981518190866921714e+00
4.980957140876565603e+00
4.980426458037111814e+00
4.979924734673115694e+00
4.979453170886848135e+00
4.978998020431609994e+00
4.978565424783737647e+00
4.978151338650495639e+00
4.977751825554879161e+00
4.977372370353552178e+00
4.977008678755376003e+00
4.976672901502464441e+00
4.976358598499212249e+00
4.976076830579552635e+00
4.975827882765445409e+00
4.975609804643903900e+00
4.975429215999905175e+00
4.975274823820803327e+00
4.975158219142469029e+00
4.975079895649687778e+00
4.975040072058910745e+00
4.975042877736269631e+00
4.975071796911071154e+00
4.975134234331783034e+00
4.975227252995829907e+00
4.975343770362671059e+00
4.975491470355775547e+00
4.975662837844577524e+00
4.975868829503890645e+00
4.976100964691724471e+00
4.976362576108662061e+00
4.976655159831283370e+00
4.976966728005795204e+00
4.977305747229842758e+00
4.977663225490838173e+00
4.978040774647385369e+00
4.978432600978999645e+00
4.978830614049225112e+00
4.979241331588712960e+00
4.979657964702931316e+00
4.980085277702896995e+00
4.980515922602503309e+00
4.980946689468114030e+00
4.981382237594811357e+00
4.981818534057824266e+00
4.982267183136431576e+00
4.982724724892762858e+00
4.983195055458931044e+00
4.983672960099069016e+00
4.984156599786369490e+00
4.984648814868418931e+00
4.985145792734114956e+00
4.985649438720432869e+00
4.986156154047934663e+00
4.986665965277937929e+00
4.987175109010425267e+00
4.987683401588586030e+00
4.988185412954774023e+00
4.988680269938197576e+00
4.989165335666624124e+00
4.989638553034749791e+00
4.990095189284769361e+00
4.990536970939723815e+00
4.990968389060584265e+00
4.991389135118810216e+00
4.991801963445035462e+00
4.992205084000018722e+00
4.992592527602105257e+00
4.992966995943575625e+00
4.993323126133770273e+00
4.993668464716764177e+00
4.993995162692161038e+00
4.994299329720677250e+00
4.994583823528381039e+00
4.994834231954307313e+00
4.995062609497695760e+00
4.995255240012198783e+00
4.995417153459280613e+00
4.995540865693479660e+00
4.995625947421655333e+00
4.995687923115917251e+00
4.995707979331498905e+00
4.995691999034031383e+00
4.995631023333415577e+00
4.995532812899918795e+00
4.995400061695845828e+00
4.995225409301938591e+00
4.995027623525828631e+00
4.994797460488050511e+00
4.994541507321415885e+00
4.994252807996242716e+00
4.993929262436003214e+00
4.993582650958567015e+00
4.993204789510933495e+00
4.992796240537433761e+00
4.992353538549511249e+00
4.991877456917433342e+00
4.991367388642398595e+00
4.990830420046118654e+00
4.990260602957573788e+00
4.989662035494114356e+00
4.989045128016735831e+00
4.988408251269722982e+00
4.987758409320378838e+00
4.987088256566787337e+00
4.986401430754924036e+00
4.985700178160334950e+00
4.984989823936486708e+00
4.984272405742671275e+00
4.983548348261979122e+00
4.982816814794209570e+00
4.982087312652733857e+00
4.981361933960584132e+00
4.980649657859471446e+00
4.979947726293471710e+00
4.979267447306779282e+00
4.978612747802404037e+00
4.977974274544981981e+00
4.977360781780449273e+00
4.976764840832916370e+00
4.976197136989799041e+00
4.975656792013909424e+00
4.975145775950517546e+00
4.974679667665625971e+00
4.974245769879781953e+00
4.973857678822242612e+00
4.973501040949488861e+00
4.973195162019694138e+00
4.972947079497391343e+00
4.972736087213271539e+00
4.972575221597216988e+00
4.972448685360141951e+00
4.972373388782144410e+00
4.972356583148940246e+00
4.972377257937332651e+00
4.972454223841196175e+00
4.972562651395564082e+00
4.972723834983773017e+00
4.972926006227500473e+00
4.973179352435983525e+00
4.973484413832193418e+00
4.973812755405670138e+00
4.974171511217719832e+00
4.974545385449892443e+00
4.974942543156212871e+00
4.975364321715897375e+00
4.975797211028403666e+00
4.976248183682328907e+00
4.976708393342560655e+00
4.977187068633503131e+00
4.977683930158383951e+00
4.978199873663253783e+00
4.978734663262731175e+00
4.979277446552879738e+00
4.979831890746719836e+00
4.980393349326917019e+00
4.980966081827649994e+00
4.981533473118910038e+00
4.982092908084163163e+00
4.982633947491416748e+00
4.983162376120459314e+00
4.983668928615522908e+00
4.984140619471443046e+00
4.984591082915438065e+00
4.985011605158222281e+00
4.985415159635019577e+00
4.985792797714245772e+00
4.986138398408663797e+00
4.986462519004714267e+00
4.986762287080059863e+00
4.987045226063350434e+00
4.987305809560933056e+00
4.987542611028768391e+00
4.987758393551923852e+00
4.987950718424984053e+00
4.988122889887312894e+00
4.988267524814004261e+00
4.988377347936625128e+00
4.988452575792330812e+00
4.988489218211038967e+00
4.988491543623535307e+00
4.988451735166750112e+00
4.988373212119482147e+00
4.988246867762795134e+00
4.988079432988457462e+00
4.987882268180988454e+00
4.987656758757227138e+00
4.987403357265435488e+00
4.987119089061312849e+00
4.986813210187398759e+00
4.986494131734513502e+00
4.986159913999877347e+00
4.985813977247021356e+00
4.985455886585555163e+00
4.985089849768124637e+00
4.984722341274760105e+00
4.984347586830994103e+00
4.983964996909639567e+00
4.983567234812221081e+00
4.983158723352391739e+00
4.982739216511983038e+00
4.982313153607685230e+00
4.981878041228194220e+00
4.981433954289096633e+00
4.980984746416945441e+00
4.980525498477656576e+00
4.980059486975808802e+00
4.979586434153755903e+00
4.979108624135990979e+00
4.978627199953337801e+00
4.978151014869948376e+00
4.977683677500029269e+00
4.977226411303421472e+00
4.976783158494075820e+00
4.976346777317961489e+00
4.975931307649155144e+00
4.975533033994873122e+00
4.975151363065381638e+00
4.974790032444436960e+00
4.974442296935160712e+00
4.974126253811558485e+00
4.973834739899179347e+00
4.973567665232262236e+00
4.973328349864027054e+00
4.973110658185472488e+00
4.972936552626927131e+00
4.972788696851496049e+00
4.972683081909929470e+00
4.972607543621127668e+00
4.972559160794048694e+00
4.972547160657272869e+00
4.972553806397630893e+00
4.972589200892984174e+00
4.972644903379991099e+00
4.972719334438011174e+00
4.972822032412081761e+00
4.972943579386485347e+00
4.973094821888520478e+00
4.973266666587009333e+00
4.973457419257178103e+00
4.973671135771586371e+00
4.973907058946354098e+00
4.974169872384083924e+00
4.974445869754566374e+00
4.974740243944838269e+00
4.975046482234761314e+00
4.975360675267442190e+00
4.975682795494362765e+00
4.976004934720263506e+00
4.976331093310879972e+00
4.976655525601969998e+00
4.976979467309581295e+00
4.977306235171425008e+00
4.977633101939725080e+00
4.977961467429565801e+00
4.978285368009972345e+00
4.978610293380485885e+00
4.978935716524290456e+00
4.979256851113903259e+00
4.979575935378241169e+00
4.979889895021485380e+00
4.980198178961444455e+00
4.980493077579456696e+00
4.980773526168931653e+00
4.981046177409160336e+00
4.981310346591788729e+00
4.981567689682859346e+00
4.981814133896994790e+00
4.982051861285734518e+00
4.982284164018500050e+00
4.982510778959412079e+00
4.982729241270143383e+00
4.982935869879591806e+00
4.983126064855175841e+00
4.983305882699358591e+00
4.983469808306114857e+00
4.983621519915328868e+00
4.983756242189126162e+00
4.983864337969140301e+00
4.983945453129276615e+00
4.983993825697837998e+00
4.984020796094122296e+00
4.984022462826109390e+00
4.983991813274919913e+00
4.983931354998499152e+00
4.983838945456668057e+00
4.983728450151978961e+00
4.983593269397390557e+00
4.983438472307172518e+00
4.983256085502800303e+00
4.983047986837920718e+00
4.982811613163796061e+00
4.982548787488487285e+00
4.982271509512211871e+00
4.981973583443905618e+00
4.981659620969439928e+00
4.981325343816424223e+00
4.980974975868011967e+00
4.980618212117698285e+00
4.980249792679097176e+00
4.979871176971938596e+00
4.979481007165160733e+00
4.979085259294953936e+00
4.978690249702778736e+00
4.978293488665368471e+00
4.977894337071922415e+00
4.977492309144583515e+00
4.977087102613298342e+00
4.976677385127988629e+00
4.976269427730588113e+00
4.975863212725964324e+00
4.975466686083819923e+00
4.975078562653509451e+00
4.974701401597705797e+00
4.974344087435748740e+00
4.974006393930758385e+00
4.973695939748430384e+00
4.973404455880515052e+00
4.973136035638743735e+00
4.972895837767862481e+00
4.972686356033078958e+00
4.972516278612308049e+00
4.972365813112698874e+00
4.972246983383662666e+00
4.972158085794067262e+00
4.972097711546225263e+00
4.972065597739414144e+00
4.972055279906482994e+00
4.972067219041629293e+00
4.972090601268565280e+00
4.972123110987585193e+00
4.972167690768245940e+00
4.972225631251338207e+00
4.972298908964137176e+00
4.972382126566360583e+00
4.972474783700298495e+00
4.972582796397026605e+00
4.972706731058996077e+00
4.972847380744631174e+00
4.972997779449785938e+00
4.973154947845603857e+00
4.973322184713896199e+00
4.973500217790125077e+00
4.973687406288800794e+00
4.973882937388835579e+00
4.974076878628103771e+00
4.974267517062243904e+00
4.974454213915731060e+00
4.974639810467477830e+00
4.974826899445022654e+00
4.975009878700936916e+00
4.975191780863667645e+00
4.975378110533917209e+00
4.975566704677754082e+00
4.975759353725575096e+00
4.975951101662926312e+00
4.976139018642119716e+00
4.976323889823966340e+00
4.976508874869309373e+00
4.976696671074591904e+00
4.976891589848660757e+00
4.977100639151744943e+00
4.977317063635551264e+00
4.977540118391030610e+00
4.977770487139336453e+00
4.978009349270125838e+00
4.978259334614834053e+00
4.978514412803910716e+00
4.978768481830470272e+00
4.979016914604568633e+00
4.979260346157813544e+00
4.979502422189677979e+00
4.979734320765698996e+00
4.979951395871455411e+00
4.980148824690247444e+00
4.980329723203892556e+00
4.980495105548167878e+00
4.980647826562041303e+00
4.980784543495963668e+00
4.980908458618785062e+00
4.981027071880515855e+00
4.981142603442413552e+00
4.981259036450056854e+00
4.981376565708188764e+00
4.981496135400949044e+00
4.981618791738865681e+00
4.981744126038966769e+00
4.981872689932925979e+00
4.982002466772093463e+00
4.982132061770528253e+00
4.982262771496892562e+00
4.982394967623397619e+00
4.982529719578444372e+00
4.982665534880354130e+00
4.982800480420111811e+00
4.982933800895109400e+00
4.983068616738884238e+00
4.983200469868596549e+00
4.983334345532919762e+00
4.983466005543585098e+00
4.983598071089351933e+00
4.983730455538594839e+00
4.983864812640811159e+00
4.983998559400776074e+00
4.984128408566453672e+00
4.984254604284055645e+00
4.984373831101096997e+00
4.984485484933816046e+00
4.984588081123642489e+00
4.984678886043243828e+00
4.984759978534989422e+00
4.984828140381127426e+00
4.984885882967486026e+00
4.984927342817521811e+00
4.984957287671845094e+00
4.984980059768409077e+00
4.984998761066805173e+00
4.985016180495136950e+00
4.985033509361660897e+00
4.985047426724910302e+00
4.985056068403634022e+00
4.985059000707102506e+00
4.985055927783820451e+00
4.985044342977332121e+00
4.985017756397708055e+00
4.984977114351338834e+00
4.984919222897722157e+00
4.984847478193103143e+00
4.984757225538476888e+00
4.984643051938026481e+00
4.984510916077404374e+00
4.984358335683926278e+00
4.984190441078379941e+00
4.984004788591399837e+00
4.983800756174013635e+00
4.983574891562447817e+00
4.983329528502062900e+00
4.983070477216378080e+00
4.982797680652574002e+00
4.982511741320477583e+00
4.982211766957180821e+00
4.981904424249070651e+00
4.981593519697774752e+00
4.981283611717510773e+00
4.980973740766632574e+00
4.980668289984453878e+00
4.980368241413373198e+00
4.980070824461865442e+00
4.979780940140473788e+00
4.979495951725977143e+00
4.979221329062122336e+00
4.978955490334767475e+00
4.978697737331376771e+00
4.978456296536015735e+00
4.978225667781072339e+00
4.978013466733383297e+00
4.977813532507854077e+00
4.977635384376034366e+00
4.977480349304959084e+00
4.977338428466453912e+00
4.977214331977873663e+00
4.977100667354523722e+00
4.977004328069152272e+00
4.976924578777389918e+00
4.976858077581848505e+00
4.976802469740499113e+00
4.976758954419632452e+00
4.976726730837829571e+00
4.976707800307187846e+00
4.976704475794389460e+00
4.976713777785475301e+00
4.976736369682763339e+00
4.976771277773947233e+00
4.976820392126970916e+00
4.976886298780151208e+00
4.976969288403921610e+00
4.977069111441084104e+00
4.977184085317709616e+00
4.977305747282514403e+00
4.977437777931625007e+00
4.977578510141754897e+00
4.977728132608169709e+00
4.977884089185679706e+00
4.978041953316712842e+00
4.978203960212701951e+00
4.978367942537003543e+00
4.978537071089081500e+00
4.978709092124185887e+00
4.978880642841390980e+00
4.979053857757530288e+00
4.979227588328352105e+00
4.979405828251323385e+00
4.979588108344754183e+00
4.979775499853123399e+00
4.979962719383467018e+00
4.980146156924592837e+00
4.980323611668126205e+00
4.980493576305733860e+00
4.980658253992722884e+00
4.980810952310265272e+00
4.980953040516750363e+00
4.981080916787313129e+00
4.981200402539969652e+00
4.981306994550677381e+00
4.981395702578876872e+00
4.981471197738129852e+00
4.981532667347048360e+00
4.981586264323261126e+00
4.981632549229829010e+00
4.981672325001849089e+00
4.981708978012024502e+00
4.981734827440518210e+00
4.981752699383354965e+00
4.981757707669451918e+00
4.981748755661822514e+00
4.981729764298355789e+00
4.981693482115218785e+00
4.981643610112654663e+00
4.981578629268618386e+00
4.981502744090096968e+00
4.981414177771941176e+00
4.981310112541824431e+00
4.981194525948076546e+00
4.981068119593246912e+00
4.980934443986326343e+00
4.980795913217873405e+00
4.980654284172044477e+00
4.980513459528148168e+00
4.980369534027114575e+00
4.980220853491037047e+00
4.980067505445613385e+00
4.979909825511559696e+00
4.979752026424095313e+00
4.979590953141734389e+00
4.979426443539843206e+00
4.979260663613960247e+00
4.979094132036253839e+00
4.978928270135356549e+00
4.978771649785620035e+00
4.978630512999650648e+00
4.978507813569438056e+00
4.978400890492182818e+00
4.978310363916959247e+00
4.978245950048136415e+00
4.978207423293776301e+00
4.978208571180935849e+00
4.978235872238644610e+00
4.978301898785638002e+00
4.978415987188699710e+00
4.978570691109406532e+00
4.978781130392807341e+00
4.979029141985582108e+00
4.979325740025148939e+00
4.979676396199273825e+00
4.980068974592493980e+00
4.980516205751107428e+00
4.980996600971325350e+00
4.981519669764443492e+00
4.982080120541855450e+00
4.982679908782943201e+00
4.983319010347827316e+00
4.983978333011968687e+00
4.984661172390683959e+00
4.985361608699664160e+00
4.986082443580731827e+00
4.986819404796464461e+00
4.987561774016125327e+00
4.988316675484878893e+00
4.989084428087575240e+00
4.989871682808501241e+00
4.990673128575784823e+00
4.991491060168248950e+00
4.992318789795739953e+00
4.993157596573931656e+00
4.994005911112529894e+00
4.994859494999748684e+00
4.995714881852966194e+00
4.996558887497287493e+00
4.997390618161063891e+00
4.998212905288441199e+00
4.999019009084208598e+00
4.999806416169508161e+00
5.000566701204284037e+00
5.001293714479310815e+00
5.001996572152478393e+00
5.002654412449104804e+00
5.003258482054574685e+00
5.003804877237183923e+00
5.004290162757738081e+00
5.004715018667979187e+00
5.005084056467516085e+00
5.005357023481977308e+00
5.005560688008320547e+00
5.005680378689197241e+00
5.005723864752564367e+00
5.005701102788790102e+00
5.005593026454791428e+00
5.005412888310150521e+00
5.005140686824218754e+00
5.004804105281131399e+00
5.004388210593956110e+00
5.003883534415858314e+00
5.003316943689483765e+00
5.002663645564812356e+00
5.001959643631473718e+00
5.001187353252664280e+00
5.000348040058509191e+00
4.999466515450971649e+00
4.998530808805721648e+00
4.997565516426460519e+00
4.996563262163895125e+00
4.995530055581825835e+00
4.994478224932449528e+00
4.993411987914937455e+00
4.992340436696308892e+00
4.991275045543211775e+00
4.990213646336692399e+00
4.989165969460505501e+00
4.988129040940898484e+00
4.987103290452855830e+00
4.986093429222006712e+00
4.985101801424521639e+00
4.984135921492475418e+00
4.983188742592234988e+00
4.982258143767018588e+00
4.981348173662325074e+00
4.980461659400960528e+00
4.979606988250512956e+00
4.978777498944897850e+00
4.977970084666512030e+00
4.977189149528047807e+00
4.976439352824590046e+00
4.975725873082183170e+00
4.975059272839928326e+00
4.974417273297215836e+00
4.973818950473571476e+00
4.973261448077166413e+00
4.972743985510672537e+00
4.972270390360856496e+00
4.971839830770397484e+00
4.971450426510775955e+00
4.971100940860117667e+00
4.970789643495585608e+00
4.970514563105310479e+00
4.970280556163992003e+00
4.970079003635103021e+00
4.969905271499658106e+00
4.969764097879881604e+00
4.969656221370454041e+00
4.969580930426958254e+00
4.969534959529767981e+00
4.969521285218428730e+00
4.969530578204789606e+00
4.969554777415829072e+00
4.969594527338990986e+00
4.969651102680141541e+00
4.969728526575852179e+00
4.969819220072020372e+00
4.969919398418058520e+00
4.970030711135258628e+00
4.970156362504130065e+00
4.970300885821123948e+00
4.970457838783402416e+00
4.970626399414974195e+00
4.970807844130683328e+00
4.971004009237874222e+00
4.971217127954949078e+00
4.971436331505318051e+00
4.971657517692436024e+00
4.971877422267932722e+00
4.972097357875098211e+00
4.972317253249126878e+00
4.972528014509369321e+00
4.972729070438433929e+00
4.972918361360571637e+00
4.973098153612010464e+00
4.973265460776532088e+00
4.973419047063583065e+00
4.973557677278662048e+00
4.973678462524332211e+00
4.973784449082232939e+00
4.973872394524880391e+00
4.973945148894928003e+00
4.974000656912467733e+00
4.974030024428285124e+00
4.974034338896817786e+00
4.974010658066908341e+00
4.973963650454024332e+00
4.973884591998720239e+00
4.973778313014842745e+00
4.973653969409132181e+00
4.973513082115167627e+00
4.973357013695127726e+00
4.973184181068278420e+00
4.973001195274481034e+00
4.972810149852374906e+00
4.972609538052419786e+00
4.972399456229249282e+00
4.972177928339879038e+00
4.971951904080997409e+00
4.971721092786830276e+00
4.971493665453237121e+00
4.971274936411719914e+00
4.971067776799393378e+00
4.970873552233172177e+00
4.970691484220517431e+00
4.970526214566272749e+00
4.970371121008139603e+00
4.970224131902870823e+00
4.970085304787573932e+00
4.969953399298903562e+00
4.969831856198800857e+00
4.969715945327846107e+00
4.969602586355252427e+00
4.969492721686332715e+00
4.969386027779623127e+00
4.969286249920918053e+00
4.969189184501959566e+00
4.969099739266752636e+00
4.969016909141287464e+00
4.968942248651950777e+00
4.968878450121922974e+00
4.968818297556794050e+00
4.968767729451141868e+00
4.968723557398845969e+00
4.968691320359432062e+00
4.968674056580713483e+00
4.968671288094266281e+00
4.968684804496371399e+00
4.968706971859575106e+00
4.968739980816391011e+00
4.968783672455248990e+00
4.968839518016685552e+00
4.968910812305769475e+00
4.968988985306133976e+00
4.969087280313035038e+00
4.969201742642110453e+00
4.969332316888978696e+00
4.969480887678003000e+00
4.969638024036323820e+00
4.969811340801899568e+00
4.969998841517155874e+00
4.970209781405067417e+00
4.970447266184277346e+00
4.970712423723673723e+00
4.971011698682344715e+00
4.971331006575860023e+00
4.971689088780917309e+00
4.972077267420030644e+00
4.972497714151181469e+00
4.972954254512228722e+00
4.973431856174507004e+00
4.973950118039287993e+00
4.974498710398114198e+00
4.975080108743644480e+00
4.975689736705756872e+00
4.976330821317171527e+00
4.977009628590678858e+00
4.977717580598329583e+00
4.978450632568931944e+00
4.979206197735405404e+00
4.979984024417138500e+00
4.980791958522535090e+00
4.981628979620075448e+00
4.982485786553954910e+00
4.983369848903752342e+00
4.984270414215065337e+00
4.985199278768636333e+00
4.986147948008516018e+00
4.987111992937066418e+00
4.988096179467181202e+00
4.989090031486491661e+00
4.990093468007186672e+00
4.991099964704851288e+00
4.992102260020115700e+00
4.993099434402324732e+00
4.994087750044204022e+00
4.995071903344728170e+00
4.996054829832649702e+00
4.997033747163153627e+00
4.998001057681181081e+00
4.998952590104677185e+00
4.999888888028004352e+00
5.000817134034373446e+00
5.001732274543979173e+00
5.002634477865436580e+00
5.003514774840811086e+00
5.004369441744424662e+00
5.005199735936262329e+00
5.005999849465229801e+00
5.006776598494984576e+00
5.007522405040003122e+00
5.008235797387101229e+00
5.008920927223302400e+00
5.009574699651934360e+00
5.010206107747293025e+00
5.010808802422618946e+00
5.011388842788076836e+00
5.011945794959103750e+00
5.012473136585687605e+00
5.012983596276973763e+00
5.013465192344520815e+00
5.013916491110358642e+00
5.014334468383823129e+00
5.014704530191157694e+00
5.015044572566186076e+00
5.015336117081825584e+00
5.015577136695866578e+00
5.015776897676770041e+00
5.015914435012745365e+00
5.016015308479326862e+00
5.016060546136939635e+00
5.016061329291477300e+00
5.016010380791774637e+00
5.015908777196234958e+00
5.015776915693930249e+00
5.015597069593421331e+00
5.015380514668575707e+00
5.015120328286937657e+00
5.014819412244759356e+00
5.014493377743564295e+00
5.014126855893336732e+00
5.013726557171248821e+00
5.013284502266251330e+00
5.012808735719226583e+00
5.012300656525693121e+00
5.011753350956639430e+00
5.011177710755070791e+00
5.010570774650473957e+00
5.009942404007810879e+00
5.009295011138816811e+00
5.008634568428893097e+00
5.007966813421147911e+00
5.007287010005014416e+00
5.006601166328684904e+00
5.005909643223779071e+00
5.005219482010500265e+00
5.004533327570454659e+00
5.003845858997002516e+00
5.003160623139038421e+00
5.002475718459380438e+00
5.001801902106297604e+00
5.001137296607983451e+00
5.000489956936132074e+00
4.999854429712783599e+00
4.999228356903682169e+00
4.998612784011553067e+00
4.998005203394483509e+00
4.997410613684247771e+00
4.996825068829845229e+00
4.996247065378617513e+00
4.995677497586498816e+00
4.995121580375622372e+00
4.994580027548860990e+00
4.994055355726074730e+00
4.993539474657069377e+00
4.993037934242079423e+00
4.992554017951975176e+00
4.992086594751368622e+00
4.991640061004351203e+00
4.991203578761111537e+00
4.990786762772393637e+00
4.990388257628572077e+00
4.990007686330270253e+00
4.989650442054760049e+00
4.989307634992789175e+00
4.989002648195516976e+00
4.988734266454619259e+00
4.988501276126395823e+00
4.988311740601699462e+00
4.988149455296139401e+00
4.988039800780157407e+00
4.987965702236894394e+00
4.987940899130687278e+00
4.987969203586024136e+00
4.988030440275823096e+00
4.988151925568733880e+00
4.988315409169797654e+00
4.988532940623615630e+00
4.988796797589665211e+00
4.989102797498261133e+00
4.989467359212492958e+00
4.989868622747516191e+00
4.990313497138474830e+00
4.990793270980272034e+00
4.991303218295129795e+00
4.991853649419995875e+00
4.992425681640657587e+00
4.993028910895142225e+00
4.993651348491463970e+00
4.994294462790046296e+00
4.994951523979461072e+00
4.995610218485151854e+00
4.996278416131887390e+00
4.996953350146565498e+00
4.997637414549742196e+00
4.998326445807967033e+00
4.999012868617925598e+00
4.999703576107775049e+00
5.000397988994871312e+00
5.001098753948960862e+00
5.001803140630278754e+00
5.002508281459363992e+00
5.003211883445533026e+00
5.003911979039461499e+00
5.004603964750916845e+00
5.005282203321606005e+00
5.005950142507701983e+00
5.006592171107679512e+00
5.007210417491645416e+00
5.007806270112545199e+00
5.008367604342550017e+00
5.008902690288872250e+00
5.009391699795871844e+00
5.009852836904376439e+00
5.010271249738782906e+00
5.010651459572166289e+00
5.011003902209253624e+00
5.011307555091828903e+00
5.011581504800619591e+00
5.011814604354353442e+00
5.012017703810037972e+00
5.012197016225457880e+00
5.012342222211213283e+00
5.012462990860717227e+00
5.012556182760075529e+00
5.012628751028591623e+00
5.012688986271882641e+00
5.012734751789162502e+00
5.012768186502421841e+00
5.012779938094814369e+00
5.012776144020813618e+00
5.012753605704840965e+00
5.012716592081909894e+00
5.012672182528389087e+00
5.012616297828119905e+00
5.012554299782116196e+00
5.012489553356628491e+00
5.012431032878432724e+00
5.012382709432478656e+00
5.012345647415697769e+00
5.012320306743115239e+00
5.012299637051385481e+00
5.012293969788208514e+00
5.012302078650303194e+00
5.012320194717235111e+00
5.012350634751113532e+00
5.012391842836717792e+00
5.012445520209351635e+00
5.012511152033899187e+00
5.012580708558877163e+00
5.012648572502863331e+00
5.012712586485054800e+00
5.012772003570778345e+00
5.012829338135404988e+00
5.012871050709136078e+00
5.012897118253376583e+00
5.012903480309969240e+00
5.012892136284126110e+00
5.012869799375975433e+00
5.012826213330471958e+00
5.012766098316269847e+00
5.012688889788906366e+00
5.012599581104213442e+00
5.012501598360457500e+00
5.012397189993851754e+00
5.012280404191905347e+00
5.012152327444844957e+00
5.012009815952248815e+00
5.011856406281211207e+00
5.011694130177117401e+00
5.011519863425261789e+00
5.011334051980144366e+00
5.011134672059186279e+00
5.010927365204758566e+00
5.010709485548056286e+00
5.010485742731459524e+00
5.010257737866111505e+00
5.010020444529573069e+00
5.009775861433218402e+00
5.009520211542467294e+00
5.009258076554606198e+00
5.008990477571705568e+00
5.008713692078808677e+00
5.008429018507221109e+00
5.008133615894684532e+00
5.007833268573949503e+00
5.007529013982485289e+00
5.007219174379925697e+00
5.006907378552925003e+00
5.006591821542452969e+00
5.006277755132390261e+00
5.005970338179243306e+00
5.005664545061510040e+00
5.005364341294836095e+00
5.005071435800264368e+00
5.004795468772271327e+00
5.004536280917445623e+00
5.004294688297878047e+00
5.004065375110577918e+00
5.003850162147055691e+00
5.003653192954580220e+00
5.003473751327465635e+00
5.003308639849047168e+00
5.003148361133855637e+00
5.002998744190183089e+00
5.002857763940911973e+00
5.002734802948754833e+00
5.002626014860790171e+00
5.002522552522342458e+00
5.002430536212843393e+00
5.002347802972865409e+00
5.002281825888414524e+00
5.002227295051772771e+00
5.002179124561582313e+00
5.002138275132959500e+00
5.002100003141890738e+00
5.002071158773246928e+00
5.002051882510055059e+00
5.002047106234163820e+00
5.002050101502023338e+00
5.002053789710548592e+00
5.002060368517336819e+00
5.002068935146594342e+00
5.002087020257526717e+00
5.002106058083515272e+00
5.002122567917028029e+00
5.002137017190031010e+00
5.002149535011771952e+00
5.002165020591849753e+00
5.002183753619240392e+00
5.002202839573649307e+00
5.002231646689390132e+00
5.002266663607944253e+00
5.002317954447852877e+00
5.002380821278120671e+00
5.002461333052989012e+00
5.002564074817846596e+00
5.002677500072667982e+00
5.002808532427796884e+00
5.002948734435983980e+00
5.003106509998241691e+00
5.003285819768707121e+00
5.003476180799108164e+00
5.003686859246146312e+00
5.003909109301668323e+00
5.004153004169266339e+00
5.004417198087820928e+00
5.004698003746369750e+00
5.004998782250830835e+00
5.005309723533491351e+00
5.005637711614171259e+00
5.005976336031952911e+00
5.006333116806844785e+00
5.006704102337160123e+00
5.007077777117289408e+00
5.007456125274099001e+00
5.007832725226677439e+00
5.008211987755991856e+00
5.008590396970311609e+00
5.008962777845362702e+00
5.009327139548758190e+00
5.009685927510062697e+00
5.010032895870306646e+00
5.010364042587378997e+00
5.010675269506673857e+00
5.010961116619210287e+00
5.011222063574741092e+00
5.011454392663935664e+00
5.011665648922125627e+00
5.011854285385259899e+00
5.012017553608664855e+00
5.012144947873228062e+00
5.012241780433604355e+00
5.012314991780357332e+00
5.012363609752418014e+00
5.012391904549938992e+00
5.012385933311803932e+00
5.012352522985224823e+00
5.012286797250766313e+00
5.012195353117916419e+00
5.012086861749324385e+00
5.011958057490323526e+00
5.011812195685838134e+00
5.011637587399367710e+00
5.011436834094260995e+00
5.011217325330857619e+00
