0.000000000000000000e+00
0.000000000000000000e+00
-1.295068841500324435e-08
-7.761138249406942315e-08
-2.406671023891250498e-07
-5.237431628302146172e-07
-9.769758776201343969e-07
-1.463462338051613755e-06
-2.238188988030742943e-06
2.223677931851852647e-06
1.577869732727777297e-05
3.991358890061746852e-05
8.174370485221517510e-05
1.450248619062222014e-04
2.379528337610281423e-04
3.662240875405587412e-04
5.314965171260156284e-04
7.407945578438557667e-04
9.995546562117847179e-04
1.315891928736618666e-03
1.691741496090344013e-03
2.141124680404117922e-03
2.665305323664596184e-03
3.273796438936641198e-03
3.974576964740206622e-03
4.776829480890681240e-03
5.680850222472597945e-03
6.706345155600954705e-03
7.851721793178965958e-03
9.135652631287027176e-03
1.055583313084070690e-02
1.212444066977922882e-02
1.386188328242723804e-02
1.577524691796725054e-02
1.787798151350443107e-02
2.017646983242456574e-02
2.267865106440011824e-02
2.538565233326380011e-02
2.830594226694528939e-02
3.144203498936120472e-02
3.481315836286965476e-02
3.842968955612603710e-02
4.226681545353357106e-02
4.634043499803965072e-02
5.064389780140345076e-02
5.515766486502116095e-02
5.989167764759485701e-02
6.484004929638331749e-02
6.997954145050469532e-02
7.533596590137903171e-02
8.088931098556940980e-02
8.666611924744074824e-02
9.265458002663079506e-02
9.883954420662346974e-02
1.052303434906047969e-01
1.118171001968426004e-01
1.186141951379818260e-01
1.256363339719814565e-01
1.328460480270428068e-01
1.402484680709881193e-01
1.478296311197322965e-01
1.556124998626751410e-01
1.635689307746929499e-01
1.717256809768719361e-01
1.800800694522900203e-01
1.886063380537076062e-01
1.973218013343853994e-01
2.061979044971509190e-01
2.152543826398893301e-01
2.244717814025922742e-01
2.338506044445081422e-01
2.433858592805906162e-01
2.530978347358747715e-01
2.629557503757520287e-01
2.729857648906751644e-01
2.831786312160535779e-01
2.935346366462751599e-01
3.040491844711347702e-01
3.147460557518049762e-01
3.256137837467237284e-01
3.366444660720868676e-01
3.478247679767652589e-01
3.591578818855329369e-01
3.706792177257581811e-01
3.823773957786604227e-01
3.942753089962048874e-01
4.063409079608960583e-01
4.185643245277447799e-01
4.309527339038891625e-01
4.435014165935559638e-01
4.562197066841169324e-01
4.690878273544353827e-01
4.821451868114514094e-01
4.953899969158214733e-01
5.088474358615917570e-01
5.225063695011180620e-01
5.363295485076944313e-01
5.503219570217172674e-01
5.644871284065288153e-01
5.788323308525127331e-01
5.933612515029950130e-01
6.080893303451582188e-01
6.230114819107099855e-01
6.380981411037489615e-01
6.533613945541426604e-01
6.688098193702742833e-01
6.844316031036421499e-01
7.002407731113479139e-01
7.162520588932081989e-01
7.324619843063399083e-01
7.489137150344893357e-01
7.655685617027326861e-01
7.824203266201065210e-01
7.994732393322037112e-01
8.167147447166486218e-01
8.341511107978862860e-01
8.518068195877116500e-01
8.697116293010752619e-01
8.878465427455941583e-01
9.061818780002633966e-01
9.247153629360240767e-01
9.434339989719432440e-01
9.623447097835583497e-01
9.814718164501233799e-01
1.000798850208286961e+00
1.020329188257222297e+00
1.040055817514424774e+00
1.059989158063894044e+00
1.080126236825948549e+00
1.100455461889272568e+00
1.120988878160482205e+00
1.141751011758810108e+00
1.162713233381277078e+00
1.183904889970785135e+00
1.205303799062734882e+00
1.226915465742117517e+00
1.248723796754843685e+00
1.270737966447836875e+00
1.292948821931845238e+00
1.315371190458304307e+00
1.338029469400412452e+00
1.360942748933798629e+00
1.384115694910056149e+00
1.407497047334677731e+00
1.431112617403037079e+00
1.454967221170432090e+00
1.479078370481498261e+00
1.503449009805686520e+00
1.528026741891868268e+00
1.552865461259849145e+00
1.577958668619163118e+00
1.603273576646812248e+00
1.628828135877616434e+00
1.654651764780051604e+00
1.680681821256644781e+00
1.706977266222007072e+00
1.733526247888571792e+00
1.760286232381827798e+00
1.787276045232779831e+00
1.814524644762046002e+00
1.841952182203299593e+00
1.869616791158682734e+00
1.897502435594565329e+00
1.925654026418692766e+00
1.954065271764762413e+00
1.982724923044211662e+00
2.011638978868491634e+00
2.040754925161368583e+00
2.070093547254569621e+00
2.099625734239585206e+00
2.129399463087088940e+00
2.159368256479270443e+00
2.189532562643058178e+00
2.219857009798056779e+00
2.250348152071006247e+00
2.280977224260337444e+00
2.311762396245963913e+00
2.342643460184104853e+00
2.373644784837730448e+00
2.404738747030265689e+00
2.435918094068534767e+00
2.467199734598167105e+00
2.498568648248679747e+00
2.530005790143973421e+00
2.561500696092612550e+00
2.593039165884025277e+00
2.624602207094199890e+00
2.656169988065727239e+00
2.687721072584159820e+00
2.719247707277305359e+00
2.750737143903739579e+00
2.782174052148826071e+00
2.813542164712913518e+00
2.844823821931846464e+00
2.876001826673515005e+00
2.907059277444846490e+00
2.937981609254843640e+00
2.968736418634421170e+00
2.999311479478842468e+00
3.029673379808432543e+00
3.059795459657675742e+00
3.089651645570761662e+00
3.119217041879660535e+00
3.148504611402518361e+00
3.177490295320517522e+00
3.206196099668509714e+00
3.234596797376639632e+00
3.262719768434531709e+00
3.290538617521292952e+00
3.318084255605704413e+00
3.345322569757468667e+00
3.372250872999198901e+00
3.398845888525016790e+00
3.425105375200279134e+00
3.451060658842094675e+00
3.476706298738487799e+00
3.502058020978935815e+00
3.527112711816795532e+00
3.551884185224540857e+00
3.576367525011070470e+00
3.600572263151176955e+00
3.624495912939079911e+00
3.648148938566216248e+00
3.671523806005486001e+00
3.694628042131432366e+00
3.717523888498315277e+00
3.740194350629815645e+00
3.762660299688348253e+00
3.784880775362023275e+00
3.806876903921136091e+00
3.828675812631615827e+00
3.850270961671837799e+00
3.871668616682061526e+00
3.892819672971734146e+00
3.913707262426385114e+00
3.934356833845147783e+00
3.954768821149835301e+00
3.974955543428429827e+00
3.994880762249001016e+00
4.014556141048439386e+00
4.034000468402870077e+00
4.053219258934029234e+00
4.072218561321266250e+00
4.090962516218192846e+00
4.109468052536018767e+00
4.127706492095954971e+00
4.145693074613578943e+00
4.163449006229408056e+00
4.180983084589011689e+00
4.198312989622122515e+00
4.215411652475363979e+00
4.232296363264090644e+00
4.248946894556053344e+00
4.265381369739540851e+00
4.281577602773674940e+00
4.297556451707849057e+00
4.313323201089867887e+00
4.328883056789407213e+00
4.344256732612619132e+00
4.359441685825357737e+00
4.374448014646540983e+00
4.389250830560695427e+00
4.403887159973155718e+00
4.418327558189403703e+00
4.432595859914791880e+00
4.446701555400861317e+00
4.460620342641842484e+00
4.474363104253781032e+00
4.487908306270611547e+00
4.501285176425946055e+00
4.514474777132047478e+00
4.527476328760160484e+00
4.540276469141019788e+00
4.552873453050626296e+00
4.565291022211087402e+00
4.577537422328961547e+00
4.589600237756742196e+00
4.601493290811552228e+00
4.613200683742536334e+00
4.624729015975965751e+00
4.636063171773924019e+00
4.647204742580427705e+00
4.658174404054654438e+00
4.668963592201246904e+00
4.679564628749861122e+00
4.689971379190457590e+00
4.700175737291349520e+00
4.710202011018766122e+00
4.720049451142324770e+00
4.729707942753805128e+00
4.739167811423314447e+00
4.748420035391819560e+00
4.757485946565640056e+00
4.766352961212169781e+00
4.775014935880673050e+00
4.783490660339366762e+00
4.791770382672321027e+00
4.799875363856327404e+00
4.807792382389079577e+00
4.815513242631923596e+00
4.823053350597392708e+00
4.830404026657115324e+00
4.837566674500476616e+00
4.844535594731341988e+00
4.851310366540919183e+00
4.857887267619143579e+00
4.864261872321139712e+00
4.870431240349780921e+00
4.876412346511852292e+00
4.882203045636188676e+00
4.887798676639568463e+00
4.893197221308720479e+00
4.898396008759511311e+00
4.903391598611844593e+00
4.908181876986993153e+00
4.912763965874685113e+00
4.917150857001318265e+00
4.921340261250509052e+00
4.925328365415109211e+00
4.929127068072332030e+00
4.932734028845799479e+00
4.936146885901464110e+00
4.939373813420308679e+00
4.942419466227067737e+00
4.945281497388851477e+00
4.947965223639977594e+00
4.950474063604843877e+00
4.952801736742031835e+00
4.954962892234099137e+00
4.956953749209416671e+00
4.958785559832823431e+00
4.960447713583482354e+00
4.961953318714869887e+00
4.963300348818076912e+00
4.964498556032551413e+00
4.965547848567141820e+00
4.966450546085610540e+00
4.967212066873683440e+00
4.967826148532107133e+00
4.968307475410178142e+00
4.968651148117854355e+00
4.968868119697793517e+00
4.968962214803099187e+00
4.968929565460197040e+00
4.968777108737043591e+00
4.968512809094749016e+00
4.968133685183488524e+00
4.967649177019262119e+00
4.967060601454937441e+00
4.966379862618411245e+00
4.965610724133219023e+00
4.964761517238582833e+00
4.963843147051298921e+00
4.962864177715742287e+00
4.961832497161590361e+00
4.960757859539949521e+00
4.959641812261902594e+00
4.958494222280346087e+00
4.957319241803847198e+00
4.956123153534495174e+00
4.954911781516636360e+00
4.953690630090201275e+00
4.952464351397718900e+00
4.951239575561848127e+00
4.950022195693816407e+00
4.948817775365675686e+00
4.947633757558429934e+00
4.946472910907829146e+00
4.945343668130004922e+00
4.944247398790682979e+00
4.943192853000724973e+00
4.942184856575692287e+00
4.941222408083046247e+00
4.940311822187864799e+00
4.939453718703949114e+00
4.938655332368576012e+00
4.937918014866077066e+00
4.937249001231752032e+00
4.936653213654421002e+00
4.936132548642120810e+00
4.935688093011044053e+00
4.935315620829126892e+00
4.935020100869944137e+00
4.934804094270578645e+00
4.934668284230641078e+00
4.934612091951779078e+00
4.934634484050104852e+00
4.934734450017344010e+00
4.934908612218928958e+00
4.935155329906624644e+00
4.935470759735685498e+00
4.935852992140930873e+00
4.936299919427615812e+00
4.936807152868490256e+00
4.937372527026813174e+00
4.937992021904568318e+00
4.938663332180360577e+00
4.939383068175295044e+00
4.940148088426569828e+00
4.940955863089540046e+00
4.941806099132874053e+00
4.942691751734593630e+00
4.943606202990987519e+00
4.944546661616541883e+00
4.945509967000463192e+00
4.946495164425352087e+00
4.947494971842744782e+00
4.948503444657900374e+00
4.949517790989257371e+00
4.950534888596512140e+00
4.951552965955116292e+00
4.952570392952539535e+00
4.953585786910036148e+00
4.954595020131448813e+00
4.955596909315566734e+00
4.956587821857313614e+00
4.957566660435179351e+00
4.958530395270565272e+00
4.959478708447197626e+00
4.960412814111689883e+00
4.961330827788691167e+00
4.962232789711337411e+00
4.963116325230579662e+00
4.963981107936482395e+00
4.964824569688420119e+00
4.965642496736029976e+00
4.966429905236940279e+00
4.967182808981519315e+00
4.967900029883963064e+00
4.968580454976541105e+00
4.969224352107626252e+00
4.969829773695452424e+00
4.970395150535982687e+00
4.970920577922145256e+00
4.971406080478113054e+00
4.971852501944881375e+00
4.972258318753223882e+00
4.972622465805391911e+00
4.972945191168468781e+00
4.973226736502032175e+00
4.973467955903391413e+00
4.973669773207288536e+00
4.973835401625615660e+00
4.973968279014584937e+00
4.974070393654760558e+00
4.974144402707239010e+00
4.974191769987587719e+00
4.974214932061508776e+00
4.974213673674598546e+00
4.974186896625537813e+00
4.974135620523807866e+00
4.974059802624029025e+00
4.973961144056735506e+00
4.973839940805553361e+00
4.973699254686579252e+00
4.973543222923398233e+00
4.973373416182220730e+00
4.973193244547219116e+00
4.973003618982256846e+00
4.972807565056354129e+00
4.972605371051103340e+00
4.972395237856180650e+00
4.972178756170541725e+00
4.971955304876537696e+00
4.971727074351730558e+00
4.971493809916646356e+00
4.971256785639197595e+00
4.971018396750658930e+00
4.970781647213368792e+00
4.970550232217281206e+00
4.970324016552984503e+00
4.970105409291207366e+00
4.969896581456631601e+00
4.969699510358841721e+00
4.969516146578461857e+00
4.969348277174503892e+00
4.969197720079320035e+00
4.969067055596608107e+00
4.968953080768335084e+00
4.968854587697062009e+00
4.968772001214895262e+00
4.968706508408870626e+00
4.968660998693305686e+00
4.968632344938452405e+00
4.968619348277207415e+00
4.968622456327938863e+00
4.968642953610905799e+00
4.968683319105693386e+00
4.968742877235563071e+00
4.968822998246104738e+00
4.968919263947681131e+00
4.969029543595315346e+00
4.969153346493767387e+00
4.969291122145878425e+00
4.969444783572034119e+00
4.969610413219705869e+00
4.969786201529130309e+00
4.969971963390634073e+00
4.970168316624984151e+00
4.970376961268410554e+00
4.970595914907680601e+00
4.970826361011639882e+00
4.971067602597104340e+00
4.971317291669475225e+00
4.971572284325884716e+00
4.971828644741252745e+00
4.972087567690685717e+00
4.972348169702962117e+00
4.972608934193774033e+00
4.972867765296174802e+00
4.973122583497239901e+00
4.973375994674785971e+00
4.973628856092615180e+00
4.973880676608456675e+00
4.974130246192141058e+00
4.974375913031323648e+00
4.974620688743812913e+00
4.974865723047329880e+00
4.975110679864808816e+00
4.975354473907425579e+00
4.975595361813828887e+00
4.975832359809353456e+00
4.976065011694951856e+00
4.976292034778668771e+00
4.976511722970679230e+00
4.976726696118636717e+00
4.976937712933793279e+00
4.977144058123155190e+00
4.977344142366124657e+00
4.977536145709379412e+00
4.977722538690938947e+00
4.977904297821149626e+00
4.978085596449598249e+00
4.978268558811321576e+00
4.978453340735211619e+00
4.978639114089234319e+00
4.978824156839324999e+00
4.979011369068100379e+00
4.979201785810215775e+00
4.979394841883255651e+00
4.979589127115829683e+00
4.979782527517452095e+00
4.979977705236449559e+00
4.980175498593524708e+00
4.980375268831775060e+00
4.980575452856645491e+00
4.980773949250505872e+00
4.980973398182467982e+00
4.981174479182736370e+00
4.981381546519624059e+00
4.981596510521995924e+00
4.981819180287348381e+00
4.982048260010706109e+00
4.982281174193994744e+00
4.982520545702352699e+00
4.982766777854337192e+00
4.983019346371217573e+00
4.983276845309807079e+00
4.983537306170834569e+00
4.983804231025202647e+00
4.984079074300749923e+00
4.984362062327488907e+00
4.984652366749867447e+00
4.984948609471245184e+00
4.985249157231225858e+00
4.985551877394244435e+00
4.985858187321499102e+00
4.986166066899820670e+00
4.986476677022799286e+00
4.986788026206119717e+00
4.987101073115987937e+00
4.987419237866921762e+00
4.987741625681443303e+00
4.988070267066282426e+00
4.988403472304266728e+00
4.988742673173469200e+00
4.989086212888283356e+00
4.989429556578322433e+00
4.989772289283499696e+00
4.990111344978139130e+00
4.990446860901937676e+00
4.990776445530282324e+00
4.991100650057124000e+00
4.991422137804257808e+00
4.991740004867243563e+00
4.992055926397371834e+00
4.992368415053862307e+00
4.992678517028618757e+00
4.992984335441073007e+00
4.993281762748887687e+00
4.993570213857969620e+00
4.993846955355187411e+00
4.994111816119333191e+00
4.994362351838430136e+00
4.994596725609084409e+00
4.994813661575248531e+00
4.995012107249280575e+00
4.995191160216856829e+00
4.995350098591227805e+00
4.995488244667579458e+00
4.995605064202030654e+00
4.995699980752474012e+00
4.995772360488704322e+00
4.995821755123257546e+00
4.995848820593606021e+00
4.995857892831486957e+00
4.995851778765140416e+00
4.995832260150860016e+00
4.995800310363924801e+00
4.995756803257322076e+00
4.995702014700439619e+00
4.995636151335133945e+00
4.995559029611690960e+00
4.995470612994328263e+00
4.995370859107866046e+00
4.995259270113825423e+00
4.995135567956536349e+00
4.994999239523827406e+00
4.994850016268833848e+00
4.994687605607255776e+00
4.994511456596598009e+00
4.994321869625642840e+00
4.994121673400445438e+00
4.993910872875644280e+00
4.993692486560834531e+00
4.993466722699743343e+00
4.993236824474227120e+00
4.993003514758241224e+00
4.992765583540242247e+00
4.992525880238902758e+00
4.992284927940858097e+00
4.992046636692180073e+00
4.991812550066901721e+00
4.991581463734550361e+00
4.991356838974100540e+00
4.991139147221040240e+00
4.990932462098938593e+00
4.990737872230750938e+00
4.990559985018265365e+00
4.990401016431789571e+00
4.990259846704940827e+00
4.990140268006292068e+00
4.990042434516292147e+00
4.989971160711649922e+00
4.989928765897568397e+00
4.989914629378985111e+00
4.989927245845248827e+00
4.989962993207083919e+00
4.990024101039089999e+00
4.990109432827376956e+00
4.990222685768896049e+00
4.990365751119025362e+00
4.990537411881305729e+00
4.990735611369527369e+00
4.990955824473566338e+00
4.991199816533989697e+00
4.991467791007525356e+00
4.991757517730510685e+00
4.992066091293162700e+00
4.992388917015559535e+00
4.992727162683077147e+00
4.993080549718507122e+00
4.993447857679494284e+00
4.993828239248760958e+00
4.994220380739935905e+00
4.994623187588222990e+00
4.995035326400467213e+00
4.995455561050841986e+00
4.995882676237890507e+00
4.996315353842150309e+00
4.996752349095116230e+00
4.997192231410813257e+00
4.997633756095243740e+00
4.998075627864969839e+00
4.998516542793882245e+00
4.998955275261475428e+00
4.999390494445040467e+00
4.999822062099052999e+00
5.000245443427636438e+00
5.000657837124242278e+00
5.001053391987158037e+00
5.001429088594091965e+00
5.001783949875903801e+00
5.002118023292792870e+00
5.002431098365856421e+00
5.002719425515903318e+00
5.002981592671646105e+00
5.003217496158254285e+00
5.003428262708407459e+00
5.003615047851276643e+00
5.003779667516870866e+00
5.003922418210356327e+00
5.004040945026725140e+00
5.004134361514522844e+00
5.004202648558354838e+00
5.004247248031830964e+00
5.004268643805923844e+00
5.004268254761996992e+00
5.004247629175376133e+00
5.004211893166362835e+00
5.004164741263672944e+00
5.004107772462019099e+00
5.004043567419001803e+00
5.003972540740804220e+00
5.003895701454901257e+00
5.003813877027430301e+00
5.003726742291771501e+00
5.003635258316941226e+00
5.003538960503362887e+00
5.003438066985406607e+00
5.003332920042747212e+00
5.003223253186741104e+00
5.003109312398308361e+00
5.002990618716874671e+00
5.002867258550549145e+00
5.002739445526104056e+00
5.002609658749724630e+00
5.002476508865083105e+00
5.002340755663762906e+00
5.002200377449343982e+00
5.002055745465630920e+00
5.001906328616612996e+00
5.001753863530182365e+00
5.001596810022318707e+00
5.001436107778871154e+00
5.001270005671257124e+00
5.001098971130277349e+00
5.000925031887318184e+00
5.000750997947481125e+00
5.000580546824213712e+00
5.000412487132427586e+00
5.000247477484818681e+00
5.000087839892087160e+00
4.999936543121886068e+00
4.999797981806050728e+00
4.999670879157211978e+00
4.999556263197165507e+00
4.999451152119738673e+00
4.999355014167680800e+00
4.999269895531189611e+00
4.999192848057439242e+00
4.999123745193657875e+00
4.999058831260494884e+00
4.998997128928035494e+00
4.998939757510975745e+00
4.998888860532039402e+00
4.998848092291460432e+00
4.998815892190629384e+00
4.998793066943486352e+00
4.998776505673028225e+00
4.998765589202244897e+00
4.998762136699530956e+00
4.998763268594645481e+00
4.998768837910627205e+00
4.998775153835902429e+00
4.998781283978622092e+00
4.998788415998586920e+00
4.998797437423508683e+00
4.998808901112661296e+00
4.998823275521299792e+00
4.998840831029829346e+00
4.998863451204397457e+00
4.998888607775461068e+00
4.998915898958820492e+00
4.998946756825916715e+00
4.998983401323803477e+00
4.999029318255507448e+00
4.999082768310927349e+00
4.999144004847058120e+00
4.999213725121826712e+00
4.999292723460258436e+00
4.999382593760403282e+00
4.999479026215287725e+00
4.999579395966740059e+00
4.999682675589013137e+00
4.999788417581606303e+00
4.999896918179604022e+00
5.000008248238030362e+00
5.000122146101806386e+00
5.000241538647701489e+00
5.000366665570204816e+00
5.000495034501095226e+00
5.000628523536164494e+00
5.000766224887359890e+00
5.000910749331255012e+00
5.001062118576978577e+00
5.001217542037507791e+00
5.001378799423717325e+00
5.001544768501215543e+00
5.001718060549491085e+00
5.001898684788637972e+00
5.002083835460388705e+00
5.002275298226765976e+00
5.002471958182892919e+00
5.002676394701145668e+00
5.002888527128988017e+00
5.003106200721257224e+00
5.003326204538486977e+00
5.003544357482486049e+00
5.003761339586370482e+00
5.003975733488940314e+00
5.004184513397657241e+00
5.004383787185095578e+00
5.004569629009955278e+00
5.004742239739887744e+00
5.004900668978832456e+00
5.005046799143919145e+00
5.005180239191421521e+00
5.005299429491304686e+00
5.005406117595873283e+00
5.005500347742952272e+00
5.005584841452681566e+00
5.005659802014151616e+00
5.005723547156111231e+00
5.005774952520758880e+00
5.005813319215693724e+00
5.005838267286916832e+00
5.005849522748640368e+00
5.005846877523318028e+00
5.005830037446311387e+00
5.005798541914291633e+00
5.005752060391561287e+00
5.005690146136649865e+00
5.005612486634955616e+00
5.005518673394426798e+00
5.005408283180177165e+00
5.005280827485576012e+00
5.005135938913181093e+00
5.004973172467752640e+00
5.004792689007325990e+00
5.004596266966864881e+00
5.004383016150995900e+00
5.004154009406074799e+00
5.003908120520963010e+00
5.003646908790423176e+00
5.003373244364364147e+00
5.003087015148802053e+00
5.002789839298083407e+00
5.002480743505612004e+00
5.002161102012351535e+00
5.001832117789045462e+00
5.001498663776176024e+00
5.001163691297726643e+00
5.000828497313515086e+00
5.000493600011423290e+00
5.000158773303583715e+00
4.999828381330326366e+00
4.999504904799715099e+00
4.999192584265574446e+00
4.998890739024236751e+00
4.998601374716116652e+00
4.998322335366710334e+00
4.998054044392509887e+00
4.997799643163186367e+00
4.997557329495054823e+00
4.997328529988033452e+00
4.997110593297136916e+00
4.996903541680974392e+00
4.996710333690596251e+00
4.996529015262228590e+00
4.996360922545743044e+00
4.996203329243314784e+00
4.996056491310325143e+00
4.995919739498375201e+00
4.995796966521618643e+00
4.995688520731953020e+00
4.995598772947294819e+00
4.995529630292756096e+00
4.995480291165029563e+00
4.995448951121969294e+00
4.995431758162184543e+00
4.995430614996247520e+00
4.995445265514089073e+00
4.995473721733095118e+00
4.995513052239792806e+00
4.995559111733699709e+00
4.995613277235779748e+00
4.995674486442249318e+00
4.995745796042275977e+00
4.995827787772533668e+00
4.995918533543837192e+00
4.996019015910815320e+00
4.996126118928904347e+00
4.996239399158175054e+00
4.996360865899140968e+00
4.996488065452093785e+00
4.996621442728454987e+00
4.996757625837589423e+00
4.996896038505028059e+00
4.997038404143194334e+00
4.997182694443279338e+00
4.997329740079828220e+00
4.997477115730532660e+00
4.997625176117533208e+00
4.997774132166766137e+00
4.997924099380858465e+00
4.998075190542972557e+00
4.998227411306238821e+00
4.998380774820930128e+00
4.998535303559862086e+00
4.998689397529475720e+00
4.998840211017764545e+00
4.998989135104008774e+00
4.999135545783452983e+00
4.999282083756067863e+00
4.999429069052227170e+00
4.999574697672166224e+00
4.999721309759430632e+00
4.999868724283538235e+00
5.000020083722434450e+00
5.000176101832425779e+00
5.000335120077019191e+00
5.000494432377402987e+00
5.000650383925770548e+00
5.000803856032674410e+00
5.000953785816912855e+00
5.001098311173506339e+00
5.001235316044428281e+00
5.001362797480784828e+00
5.001483221214972019e+00
5.001597379513791353e+00
5.001704644023216240e+00
5.001803763846642603e+00
5.001893369874693462e+00
5.001976292201094410e+00
5.002053648124225482e+00
5.002125018581523364e+00
5.002189313189833619e+00
5.002244700591786497e+00
5.002289025949088419e+00
5.002320580154432150e+00
5.002341653716525727e+00
5.002352961739766180e+00
5.002353945087911313e+00
5.002343270673686781e+00
5.002319795153839621e+00
5.002286224972728235e+00
5.002243696378815052e+00
5.002191849986362016e+00
5.002129446423882797e+00
5.002055370288239544e+00
5.001972422555359898e+00
5.001881871076572672e+00
5.001784358883548443e+00
5.001680158267068244e+00
5.001569420334221583e+00
5.001452306464584829e+00
5.001329145098375228e+00
5.001200269993664627e+00
5.001066021483663526e+00
5.000926794560899502e+00
5.000783082714577610e+00
5.000635238115016534e+00
5.000483651908386840e+00
5.000328761592779614e+00
5.000170971185242230e+00
5.000010744661365969e+00
4.999848485600477233e+00
4.999685724314576696e+00
4.999524800360476640e+00
4.999368563846028124e+00
4.999220654221525173e+00
4.999079276856308596e+00
4.998944646569242423e+00
4.998818215823075839e+00
4.998702297902009484e+00
4.998600430295145003e+00
4.998510390354593547e+00
4.998432324195553278e+00
4.998365897058780760e+00
4.998310834297250871e+00
4.998266883629645108e+00
4.998233511722451006e+00
4.998210368512468804e+00
4.998196751887248546e+00
4.998192167571492206e+00
4.998195873574390546e+00
4.998209753605572736e+00
4.998231680471019622e+00
4.998262111061287705e+00
4.998304153630545699e+00
4.998356057015285181e+00
4.998419061257541429e+00
4.998490501382425677e+00
4.998570728004947838e+00
4.998659177321045810e+00
4.998756681364999288e+00
4.998864962189498051e+00
4.998987057470755779e+00
4.999120557039083756e+00
4.999265180147291154e+00
4.999420572753103365e+00
4.999586382350923230e+00
4.999762507035436343e+00
4.999948583758474285e+00
5.000144575267136737e+00
5.000350118196606353e+00
5.000565118837207557e+00
5.000789702507705492e+00
5.001018050286026195e+00
5.001246429096013024e+00
5.001472209832667382e+00
5.001693687374738850e+00
5.001909351117014957e+00
5.002118157531172393e+00
5.002319601300209584e+00
5.002513081143647788e+00
5.002698312300293715e+00
5.002874762891829974e+00
5.003042112133504915e+00
5.003200296229721289e+00
5.003349031890779841e+00
5.003488199404477754e+00
5.003617486824318839e+00
5.003736771932840277e+00
5.003846088155210481e+00
5.003946934510992151e+00
5.004041636391582060e+00
5.004132956695782397e+00
5.004219216519074642e+00
5.004300271851049864e+00
5.004372673054265697e+00
5.004435528932178912e+00
5.004489703207317675e+00
5.004537048759909013e+00
5.004579910082782135e+00
5.004616385689975466e+00
5.004646649990269758e+00
5.004672282893250390e+00
5.004695659406523056e+00
5.004719774274660082e+00
5.004742979010141646e+00
5.004765374943188405e+00
5.004783498319837598e+00
5.004796389449427174e+00
5.004804876168297056e+00
5.004808982599449507e+00
5.004807828092549649e+00
5.004800216403623381e+00
5.004785073909975068e+00
5.004765666691187498e+00
5.004743809642336672e+00
5.004719742611581701e+00
5.004693172225327835e+00
5.004663270901021477e+00
5.004631629293383455e+00
5.004597008177609219e+00
5.004555858108745703e+00
5.004508200521179617e+00
5.004451820138439366e+00
5.004387225043557486e+00
5.004312662538668910e+00
5.004228665438077428e+00
5.004137310721509024e+00
5.004041534616209042e+00
5.003944964372150750e+00
5.003846711786993140e+00
5.003747792933665117e+00
5.003648443464717488e+00
5.003553351043320774e+00
5.003465615949190592e+00
5.003386665527306043e+00
5.003317290046781274e+00
5.003257337110644798e+00
5.003206408755450418e+00
5.003163942932679298e+00
5.003128910603063417e+00
5.003100298040606297e+00
5.003076812979356802e+00
5.003057091525348277e+00
5.003039917868386866e+00
5.003023866143134768e+00
5.003007611928565801e+00
5.002989676242519224e+00
5.002968615504737038e+00
5.002943171744058226e+00
5.002914527365295960e+00
5.002880440330421230e+00
5.002841119183515595e+00
5.002793959061904161e+00
5.002739151408254870e+00
5.002678721169300680e+00
5.002611873032817513e+00
5.002540358243802388e+00
5.002463308260137076e+00
5.002382368095512177e+00
5.002296369051855152e+00
5.002202123873230377e+00
5.002099924268495812e+00
5.001987904705401000e+00
5.001867041554595161e+00
5.001735947201321864e+00
5.001596382981460032e+00
5.001451796306591646e+00
5.001302284295032763e+00
5.001150582911739306e+00
5.000996169107327027e+00
5.000841204919212579e+00
5.000684793744526679e+00
5.000523707926564754e+00
5.000358679689758112e+00
5.000187758583865438e+00
5.000012094047209921e+00
4.999830105215600895e+00
4.999642238360188173e+00
4.999450436555139987e+00
4.999257149905256270e+00
4.999065670151552787e+00
4.998874193731984938e+00
4.998683092318764842e+00
4.998493953109076848e+00
4.998309162561140440e+00
4.998132027726911453e+00
4.997963966489127330e+00
4.997804683059742459e+00
4.997652938928744959e+00
4.997506467126598295e+00
4.997368183009615272e+00
4.997239152411288465e+00
4.997118773659980029e+00
4.997005624924145017e+00
4.996897378940425405e+00
4.996796780092933155e+00
4.996704830624454807e+00
4.996620892253064383e+00
4.996543467994139398e+00
4.996470329039089719e+00
4.996404127505899240e+00
4.996345499776595034e+00
4.996297372010828575e+00
4.996257636858441487e+00
4.996227109201077710e+00
4.996202368011522843e+00
4.996182903830719724e+00
4.996170606973406869e+00
4.996162735730700355e+00
4.996159605845692298e+00
4.996157540873332970e+00
4.996156004231102621e+00
4.996156383280882629e+00
4.996160704889168080e+00
4.996171708802991773e+00
4.996190714444798786e+00
4.996217827184425531e+00
4.996252426935660296e+00
4.996293044548782092e+00
4.996343512462753544e+00
4.996405903959947992e+00
4.996480746285360652e+00
4.996567754649859694e+00
4.996665407947568305e+00
4.996777685291438509e+00
4.996906909474476244e+00
4.997053665991246341e+00
4.997217810328423049e+00
4.997398437491924028e+00
4.997594328920661688e+00
4.997803963038443875e+00
4.998025489679841726e+00
4.998256949882326161e+00
4.998496281083046000e+00
4.998741381957500174e+00
4.998990024670331600e+00
4.999240035030364737e+00
4.999489202804237031e+00
4.999735309395313188e+00
4.999976155839234160e+00
5.000209897558510086e+00
5.000439399878799485e+00
5.000665993920831554e+00
5.000889816272376720e+00
5.001110363628088251e+00
5.001326656795410663e+00
5.001539836719004484e+00
5.001752781800297143e+00
5.001964268002032199e+00
5.002175452939539468e+00
5.002384123343347255e+00
5.002590645316360884e+00
5.002793661865708508e+00
5.002990448686595926e+00
5.003177629604306453e+00
5.003351858451334344e+00
5.003514026708272944e+00
5.003663864170504461e+00
5.003803942340729449e+00
5.003934711671736757e+00
5.004055235914257160e+00
5.004168204178404800e+00
5.004274260836956145e+00
5.004377076912041922e+00
5.004477794214452935e+00
5.004575517240281712e+00
5.004668155403177998e+00
5.004753021837513138e+00
5.004831627763178581e+00
5.004903642122935814e+00
5.004968323216144377e+00
5.005024695105221078e+00
5.005072117296350598e+00
5.005114318367396287e+00
5.005153513990644676e+00
5.005190691735897701e+00
5.005226143873134248e+00
5.005259587261662979e+00
5.005291851111524082e+00
5.005324739173357074e+00
5.005355391071479865e+00
5.005382987991742638e+00
5.005408358652911893e+00
5.005433111681905523e+00
5.005459640589379866e+00
5.005485433118719740e+00
5.005509845269680902e+00
5.005528609427694064e+00
5.005539994198900722e+00
5.005544177802350170e+00
5.005542280861247306e+00
5.005535987827300026e+00
5.005522733604142793e+00
5.005501798273603420e+00
5.005474178715216382e+00
5.005441428507751311e+00
5.005405825207549064e+00
5.005365015374104942e+00
5.005318354427423344e+00
5.005266985728945350e+00
5.005212611801531430e+00
5.005157565277611020e+00
5.005099487228859445e+00
5.005037712653707338e+00
5.004970118211191199e+00
5.004898089751210755e+00
5.004821022486854787e+00
5.004741246633773066e+00
5.004658582283725288e+00
5.004571037095581154e+00
5.004480292860959523e+00
5.004385801999440275e+00
5.004290140614456206e+00
5.004193409260904168e+00
5.004093341844698450e+00
5.003991870012677090e+00
5.003888306132129316e+00
5.003785383243657847e+00
5.003683176095210960e+00
5.003579408888318092e+00
5.003476007672571058e+00
5.003372313835271257e+00
5.003271020863748753e+00
5.003172125898844413e+00
5.003077545285766980e+00
5.002985227907617904e+00
5.002895482050796261e+00
5.002810652860049778e+00
5.002730231758746093e+00
5.002657154298924880e+00
5.002591774234153910e+00
5.002531813074439171e+00
5.002479394724198336e+00
5.002433739955142400e+00
5.002397731441144302e+00
5.002371671303246004e+00
5.002353257012856602e+00
5.002342988261789358e+00
5.002337584781181512e+00
5.002336545532508616e+00
5.002341491872268620e+00
5.002353900616347993e+00
5.002374744884495072e+00
5.002405104815319525e+00
5.002445574217767366e+00
5.002496637721837835e+00
5.002558795415156467e+00
5.002632024294056734e+00
5.002716461034782292e+00
5.002811771730251600e+00
5.002917757850431357e+00
5.003034402789838353e+00
5.003161397218993223e+00
5.003298624173095455e+00
5.003445633655704050e+00
5.003602257060178360e+00
5.003768575402267160e+00
5.003939686199941228e+00
5.004113368491001523e+00
5.004283691408401680e+00
5.004447677420742480e+00
5.004604410590894226e+00
5.004754083311475199e+00
5.004897425934962563e+00
5.005030948330006169e+00
5.005153271124055614e+00
5.005264516711523726e+00
5.005365625607139712e+00
5.005457686908832748e+00
5.005537591219238358e+00
5.005604198045388031e+00
5.005657806467555204e+00
5.005699473876797256e+00
5.005730777763587547e+00
5.005752860660489745e+00
5.005766740894234346e+00
5.005775981682291764e+00
5.005781694855012454e+00
5.005783001287689160e+00
5.005782646280403370e+00
5.005781010940099307e+00
5.005781577141151573e+00
5.005785493832499711e+00
5.005791442210156816e+00
5.005798956591005933e+00
5.005808069660397486e+00
5.005819279277766931e+00
5.005833468834007149e+00
5.005846117342425572e+00
5.005854721630294435e+00
5.005857932056078319e+00
5.005855355013464347e+00
5.005846933328267134e+00
5.005831784767053705e+00
5.005808687180235417e+00
5.005780400068453595e+00
5.005748201562512989e+00
5.005712704696182236e+00
5.005674431408245972e+00
5.005633582650174773e+00
5.005591793633487718e+00
5.005551806441928875e+00
5.005512018227438631e+00
5.005472751888865979e+00
5.005430957815096171e+00
5.005386039549901689e+00
5.005339378514744197e+00
5.005288268821731279e+00
5.005232198951252265e+00
5.005167737254359039e+00
5.005094100158148152e+00
5.005012469371268757e+00
5.004923042101273367e+00
5.004824961084360702e+00
5.004717382747167598e+00
5.004599409704517221e+00
5.004474482541393598e+00
5.004344398049127562e+00
5.004209282030772421e+00
5.004069248610597320e+00
5.003923178664830829e+00
5.003771406491710039e+00
5.003614344434305750e+00
5.003450626084073427e+00
5.003278071121737725e+00
5.003097925340251884e+00
5.002909919531512095e+00
5.002716394761072216e+00
5.002517541558907155e+00
5.002311706790194989e+00
5.002100805142388751e+00
5.001884856918320743e+00
5.001666575656698477e+00
5.001446458776907633e+00
5.001222852045166256e+00
5.000997831435370244e+00
5.000771400654183019e+00
5.000546450359241391e+00
5.000323529490696473e+00
5.000105890096592454e+00
4.999894319442526935e+00
4.999687168379740143e+00
4.999486813494430137e+00
4.999292909657076400e+00
4.999108535224067396e+00
4.998934340165423151e+00
4.998768142783510449e+00
4.998612335515635330e+00
4.998466310794891676e+00
4.998333218363540276e+00
4.998213754813613185e+00
4.998105594595389611e+00
4.998011194491254194e+00
4.997929918836296892e+00
4.997864858787933073e+00
4.997816193961033271e+00
4.997786789916417227e+00
4.997775157158459436e+00
4.997782661486844802e+00
4.997813520066402226e+00
4.997866984613201780e+00
4.997945539073980648e+00
4.998047287164218311e+00
4.998174170253759208e+00
4.998324881073047621e+00
4.998494625899900790e+00
4.998683255061466824e+00
4.998887348331470193e+00
4.999107132300694367e+00
4.999340192943771299e+00
4.999581416759599328e+00
4.999830070108134628e+00
5.000082772269804465e+00
5.000339439202059921e+00
5.000597261887005374e+00
5.000856584113053671e+00
5.001118552990218902e+00
5.001379598926713577e+00
5.001638183359017553e+00
5.001894282761922383e+00
5.002148773435463269e+00
5.002403044763913620e+00
5.002653841290583436e+00
5.002899720266420047e+00
5.003139500699893105e+00
5.003372027043208270e+00
5.003596341505602396e+00
5.003811744254037741e+00
5.004017544601067513e+00
5.004213177457407902e+00
5.004398009523703728e+00
5.004571591399564312e+00
5.004733412198676845e+00
5.004883004425046522e+00
5.005020014818710727e+00
5.005143818667112221e+00
5.005254285221872657e+00
5.005351776320440926e+00
5.005437108080788455e+00
5.005511529248163782e+00
5.005576185433151082e+00
5.005632082538636674e+00
5.005676033997866092e+00
5.005707006236031376e+00
5.005725599705899143e+00
5.005732934753602592e+00
5.005730504129738634e+00
5.005715784569461313e+00
5.005688848080303011e+00
5.005651092558823123e+00
5.005604844043687329e+00
5.005552740666739275e+00
5.005493065590695956e+00
5.005426010342041820e+00
5.005350784870522318e+00
5.005270352807553280e+00
5.005185962390812371e+00
5.005100553991931100e+00
5.005014009928990149e+00
5.004928205289605359e+00
5.004842192620697183e+00
5.004752460417065230e+00
5.004658975151095035e+00
5.004559511008400463e+00
5.004454447512243220e+00
5.004341870403576920e+00
5.004222858293641885e+00
5.004100518037294165e+00
5.003974464514022280e+00
5.003846626306613032e+00
5.003715990545889447e+00
5.003584014928629919e+00
5.003450367028554169e+00
5.003312791303460294e+00
5.003168270063314438e+00
5.003013561644318763e+00
5.002849612381968569e+00
5.002675541096095913e+00
5.002489443083023346e+00
5.002288806994175552e+00
5.002071547169900434e+00
5.001839462347989596e+00
5.001592630461518141e+00
5.001329926193418984e+00
5.001049059291097443e+00
5.000748463158221746e+00
5.000430113558383738e+00
5.000094270703108634e+00
4.999740614589961218e+00
4.999367986057611901e+00
4.998976262059721343e+00
4.998569038656265562e+00
4.998147529807599021e+00
4.997712510225087890e+00
4.997263490256578677e+00
4.996800544966668589e+00
4.996327545230001554e+00
4.995846566890089768e+00
4.995362377424448219e+00
4.994876434315649760e+00
4.994392790605036936e+00
4.993912788663713798e+00
4.993435035791901733e+00
4.992962282743958369e+00
4.992494126368967500e+00
4.992033727314975522e+00
4.991581489366200053e+00
4.991138390411343551e+00
4.990705764253344334e+00
4.990285029408243034e+00
4.989877861586120567e+00
4.989486021172908181e+00
4.989112337116805129e+00
4.988753217232135384e+00
4.988406871665922893e+00
4.988072901476828136e+00
4.987751592208354623e+00
4.987444061205445145e+00
4.987150095791278659e+00
4.986867711559592742e+00
4.986600087933897640e+00
4.986347745970546086e+00
4.986115330435990423e+00
4.985905318331626646e+00
4.985717868559714994e+00
4.985552105695661318e+00
4.985405357169639728e+00
4.985280620508547145e+00
4.985179105723928750e+00
4.985100064935814146e+00
4.985041954197641623e+00
4.985001639101375837e+00
4.984981955941023557e+00
4.984982938698798272e+00
4.985008371982098119e+00
4.985057217392443896e+00
4.985132227234846169e+00
4.985233528141236548e+00
4.985356741382113377e+00
4.985502963692255207e+00
4.985669227794119251e+00
4.985856918163904083e+00
4.986064935915479168e+00
4.986288432695276995e+00
4.986527916316248366e+00
4.986780323826081052e+00
4.987046775475448612e+00
4.987325142540343315e+00
4.987614861514724218e+00
4.987916075337983202e+00
4.988229478348350732e+00
4.988555969793654121e+00
4.988896597821569578e+00
4.989253451872921907e+00
4.989622499842501391e+00
4.990001674119688424e+00
4.990390127908743700e+00
4.990787693795121882e+00
4.991195530977405426e+00
4.991608855959333013e+00
4.992025248345291821e+00
4.992443671908532998e+00
4.992863863196527419e+00
4.993286485273694453e+00
4.993709013771568728e+00
4.994131874714350161e+00
4.994554020475900025e+00
4.994972587947105858e+00
4.995384297978436194e+00
4.995785630468581040e+00
4.996177365120803238e+00
4.996558640275453378e+00
4.996926825318787735e+00
4.997278722126338835e+00
4.997611401427838551e+00
4.997925625492188217e+00
4.998221255459193380e+00
4.998500211175831431e+00
4.998761960652024605e+00
4.999004827115983041e+00
4.999230025571137048e+00
4.999437246166466231e+00
4.999628347933589012e+00
4.999803104859142699e+00
4.999961496789305571e+00
5.000105864314659421e+00
5.000236048318742910e+00
5.000350848401263093e+00
5.000451959261968504e+00
5.000539496068209466e+00
5.000616228713020917e+00
5.000682669321373730e+00
5.000741020075343712e+00
5.000790331221483420e+00
5.000832197500690413e+00
5.000869800934865772e+00
5.000902511218859203e+00
5.000932047332003805e+00
5.000956861381250285e+00
5.000978103026113786e+00
5.000998876390344350e+00
5.001018309284531504e+00
5.001038119295675877e+00
5.001056618288689748e+00
5.001074805656511302e+00
5.001094421561405490e+00
5.001112226100935310e+00
5.001127015246142449e+00
5.001139111685166228e+00
5.001149557650619748e+00
5.001160122644919603e+00
5.001168650009617522e+00
5.001175407813112095e+00
5.001180970125546743e+00
5.001186085017811145e+00
5.001191685318894464e+00
5.001197622602754578e+00
5.001203193858795970e+00
5.001207295900799821e+00
5.001208611368615387e+00
5.001205459722381619e+00
5.001196156382041735e+00
5.001178712740487420e+00
5.001151329153630698e+00
5.001112074936221674e+00
5.001059271973039344e+00
5.000993038202117269e+00
5.000910234954621281e+00
5.000809778133820771e+00
5.000688200667913641e+00
5.000544868773260987e+00
5.000381154558100505e+00
5.000199248316177680e+00
5.000001740409472539e+00
4.999787477879265474e+00
4.999557412481347107e+00
4.999313859278747607e+00
4.999060064712951501e+00
4.998799358876835797e+00
4.998530900078308470e+00
4.998255516654294794e+00
4.997971019326192810e+00
4.997678165892554425e+00
4.997379546696735453e+00
4.997077349992884443e+00
4.996773225004267793e+00
4.996468179142517840e+00
4.996163411075663419e+00
4.995859772814851496e+00
4.995558219561766933e+00
4.995259533105832261e+00
4.994964181585650032e+00
4.994672952415834644e+00
4.994386496516357354e+00
4.994105411610048506e+00
4.993830351056945283e+00
4.993561769882630230e+00
4.993300309190940034e+00
4.993046556068997610e+00
4.992801129622798761e+00
4.992564587230276629e+00
4.992337488374154475e+00
4.992120384974819025e+00
4.991913859555912047e+00
4.991718629943619590e+00
4.991534051550964968e+00
4.991357655777077795e+00
4.991192113189439894e+00
4.991037924886162713e+00
4.990893842019553439e+00
4.990757714929472399e+00
4.990626135124307083e+00
4.990501099601801549e+00
4.990382220717560102e+00
4.990272489656175203e+00
4.990171207832585054e+00
4.990080883773455156e+00
4.990002058064977319e+00
4.989933374375516983e+00
4.989873002553770753e+00
4.989817754109801662e+00
4.989769869312124406e+00
4.989729480683283924e+00
4.989695353222026064e+00
4.989665526191649825e+00
4.989636742973646122e+00
4.989611315052436602e+00
4.989589285091907911e+00
4.989569285724257952e+00
4.989549229047674395e+00
4.989526136096514186e+00
4.989502087228877336e+00
4.989477190385052552e+00
4.989454682656043083e+00
4.989435117328950398e+00
4.989420227477504355e+00
4.989407564902623271e+00
4.989396448644520810e+00
4.989388230122105305e+00
4.989384722464722088e+00
4.989389181472772883e+00
4.989399559478453483e+00
4.989415626145611071e+00
4.989438931219456919e+00
4.989471548762350217e+00
4.989517071213749766e+00
4.989573394552980545e+00
4.989640764197510236e+00
4.989716565780518032e+00
4.989802206730646894e+00
4.989896607561214559e+00
4.989995963707743343e+00
4.990101127684293481e+00
4.990210155401555880e+00
4.990324690327225809e+00
4.990443540293901137e+00
4.990568702597349748e+00
4.990699644912212740e+00
4.990833157677382559e+00
4.990970243591994482e+00
4.991109240263878810e+00
4.991251828842041327e+00
4.991397160146561873e+00
4.991541924517776785e+00
4.991686980057682632e+00
4.991830682795669105e+00
4.991974606629635325e+00
4.992117742471570807e+00
4.992256913002753649e+00
4.992392882336102566e+00
4.992524104550652986e+00
4.992652096891947444e+00
4.992775968512694007e+00
4.992897567492152078e+00
4.993016705628658514e+00
4.993131591420794990e+00
4.993244593976238654e+00
4.993355837980459455e+00
4.993468722136864990e+00
4.993584262257614093e+00
4.993701226733797682e+00
4.993818140126936811e+00
4.993933298424056311e+00
4.994044872041961902e+00
4.994150906851684724e+00
4.994249417934736535e+00
4.994338341303337536e+00
4.994415582813489962e+00
4.994479090803469745e+00
4.994527593640776253e+00
4.994563873677214438e+00
4.994589390686414276e+00
4.994604200837601482e+00
4.994607974669015071e+00
4.994600309466877164e+00
4.994584778412644255e+00
4.994563508241370187e+00
4.994536896075986832e+00
4.994505036133741527e+00
4.994466996447116891e+00
4.994422767160394017e+00
4.994372628836826422e+00
4.994314181597837354e+00
4.994248073816232925e+00
4.994176654059373277e+00
4.994098874677837863e+00
4.994015842446060560e+00
4.993925793415802339e+00
4.993829646401972688e+00
4.993730120791987304e+00
4.993626320811854313e+00
4.993519532776373282e+00
4.993408019666495612e+00
4.993292659467953420e+00
4.993174358171347471e+00
4.993053958521160851e+00
4.992932095027464712e+00
4.992809178692223959e+00
4.992685622882965468e+00
4.992561691909032540e+00
4.992437651728216075e+00
4.992313762915256525e+00
4.992190201760205781e+00
4.992067217494295939e+00
4.991944961718218110e+00
4.991823620342584533e+00
4.991703334751472987e+00
4.991587541925652793e+00
4.991476389870912023e+00
4.991373191338897009e+00
4.991278120961903930e+00
4.991193795160324242e+00
4.991119737069056761e+00
4.991059189250627526e+00
4.991012839780123223e+00
4.990978276811473435e+00
4.990957938502941005e+00
4.990950917667175801e+00
4.990960450426607409e+00
4.990987191566197190e+00
4.991028417062875810e+00
4.991086675620566737e+00
4.991161014049244393e+00
4.991254680708911096e+00
4.991368271878848795e+00
4.991499791082852688e+00
4.991646976631994193e+00
4.991807533067579961e+00
4.991979288061078712e+00
4.992159427025284479e+00
4.992345627539719999e+00
4.992535200894738345e+00
4.992725520481283041e+00
4.992914032892250553e+00
4.993098176338636840e+00
4.993280646049344185e+00
4.993462448728196890e+00
4.993643164572231008e+00
4.993821986869833474e+00
4.993997472238651980e+00
4.994173075792304850e+00
4.994350389440469051e+00
4.994529428717605413e+00
4.994709648744128927e+00
4.994889692303650541e+00
4.995069794014953324e+00
4.995251582742593399e+00
4.995432296127935601e+00
4.995611378972341754e+00
4.995784860991795640e+00
4.995951562796641987e+00
4.996112159819264598e+00
4.996267240012918442e+00
4.996416969441731304e+00
4.996561448148375995e+00
4.996700856921187039e+00
4.996835291043780103e+00
4.996965034699924146e+00
4.997090187252424265e+00
4.997210962123162403e+00
4.997327456067242046e+00
4.997436643171051074e+00
4.997537991695965687e+00
4.997628439155334945e+00
4.997707630994658423e+00
4.997777031364780242e+00
4.997834660227339576e+00
4.997880568697977921e+00
4.997912251723860777e+00
4.997929859526153429e+00
4.997934988256708344e+00
4.997926206730004317e+00
4.997904138503759697e+00
4.997867078128433782e+00
4.997815957264206688e+00
4.997753105526022033e+00
4.997677777976892166e+00
4.997590970759444140e+00
4.997491128695362050e+00
4.997379065201781323e+00
4.997255748649291895e+00
4.997122305509796192e+00
4.996979859926899969e+00
4.996829610298549440e+00
4.996672805416560337e+00
4.996510702259069348e+00
4.996344617101525998e+00
4.996175817920986972e+00
4.996005625183853383e+00
4.995835346224875906e+00
4.995666277817608858e+00
4.995499721615733080e+00
4.995337130240320889e+00
4.995176027062505852e+00
4.995016976612776105e+00
4.994857325329599362e+00
4.994697250331905813e+00
4.994536849278179425e+00
4.994379018097338196e+00
4.994223114893925342e+00
4.994071395796876978e+00
4.993922886912864456e+00
4.993779482226042177e+00
4.993640224383366188e+00
4.993501551057364374e+00
4.993363858581672865e+00
4.993224940979073878e+00
4.993085761423373903e+00
4.992944627440686567e+00
4.992800625934417980e+00
4.992653325013037602e+00
4.992502588880400438e+00
4.992348439906876045e+00
4.992191056021642481e+00
4.992030851849508011e+00
4.991868165870350538e+00
4.991703435489128537e+00
4.991537094925683427e+00
4.991369593282384720e+00
4.991201451969486946e+00
4.991034427535875118e+00
4.990871588689429927e+00
4.990711266779495503e+00
4.990553982303632452e+00
4.990396592532439612e+00
4.990238539044900001e+00
4.990081223611873895e+00
4.989921951172097359e+00
4.989760324367476407e+00
4.989592915260386619e+00
4.989418887802552938e+00
4.989239314411920923e+00
4.989054837440294321e+00
4.988865413655680925e+00
4.988670894288613766e+00
4.988471086443557745e+00
4.988270275619967720e+00
4.988071451419188840e+00
4.987876080543888868e+00
4.987685177241606205e+00
4.987498844404858467e+00
4.987318952464650401e+00
4.987148981643058754e+00
4.986987527263499587e+00
4.986835714773423689e+00
4.986690619568489247e+00
4.986552276480161083e+00
4.986422467845642359e+00
4.986302357212792025e+00
4.986191273284294567e+00
4.986088301575891890e+00
4.985991939230971504e+00
4.985905413673408226e+00
4.985831216358729279e+00
4.985769283528589391e+00
4.985719836078732925e+00
4.985681321557295043e+00
4.985651977007893088e+00
4.985630468588007069e+00
4.985617677610518328e+00
4.985610774557373226e+00
4.985609211868670343e+00
4.985608758324143963e+00
4.985609098064688105e+00
4.985611160386997476e+00
4.985615358900340688e+00
4.985619687424566848e+00
4.985621898959595732e+00
4.985619582236484604e+00
4.985614433435928916e+00
4.985607129036305984e+00
4.985598691742723965e+00
4.985585706250367011e+00
4.985567189412047462e+00
4.985543393445059479e+00
4.985515641387410213e+00
4.985485465593029630e+00
4.985455146451805319e+00
4.985427335942024030e+00
4.985399552980763538e+00
4.985371241549820809e+00
4.985342988666472408e+00
4.985316358903747691e+00
4.985293451658308506e+00
4.985271461642206248e+00
4.985249318430525989e+00
4.985227662819763594e+00
4.985207667182059765e+00
4.985191427087504401e+00
4.985176111533167642e+00
4.985160594729334704e+00
4.985145568511309300e+00
4.985132197232545082e+00
4.985122346419468720e+00
4.985118555434841170e+00
4.985123736280460349e+00
4.985135476500239804e+00
4.985152850102842592e+00
4.985176647667050709e+00
4.985208380844653675e+00
4.985250546930567239e+00
4.985300146023022627e+00
4.985355879881630869e+00
4.985418398555579778e+00
4.985488970268728615e+00
4.985570121759758777e+00
4.985658753968985835e+00
4.985753530578898030e+00
4.985855104819150618e+00
4.985964714808600817e+00
4.986084686348425166e+00
4.986214899353893948e+00
4.986353517396587165e+00
4.986497609855818247e+00
4.986643147578674551e+00
4.986791248776230923e+00
4.986940743418624145e+00
4.987089247934733294e+00
4.987233242437457470e+00
4.987369023522576050e+00
4.987497279893822189e+00
4.987617361618420730e+00
4.987731800683056882e+00
4.987840752171567082e+00
4.987942815225785864e+00
4.988040353542407601e+00
4.988133636431982154e+00
4.988225962536622760e+00
4.988318246210205587e+00
4.988409142315600064e+00
4.988496202964548765e+00
4.988576338773805574e+00
4.988650680052329811e+00
