0.000000000000000000e+00
0.000000000000000000e+00
-1.449114934075623937e-06
-7.561202219221740758e-06
-1.917527086334302791e-05
-3.338480746606363491e-05
-4.610760748619211884e-05
-2.298695646459233516e-05
1.144564099377026560e-05
1.050882725394331949e-04
2.926496914005840525e-04
5.548251172876920382e-04
9.286389997578229369e-04
1.485340831277427026e-03
2.216105622646864955e-03
3.157316533324774389e-03
4.330195871589238507e-03
5.797448841331058825e-03
7.497430530784183339e-03
9.563350764510685637e-03
1.191355505347019110e-02
1.460658558964496312e-02
1.756107458233600524e-02
2.093831905483967137e-02
2.464830496668583143e-02
2.872180261969333945e-02
3.323104241251712693e-02
3.803940573096042943e-02
4.328988888621098513e-02
4.891539314150577383e-02
5.493912198900942345e-02
6.125689902662995179e-02
6.791839936136963296e-02
7.493836799025298256e-02
8.228972175478696527e-02
8.996209779143095331e-02
9.801045277476073958e-02
1.063648412501788237e-01
1.150312469279742428e-01
1.239613822972751023e-01
1.331739417588687358e-01
1.426874105012393146e-01
1.524594853198504851e-01
1.624740574634051526e-01
1.727621100223040440e-01
1.832388339316820824e-01
1.939162669455981314e-01
2.047969935214495885e-01
2.158457706248737007e-01
2.270564935481524660e-01
2.384139035022234954e-01
2.499221000945544557e-01
2.616150901591753897e-01
2.734769497191882337e-01
2.855083308494067440e-01
2.976913318908190331e-01
3.100276849544023605e-01
3.225065193450426526e-01
3.351866517341112739e-01
3.479705760753131205e-01
3.609306178367114315e-01
3.740616677081561314e-01
3.873254821574664275e-01
4.007401857650256805e-01
4.142697129523730815e-01
4.279155741012073411e-01
4.417016587531543137e-01
4.556042406833148428e-01
4.696411166465259135e-01
4.838295207297778067e-01
4.981172726428483855e-01
5.125515387332414408e-01
5.271242366111252853e-01
5.418325839316818771e-01
5.566912267482255761e-01
5.716407261168932052e-01
5.867123601710770853e-01
6.018604657924150336e-01
6.171595487868760666e-01
6.325696680819962170e-01
6.481121025359604104e-01
6.638035140311692173e-01
6.795790038382982789e-01
6.955087552344775270e-01
7.115431533133961262e-01
7.276898465430713392e-01
7.439144954955555500e-01
7.602445218837238228e-01
7.766701314723468696e-01
7.932620201384997793e-01
8.100133035457109942e-01
8.268726144111132603e-01
8.438525018966174240e-01
8.609185550487018501e-01
8.781256077563739382e-01
8.954248390471908348e-01
9.128462932383987205e-01
9.303645155703994529e-01
9.480378697192642923e-01
9.658757756030530439e-01
9.838223860537975707e-01
1.001884642628428246e+00
1.020065214422938515e+00
1.038346713570353685e+00
1.056751632479426384e+00
1.075337179688212075e+00
1.094087654141184363e+00
1.112986149576899120e+00
1.132006163386102937e+00
1.151144436386819958e+00
1.170419904974695280e+00
1.189793959645029320e+00
1.209339970139261755e+00
1.229050241497752216e+00
1.248908678082224499e+00
1.268892688540217195e+00
1.289000091341730769e+00
1.309254653242823307e+00
1.329606239584681049e+00
1.350154166010615109e+00
1.370833868769404384e+00
1.391625921515223130e+00
1.412582535532709738e+00
1.433623466280695702e+00
1.454851207522150691e+00
1.476158535269495253e+00
1.497646469858881613e+00
1.519252264288660559e+00
1.540953767088648618e+00
1.562815246371027644e+00
1.584755852011438648e+00
1.606887180594201991e+00
1.629099874285455440e+00
1.651499726561303838e+00
1.674020228174921021e+00
1.696635098246332296e+00
1.719373886374231164e+00
1.742213208464380214e+00
1.765247139719720915e+00
1.788388364104029016e+00
1.811601381090875762e+00
1.834917273310419095e+00
1.858303365496393411e+00
1.881786935118433091e+00
1.905358912733789545e+00
1.928922464636560585e+00
1.952580182341333570e+00
1.976258868960138138e+00
1.999943072584863257e+00
2.023722319391961566e+00
2.047540111330742985e+00
2.071333892134423760e+00
2.095064434794183139e+00
2.118699712542291280e+00
2.142305028227562858e+00
2.165827383784050486e+00
2.189200210360283894e+00
2.212514540938133933e+00
2.235672046927208889e+00
2.258650171545739216e+00
2.281504404333825953e+00
2.304174749640222508e+00
2.326604211119408738e+00
2.348905460623497810e+00
2.370961589602227360e+00
2.392786459711785607e+00
2.414437265185112924e+00
2.435899135855431830e+00
2.457188243654961468e+00
2.478233945158714757e+00
2.498977613238091422e+00
2.519540438441033814e+00
2.539839956549401201e+00
2.559918100622887494e+00
2.579819439438576723e+00
2.599549011973137702e+00
2.619066693571800997e+00
2.638490187910790041e+00
2.657879667071098684e+00
2.677266816881889611e+00
2.696682954815620814e+00
2.716085057047600504e+00
2.735649324444527686e+00
2.755247645167107073e+00
2.774956222561592245e+00
2.794812073496574456e+00
2.814869968680137724e+00
2.835181555536979925e+00
2.855766205576652617e+00
2.876597525862449434e+00
2.897820830134147485e+00
2.919407863405936610e+00
2.941310400751822929e+00
2.963475808886284035e+00
2.985901157644981652e+00
3.008556461123222281e+00
3.031445147780174043e+00
3.054549193171256505e+00
3.077873513487570989e+00
3.101402287272208902e+00
3.125160004881614384e+00
3.148974664000267154e+00
3.172912883547538421e+00
3.196824052122825055e+00
3.220802240160697494e+00
3.244710743216269844e+00
3.268655037668937169e+00
3.292508296755545683e+00
3.316382045534842504e+00
3.340157224920980994e+00
3.363948719290488221e+00
3.387643987921469702e+00
3.411359927443259110e+00
3.434972712782614401e+00
3.458490557459585446e+00
3.481936147001974291e+00
3.505297267225973012e+00
3.528596150664083275e+00
3.551810831812612257e+00
3.574959935930959620e+00
3.598052692202321712e+00
3.621153557089559438e+00
3.644218735483877314e+00
3.667229230192892153e+00
3.690137078551046557e+00
3.712934539107076937e+00
3.735721051481954547e+00
3.758418016222707880e+00
3.781066226748220682e+00
3.803603641775838984e+00
3.826005408552877629e+00
3.848308565405599957e+00
3.870497634199850268e+00
3.892550341871969355e+00
3.914427737978689592e+00
3.936091284540884860e+00
3.957645525721304125e+00
3.979033863333456100e+00
4.000261781004659234e+00
4.021192576674216035e+00
4.041898419646017260e+00
4.062300252703421322e+00
4.082505531100027341e+00
4.102532305506460197e+00
4.122420805481664452e+00
4.142163482693425713e+00
4.161738776949635898e+00
4.181215357569447733e+00
4.200388409880391194e+00
4.219343294886341411e+00
4.237931241778126079e+00
4.256261918333758665e+00
4.274211317089785744e+00
4.291753449228990824e+00
4.309070427206743936e+00
4.326101242092837751e+00
4.342925287274112200e+00
4.359392202881565481e+00
4.375611495760669989e+00
4.391464425114383729e+00
4.407042749909153123e+00
4.422324889687289762e+00
4.437237462786426612e+00
4.451782598284474091e+00
4.465935616282215470e+00
4.479693331507434984e+00
4.493087640789737769e+00
4.506141781595936813e+00
4.518858476666204105e+00
4.531341968563787681e+00
4.543473200587026639e+00
4.555343605068914670e+00
4.566944658545248892e+00
4.578205001143210495e+00
4.589242853907339992e+00
4.600024382857077931e+00
4.610514160183661225e+00
4.620698122767202598e+00
4.630611650136701840e+00
4.640257969287626238e+00
4.649663207916014507e+00
4.658864929465048377e+00
4.667883686212293881e+00
4.676643708733313254e+00
4.685184678224318944e+00
4.693564250258201120e+00
4.701760109452004066e+00
4.709696389821762530e+00
4.717336854723686024e+00
4.724742881444687015e+00
4.731979054597611700e+00
4.739035129336113705e+00
4.745846125272508154e+00
4.752380995539422059e+00
4.758699542073006938e+00
4.764826889423127376e+00
4.770741956619019675e+00
4.776407775667900424e+00
4.781778600004905400e+00
4.786906328586333359e+00
4.791845932689898113e+00
4.796593744245759794e+00
4.801113163021795138e+00
4.805482892481080626e+00
4.809715066043129816e+00
4.813764574316730993e+00
4.817639021364441554e+00
4.821316218165150325e+00
4.824869410780658896e+00
4.828315335599175917e+00
4.831604934719793576e+00
4.834810243932001761e+00
4.837892744330160255e+00
4.840900849786989646e+00
4.843842611101857543e+00
4.846665714172116779e+00
4.849425989476434218e+00
4.852085963574639393e+00
4.854685443428745195e+00
4.857230138567675937e+00
4.859669666973343460e+00
4.862052252379647221e+00
4.864337843594542576e+00
4.866553809580794088e+00
4.868694209692469244e+00
4.870722289023390772e+00
4.872665995446434195e+00
4.874509812382449958e+00
4.876253209499110675e+00
4.877925446418513999e+00
4.879482263264646846e+00
4.880963751015653607e+00
4.882366212991466448e+00
4.883697214213600368e+00
4.884985024867048331e+00
4.886191782889356183e+00
4.887354188946475553e+00
4.888464846101990169e+00
4.889552513224473707e+00
4.890611795721045318e+00
4.891613663223973063e+00
4.892594869149317738e+00
4.893543437657346118e+00
4.894485856083621300e+00
4.895413762567033089e+00
4.896321891484251232e+00
4.897217836019983395e+00
4.898101146457185529e+00
4.898976313931336257e+00
4.899819043663731222e+00
4.900641816196432465e+00
4.901429128063311325e+00
4.902195763153424757e+00
4.902940574673405827e+00
4.903662599039666503e+00
4.904367935371987564e+00
4.905045657840959805e+00
4.905706643772714592e+00
4.906340045419924856e+00
4.906943713997892864e+00
4.907517754261784049e+00
4.908057099034480508e+00
4.908561970902077576e+00
4.909039193218044161e+00
4.909492759121052430e+00
4.909935625208010634e+00
4.910359871958782207e+00
4.910770790403176100e+00
4.911173844722497961e+00
4.911568613660920235e+00
4.911968943191161507e+00
4.912363716301908489e+00
4.912763639216710665e+00
4.913158236381996780e+00
4.913540912618327816e+00
4.913925908518422148e+00
4.914295585018980894e+00
4.914665668470251880e+00
4.915017347609090592e+00
4.915350931299315995e+00
4.915670515832887943e+00
4.915963225377188550e+00
4.916253241927758921e+00
4.916521579915121620e+00
4.916771467303320264e+00
4.917006920849368079e+00
4.917223124870492512e+00
4.917430670720918329e+00
4.917624707439375520e+00
4.917815621544999516e+00
4.917998775610161744e+00
4.918172721316499185e+00
4.918347874743326464e+00
4.918529136081620123e+00
4.918725612492693244e+00
4.918930776820909401e+00
4.919149924789946837e+00
4.919370668021421977e+00
4.919611787529122537e+00
4.919874808316511583e+00
4.920158341055197226e+00
4.920467492596640291e+00
4.920791949064864390e+00
4.921151085676088499e+00
4.921534846791460360e+00
4.921963882440162585e+00
4.922433819913697661e+00
4.922930460342597847e+00
4.923471456536483437e+00
4.924041403525900584e+00
4.924652757638526168e+00
4.925304917388987569e+00
4.925983374112677282e+00
4.926691867181491880e+00
4.927426374026966371e+00
4.928205567964745626e+00
4.929023558193279975e+00
4.929886113697124372e+00
4.930787312680317669e+00
4.931718860038949437e+00
4.932694712498618905e+00
4.933707609170508768e+00
4.934763863527607874e+00
4.935846523785423656e+00
4.936963753098082108e+00
4.938109348857234515e+00
4.939279563942384321e+00
4.940481802517008525e+00
4.941703267761897500e+00
4.942951028936933611e+00
4.944219277643989940e+00
4.945505243980717225e+00
4.946811791801284386e+00
4.948137677752804109e+00
4.949482431554625528e+00
4.950835789137909337e+00
4.952192016833851795e+00
4.953551866108011126e+00
4.954912895256114780e+00
4.956277357184720067e+00
4.957641386979652509e+00
4.959003672742679392e+00
4.960362889760569161e+00
4.961712448739840298e+00
4.963049556457830747e+00
4.964374434941841052e+00
4.965682246529889987e+00
4.966968456798626974e+00
4.968227317923142650e+00
4.969462640577389401e+00
4.970680285835099355e+00
4.971867583164407023e+00
4.973018555113508654e+00
4.974128390097452446e+00
4.975200136595799627e+00
4.976234565445615488e+00
4.977222041034532474e+00
4.978164676794244237e+00
4.979057913192940887e+00
4.979900527217817618e+00
4.980702778020334343e+00
4.981446983137559847e+00
4.982131127410959870e+00
4.982751385675203259e+00
4.983305730813574641e+00
4.983805338026417786e+00
4.984244049408865784e+00
4.984597799399328899e+00
4.984873943173719013e+00
4.985077479773594611e+00
4.985224569219558255e+00
4.985314040466605867e+00
4.985335054663869947e+00
4.985290263147020617e+00
4.985178625975661859e+00
4.985024699383340696e+00
4.984821208232007805e+00
4.984575891048572238e+00
4.984280317389329973e+00
4.983941837848087530e+00
4.983569116518754782e+00
4.983166411892432812e+00
4.982738223710019732e+00
4.982286978960891233e+00
4.981821800508458686e+00
4.981348994077104742e+00
4.980869838484484724e+00
4.980387630947786803e+00
4.979900486805397541e+00
4.979417053238410773e+00
4.978937739432711673e+00
4.978467328959068183e+00
4.978008459919056605e+00
4.977566788085661109e+00
4.977134248168132657e+00
4.976717615649958404e+00
4.976313030646104529e+00
4.975921053961772422e+00
4.975547803641218181e+00
4.975186096020894233e+00
4.974838958644229869e+00
4.974504250922160864e+00
4.974181036502974607e+00
4.973876163662330541e+00
4.973587474004284026e+00
4.973314540889964164e+00
4.973057875205681100e+00
4.972811944671825302e+00
4.972579464093701773e+00
4.972352255416023326e+00
4.972131523658442021e+00
4.971920631063091456e+00
4.971714669709015766e+00
4.971515345946807329e+00
4.971315742694693895e+00
4.971118641366172319e+00
4.970928740297364534e+00
4.970746069532738787e+00
4.970573185403751815e+00
4.970408415441322170e+00
4.970255459976304024e+00
4.970120009771469505e+00
4.970003997311849275e+00
4.969896798646932012e+00
4.969805192361508972e+00
4.969724542266611422e+00
4.969658581554811327e+00
4.969616644695321384e+00
4.969587869454095141e+00
4.969582818839968219e+00
4.969595176767594324e+00
4.969629576845596475e+00
4.969698785558844811e+00
4.969787010649721282e+00
4.969909500271583624e+00
4.970058338182548496e+00
4.970241326360532952e+00
4.970462584240862292e+00
4.970724257143714908e+00
4.971034809729585113e+00
4.971369885398575938e+00
4.971741355961688313e+00
4.972142941026516105e+00
4.972572419165200763e+00
4.973028891502448090e+00
4.973496365516015594e+00
4.973979550866910238e+00
4.974475681750604394e+00
4.974986442966886635e+00
4.975511407262213304e+00
4.976041887147850673e+00
4.976584547875948950e+00
4.977140311753878166e+00
4.977712065807114783e+00
4.978298504954706161e+00
4.978900191864501501e+00
4.979514046615491907e+00
4.980133572524914953e+00
4.980760515785346065e+00
4.981394046923647068e+00
4.982035133174190555e+00
4.982677372476588040e+00
4.983317336222659044e+00
4.983953479758034710e+00
4.984584962508211703e+00
4.985207578396927630e+00
4.985819799310099221e+00
4.986424401036034126e+00
4.987020995548496316e+00
4.987612677073607337e+00
4.988197315900157136e+00
4.988776107697317386e+00
4.989355777992436458e+00
4.989930077983567358e+00
4.990498899153004153e+00
4.991059374740848931e+00
4.991610340221354747e+00
4.992154508090147935e+00
4.992678477546700577e+00
4.993182051746675398e+00
4.993653188763686579e+00
4.994098078391083995e+00
4.994508187292645118e+00
4.994875944560894787e+00
4.995213534130284572e+00
4.995505355192849883e+00
4.995769622313360081e+00
4.995995107876638031e+00
4.996183396956452860e+00
4.996343421234317184e+00
4.996470749617122564e+00
4.996577306796364581e+00
4.996647697316050518e+00
4.996679998046286819e+00
4.996681423157982138e+00
4.996647604073926274e+00
4.996589297874426627e+00
4.996489394464125766e+00
4.996350202279692176e+00
4.996174401825822287e+00
4.995964086929864933e+00
4.995733756887324795e+00
4.995478609091200006e+00
4.995203315595693638e+00
4.994908856655069229e+00
4.994594581479736561e+00
4.994269800091691636e+00
4.993933555612870556e+00
4.993589879030890799e+00
4.993236560168273996e+00
4.992874787951417481e+00
4.992505289631493426e+00
4.992137615437215459e+00
4.991776703687911265e+00
4.991430114748483859e+00
4.991097307557767593e+00
4.990777901428347541e+00
4.990484418364768970e+00
4.990214743743247361e+00
4.989978276210432995e+00
4.989773617925648885e+00
4.989609664323334748e+00
4.989490997473303935e+00
4.989406545803475979e+00
4.989363778981904751e+00
4.989358420332837163e+00
4.989397387619072255e+00
4.989474330337660746e+00
4.989592564476597047e+00
4.989751260576714031e+00
4.989937852693667075e+00
4.990163598207701057e+00
4.990422237494905211e+00
4.990716463418622517e+00
4.991044535541852234e+00
4.991395614014883186e+00
4.991773101741394214e+00
4.992179000580628134e+00
4.992610271142741141e+00
4.993058718981166599e+00
4.993516555519720512e+00
4.993983939083237900e+00
4.994460983479339866e+00
4.994951535070260462e+00
4.995447429733296474e+00
4.995949293130954594e+00
4.996448598595282675e+00
4.996943366358002514e+00
4.997428032586297419e+00
4.997903040254434437e+00
4.998373795801720476e+00
4.998833524415216445e+00
4.999283864216826245e+00
4.999720566103182051e+00
5.000142690705083659e+00
5.000556658895634499e+00
5.000952680425668539e+00
5.001336240189099946e+00
5.001701009737276493e+00
5.002047779092513302e+00
5.002375699521921959e+00
5.002689726071379184e+00
5.002984102124296228e+00
5.003260185083322042e+00
5.003507020508819458e+00
5.003717142434741305e+00
5.003900071995282417e+00
5.004049543233536568e+00
5.004171592684411252e+00
5.004254646746390200e+00
5.004301509692282934e+00
5.004306986364367660e+00
5.004278826240746270e+00
5.004227208236529556e+00
5.004152232834434777e+00
5.004052226261531899e+00
5.003918544070159236e+00
5.003757115544113176e+00
5.003575212077530310e+00
5.003372165632725910e+00
5.003146469422908638e+00
5.002893672638866640e+00
5.002619711456183005e+00
5.002329545279327938e+00
5.002031655979639169e+00
5.001725201660132569e+00
5.001414191180205471e+00
5.001091653720770580e+00
5.000752870940899264e+00
5.000402401701843580e+00
5.000034831070637509e+00
4.999654264205430465e+00
4.999253546984230745e+00
4.998829150588547598e+00
4.998390549176669140e+00
4.997934137002861377e+00
4.997465165795125230e+00
4.996978943848349175e+00
4.996476813012100671e+00
4.995966952980793963e+00
4.995441997588908833e+00
4.994906028339004322e+00
4.994348802992439218e+00
4.993776905627286489e+00
4.993187213630712940e+00
4.992580890783406389e+00
4.991966866308189310e+00
4.991340770625806833e+00
4.990706407108641329e+00
4.990067495980596846e+00
4.989428212696052078e+00
4.988798810520505000e+00
4.988177912027873084e+00
4.987560139836109130e+00
4.986953616828954772e+00
4.986357931846119307e+00
4.985783408337569611e+00
4.985227847189939610e+00
4.984681781919039878e+00
4.984154754632450945e+00
4.983639682733752352e+00
4.983150034339465684e+00
4.982680493236817831e+00
4.982232734316326628e+00
4.981812218555545790e+00
4.981407731936610794e+00
4.981041553334629945e+00
4.980707417258357417e+00
4.980412121747916032e+00
4.980159830653404285e+00
4.979949456879233516e+00
4.979791496337687917e+00
4.979683049858845578e+00
4.979631521941461081e+00
4.979629016471860403e+00
4.979684569272046168e+00
4.979802265944725193e+00
4.979990310459231573e+00
4.980238877176142331e+00
4.980542692537253124e+00
4.980906807440167228e+00
4.981332524637526404e+00
4.981825268338267776e+00
4.982362188654785307e+00
4.982952897841875561e+00
4.983594313855116198e+00
4.984278591866438290e+00
4.984999783034271381e+00
4.985753398905342415e+00
4.986546337003654017e+00
4.987363815228289532e+00
4.988202026705091718e+00
4.989054702888077841e+00
4.989920286158866070e+00
4.990797512451952578e+00
4.991678313012069879e+00
4.992566646705216549e+00
4.993463558400817348e+00
4.994370363349863950e+00
4.995286478246399930e+00
4.996211258838720859e+00
4.997144234473653412e+00
4.998079142267650710e+00
4.999008404235190994e+00
4.999932618955916119e+00
5.000844731996601844e+00
5.001742268125362045e+00
5.002611864949411569e+00
5.003451449270194473e+00
5.004271925831978329e+00
5.005066046858971163e+00
5.005833778451028948e+00
5.006570506538095877e+00
5.007269271756352502e+00
5.007939790333452379e+00
5.008570758695546132e+00
5.009161764639260994e+00
5.009709384138526289e+00
5.010212430315854171e+00
5.010660293730737180e+00
5.011061847428622151e+00
5.011404247167351222e+00
5.011704724109562470e+00
5.011954512256028949e+00
5.012164857680740937e+00
5.012322512767108940e+00
5.012441848297433999e+00
5.012528143445791784e+00
5.012576748914848501e+00
5.012593318362319472e+00
5.012563573525818938e+00
5.012496681640455698e+00
5.012395132173383949e+00
5.012246710265586991e+00
5.012065230457643850e+00
5.011830819173316520e+00
5.011561229358027170e+00
5.011243820654760484e+00
5.010884848068070774e+00
5.010486550907207182e+00
5.010056289041948219e+00
5.009594911950241425e+00
5.009096473062943922e+00
5.008570953103315126e+00
5.008014247248482320e+00
5.007434947917772661e+00
5.006834813485456337e+00
5.006213603968334702e+00
5.005580586622072836e+00
5.004930628890707389e+00
5.004268099943710801e+00
5.003589591289475891e+00
5.002887638042286866e+00
5.002162712866977223e+00
5.001418655941801461e+00
5.000656011904196951e+00
4.999882772246913909e+00
4.999105004797295138e+00
4.998321451524809333e+00
4.997539074549989024e+00
4.996754079590158604e+00
4.995982900316434439e+00
4.995226278285103128e+00
4.994486236775831145e+00
4.993772886450008386e+00
4.993077197949008728e+00
4.992423800806123246e+00
4.991806424612716953e+00
4.991229810135976663e+00
4.990694901923254712e+00
4.990197650658503292e+00
4.989762252213969518e+00
4.989362084733858005e+00
4.989019112231745545e+00
4.988724528978183415e+00
4.988469564596726968e+00
4.988275783842965438e+00
4.988116359448595993e+00
4.988011606129420628e+00
4.987948296301602191e+00
4.987927170971942381e+00
4.987964429486146045e+00
4.988032854179454745e+00
4.988153223058743535e+00
4.988314081987899051e+00
4.988527036978465112e+00
4.988794999698709098e+00
4.989095921291571756e+00
4.989434967374962504e+00
4.989811302869183507e+00
4.990230023263555914e+00
4.990680822132688377e+00
4.991157081051332156e+00
4.991659394054276611e+00
4.992180610037012300e+00
4.992726576252443316e+00
4.993292952588362255e+00
4.993878747894031633e+00
4.994483273139757706e+00
4.995102236679357155e+00
4.995727263650457495e+00
4.996358927524248372e+00
4.996998101136248316e+00
4.997643276861468919e+00
4.998293059802214167e+00
4.998942479005615169e+00
4.999585744029443113e+00
5.000221487617651839e+00
5.000843416227559679e+00
5.001454856021861239e+00
5.002040523214798640e+00
5.002593489734987742e+00
5.003116782790582029e+00
5.003600270523290483e+00
5.004054299405376938e+00
5.004465785993795990e+00
5.004831701478521744e+00
5.005133128984431856e+00
5.005361475403021565e+00
5.005540050825636023e+00
5.005652639417510485e+00
5.005698619944576322e+00
5.005658586484912576e+00
5.005551922753054939e+00
5.005365360997218183e+00
5.005095538947331057e+00
5.004754924069691135e+00
5.004347271736312663e+00
5.003881505880107383e+00
5.003343307826271236e+00
5.002730151641716638e+00
5.002054065543760863e+00
5.001317550170770510e+00
5.000528665411821727e+00
4.999675211164705146e+00
4.998760382536403313e+00
4.997787696275464597e+00
4.996770907271257833e+00
4.995712485465756636e+00
4.994612889367691544e+00
4.993481359857669943e+00
4.992320558581105239e+00
4.991137211326112322e+00
4.989940564114202282e+00
4.988728940490234187e+00
4.987510375681865504e+00
4.986284746680008872e+00
4.985066204223381980e+00
4.983856485787380386e+00
4.982656720358477287e+00
4.981468624103412068e+00
4.980294916484102608e+00
4.979148974719987741e+00
4.978023878562793492e+00
4.976920809004055535e+00
4.975837335366357195e+00
4.974776998463619648e+00
4.973748656216609554e+00
4.972750161293495452e+00
4.971787093881118835e+00
4.970854579660642258e+00
4.969971746954668923e+00
4.969134948405970142e+00
4.968343235332119967e+00
4.967598747614373700e+00
4.966892896446933214e+00
4.966247026178590041e+00
4.965652362037054068e+00
4.965101131874672724e+00
4.964600947167328471e+00
4.964135452437749230e+00
4.963718693185199982e+00
4.963346917893340482e+00
4.963038150690098682e+00
4.962777440979680321e+00
4.962581265460304536e+00
4.962428854623413876e+00
4.962341498000150786e+00
4.962325904829031131e+00
4.962359383940765589e+00
4.962461960777709180e+00
4.962601355282657778e+00
4.962802215876125800e+00
4.963070623861693953e+00
4.963386539431356326e+00
4.963772518994352900e+00
4.964197066674074676e+00
4.964688113356074517e+00
4.965232192451201065e+00
4.965844174386999654e+00
4.966531498270176037e+00
4.967257993953369422e+00
4.968043414341352104e+00
4.968882124485513252e+00
4.969768020795722663e+00
4.970705866279145013e+00
4.971668111445446847e+00
4.972663700120588004e+00
4.973686830015917160e+00
4.974734408693451293e+00
4.975801929073471186e+00
4.976884176196593401e+00
4.977975183935898329e+00
4.979066600041526236e+00
4.980154035748975971e+00
4.981237434210317616e+00
4.982320356579558407e+00
4.983393416987792257e+00
4.984458012642399183e+00
4.985506457822457271e+00
4.986536639617815680e+00
4.987545274036064846e+00
4.988523724587692776e+00
4.989483951242698723e+00
4.990416078927054855e+00
4.991320664497152393e+00
4.992196216197744896e+00
4.993031759845153239e+00
4.993843480335607765e+00
4.994620534541144963e+00
4.995373162763254271e+00
4.996097042771116215e+00
4.996787197427885907e+00
4.997454667599932066e+00
4.998081501932873927e+00
4.998681703234151286e+00
4.999240652943089280e+00
4.999765506224767009e+00
5.000247901106313009e+00
5.000677664043441162e+00
5.001078736135795566e+00
5.001437852667704576e+00
5.001772884713546752e+00
5.002069988368140763e+00
5.002314644591944415e+00
5.002528489051447202e+00
5.002698829291448490e+00
5.002844376234397927e+00
5.002955237856193449e+00
5.003027928672788782e+00
5.003070227704998985e+00
5.003085863101119912e+00
5.003081075822817247e+00
5.003057519666733732e+00
5.003016315343673526e+00
5.002965503124404023e+00
5.002905737621593296e+00
5.002839439626666440e+00
5.002764030652003591e+00
5.002685071615384338e+00
5.002604419061796648e+00
5.002526600327224848e+00
5.002450425009125290e+00
5.002378355845690017e+00
5.002306789545222898e+00
5.002231856592810999e+00
5.002154651734858959e+00
5.002075665755076450e+00
5.001999998221982935e+00
5.001920252748643492e+00
5.001835328590933827e+00
5.001738375126261182e+00
5.001630598417360574e+00
5.001515879900071404e+00
5.001388706526595840e+00
5.001250574177939612e+00
5.001091881430585140e+00
5.000909700672019120e+00
5.000697994920302314e+00
5.000462235602427974e+00
5.000209671220621210e+00
4.999937324038585373e+00
4.999640110301664997e+00
4.999314535017003180e+00
4.998961198980797604e+00
4.998589369113436653e+00
4.998191403726926829e+00
4.997756575028292403e+00
4.997286256867340626e+00
4.996779642942242639e+00
4.996237042377583926e+00
4.995660972389273979e+00
4.995050450208477599e+00
4.994409935491971098e+00
4.993744350763850370e+00
4.993055691513113459e+00
4.992350967916539872e+00
4.991634743156722287e+00
4.990906396376778353e+00
4.990166821646381479e+00
4.989413942935754243e+00
4.988654172885110150e+00
4.987891242149165905e+00
4.987125314789702557e+00
4.986358047070791777e+00
4.985585812943866379e+00
4.984816126840998507e+00
4.984046479853679656e+00
4.983286205696752624e+00
4.982540032732179824e+00
4.981803145947744760e+00
4.981084058600355746e+00
4.980377944725443484e+00
4.979691875222019171e+00
4.979028267356446769e+00
4.978381207528403962e+00
4.977760537731341195e+00
4.977163505124739373e+00
4.976601438986949510e+00
4.976069245467774849e+00
4.975574290881745299e+00
4.975116856078496852e+00
4.974687001163951017e+00
4.974302466454793681e+00
4.973949887434829797e+00
4.973629257100512291e+00
4.973336529916962512e+00
4.973060616831173952e+00
4.972806909604807757e+00
4.972568015063990821e+00
4.972347712068695635e+00
4.972147065791177489e+00
4.971959115601020329e+00
4.971790793965445765e+00
4.971641533811451019e+00
4.971516781457575362e+00
4.971423850701065739e+00
4.971351092968943064e+00
4.971309316124642663e+00
4.971298932515892055e+00
4.971322562171953230e+00
4.971379046019974268e+00
4.971466798604341264e+00
4.971587645429062619e+00
4.971733060273217930e+00
4.971896493750501023e+00
4.972078459261793704e+00
4.972282308040996135e+00
4.972511909062853341e+00
4.972757120839198741e+00
4.973020694608679904e+00
4.973297634607991569e+00
4.973588223195514857e+00
4.973894306047698777e+00
4.974206653292169378e+00
4.974531053508509437e+00
4.974862589518416200e+00
4.975202822665560021e+00
4.975552848297047248e+00
4.975915367173838533e+00
4.976290918531704577e+00
4.976673953662503536e+00
4.977065355162014093e+00
4.977465876581956827e+00
4.977877330089796715e+00
4.978306781108368995e+00
4.978745575788308564e+00
4.979197566005278297e+00
4.979657361599493903e+00
4.980120764876592609e+00
4.980588205660570367e+00
4.981056015546311500e+00
4.981528630907525290e+00
4.981999491955031445e+00
4.982467148321558348e+00
4.982925590964843998e+00
4.983374439011205581e+00
4.983813768568325919e+00
4.984246757457841959e+00
4.984679700898814403e+00
4.985104260722984293e+00
4.985518293957102998e+00
4.985918314996053091e+00
4.986307260299909672e+00
4.986682560386944019e+00
4.987035342956770201e+00
4.987366272973704717e+00
4.987672757598446971e+00
4.987958381398456709e+00
4.988213130756156133e+00
4.988440375811294736e+00
4.988648810087576990e+00
4.988840975667222288e+00
4.989023038557601986e+00
4.989193954503965855e+00
4.989358177817297957e+00
4.989524806047660910e+00
4.989691241736395000e+00
4.989859332664739355e+00
4.990028383674902202e+00
4.990201433020515331e+00
4.990378841980232849e+00
4.990549447237386360e+00
4.990714182778133612e+00
4.990867156366689983e+00
4.991011284858791974e+00
4.991139320115430600e+00
4.991255093029573153e+00
4.991352482204198360e+00
4.991438277381345046e+00
4.991508300284726474e+00
4.991558213973289249e+00
4.991593559704591065e+00
4.991613733681256271e+00
4.991625414196274590e+00
4.991628911774711241e+00
4.991624525937473855e+00
4.991614751455595744e+00
4.991596521994321023e+00
4.991573886024522011e+00
4.991541647387890634e+00
4.991501353744640213e+00
4.991450078658051126e+00
4.991387674620598069e+00
4.991310896112806539e+00
4.991220646065881894e+00
4.991109281501955763e+00
4.990973404993526152e+00
4.990815933526716819e+00
4.990632054855338673e+00
4.990422185727618754e+00
4.990179809847139936e+00
4.989904715803676005e+00
4.989593150311372405e+00
4.989257225015423458e+00
4.988881595202943942e+00
4.988461631120405748e+00
4.987993717746102007e+00
4.987474232272468555e+00
4.986918098175190828e+00
4.986314090260528964e+00
4.985642451339625580e+00
4.984925659665131903e+00
4.984157484838033447e+00
4.983354833641315373e+00
4.982511359595919842e+00
4.981631436490680187e+00
4.980711077147389254e+00
4.979752797925139696e+00
4.978771611073280923e+00
4.977767329060699630e+00
4.976744665124679834e+00
4.975703238242531690e+00
4.974649444812203392e+00
4.973590758362079534e+00
4.972532637783552367e+00
4.971475372755194577e+00
4.970425648533965735e+00
4.969386148520971602e+00
4.968352497288251790e+00
4.967336706885362219e+00
4.966333350681925829e+00
4.965355546989703939e+00
4.964405801140927998e+00
4.963484573357964891e+00
4.962604261481428303e+00
4.961752730303669701e+00
4.960944714465404637e+00
4.960182873823906213e+00
4.959468046494985849e+00
4.958814702176715272e+00
4.958211602227057035e+00
4.957665508383182207e+00
4.957185674899486472e+00
4.956780721054641070e+00
4.956433850967553845e+00
4.956153009527590747e+00
4.955939962447849290e+00
4.955784493790236667e+00
4.955717242358480767e+00
4.955713895191260043e+00
4.955776187204576466e+00
4.955903414147726060e+00
4.956083852960548874e+00
4.956340173105529878e+00
4.956653556260100402e+00
4.957030614833167093e+00
4.957448387960722513e+00
4.957916870410372212e+00
4.958427986348796779e+00
4.958982837940385302e+00
4.959587259809304705e+00
4.960223231012752088e+00
4.960900333816935515e+00
4.961608952800560246e+00
4.962359776417542889e+00
4.963143695737053385e+00
4.963967894310881590e+00
4.964817862654854252e+00
4.965701129655171187e+00
4.966611744831133102e+00
4.967540225530791886e+00
4.968491928945113045e+00
4.969454909409214416e+00
4.970438699940970650e+00
4.971444859723380461e+00
4.972467770720652602e+00
4.973513063038519810e+00
4.974569441373280831e+00
4.975646974290543589e+00
4.976744641135268488e+00
4.977865376393131314e+00
4.979000663007429495e+00
4.980153121123841231e+00
4.981313189933826990e+00
4.982472793380548381e+00
4.983634407291940072e+00
4.984790558735661570e+00
4.985943844537072067e+00
4.987077104816965978e+00
4.988194876084856233e+00
4.989288721079759625e+00
4.990360425258807631e+00
4.991418608422211634e+00
4.992443573470048079e+00
4.993446405972173707e+00
4.994417164693405908e+00
4.995362701932720029e+00
4.996288249487808919e+00
4.997194946030906415e+00
4.998082757587367198e+00
4.998929299707346452e+00
4.999739709938699761e+00
5.000512407715256735e+00
5.001250280882055144e+00
5.001947836498553457e+00
5.002571480530137116e+00
5.003150249155991602e+00
5.003658785815171761e+00
5.004112431886427181e+00
5.004510921570294535e+00
5.004834262612098961e+00
5.005103480159129425e+00
5.005306344511742722e+00
5.005449266419571330e+00
5.005542662772175966e+00
5.005568267942698490e+00
5.005529618528499647e+00
5.005414815400555106e+00
5.005247152563944368e+00
5.005014465697868786e+00
5.004707884029313547e+00
5.004338635490105602e+00
5.003901103646325232e+00
5.003418040782974252e+00
5.002882955022919020e+00
5.002303009987640436e+00
5.001677575469780201e+00
5.001000882000493419e+00
5.000280058295298424e+00
4.999509209603833604e+00
4.998704371140170188e+00
4.997859073341655467e+00
4.996968884081411488e+00
4.996040290132928163e+00
4.995068364352751367e+00
4.994067764715124369e+00
4.993032367066311927e+00
4.991958666429687774e+00
4.990853158221414176e+00
4.989716475740840984e+00
4.988556419596843483e+00
4.987374911741189187e+00
4.986175422579818495e+00
4.984958391026428792e+00
4.983735781223347594e+00
4.982514570564797296e+00
4.981298105255535624e+00
4.980094834402969184e+00
4.978902430892755859e+00
4.977737846732904536e+00
4.976603370890787303e+00
4.975502313584854619e+00
4.974436464221050791e+00
4.973414901182821701e+00
4.972449305490425076e+00
4.971524154529741502e+00
4.970653397426775477e+00
4.969819798008374256e+00
4.969042170480659770e+00
4.968327054888777461e+00
4.967659049765043022e+00
4.967061391309671059e+00
4.966509770215324693e+00
4.966015672408810921e+00
4.965583853334956110e+00
4.965194827751092888e+00
4.964863622174433999e+00
4.964563642670236199e+00
4.964311435245744697e+00
4.964098874670288986e+00
4.963917082161477090e+00
4.963784729619344915e+00
4.963680868292992265e+00
4.963623446631078906e+00
4.963606337413491332e+00
4.963622403021271445e+00
4.963683857305275282e+00
4.963779961990492318e+00
4.963926369754895873e+00
4.964106629977300678e+00
4.964323368614835807e+00
4.964581399860157340e+00
4.964876198957040465e+00
4.965203278998211012e+00
4.965563543403819224e+00
4.965954835528807010e+00
4.966378834026233591e+00
4.966828864516990905e+00
4.967295901069718411e+00
4.967786145398693343e+00
4.968294048460501600e+00
4.968813323231715984e+00
4.969337225856559570e+00
4.969856114724949592e+00
4.970371363016143462e+00
4.970873849878386430e+00
4.971363974923566076e+00
4.971840725282505424e+00
4.972298894116954138e+00
4.972742570268289697e+00
4.973162985744253639e+00
4.973562233971731139e+00
4.973939423675016513e+00
4.974294644112066344e+00
4.974628866615071310e+00
4.974939830249472728e+00
4.975232730677648263e+00
4.975490926487668553e+00
4.975721608178988120e+00
4.975929137172474981e+00
4.976114640033169501e+00
4.976282238496763988e+00
4.976428447591437987e+00
4.976553988738283252e+00
4.976662859145849716e+00
4.976751437571198977e+00
4.976822994195224226e+00
4.976873837823346136e+00
4.976904121129605230e+00
4.976917286987712075e+00
4.976910236175583258e+00
4.976888133543954318e+00
4.976847880240939048e+00
4.976793610291032621e+00
4.976716825622541585e+00
4.976619682829303670e+00
4.976512792460097145e+00
4.976394725987164591e+00
4.976272900966404400e+00
4.976143676466715959e+00
4.976008191896078792e+00
4.975875854059529146e+00
4.975744050858017964e+00
4.975615076073851561e+00
4.975491680805976813e+00
4.975374235283058333e+00
4.975273304214175241e+00
4.975187016050736766e+00
4.975116614480909583e+00
4.975064942022259018e+00
4.975034805569269913e+00
4.975028068451613272e+00
4.975035712041246505e+00
4.975055126881746226e+00
4.975085740407052093e+00
4.975130604948904356e+00
4.975192055465709196e+00
4.975262586554567434e+00
4.975341118505279603e+00
4.975428435631151558e+00
4.975525427773648701e+00
4.975633712174424517e+00
4.975760635422595612e+00
4.975902250349575340e+00
4.976056629713678348e+00
4.976222867887521772e+00
4.976400835808420631e+00
4.976595160193794776e+00
4.976800267636830810e+00
4.977011969514244960e+00
4.977229550421292004e+00
4.977449968602562613e+00
4.977674155268872802e+00
4.977895294740849685e+00
4.978117904435896968e+00
4.978347795527481523e+00
4.978586987271958364e+00
4.978838724583441788e+00
4.979103163551593880e+00
4.979389146823490542e+00
4.979690374672467001e+00
4.980001704987191857e+00
4.980322659570776800e+00
4.980650524567864501e+00
4.980986250225506673e+00
4.981321545202337830e+00
4.981659053932928849e+00
4.982002140354416575e+00
4.982350653853318434e+00
4.982708585482141572e+00
4.983072108734448946e+00
4.983446954112548788e+00
4.983838252831299442e+00
4.984248239953119608e+00
4.984679736789364490e+00
4.985136153731544617e+00
4.985626632977326445e+00
4.986143297251363293e+00
4.986680174913307617e+00
4.987235769551297437e+00
4.987808214049835875e+00
4.988401119779845239e+00
4.989006628427704371e+00
4.989618522036871617e+00
4.990236027237079597e+00
4.990855530235967841e+00
4.991476999517582058e+00
4.992092040401003850e+00
4.992703047055803367e+00
4.993315161351166154e+00
4.993928595181606589e+00
4.994545996669731203e+00
4.995165394131146464e+00
4.995785394381784705e+00
4.996407174017332586e+00
4.997023831825755380e+00
4.997633550796710011e+00
4.998231551904283698e+00
4.998818312432669053e+00
4.999388912390969608e+00
4.999941955689393147e+00
5.000482768226467201e+00
5.001007732074760348e+00
5.001523678634367975e+00
5.002024109471640223e+00
5.002500574585100779e+00
5.002958952631850309e+00
5.003392898622949225e+00
5.003812188018162743e+00
5.004209423247774957e+00
5.004580554027160844e+00
5.004928731169603573e+00
5.005255529727838493e+00
5.005571724955043322e+00
5.005872165333530965e+00
5.006151924558036370e+00
5.006406838871592768e+00
5.006642062269204274e+00
5.006856415789627590e+00
5.007051693365030864e+00
5.007233616929554820e+00
5.007395600169950001e+00
5.007539258036815433e+00
5.007661464657688022e+00
5.007764637848415745e+00
5.007852123310843950e+00
5.007921632939072332e+00
5.007976763007284227e+00
5.008012926255872799e+00
5.008034194934702477e+00
5.008040871888338685e+00
5.008026670902441246e+00
5.007995078890058238e+00
5.007943322435426836e+00
5.007879259530860772e+00
5.007799133276972015e+00
5.007705282262000068e+00
5.007601888813483448e+00
5.007485065907644639e+00
5.007360149622368084e+00
5.007213616660270539e+00
5.007039693864467900e+00
5.006841860907558228e+00
5.006616154341432257e+00
5.006365960734370013e+00
5.006073020985756017e+00
5.005744074462387339e+00
5.005371663263471937e+00
5.004961746326121563e+00
5.004524667477639355e+00
5.004048700323730614e+00
5.003543167254358437e+00
5.003003774537175374e+00
5.002438494665949698e+00
5.001857246673136359e+00
5.001257623760431592e+00
5.000647429330677518e+00
5.000027763722866503e+00
4.999401797233551825e+00
4.998774314178556111e+00
4.998146270094841803e+00
4.997519247709245604e+00
4.996892056120963765e+00
4.996262702821227641e+00
4.995632677255604115e+00
4.995001389785143964e+00
4.994370786352489766e+00
4.993739633141490941e+00
4.993106625555487454e+00
4.992474833233686127e+00
4.991845915494890207e+00
4.991223113341660245e+00
4.990610672636360157e+00
4.990007246053250078e+00
4.989417011319131845e+00
4.988845552830429853e+00
4.988295027418467420e+00
4.987764055533739693e+00
4.987252639560433742e+00
4.986754896073074761e+00
4.986277913107009852e+00
4.985815582042964600e+00
4.985376951685578817e+00
4.984955121418864543e+00
4.984552739328177218e+00
4.984177155001492387e+00
4.983820211245149956e+00
4.983489665119380518e+00
4.983177481042624812e+00
4.982892920142443671e+00
4.982631375464082524e+00
4.982384607745736105e+00
4.982165925959526120e+00
4.981968290070472705e+00
4.981804196713892630e+00
4.981659614071649145e+00
4.981542371930952839e+00
4.981447675815250165e+00
4.981371206376167926e+00
4.981315510240781563e+00
4.981269319542149354e+00
4.981239660128882640e+00
4.981221994015320398e+00
4.981222659009906018e+00
4.981232297546045906e+00
4.981242764123996913e+00
4.981252015299212133e+00
4.981259016683721619e+00
4.981262503171559608e+00
4.981259336377948266e+00
4.981250405395509340e+00
4.981225521064004624e+00
4.981189608620586462e+00
4.981133157187248806e+00
4.981052472177068147e+00
4.980951392878884221e+00
4.980819081463955023e+00
4.980662637339078103e+00
4.980471520931564200e+00
4.980252836612157452e+00
4.980001423680328720e+00
4.979718691841804379e+00
4.979416422122262098e+00
4.979092880771599283e+00
4.978754583173536474e+00
4.978399658263765737e+00
4.978035057210470349e+00
4.977666734182382591e+00
4.977296449118400190e+00
4.976927682557250598e+00
4.976561041870262159e+00
4.976199236423816785e+00
4.975839595743562604e+00
4.975479161613728607e+00
4.975119084031428329e+00
4.974756861762251070e+00
4.974392625638390797e+00
4.974025434241736932e+00
4.973653186210539090e+00
4.973276125774827250e+00
4.972895162426976157e+00
4.972509978176204548e+00
4.972119159349350781e+00
4.971728839078096485e+00
4.971340038986055809e+00
4.970957340099959154e+00
4.970579917454272412e+00
4.970205458649545882e+00
4.969843534329085877e+00
4.969489564434735662e+00
4.969152451404481141e+00
4.968830155679134108e+00
4.968519635130761003e+00
4.968227560767080497e+00
4.967947490518088038e+00
4.967699618232543024e+00
4.967475951430495584e+00
4.967283291430320880e+00
4.967120581367161947e+00
4.966972736218122186e+00
4.966856254455740860e+00
4.966759486221814512e+00
4.966694301217899898e+00
4.966656272702489439e+00
4.966636066783789438e+00
4.966647639277029569e+00
4.966683118553006260e+00
4.966755132833601927e+00
4.966851824950532901e+00
4.966972589371831504e+00
4.967118434943364136e+00
4.967285788133845692e+00
4.967478490267055236e+00
4.967693852558836554e+00
4.967934327721699184e+00
4.968200999870998835e+00
4.968494772315126262e+00
4.968820657357674087e+00
4.969182052873175159e+00
4.969573142975669100e+00
4.969999920316141129e+00
4.970457267202537999e+00
4.970962811857562613e+00
4.971509894356233694e+00
4.972089866101844002e+00
4.972706004940075530e+00
4.973344230167669799e+00
4.974010122679275447e+00
4.974694930724901099e+00
4.975398897342484972e+00
4.976123982183736416e+00
4.976862635053794115e+00
4.977620532326501035e+00
4.978396215625209287e+00
4.979194232709806656e+00
4.980013488121430854e+00
4.980855723731320239e+00
4.981722908355396662e+00
4.982608040906590041e+00
4.983520672656697847e+00
4.984447615631028228e+00
4.985396436639233819e+00
4.986360113136573347e+00
4.987337990440530611e+00
4.988333804644748071e+00
4.989345459304854735e+00
4.990370669178770591e+00
4.991400898881362735e+00
4.992431555576728464e+00
4.993462946154284765e+00
4.994496728368210903e+00
4.995522956214952792e+00
4.996541957818079638e+00
4.997544413246321149e+00
4.998530444167660569e+00
4.999490992240714249e+00
5.000415383242176937e+00
5.001319175101923697e+00
5.002189838476586381e+00
5.003033345230030626e+00
5.003842188231754307e+00
5.004618322588610724e+00
5.005369896926093354e+00
5.006084184385942493e+00
5.006761077679799499e+00
5.007392921187088675e+00
5.007984214909479981e+00
5.008543561510847120e+00
5.009056513905630226e+00
5.009535479247674949e+00
5.009961811564967782e+00
5.010347222536908340e+00
5.010680226273941607e+00
5.010950768720464410e+00
5.011179942190752357e+00
5.011354935150698964e+00
5.011482833344594212e+00
5.011565425517142458e+00
5.011601896791358257e+00
5.011609042025042093e+00
5.011567974857856100e+00
5.011487136514728213e+00
5.011359011674169750e+00
5.011185163216536509e+00
5.010981095315759859e+00
5.010728276496624112e+00
5.010428267637138333e+00
5.010093646528067879e+00
5.009721041539552999e+00
5.009323548557105710e+00
5.008896173642816585e+00
5.008436042995991322e+00
5.007948745520654832e+00
5.007431099446360001e+00
5.006890056500080455e+00
5.006319644259157542e+00
5.005729137504343562e+00
5.005104360947255415e+00
5.004445320958142318e+00
5.003761769303922691e+00
5.003050814786796252e+00
5.002319709652906177e+00
5.001560308555013101e+00
5.000772354001052022e+00
4.999968414673455541e+00
4.999147607752926881e+00
4.998316826889165121e+00
4.997471807667857924e+00
4.996616905251389795e+00
4.995754341030364643e+00
4.994889234000687850e+00
4.994028687545900347e+00
4.993176229664927135e+00
4.992327394926791229e+00
4.991492666223887653e+00
4.990676295155528130e+00
4.989883611867073299e+00
4.989125608721617589e+00
4.988386311301830744e+00
4.987685424605253992e+00
4.987027836361768607e+00
4.986415672669056498e+00
4.985853013018015645e+00
4.985339034268501557e+00
4.984882425026837538e+00
4.984476037578528640e+00
4.984122347527985220e+00
4.983823433047030349e+00
4.983572136046234391e+00
4.983371726641300903e+00
4.983203026572112115e+00
4.983078076246995280e+00
4.983003881595896800e+00
4.982975124247706056e+00
4.982987977899711929e+00
4.983039893116901986e+00
4.983135814545776476e+00
4.983266844032432807e+00
4.983440738255258573e+00
4.983647586582327094e+00
4.983882369874143237e+00
4.984144755927943926e+00
4.984421512624347628e+00
4.984722616514290827e+00
4.985047250902381322e+00
4.985394993228938532e+00
4.985768125755813074e+00
4.986156417531994123e+00
4.986570828324285110e+00
4.987009508712318961e+00
4.987469331240382608e+00
4.987949428139355490e+00
4.988438835097579016e+00
4.988942427551475767e+00
4.989455489693310319e+00
4.989982171980765102e+00
4.990510842828180138e+00
4.991034324681487000e+00
4.991550233168628559e+00
4.992057775175299028e+00
4.992556069446829170e+00
4.993043003035810834e+00
4.993520007124272020e+00
4.993990206224945716e+00
4.994454522905973803e+00
4.994917539460688616e+00
4.995381482606857659e+00
4.995847380897133760e+00
4.996312608188121729e+00
4.996773653617232469e+00
4.997232458544997868e+00
4.997687609782545337e+00
4.998146964712170792e+00
4.998594689434495919e+00
4.999028321905163885e+00
4.999445221787421012e+00
4.999845647206632826e+00
5.000228616586058550e+00
5.000588548844783432e+00
5.000917265741256834e+00
5.001214521816101488e+00
5.001471594600108261e+00
5.001700269868698534e+00
5.001878517186368889e+00
5.002004551859672077e+00
5.002084779040988138e+00
5.002111360002410301e+00
5.002101548269957121e+00
5.002030098375499279e+00
5.001897287408456627e+00
5.001712044852419936e+00
5.001473297069416013e+00
5.001187865811036026e+00
5.000842401126966763e+00
5.000453046599970364e+00
5.000006758908376980e+00
4.999510109017238690e+00
4.998974262962685877e+00
4.998391007112907403e+00
4.997774000207529710e+00
4.997116542423709618e+00
4.996426350216014889e+00
4.995711365158305384e+00
4.994972835371837228e+00
4.994215924481496316e+00
4.993432945872292805e+00
4.992627360636935130e+00
4.991805698762282972e+00
4.990969766045555644e+00
4.990124656374202772e+00
4.989269561136710607e+00
4.988409268001663399e+00
4.987552560756551401e+00
4.986697321052300680e+00
4.985851711372482065e+00
4.985011204222786318e+00
4.984184160421241572e+00
4.983367919663537648e+00
4.982559105942596211e+00
4.981769015977729254e+00
4.980990258494961687e+00
4.980231722409473427e+00
4.979493439311728054e+00
4.978773157561764862e+00
4.978081154043421996e+00
4.977413526440606084e+00
4.976777941624270341e+00
4.976185870433794456e+00
4.975633284861789463e+00
4.975127173664616542e+00
4.974663130084620910e+00
4.974247542286859947e+00
4.973876234220909076e+00
4.973573188113616261e+00
4.973317701669977886e+00
4.973111567816333789e+00
4.972950178815620959e+00
4.972820388602661623e+00
4.972737269646124503e+00
4.972692011024439473e+00
4.972678828920573224e+00
4.972699403342662805e+00
4.972738617648243320e+00
4.972811703536532235e+00
4.972908515049017986e+00
4.973032795278229834e+00
4.973186421481767816e+00
4.973361308103302569e+00
4.973566811730959714e+00
4.973798481406518590e+00
4.974063593124847138e+00
4.974359425915283239e+00
4.974686365848285163e+00
4.975049096992116837e+00
4.975435063553851123e+00
4.975853350547949638e+00
4.976296281603972638e+00
4.976765327988067256e+00
4.977263148141898519e+00
4.977780867120125130e+00
4.978329838825263032e+00
4.978901888554788435e+00
4.979508145650720863e+00
4.980136889120435839e+00
4.980807384600734800e+00
4.981517357578373328e+00
4.982247667139267477e+00
4.983004124736285512e+00
4.983775002261495501e+00
4.984571157967543797e+00
4.985385629286860798e+00
4.986206385692452336e+00
4.987034238850569068e+00
4.987862358664965967e+00
4.988692874735094485e+00
4.989517106985546846e+00
4.990331315597392070e+00
4.991139781301714429e+00
4.991936488127208804e+00
4.992717623835303264e+00
4.993475521555042818e+00
4.994207613592839934e+00
4.994922280287242167e+00
4.995614163702224886e+00
4.996282984813546157e+00
4.996929690888022080e+00
4.997552119431887263e+00
4.998156272670124523e+00
4.998735259597990144e+00
4.999293539499734429e+00
4.999829326731954460e+00
5.000331842204426280e+00
5.000805798372123689e+00
5.001240280469749777e+00
5.001639406507703889e+00
5.002002136757466744e+00
5.002320019317661348e+00
5.002586021529380922e+00
5.002796913714950833e+00
5.002967850131785355e+00
5.003093927906697935e+00
5.003180204233026451e+00
5.003216686657502521e+00
5.003211647060922473e+00
5.003175397604461061e+00
5.003108528410773914e+00
5.003018143033366449e+00
5.002904309551920115e+00
5.002760578427221105e+00
5.002591738156731971e+00
5.002390096723790869e+00
5.002162127453591012e+00
5.001908477447686074e+00
5.001623917236683425e+00
5.001315918355940582e+00
5.000979485861718921e+00
5.000621686406195643e+00
5.000244060955703063e+00
4.999845271460474194e+00
4.999431657209754576e+00
4.998997847825050300e+00
4.998543984420359187e+00
4.998071418344735228e+00
4.997582705780624579e+00
4.997080388530849682e+00
4.996568919993698010e+00
4.996035018093644808e+00
4.995481420881806578e+00
4.994901624597370748e+00
4.994302198268234960e+00
4.993687410779059199e+00
4.993044005982339328e+00
4.992377880640090915e+00
4.991684226892651566e+00
4.990971549279750619e+00
4.990246784366429544e+00
4.989505624152481111e+00
4.988750715307653572e+00
4.987976569138229621e+00
4.987188124410569579e+00
4.986386703304708234e+00
4.985574594415486338e+00
4.984758258588372293e+00
4.983939770437537220e+00
4.983120683334528067e+00
4.982307306132971902e+00
4.981505460418522269e+00
4.980715318076073039e+00
4.979942524038015961e+00
