-0.07940827705068056
-0.002048836829156714
-0.08440740307683663
-0.2473908010807396
-0.23265165567988944
-0.22615789427237168
-0.1166856802172251
-0.25737173188503676
-0.0024796033257245276
-0.10362857860879726
-0.07457187053042359
-0.09151872166050971
-0.015308586068475382
-0.09813445195868895
-0.02503011276349375
-0.11223212196015907
-0.022548155247681907
-0.0932728668206846
-0.024635998990426414
-0.11169570445757517
-0.022825089303431127
-0.1087416408441328
-0.06193315909776619
-0.12711277863378323
-0.042207465139533225
-0.1078500948754911
-0.09504128172289827
-0.13399755529573806
-0.07033382277501496
-0.12936811820097904
-0.08037862203305937
-0.12326037212315039
-0.047797083643529706
-0.10830302673040906
-0.0719511231817023
-0.0848695297069003
-0.0474486646420186
-0.07525288002599449
-0.026406420910614264
-0.07589918816046326
-0.053520776816644834
-0.10055013217678772
-0.08396964034220243
-0.09622360976601638
-0.06927194324298969
-0.09535523835980333
-0.06308454399665307
-0.09602835633192254
-0.04876944919633082
-0.08056821501968117
-0.09030493615580043
-0.0980316034200236
-0.056804698774644474
-0.07750443536518234
-0.07113842562694836
-0.07818760733944562
-0.07116838193628505
-0.08764815337695994
-0.05174320284101762
-0.07572424874919978
-0.05273633218599283
-0.07012579288465591
-0.054905943053149914
-0.06671463063559353
-0.034541514007786496
-0.06992340488597942
-0.012936459296341421
-0.027397418718067522
-0.01055440365365869
-0.041560129739836166
-0.014485195106176114
-0.02186276690947393
-0.013413873865864978
-0.024184640872913804
-0.009699204791361441
-0.02341729343464823
-0.007660825220955895
-0.025684394965321124
-0.012121000434201333
-0.01713981352167347
-0.017560684309156492
-0.028815570694185024
-0.011890218413251896
-0.02242323105086
-0.004186048939753353
-0.02093086796847942
-0.000734457891862394
-0.01202361236271752
-0.0030958122825516313
-0.01432270320801552
-0.0035326509744587234
-0.02868919508417457
-0.007046081521876548
-0.02519849823541574
-0.008844661889051959
-0.03361156915630027
-0.019020519076099876
-0.030132616731192528
-0.008372131729878295
-0.02175766710339519
-0.007675597706074003
-0.010316317205558758
-0.014866917663467387
-0.017538434104596955
-0.020742658631993392
-0.03463897005116397
-0.01907415851203601
-0.03782559221842943
-0.02325979951485748
-0.038229111173964686
-0.024652722989208398
-0.03577863403701757
-0.02142483667972106
-0.03904886389883429
-0.027311233092171806
-0.03557168632503811
-0.023302998912746526
-0.040946921726160906
-0.017309887590886915
-0.029840396933303
-0.020409212937540167
-0.033734697779156095
-0.031300677124853744
-0.04629669376830776
-0.03638717589163222
-0.03956856532180418
-0.034417842740486426
-0.043885553880743444
-0.025481427954712556
-0.04517655254317786
-0.04642644860603478
-0.04410875423604722
-0.03191849835832455
-0.03920565020238687
-0.03538679198751305
-0.04061828059619058
-0.029933412279584817
-0.03899966148414256
-0.038133555681866174
-0.036723975288099425
-0.033615883824949316
-0.049690053527365434
-0.033332179368206274
-0.040756525825823176
-0.03909540070962116
-0.04939036553320409
-0.03801817131096425
-0.04539083760495574
-0.033126541427333595
-0.04227315102656392
-0.039970306791236414
-0.04470459474981998
-0.03121237494382411
-0.04125170224199835
-0.029884832345712004
-0.03753166739433668
-0.023633588060909577
-0.030238958252877104
-0.027151566098317675
-0.031154917481772335
-0.022248124586289785
-0.024897920657287687
-0.023192530729147214
-0.028991700561742155
-0.019938392791889133
-0.031655894219268996
-0.022380017124340432
-0.029116575254407178
-0.01798675020422991
-0.025767676942577544
-0.020646347901789732
-0.02672289110151303
-0.0181339064130922
-0.027985769945648213
-0.018162955810741843
-0.023908351350129333
-0.022786834808606164
-0.02745109044325559
-0.01585648178549732
-0.034329808007414114
-0.02438319819958718
-0.031081192423564254
-0.03642147842894404
-0.037150299517393404
-0.0402000167973735
-0.050098833037834044
-0.04032146479738364
-0.04703812970048678
-0.034340174316585474
-0.03882829269345583
-0.028736933839083257
-0.03622298663645846
-0.028577838517626134
-0.036056405405513574
-0.033595920616013145
-0.03587384872837449
-0.031043126795064224
-0.03643511244236272
-0.024339646954927255
-0.03482130644552869
-0.02656520094349659
-0.03362527446611307
-0.027699197694125943
-0.03657055799587162
-0.03385007612218446
-0.04068451508801517
-0.024430958171132108
-0.027934553788046403
-0.02557999235010304
-0.031428702070293385
-0.020149165515157916
-0.029190630055767205
-0.020596353186302853
-0.027429142249382362
-0.02053743064635157
-0.03242876325882354
-0.020064414479116853
-0.022357876991251267
-0.02118087195784686
-0.029805848840224688
-0.017093502854021635
-0.02677513158920338
-0.023878988322672913
-0.02976966703267136
-0.024951200710026582
-0.02823899794633313
-0.025117691041427755
-0.03304353578686221
-0.02611550901412569
-0.03267085699189773
-0.028730829960631456
-0.03842193518718644
-0.0358664082067668
-0.03803017869179156
-0.03161368077928057
-0.03920100763832083
-0.027744153932601448
-0.038707761103401725
-0.030016095896340005
-0.03751288790213756
-0.031476062174577844
-0.0348172355491401
-0.02789551462451259
-0.03709187960638014
-0.024755276661704614
-0.03530819310329612
-0.028366925437975022
-0.03387200803012091
-0.031174768875199547
-0.03760831799288948
-0.03341041083799899
-0.03375903262922558
-0.02887323626852766
-0.030562052691384105
-0.02743094617841738
-0.028206570550946615
-0.03237676341467821
-0.037917968479096543
-0.02967691414365861
-0.03828160245440783
-0.028509654208269845
-0.03529343347781269
-0.03037911420316364
-0.03287665119261795
-0.03028231943237465
-0.03774933250260381
-0.0315758651397679
-0.036635303361610236
-0.035021230390786404
-0.03703896514360252
-0.028623889395211162
-0.036013305684943514
-0.03145817057370037
-0.034938944199083596
-0.029720609220853064
-0.035091214334162485
-0.029327605318158013
-0.03687323003962848
-0.030967615623645774
-0.0364707408994463
-0.02887512541464455
-0.03167536195839275
-0.028169059056358026
-0.03505997722836543
-0.030793597793169963
-0.03782443562776472
-0.03621072579574327
-0.04185702481122475
-0.03577299742077745
-0.03752706414931366
-0.038814488230180084
-0.03812895464474642
-0.04237043408993366
-0.042938366972409575
-0.03950915847229551
-0.04917282917152581
-0.03909812515755215
-0.044627240372458764
-0.03730453849352479
-0.043692125378536756
-0.04027375481656797
-0.04244268481208712
-0.039260178840056455
-0.04253648039680362
-0.03715708308613695
-0.04712708428885818
-0.03991233062506581
-0.04092963945015141
-0.039898242560296567
-0.042026224562397
-0.034819741570573486
-0.038015830371254354
-0.03273983329011563
-0.042433524663256804
-0.0335705396772088
-0.041624716713079886
-0.03687170971199326
-0.03946894746842368
-0.03581757881499713
-0.040837292166935525
-0.039019096918946373
-0.041375264436370886
-0.036555831238449785
-0.039236682382763795
-0.036966339477136775
-0.04336833383260795
-0.03705094087165033
-0.043402674642262405
-0.040560281114590584
-0.04151784889689433
-0.03796991443777954
-0.04211533913076
-0.03614593369420025
-0.04438849136916566
-0.039179225885325214
-0.04114864488517903
-0.03490579354671889
-0.04102916499968688
-0.0382521692256146
-0.04028710421130949
-0.033419602248799564
-0.03726553596272394
-0.033322542919628315
-0.034866064716664306
-0.03138257801432959
-0.03675753555909591
-0.03206900334600627
-0.03810396154002774
-0.02947559488690728
-0.035684916987015806
-0.03002032883401993
-0.03623367322308987
-0.03231089705726716
-0.03492307308210737
-0.02880324439016582
-0.03342176944510798
-0.02906788173693539
-0.03548041837425406
-0.02805786982172824
-0.03173919281967688
-0.02916705380668902
-0.0320658711151843
-0.027446705592142115
-0.026817068493095376
-0.024254569673688286
-0.03372053351763633
-0.023713457220923478
-0.029974960266784687
-0.02795671726862361
-0.028742535835732885
-0.029214409723989504
-0.03198790063614082
-0.025933673740667587
-0.027276862704063175
-0.02708403661955835
-0.028774784874999414
-0.022167154031929055
-0.02938310118112744
-0.026754358849501482
-0.030114735021592412
-0.02603640357062666
-0.02945486426781622
-0.02504756002003407
-0.027685672237577442
-0.02724876611003347
-0.02820158648076775
-0.024636240194781424
-0.02763013327290987
-0.027533041196731837
-0.02785706900780325
-0.024209148428890576
-0.030315845619112682
-0.025028114318185815
-0.028750893701556427
-0.02071760374000152
-0.02453544052334141
-0.023145107427040096
-0.024118705313603064
-0.022525198420579415
-0.027627236841253084
-0.020112026483655298
-0.023744392842544204
-0.01812937616503165
-0.022743537954527097
-0.017634890435205726
-0.02209512547499693
-0.015623880719236437
-0.019009149005619775
-0.0167711260926212
-0.018829506112732423
-0.015682187976268577
-0.018995622072505495
-0.015890429309908388
-0.019306688514360577
-0.015435969996510809
-0.01984375625074639
-0.010508281757877394
-0.016114197782214946
-0.01488355231277981
-0.017764793241050698
-0.016539532642429796
-0.0198181746793849
-0.01580932418366067
-0.01990285513480784
-0.01475518419539837
-0.01869066044476133
-0.01549765068825174
-0.014778122465673635
-0.010550910201749527
-0.014027930322288069
-0.00788597766798963
-0.014374883320165423
-0.012010549604250537
-0.014855374747057327
-0.011562439322169826
-0.012610415777942686
-0.011397841311265002
-0.01578947925990014
-0.009788984560476372
-0.01391664652782982
-0.009744393999175118
-0.014436845233994633
-0.011193700587583526
-0.014983771976847847
-0.010943943774724386
-0.014736004881833251
-0.009196241339518607
-0.015008598761507326
-0.010254365634945238
-0.013625924157729863
-0.009696735037842567
-0.014716767927585249
-0.011291676077607464
-0.01491714160217578
-0.006762202240625755
-0.013492967353765433
-0.0101396639244187
-0.012035834509228594
-0.009739783068165636
-0.012185838583689696
-0.009728693892203728
-0.011461265977216497
-0.0075077232380792985
-0.009100443279031608
-0.00786365374025113
-0.01020518208634029
-0.007393832194323953
-0.009557258969933537
-0.004401712651404601
-0.009993845191305745
-0.0030431106557271825
-0.007943471863981448
-0.0025806200125781534
-0.006324322692468833
-0.003099266272338099
-0.006352355405706368
1.820811529708207e-05
-0.005353100399287723
-0.002280184401075211
-0.004943061553580936
-0.002271277766529525
-0.005015926526962867
-0.002567045359213637
-0.004445562274231329
-0.0020847761403421567
-0.0057682819694218086
-0.0020397272782817825
-0.0049175420570493605
-0.0023523910408288066
-0.0035481014941075046
-0.0023941095928601695
-0.002783184425546994
-0.0037141905767506477
-0.006474848865902102
-0.00019402103704413244
-0.0025289549649615394
-0.0007266179286054738
-0.0025967598330864415
-6.208042710257677e-06
-0.0021098410714709263
0.0010605577121767695
-0.001471352168924731
-0.0004161364098372714
-0.0035389861168750713
-2.0295557509274892e-05
-0.0029739622421018595
0.00045710956316341047
-0.002465751952016328
0.00046771517831951367
-0.004657572933489837
-0.0015071278442449867
-0.003659831901652904
-0.0012827077414570248
-0.004072908423348063
-0.0026417460537388735
-0.004568160225884008
-0.00030757195084914977
-0.0014648081570403737
0.002359835907749683
-0.001544271641437911
0.0020152606356203984
-0.0012567904746342486
0.0015594932563330515
0.0004018315028008541
0.00247867306803064
-0.0005538740228557567
-0.0011936437096195407
-0.0025195194444105375
-0.0006984183905485296
-0.001302144397205311
0.0004466241295083695
-0.004299231050204916
-0.0023441969330513976
-0.002908053031596893
-0.00044534123584978667
-0.004219449784162058
-0.0008326082767980839
-0.0034676365516420893
0.0023076206550569868
-0.003371140595496827
-0.0012669499491858997
-0.003734398783808588
0.0015768776688420709
-0.0004479548325780704
0.0010453868872346594
-0.0012346151424045206
0.0015790275285618082
-0.002060406991090552
0.002106708838291742
0.0009358482441443499
0.003749504192299854
0.00011047581910603365
0.00467365651796373
0.001629543753072398
0.0033845479151685858
0.0008118395606080226
0.004319836094525255
0.0016454254338309257
0.006069507411569903
0.0024541864502164246
0.005361163123683921
0.0035321582387536714
0.00460938186162459
0.0021991904789807923
0.005241085012607282
0.00464409594003755
0.00674839564118471
0.002519031256276859
0.006997320282888495
0.0037083651160673414
0.007813103510302117
0.005980238800340859
0.0061912782782745455
0.006334892565241091
0.006667410034079916
0.005243873332296694
0.007437579482946439
0.005164968905713252
0.007303199832189318
0.004177943658482644
0.005325827207721746
0.0033346321932292353
0.005195839132662961
0.00217783736969538
0.003497861028765538
0.0024252771304712154
0.004496808011660612
0.002147032813724204
0.003735525614839853
-5.573597675409789e-05
0.0037308180384955786
0.002193774878249136
0.004645424680210578
0.0015725806050803323
0.005519566720016498
0.003993872755741086
0.005674601006073301
0.0035569476531958004
0.004566959614833197
0.002767959917477768
0.006921822387496712
0.00429270091938827
0.006852116022829085
0.004231050225989813
0.007044452492026617
0.005335939743015436
0.008082243745496875
0.0020592279772642208
0.0066482745195993315
0.005931729841551859
0.007871103932665012
0.00333656203592472
0.007459599800509787
0.0050264577298889945
0.007888885970437284
0.0037132818942811163
0.008227385583177154
0.006262735520536393
0.007995174598255718
0.006923580464072858
0.01005081452330212
0.007057999070635363
0.0078009469752909335
0.006413298842108284
0.00996195611617726
0.008175577776779769
0.01061373338916011
0.010057471253197897
0.01239680237425179
0.010900129163735173
0.012234108164787986
0.009669450498238832
0.012220971975732953
0.010857803132418775
0.013595863420958946
0.010150311774647537
0.01291304315959797
0.009690209779871561
0.01121797392805366
0.009469398819623429
0.011718402293804104
0.010943303692795102
0.011526542167484779
0.008712227769005008
0.01101463497304695
0.007261157551542164
0.009490827533398876
0.00817723684223312
0.010483020725623812
0.008072998629344245
0.011168905438199294
0.008371708936255726
0.012251000454843394
0.009685749113856036
0.011740673592371723
0.009938625457898326
0.012575527212380571
0.010120556256812697
0.01320406529263821
0.010018406766255598
0.01295241276699163
0.009306830044219078
0.012977420933270008
0.012633887812969358
0.015129393702827829
0.012256555778801425
0.01563157539033706
0.012813349504783906
0.013023038617155971
0.011931526960726782
0.014641482489235564
0.013335805353303596
0.014007063607110312
0.012040872925933914
0.013513976082782299
0.012206722963231397
0.014530115729668362
0.012453776682829187
0.014868457828139038
0.01330693092249629
0.01504151101203533
0.01449979273981132
0.014389346345015016
0.013291778940649627
0.013399346324194409
0.010931208045971544
0.013873097261917102
0.012121691260294314
0.014827495614874309
0.013291550156493253
0.01599769550839209
0.013800842270188497
0.015075470745607675
0.01179983408803301
0.01487414369487513
0.013066010407958559
0.014412542514676356
0.012692391113369424
0.013178919167052341
0.011856963553531594
0.014720939751108672
0.012432295647093876
0.015630960863910883
0.014194563009103614
0.015696826051123634
0.013929344299522705
0.01577982790764429
0.01471464853227571
0.01653165535677986
0.015071943169448413
0.014024763550995375
0.013042641839930568
0.015239406533349988
0.014864229046402465
0.016165693970546853
0.013939071651407998
0.01583501977000161
0.013833253668676633
0.016558908554709827
0.014063399914425574
0.01879369072387389
0.015626922601674177
0.01927060977130974
0.01732677463100194
0.020938800363001605
0.01916616555052509
0.01965960421602212
0.017718913035868887
0.019464710285242836
0.018752989722432903
0.019761677778648144
0.018050122364239935
0.01929611634673407
0.016706329672113968
0.020004248177395562
0.017584723322899894
0.020757837019349724
0.018937848002043376
0.019745732793444035
0.01874127537990548
0.020383805665195966
0.01728570059705704
0.018781348441510193
0.01613754614976188
0.01966065084660211
0.017827925247945107
0.019577274542063577
0.01809622897010059
0.021331452181851552
0.01780578670372671
0.019855220220002634
0.017999014823916748
0.02181835094823557
0.01902448786260628
0.021179108992400057
0.01932805644877239
0.02215487496316618
0.018713439385817696
0.0200497167234918
0.018448015880819044
0.01923074298755455
0.018776170343093795
0.019693870837306268
0.018363846635326884
0.01828399984429497
0.018176790502726053
0.01827685762089151
0.018430069808886257
0.019329951553138866
0.016718935660400155
0.018384249154718358
0.017948980775190436
0.01935059376695421
0.018190523042790157
0.019766035883171405
0.017615468960685287
0.01935216038799685
0.018080089954690272
0.018716941168043285
0.016347810327959914
0.01929281199870127
0.016448778774609773
0.01921775802932485
0.016032658831300315
0.020830386897602172
0.0191624156944104
0.0186053552349533
0.018488072724519692
0.018729135212428968
0.01784936529582304
0.019942948536412684
0.01800374312728837
0.017754075438962534
0.017838687352175
0.02095827662970486
0.01759733671124937
0.02048107793651473
0.01783021573466424
0.021255538668806355
0.019032006198445688
0.020816226281906672
0.019703745092405467
0.021641133402672028
0.019835332541369155
0.02185302185229347
0.021175290303921956
0.02201816903398559
0.021982694625217437
0.021731159941569798
0.020965364765648847
0.02189615723843502
0.020583967067860958
0.022509504960392036
0.02048357894793073
0.0224762494158259
0.020229778988652424
0.021506130555193646
0.021550485930625054
0.021931994528617677
0.020809812368300807
0.022724386440691982
0.0211236388607262
0.021780663714976996
0.019605815402398367
0.02261376177069218
0.021907589531617942
0.022666223632987547
0.022282130786327226
0.024915804746919994
0.022193433657815554
0.025273284228810675
0.023168393634790636
0.024052191311850667
0.023894563488370175
0.0248900524675027
0.02267771777884217
0.025315474273671933
0.022987957265842275
0.025986401409718446
0.02483002088133991
0.02504875957596033
0.023363322037808682
0.02622279178609912
0.02393556502712084
0.025809034645127057
0.02377028195868715
0.026276023297958046
0.023529815597428096
0.02469522644353739
0.024019804057275437
0.02580900045144106
0.023883172367274143
0.02841798555508877
0.025998871810829462
0.027009207036718805
0.02421181953987485
0.026725727680414587
0.024409432807480484
0.025973791329970325
0.023959237479170052
0.02557395714554654
0.024415758039711428
0.025249605902822065
0.02384931037183815
0.0251547236047496
0.023577246563175794
0.02519542275516753
0.02310452313052963
0.025526442205227047
0.023737358476346945
0.02462253306310853
0.024003738750930266
0.02516569817271596
0.02327879857715368
0.0253260379731623
0.024220115790824802
0.025941562165611595
0.023696238613320278
0.024619926099901164
0.024091784919677586
0.024322383661793734
0.023152223077704315
0.02439156795525943
0.022793377967437817
0.02583258892270199
0.024162821769223373
0.024717536632910264
0.02299912762368316
0.026837245068661607
0.024156248578248992
0.024959617657177857
0.024602852300287453
0.027295190403399967
0.024921194298360518
0.02782979507690253
0.027013798388052023
0.02715070823914526
0.0264822454021802
0.02709331972420343
0.026402488616010456
0.027877271078714193
0.027039065261091115
0.028502920106183594
0.02627663605934671
0.028325898170018217
0.02707091243366386
0.02813640340247261
0.02651582811738261
0.02867865443960899
0.026888076909306422
0.02948068959596254
0.02823523015744122
0.028226309138648795
0.02815820959573246
0.028873079260058797
0.027830602472816546
0.02820740637130978
0.026626149400874214
0.026951498008255373
0.025642555982471168
0.02675795464082756
0.02733939805267132
0.02846494238681773
0.02590359894060193
0.027396740969455807
0.02673483467955987
0.029092835728612803
0.027172360205894964
0.028853041948013313
0.02796140094956771
0.02929548079844025
0.028572048670617023
0.029543338440921777
0.02891949251871699
0.030261826201138813
0.028680401994412685
0.03074702213074712
0.02876011377625593
0.03088761573806487
0.02976030797681034
0.03077893878586478
0.028377440258983744
0.030134526028591967
0.02826578959178001
0.029411302727971413
0.028605065796472047
0.029289439711283713
0.028180991553744674
0.029709004303607556
0.02894914177076488
0.030584418237768026
0.029444234623911433
0.03028533008224954
0.027959156832599537
0.029246524803378027
0.02756471654130748
0.028182475300769793
0.027155975615786927
0.029763063546459
0.028816841454330323
0.03006818772701542
0.02890721460043993
0.03043109356565447
0.02880207721926906
0.03044853795121028
0.030035533761823344
0.031018767605560427
0.029464255711630055
0.03010994700808034
0.029679473040927974
0.030938254227179496
0.028752870433178434
0.030350623917935218
0.029704699865050335
0.030967576861898247
0.028726765705428335
0.030281646147725855
0.028966997343923263
0.03080861525793201
0.029702195137954843
0.030003922206861173
0.028755278201072255
0.029672426999593507
0.027436870700395133
0.02943891886018964
0.028974724072274825
0.030800033196816443
0.029234371262275405
0.027873891208512573
0.027800836130943262
0.02754922146377011
0.026180049820598184
0.027466268852370895
0.026531359009684303
0.02946132033635759
0.0270438448004864
0.028293412119931357
0.02816588614731458
0.02763643600302751
0.02675871896857895
0.02922347411025863
0.028299176808224163
0.02875732745896744
0.028292136272310156
0.028705184350095857
0.02765486738977759
0.029777181613327874
0.02791917539066911
0.029230633267873687
0.027683111445233194
0.028449465611876588
0.027689535415951913
0.028240682468515896
0.027353243863422097
0.02889497414952573
0.026335991535945222
0.027984284680608533
0.026932746343016054
0.027526821757948725
0.026354203145302686
0.027671305041037264
0.02595317841672343
0.026368047478068705
0.025395911815693
0.028132861798126532
0.02563235180823786
0.027406238183794923
0.02565931346865053
0.026635172008353705
0.02551872808139501
0.027926998934135402
0.02667283477229876
0.027896203071440567
0.026433068869293575
0.027409409312662204
0.02645002896630123
0.025822301001952486
0.02562114412859141
0.026489600910634965
0.025793180439614906
0.02589525099984853
0.025278444098916383
0.025433297248880785
0.02524251028111768
0.02557192371350789
0.02454015031820516
0.025379820475233485
0.025127328339378127
0.02541945144129707
0.024980160838151976
0.024616636993470765
0.024504507205999
0.02402314234359548
0.023035420187929447
0.02495721313898598
0.02265850620555201
0.025548275885094875
0.02458486227653624
0.025114122839700076
0.023822510605573596
0.026242694051782763
0.02423212068769728
0.025965105006042304
0.025123007806018137
0.026503703099507614
0.02612779730882662
0.027416947681945556
0.026065445033758183
0.028302922113433892
0.026042603041561203
0.027049198848106325
0.02686780694093337
0.02848570718334663
0.02751136908839705
0.02729001405160424
0.02624925623224622
0.02694768251650631
0.025951695595882396
0.02679852494996916
0.025392361138106605
0.026579174268255207
0.02535339553935292
0.02664009592701968
0.02594240365783495
0.026615850067207857
0.02669784614206121
0.025193191637228544
0.02481844217748219
0.027056731007402048
0.02530729246292374
0.025782592944795815
0.024892676429746727
0.02589125545655417
0.024641024486893804
0.026474628676142673
0.025502932597985792
0.026412662217244524
0.025091291524511106
0.026103834242858302
0.025073548143644934
0.02697838862303032
0.025106053154938374
0.027735802061575346
0.02606378261340118
0.02806964821521417
0.026485110842084523
0.027803458817148526
0.027070008203936975
0.0286599611701548
0.027537763140357427
0.029502506688898
0.0269276731052527
0.030028552429557324
0.028035625016095647
0.02834379774892804
0.02691431335942802
0.028051463302282777
0.026335800377791135
0.0288019007215203
0.027806652952763976
0.02899048828349676
0.027226629725213985
0.02927502468585813
0.028823975232751126
0.02887615320860253
0.028826992619806396
0.02891162089069422
0.027383716913213563
0.028006164071732294
0.027247273839260216
0.02696218017500125
0.025933170103512815
0.027771155340463607
0.02549200722211871
0.028426866814854932
0.027201141403775123
0.02838981433256401
0.026779150656257765
0.027348722629622384
0.026611597884073076
0.028116646091677733
0.027096706458789796
0.028924526790744535
0.026823422290733066
0.027941479551665187
0.02698868687494736
0.028208468697335294
0.02852721427191294
0.02929169214691711
0.02863765772959521
0.030488167342398516
0.02967025274542954
0.030467974832949017
0.029950819191081054
0.03030368219451865
0.029030501023376967
0.03033295752017199
0.029073243885557255
0.029779740399633402
0.029739674995275158
0.02979666124391071
0.029415296312033153
0.03021353001582053
0.029090415196902475
0.03066778344613783
0.029233782781552732
0.03084096504749563
0.029943374838476988
0.031579958610578475
0.029850144471441492
0.031257723079309165
0.029556463066004224
0.030892036754525717
0.030519768317068242
0.030998861520424963
0.029766024252259014
0.031124419684007688
0.02993723575366833
0.03191863863387022
0.030767484293106436
0.030988143216737832
0.029767689754385512
0.03174366448768399
0.0303813276184642
0.031852680620788235
0.03049876381660626
0.03251676163578997
0.03038479357322178
0.03275163795164042
0.03164234026318383
0.033157774590357736
0.03120309586804135
0.03308216575439162
0.032619865767273486
0.032599434993435955
0.032373927786122844
0.032577230859980384
0.030908907206654578
0.032227782338113284
0.031087830277526696
0.03264966026558188
0.030684009045334158
0.03283722594979185
0.031713670229568364
0.03235981189309449
0.03196954067874726
0.03211059463071862
0.03111013565717332
0.03311697805162801
0.031889643786860156
0.033219809628604643
0.03186469862038513
0.033346608385568514
0.0316836618392705
0.032026060986417235
0.03149174321680898
0.03260899920896095
0.03196776538344599
0.033451386557701634
0.032424908700332884
0.03335802015249001
0.03201714617568098
0.033350403399116754
0.03201521480957123
0.033392596208523286
0.03197244143482643
0.03381023576914099
0.03188906602640263
0.03369034446855477
0.032419184317146896
0.033751209662534074
0.032519629057063175
0.034972406591696606
0.033910701860319324
0.03523360815759489
0.03324119295951636
0.03467914182849291
0.034316192917051895
0.035676844226808176
0.03396512375042706
0.03701580950758274
0.034316945847761696
0.03586968679432012
0.03475386911040819
0.03681990618829243
0.03544799754959976
0.03660955646260251
0.03585048090576863
0.03672353216194512
0.03601493575257725
0.036690541509608335
0.03602274149757168
0.03650279818427038
0.035354085254190745
0.03673886104012358
0.035577677109972235
0.03619783124407877
0.03484579826777981
0.036667212577118004
0.035464403461370954
0.03707142556522378
0.03530432347231643
0.03737165764139349
0.03669914027329003
0.03730607364515458
0.036572928161499665
0.037873626027026194
0.036582312800834946
0.038533856702755644
0.03742541329291724
0.038411154675691186
0.03759144320601553
0.03811340420637784
0.03717029998255644
0.03829979869085496
0.03654547743120273
0.03879405209266713
0.03709143920279026
0.03901841722150825
0.03779796255173189
0.039829165202812204
0.03941806453863324
0.03971851406490779
0.03852072955388863
0.03912094925715633
0.038298126368143975
0.04043825944706945
0.03885100535821904
0.039382427902764514
0.038754192531146196
0.03915367429631637
0.0383380130973134
0.039115144590088684
0.03821851642096367
0.039283877884194865
0.03859833122376187
0.03997927937327474
0.038848720592994136
0.039311594032498426
0.038267065997291475
0.03903055466403925
0.0372285215249724
0.03893098482012947
0.03788604057753091
0.03855048955803892
0.037624451846569026
0.040340553898343734
0.03805686674026329
0.03893106865933473
0.037465273801074075
0.03900680395629318
0.037358741997558044
0.04026342174950047
0.039619745475024414
0.04011627522169775
0.038552466593802764
0.040351033625158315
0.03889278357242103
0.04029667033631016
0.03930204052074904
0.04007524435618338
0.03974221765295817
0.03974759038198822
0.040653074449363114
0.04088630427831908
0.03922975512770588
0.04030652034073441
0.038798239546528945
0.04007166100168704
0.03876681760971516
0.03960026571566134
0.03864243938328466
0.04005611299791287
0.03848824567773535
0.039486603712177
0.038430266270637926
0.03914606135704387
0.03755204188432139
0.039145225452873605
0.03846805678646784
0.03883779939513446
0.037607795182099404
0.03858739732434101
0.037947823761990886
0.03921027953092641
0.03804835415759028
0.03850257928125382
0.03786388947025139
0.03859483607972061
0.03745676030181125
0.03805436362020578
0.03748753273716669
0.03852986988223205
0.037945840756111134
0.03924705969726974
0.03890515715907841
0.03950227772998221
0.03826768982416716
0.040413094145570684
0.03903119515257465
0.04028268428292512
0.03878343972646118
0.04038480501270507
0.03927085621881673
0.04111409291911777
0.0396257110024195
0.04078879327558181
0.03946846014524076
0.0409760051198811
0.03900806404396163
0.040001526498273966
0.03938466570279791
0.04062258003655897
0.039287198107400514
0.04078698191662169
0.039670150574763786
0.04048172985278586
0.03936249609461337
0.04062148817713845
0.04069080186368054
0.040415158357764644
0.039301950216495025
0.04109749331156434
0.04035847257047883
0.04185684858895357
0.0409701448382954
0.04090672908663305
0.040203473240260024
0.04145790092700036
0.03975900773701191
0.041823925183449254
0.04024755609524211
0.04110847938328118
0.040418241666174845
0.04167003635146633
0.041054183498950035
0.04134089790386962
0.0410880251730105
0.04126822888338976
0.040404421207650955
0.04224336756920099
0.04084462186882055
0.04072558998386567
0.040514727668479626
0.041229311678501954
0.04023079245813686
0.04117786635191105
0.03994095877427382
0.040947939649029985
0.038917877939629954
0.040479148555326604
0.039255856530568733
0.039242466639032345
0.039141048720994484
0.04029211504971762
0.03846939735856874
0.0391497442806241
0.038569280087909025
0.039204835402521836
0.03860381525645006
0.03976156855160414
0.038070343456043015
0.039320209526879465
0.038463754183182396
0.03947945190193182
0.03883487262258346
0.03887850638146643
0.038331165403195935
0.03851473143982752
0.038149041005857
0.03947364365210389
0.03872103639493824
0.038907229796416615
0.038570809987754945
0.039113820738518504
0.0387209799739008
0.03973081981061304
0.0385953320891155
0.03996182631667814
0.03870822151430712
0.03985981643638507
0.038352273917202265
0.03944553899054175
0.038684827046876244
0.03981156602983843
0.038987178749374095
0.03910494504501777
0.03828782577221437
0.04025685761320587
0.038796281090928045
0.040180439354486605
0.03943940213703809
0.039787311891274185
0.039219412517806994
0.03986880881023655
0.03875369564299231
0.03942667935932972
0.03826354750337236
0.03959964177950391
0.03859928468587995
0.04036444686812215
0.038712754649488465
0.039584766262238
0.03942388765386797
0.03922678618720775
0.03841635942583348
0.039037858308206455
0.03748828518588565
0.03936855081391051
0.038072550367193245
0.03864183468823035
0.03786587487605078
0.039037156622617024
0.038217377152535766
0.038187932855597274
0.0378363177701168
0.038141227315722795
0.03684414613351505
0.037732503472428826
0.03656619331008396
0.03710596048941744
0.03691483161662425
0.036708855439409695
0.036074582834228874
0.03769021040118544
0.037036537717324146
0.03788270054719814
0.036990600627416124
0.03747144255919333
0.036848513706755535
0.037641303201167535
0.036390879906264044
0.03665964926377
0.036195126906153986
0.03729300349614589
0.0359377284960339
0.03727676282112016
0.03580228635210949
0.03662146380265781
0.03521171011801664
0.0370475487069752
0.03648508627162299
0.037400133986718084
0.03618881255093125
0.03675934091742324
0.035872940514940464
0.03779441647963247
0.03666465682830766
0.037459620719131934
0.03714162827293613
0.03807039084589197
0.03670916633529989
0.03796184661035611
0.03675397104054745
0.037540087538391116
0.03733182959604876
0.03859885255056439
0.037284275298055926
0.03852922210489428
0.03773672314481282
0.03892701850579264
0.03783800070267289
0.03851027175426556
0.037772583493906775
0.03849237891089677
0.03805212130271074
0.03825078702665004
0.038077838338479775
0.037747932493975525
0.03655846674177955
0.037671349650914975
0.03706591809334922
0.03722500227462605
0.037578289721023166
0.037723249476266464
0.03682222272557914
0.037211317995456336
0.036120991608546295
0.03687282162210307
0.036687273525908504
0.03663975313138759
0.035547401587396894
0.0370865523211848
0.035587869786051544
0.03614920492420091
0.035623477646226594
0.036352812220779775
0.035284952288527266
0.03602845220695764
0.034998094622025765
0.03649599077026274
0.03484123862508802
0.03610603078920952
0.03495136286828098
0.035686467170547596
0.03550226951509018
0.035449160881787845
0.034764956735009865
0.03519991651680278
0.03458421545339299
0.03512376329010355
0.03483523118991307
0.035205453224314086
0.03463880500404989
0.035627374348022066
0.03485285941612893
0.03582012692434451
0.035279660414689454
0.03632864807725814
0.03526059331169205
0.03602255786542442
0.035118547456563926
0.036179113380569825
0.03548022492609716
0.03641936136931288
0.03535751984406348
0.0370085012683721
0.03557907562539533
0.03686631829758888
0.03599698702430214
0.0372889701947681
0.036256736410342716
0.038246338684940616
0.03671812453368472
0.03744589149099781
0.03744025226905233
0.03919701738492112
0.03778609079746155
0.03814889678491887
0.037626594408464484
0.03874928382331079
0.03754342378654107
0.038054200242613204
0.03738406935826984
0.038523160550313046
0.03744528461938533
0.038477695563923775
0.037781632330782765
0.03835866041931408
0.037977868606461906
0.03852162930839374
0.03851708468971374
0.03828226192466534
0.0377757473284768
0.038855930744016935
0.038023916411206594
0.0386165434534773
0.03795592333237837
0.03884706781255732
0.03735409532823157
0.0382375465638151
0.03726944650926668
0.03851276728336882
0.037852551932915354
0.03821055670752504
0.037640897699336116
0.03826511149687251
0.03782022933412111
0.0385602643652112
0.03814777862830644
0.039487569109488675
0.038000593398259945
0.03872727699515573
0.03857651307588393
0.038813167411770044
0.038383568371912535
0.03925140957267118
0.03800952929011079
0.03858010235782938
0.03773972908633207
0.03877211669846569
0.03766443865283376
0.03917372079299275
0.03854710066069127
0.03877966517477562
0.038808597269531155
0.038546163477412035
0.03795805666346956
0.038727936920344534
0.037751091967578955
0.03838635200179173
0.037256345118860036
0.038228078291999264
0.03738798403293182
0.038033867355936994
0.037135486821645976
0.03776466947511038
0.03675655503814748
0.037286874232348804
0.03653649727152368
0.03729917455674829
0.03642849375626239
0.0363160474649743
0.03603237343750925
0.03655011858058984
0.0359559482894479
0.03703227761044361
0.036184592670167354
0.0363105115433282
0.03564906045228102
0.036029307449455344
0.03562469672703596
0.03596514060099925
0.0354759361576184
0.036831819615527187
0.035439009828529086
0.036037293989130435
0.03529859820374436
0.03552323271507819
0.03484250688080841
0.036123453442491606
0.034723267589472744
0.035613608993032356
0.035034997535620116
0.035149548494129414
0.0345727832966251
0.03549016983117785
0.03494577382890782
0.035558420810853086
0.034769772798219516
0.03552570807150089
0.034588534107559916
0.0358149429280188
0.034700345647704765
0.035921355642308875
0.034536485006989665
0.035725607640773364
0.03460843519728261
0.034507761577541415
0.033575815272456074
0.034909539512344503
0.03418037680669253
0.03510451044622427
0.0341009826575361
0.03485932900964409
0.03469479291004961
0.034822816039193835
0.03375610760321708
0.034457298908359524
0.03348650341040417
0.03475759341731852
0.03412511892560475
0.0352163676564973
0.03405678976123671
0.03487018650904125
0.03426668994238159
0.03465169921663774
0.03389152916756347
0.03530587680186917
0.03408827480620775
0.034674828170509445
0.03413250411224721
0.035245859227522096
0.0340960070747968
0.03522436519060661
0.034135726316846464
0.034842226547590276
0.034414314119323317
0.03487998076077693
0.033762592229846886
0.03398269724146615
0.03348803277179251
0.03481283072887421
0.03461534063433061
0.035097311945812046
0.034661672348293544
0.0350422092421592
0.03405651327282708
0.03507688702205731
0.03407973736448148
0.03460647889670634
0.03393751583069018
0.03440024393047031
0.03450546677951618
0.03423562170936707
0.03372276420030174
0.03461557090288721
0.03442087663290774
0.03483720345133446
0.03368706651048341
0.03425273815238215
0.03338791192606927
0.03462061109236775
0.033837466635200285
0.03424819553049736
0.033488570431073686
0.03458991975288515
0.03426047197379702
0.03532739274180446
0.034368501928165235
0.03495879879600884
0.03417083128896593
0.03509943131355355
0.034654287954534034
0.03587922239800749
0.034987659428468695
0.03509110363506916
0.03473618768885178
0.034819531117000285
0.03468100044989396
0.03526677436701616
0.034723719783014285
0.03540349979417349
0.03520480050988059
0.03570302048218123
0.0346516241068691
0.035573513342703
0.03466592711103769
0.035516586856177826
0.034902852154915724
0.035874742920854054
0.0349637156178685
0.03659627730369577
0.0358484201480552
0.03638532851447669
0.035972125668806886
0.036960366001234965
0.03598821948145383
0.03655554437633926
0.03611883875727457
0.03684417631810725
0.03519008601816828
0.03699181771085655
0.036337072423712244
0.03737184108230851
0.036451894764971855
0.03667123185726287
0.03644580712978698
0.03707101759430038
0.036932460554908196
0.0373708467831607
0.03704791187542294
0.038062460641214595
0.03662620896903661
0.03800585045010921
0.03634250355223623
0.037675950432907925
0.036398057300009036
0.03784438507580793
0.03681999785094004
0.03736696081291355
0.03697332671798483
0.0375519667967937
0.03636648915865678
0.03714127012575149
0.03668423316108105
0.03733161662927308
0.036349002255378224
0.03745900192096356
0.03643934190101794
0.036852177660056606
0.03583963967358152
0.03711121801993431
0.03642682110257283
0.03602001700820672
0.03567212448501628
0.036468381643742914
0.0355203832642676
0.036973200149204306
0.03598483103722055
0.03740434494806855
0.03653400989014893
0.03771061415794564
0.036643793209182096
0.03773614466594693
0.03784661026590259
0.0380975153745251
0.03787830451791499
0.038045239620814804
0.037553007147241406
0.03808100817732665
0.03762065416408921
0.03786712791163961
0.03701923423375035
0.03767481396936172
0.03708250318059931
0.03804857659906818
0.03691172754960729
0.03749889069615384
0.03708306065444195
0.03805899845710307
0.03726475017101272
0.03903611657974835
0.037490223641895845
0.03908533302428551
0.03828861059291476
0.039015895470274675
0.03830323210607855
0.03920232476113133
0.038548709836117766
0.03927053658335657
0.03799324882693247
0.03880803555112841
0.037794182157058924
0.038837853822924935
0.037828647331502804
0.038422574443596855
0.03787119389955555
0.03864510275145261
0.037989286019773055
0.038792020849782435
0.0381052840390094
0.03829127650241418
0.037701032622066345
0.03791933639787253
0.03753821310579858
0.038423170646896085
0.03759283652039991
0.037607174085057204
0.03742035797510779
0.03782561169191774
0.03716314354113652
0.038110960913960795
0.03716023992993022
0.037962646396108767
0.03771138016764679
0.03924505424809167
0.038014689275168205
0.03867588796476735
0.038019000086226884
0.039379300418528204
0.03830012975804474
0.03942315169721744
0.03841039487900724
0.03920710120144701
0.038328120715898896
0.038276815194487036
0.03805722917911044
0.03884100951033649
0.03819750104591068
0.039137559428684444
0.038571432373890706
0.03969100040290753
0.03868887571169108
0.03927905694273921
0.03883204174919282
0.039121037001016795
0.03829653317598894
0.03875085400840288
0.038058290499094906
0.03920724196730855
0.03860723255189398
0.03902594908221553
0.03831410368405605
0.0399232881711994
0.03921578560146352
0.03972024433218239
0.038691912984081374
0.03956573553567665
0.038643463200499224
0.040248738401589344
0.03872234453512306
0.0401377220127199
0.039219612449610315
0.040192791386784096
0.03937287375743165
0.039884217345106034
0.03879165522089688
0.04004231731087819
0.03919689801279618
0.039637315212485494
0.03891242554290619
0.03995208914811799
0.03910079015815426
0.0401423473267111
0.03916462498764273
0.04044910650101927
0.03979783469598166
0.04006162235818072
0.03974452375570259
0.041015728457623836
0.04010646693201063
0.04051506985564581
0.039544660314171066
0.040230734953186055
0.039762210813945084
0.04078466196163879
0.0401291619425845
0.041013102852625216
0.040067629311569986
0.040437070256466034
0.04001398569705286
0.04044360195736258
0.03975997613729422
0.040387445670136704
0.039749560146127044
0.04015080968359569
0.03917020113763239
0.0406000709472058
0.04019991620415853
0.04059520901826396
0.03970473025708437
0.04073397448210239
0.039677000428576824
0.03990536454703682
0.039673260906288706
0.0407450406173109
0.040231758898313506
0.040397324454434134
0.03970817760627891
0.04041623000865997
0.040310161232279755
0.04056602826225359
0.040177880502853126
0.040369332983086835
0.039995652244049947
0.04077889552302995
0.03955020357707858
0.04079313306758523
0.03938705606891882
0.04050672535933687
0.03986776637108352
0.041391608761879854
0.040236517667395
0.04086897359554989
0.040430065879639106
0.04049973136162323
0.04063452084153923
0.04185715735307218
0.04072394224716329
0.04143395534197469
0.040485737915705554
0.041231633690156505
0.04049104795928919
0.041207956175648854
0.040661396453866926
0.041847661008204785
0.04096825289663639
0.04093762423892392
0.04054407098313416
0.04188617811535541
0.04125310704181144
0.04216519981091637
0.041576752658822276
0.04264529286588877
0.04157326791136561
0.04282248736006435
0.04158555684589816
0.04230343107784467
0.04151053759409765
0.042069199641120575
0.041243777874130125
0.04197191132125061
0.041649833493374026
0.04242988512986255
0.042105124167851456
0.04223074874653356
0.041816790895403994
0.04298748398164306
0.0418593527293124
0.0429933018931078
0.041927596480028424
0.042682158209509324
0.042164919596283025
0.0427329329730069
0.042011178136375456
0.04266021278184728
0.04145314328323895
0.0422586767955655
0.04169126496326129
0.04253947032280638
0.0411463069814004
0.04175903412532666
0.04074792148523933
0.042390332852741616
0.04181289517828835
0.04222399906697001
0.04187805824860066
0.04287641573933013
0.04215125177664912
0.043119140358662246
0.04203663264132084
0.042591519926638136
0.04260278509408201
0.04284950735779278
0.04224693637086349
0.04240688616300387
0.041807223574252
0.042714455445587926
0.04201828612803169
0.04300359420832885
0.042266323536536206
0.04343807646620581
0.04260305434035305
0.04252363190611452
0.0420285735054076
0.04313524968183235
0.04180831875769014
0.042922477145651214
0.04233968999965098
0.04226011202834747
0.04155985050626891
0.04239777143926838
0.041566409247929606
0.04236120487938488
0.041215971266465784
0.042539292663552455
0.04167834748568199
0.042928486952916074
0.04173513623680431
0.04200548298191813
0.041127962055589114
0.042157883477005526
0.04168652535632118
0.04260323930153505
0.04236574183172994
0.04291651682448443
0.04167938024785723
0.042618284704448645
0.04145191871685174
0.042466984739627074
0.0414705366693685
0.04194424141369503
0.04158741047705028
0.04221035019336738
0.04199008250737406
0.04238726810468317
0.04207522939726084
0.0417453208590421
0.04121517853432394
0.042154342388608074
0.04119454477916009
0.042211666891964796
0.04120759307754294
0.042106893551757237
0.041200061938806466
0.042388263381521546
0.041278408857417945
0.04220092269845888
0.0411419310942985
0.04184747184912896
0.041839251822642885
0.04216952741166374
0.041670400502240294
0.04232329499480557
0.041479713080946
0.042138372436219124
0.04168266230157822
0.04220977844012459
0.041732347320239
0.0422691571920522
0.04136434422237635
0.041761865154103184
0.041322419228707816
0.04183580107486014
0.04160194019202985
0.04256803527164294
0.04209918182447478
0.042479055234784624
0.042128868506845545
0.0424588763865696
0.041833841472307544
0.0420766646547737
0.041119004893835166
0.04255402654135386
0.042153904951589674
0.042540262505021346
0.041783622587100014
0.04313135214791545
0.04258392867540254
0.04271729739910726
0.041913685366252576
0.04265046873515458
0.04210308789413894
0.0425703429021902
0.042293581573679656
0.042526524935772775
0.04182054642198232
0.042974334829857214
0.04272297474964243
0.042414981988591026
0.042135678167926356
0.04355208626733235
0.04261430159364556
0.04289272005332305
0.04243778920734717
0.043096301886749795
0.04301967021825147
0.043285098123501696
0.04257884257904453
0.0434080288339654
0.04294208012773065
0.043446571948103155
0.04276313571891277
0.04352270820593943
0.04304400357987571
0.04374518940018195
0.04350469208252425
0.0436823149702795
0.04307858433600252
0.04373350446448261
0.0429805382563481
0.04380723018805134
0.043526438361488035
0.04364116445054727
0.043094028690875585
0.04391473159070627
0.04384364669677501
0.04382453412592178
0.04333119988238641
0.04488953049390253
0.044050561064246714
0.04430201225068683
0.04360266225550446
0.04357505166994297
0.043407962176833424
0.04379490107152786
0.043025100200088526
0.043654742779648925
0.04310483621939173
0.04360808571101913
0.043444984767240145
0.04336502039696647
0.04271445135099464
0.04268888934162839
0.04249816816730637
0.04329671979006481
0.04274190412842998
0.042894726486151516
0.04273496082373354
0.043547304708796655
0.04289183023909528
0.04344669649846102
0.04301857433076044
0.043552963573564224
0.04260446199977287
0.04326772896796237
0.042910444553110605
0.04360899185902378
0.04299511280665218
0.04369543434922284
0.04283664786095372
0.04337417740673887
0.0432421514774756
0.04377803154534154
0.04344737310534686
0.04378797090098288
0.04311693179854471
0.04381504695569974
0.043467346089995196
0.044256674751761614
0.04357630395745811
0.04417093481446766
0.04335545802705861
0.04428883280625194
0.04351401049746334
0.044430799249531236
0.04358569647162699
0.04425571387540884
0.04382395629073554
0.04429095732773337
0.04378579965881768
0.04434569811036046
0.04410268123091042
0.044563705981597417
0.0435820848979114
0.044593737426897255
0.04372493955087102
0.04451947040866623
0.04358097197537831
0.043787571394581906
0.04368342996681478
0.04446288734239218
0.04420518869809233
0.04442107193011085
0.04370593659581227
0.044837952378478096
0.04404227046101518
0.044873683913069916
0.044182207158855395
0.04457177039112014
0.04375539230014983
0.04519975086239028
0.044177286749180346
0.045195715476585525
0.04470700416332125
0.04531138465308082
0.04459415203718171
0.04493083304461909
0.044845747710707054
0.045438630988300185
0.04440205485510635
0.04553818547976199
0.04510268158635015
0.04605424788217707
0.045223082283081355
0.04569437895447296
0.045027564217050745
0.04555028391006795
0.045749930932376164
0.045519371783175645
0.04523622353746197
0.046254323716068454
0.045113367374696525
0.04544335423452308
0.044548371032098376
0.04525957528454935
0.04483816169581955
0.0448682224174951
0.044476475094776625
0.04484362325048079
0.04480882286449909
0.04502928045520137
0.044547653147402826
0.045212782822457234
0.04408656452554026
0.044785779866046184
0.044470102245464695
0.04523840765328413
0.04481367759251021
0.04536692093649836
0.0444256312636204
0.04500567275100414
0.04427880052661618
0.045469585427503706
0.04454383781018145
0.04505842104721927
0.04430950234053847
0.045201174209796045
0.0444695414338645
0.04527926188107985
0.04490506899207315
0.04520193452993943
0.04458502159795749
0.045058919317131005
0.04444442903888317
0.04528739978050867
0.04501073062723718
0.0463872111873852
0.04543927337716209
0.04604585645926974
0.04614510020229708
0.046185563354225544
0.04558784022178539
0.046053601392868994
0.04557094142653854
0.046378837201439614
0.045711519447066466
0.04667709360995084
0.04592118849818599
0.04632294064003947
0.04613327958454453
0.04649107099979917
0.04586743923551156
0.04696391129756874
0.0460494383890716
0.046812723615184
0.04640562946550275
0.04777699748871661
0.047120147581261616
0.047293907517846984
0.04693980923022749
0.046657546774278226
0.04648519971281525
0.04780885033548642
0.046684495199876955
0.04773804814077387
0.047068076109555296
0.04819740675781046
0.048049889228197744
0.048386878074199675
0.04762802312641825
0.0487774744270079
0.04799400022747198
0.04897614817780364
0.048359600878315374
0.04855701590057448
0.048095920520613074
0.04801571826385001
0.04743687565410154
0.04897100941052493
0.048033608702361286
0.04884331113169819
0.04829938572753122
0.04890068854545028
0.0482912588795531
0.04886547489525846
0.04778855371203471
0.04877065084260099
0.0485286549264482
0.04899114177031644
0.048445843716758356
0.0493744348266288
0.049050037712792836
0.04955379784050093
0.04915640462813917
0.04960872551880909
0.049550703863989125
0.05014356471890805
0.0493895649989107
0.04988509914885656
0.0494551331853951
0.04983608250383119
0.0498139736069276
0.04980696611516887
0.04953315694033243
0.05031172497728403
0.04956207265492822
0.04971635083770771
0.04940650594638888
0.049718187250898535
0.04939436328522936
0.05018435197656288
0.049455240221704846
0.050226466477439655
0.04988351222894562
0.05047538638477901
0.0499606378021795
0.050338757086499625
0.0497529001565549
0.050435093446456275
0.050006057392660515
0.05049860292460142
0.049684987309249834
0.050871587056416555
0.05001577388216635
0.05079730099413331
0.0505087430834738
0.05035947578481636
0.04978663116796357
0.05086060456090955
0.05004727431758292
0.05105040219851367
0.05022244056023701
0.05028908110223658
0.04991974007563256
0.05051336905153645
0.04937204539796199
0.05040534479313914
0.049396779229380204
0.050267979724383405
0.04950579794547141
0.04984003271350128
0.04922810833596838
0.05010993343974518
0.04988168885473532
0.05038960442721283
0.05011104080211403
0.0503464486321712
0.04984100569758604
0.050679179239458735
0.049750891500200026
0.05055574919785139
0.05025999529759685
0.05018693230594199
0.04982541263766331
0.05055686054768009
0.049558271264384626
0.05079331929206605
0.05006472834727044
0.050610850429706956
0.05006960960278637
0.05054531106509752
0.049821528440151024
0.05077333398474403
0.050083116496051634
0.05055199026765048
0.05003173866778221
0.05061910876076268
0.04965028424494945
0.05113059375756812
0.05032848636308838
0.050774097958630186
0.050123798172739015
0.0506620332271136
0.04995808838326453
0.05032056981745667
0.04981618369778624
0.05041293324818606
0.04991459154275292
0.050473980560945896
0.050137788214138584
0.05054675144882514
0.050146086594718545
0.0508556442987123
0.05000180031745617
0.05053101525807031
0.05016112991520308
0.05052999097388694
0.049653963926931624
0.050557395479846216
0.04959256821388332
0.049905791375956646
0.049552311428311666
0.04970819294493835
0.05020637491584205
0.050293495434019835
0.049688892204777596
0.05014540407175909
0.04994311150624072
0.049990969721159406
0.04930183817800973
0.05017011046137749
0.049608456714848106
0.05031400417385536
0.04989688051222839
0.05033859212758187
0.0495743021769853
0.05046280704714068
0.049513386347426816
0.05043317528648778
0.049880747970043576
0.05082857396656927
0.050454822841152915
0.051042855443481534
0.050235564175052726
0.05041844285408919
0.05009176379806335
0.050856317675482494
0.04988432520398416
0.050534658701788554
0.05019441941029147
0.050904060160337626
0.05054099070384108
0.05070754212236815
0.04967748632864915
0.05130968054415383
0.05057705818057993
0.05072553801423106
0.04990046816714882
0.05083286385494234
0.050082370812563864
0.051051251235737886
0.05045217087418121
0.051400494708361714
0.050621264640442955
0.05100251246948868
0.049881740092401934
0.05068975769568961
0.05031391143763996
0.05041921548075813
0.05006876307253706
0.05012587351178504
0.049641688196362034
0.050277402602344146
0.04962334744624129
0.049961444956800105
0.04973901741082474
0.050210759527898385
0.04923439452795672
0.05022828064819057
0.04983534593384015
0.05007516709818631
0.05004591712104804
0.049879959092574505
0.04947339117646046
0.050361708104235535
0.04963693683532742
0.05008561160068858
0.04963645633064403
0.049920201593772584
0.049435209464950385
0.050253065705399495
0.04977157242222199
0.05025595642722754
0.04944503731287539
0.050806991299742844
0.05000126527430742
0.05074733407578627
0.050038166962151916
0.0506495313564368
0.05001738236215059
0.05054606931840859
0.04976015570542579
0.05098257127446444
0.05045597962278038
0.05107423079745373
0.050346938345016155
0.051240402711157845
0.0501442794842311
0.05077762837948124
0.05056988290395317
0.051071349999063986
0.05066742668279371
0.05095997618372863
0.05063600647138276
0.05083657160133672
0.05028156865841342
0.051202477397925904
0.05027532967599891
0.05074415209137525
0.05038884996644661
0.051099986194810106
0.05069764621585794
0.05104515049972863
0.05047014084285909
0.0508849311750193
0.05070446046092643
0.05120947916372328
0.05068840218111553
0.05142237649056554
0.05066434966680664
0.05087234074902873
0.05055973769126815
0.051304988365297406
0.05063392153635207
0.051205453242373335
0.0503206874099358
0.05142184440195106
0.05127087985180928
0.051611270049082184
0.0512247994156016
0.05142804074719649
0.0510807182653723
0.05193467231648851
0.05139087169373454
0.05173565407882381
0.051513511673398155
0.052091910886821975
0.0515885341988908
0.05228961848178244
0.05175277613332864
0.05194889856185924
0.05130946544447513
0.052156067106148306
0.0516285801359139
0.05208749217823904
0.05131093746028062
0.0515522242805772
0.05082107718930788
0.05172017319550844
0.0514200364491904
0.05183078375375589
0.051190470952706575
0.05184107538392968
0.051348349792591855
0.05156652262382451
0.0508539545225984
0.05173564949401973
0.05089859045994062
0.05125772010864982
0.05065795326561906
0.05124608574454784
0.05058604139482834
0.05055530485288427
0.05020878047730181
0.05086130364574685
0.050567288287264194
0.050756148171707635
0.05070431424595473
0.051132931450570684
0.05072499611500759
0.05134499805407116
0.05089405232167034
0.051077938225584055
0.05070783169445932
0.05118690783054765
0.050757316471269714
0.05109381524265845
0.050477202540477696
0.05115486143367865
0.051219463411345124
0.05112712558339079
0.05114130886800134
0.05169495461408445
0.050965952607643444
0.0515543953136081
0.05152025357330554
0.051684293724642276
0.051061398716783314
0.05178046962934918
0.051571844785639406
0.051460239956351156
0.051296396343963754
0.05129007480404092
0.05091994126639802
0.051683790106614134
0.05115021488340618
0.05188862240863114
0.05127249842839258
0.05203576863161894
0.05175018510817731
0.052140474069785135
0.051742649510314834
0.05235781424636811
0.051733399986640734
0.05274817830380179
0.0520150910442773
0.05251589343852753
0.051978044156775725
0.052655081174354
0.05154641245407475
0.05236348033270799
0.051901951245546814
0.05276497207552754
0.05215847323939491
0.052652779994018614
0.05213399368143702
0.052714906794780976
0.0522568827945671
0.05271215491651473
0.05243315203390704
0.05273887265664629
0.052468615060213
0.052414623999419964
0.05224065312408892
0.05321522524665963
0.05246020744951392
0.05335825007676826
0.05296439933478143
0.05350715443142149
0.05282398714994767
0.053697658140098636
0.052889027562605266
0.05368130118368679
0.05291245605775574
0.05299204303331761
0.05289876195924139
0.05305210366438987
0.05276763053350194
0.05359048062851835
0.052967702804367835
0.053159908591058125
0.05322838948636512
0.05341353932162587
0.05302618834503882
0.053018997741596366
0.05261520544526411
0.05357820431123563
0.05335201386280902
0.053269694859359826
0.052649149807002346
0.0536332128263476
0.05353256015905338
0.05348037842003039
0.052976032325837176
0.05344404645031185
0.05312005459400613
0.05381461645397256
0.05329850082830735
0.05381101600647936
0.053191317523983726
0.053982808665977815
0.05379060232702821
0.05418182229434276
0.05371400072364682
0.05419487051167419
0.05382825170993955
0.05413233755665678
0.053420538974638096
0.05403741543071406
0.05367649318800814
0.053992985036211076
0.05379353140447403
0.05395063615525259
0.05341715311535945
0.054017084742751
0.05351661947198653
0.054413251842089866
0.05381663546163339
0.054243834590737096
0.05403275202607169
0.05393674371232878
0.05393860654294576
0.053814212329147224
0.05353833162447217
0.05421472554182302
0.05351424751750964
0.05444742180332039
0.05362595141764351
0.054392720271680635
0.05379130377523473
0.05427625011430647
0.05436216944881728
0.05432746407185813
0.053956322423411716
0.05451112237725284
0.053724774493791504
0.05434420463501127
0.05390142756875128
0.05412379171797155
0.05410505004072051
0.05393689678854373
0.05373503253325293
0.05410902385055777
0.05403587423305463
0.05439057247018981
0.05377814775072915
0.054225180372089836
0.05419973263217021
0.05419323049651032
0.05384010326758932
0.05450320645929303
0.05440919679163874
0.05429504708327479
0.0539635419699347
0.05479435257842722
0.05425251902549893
0.05435134983867344
0.054163487614858556
0.054063722625491986
0.05384460723581694
0.05421449474837508
0.05406052411665762
0.054738160046446445
0.05382221826974935
0.05390744631388563
0.05388186518053669
0.05364487339379942
0.05331043169907427
0.053661281441813174
0.05352386168437115
0.05384825337258623
0.053713563313892064
0.05413370395257752
0.053427389074642666
0.05424684735361393
0.05348055020252089
0.054186787465708854
0.0538816229741498
0.054302775328114374
0.05374263637390404
0.05440364363016773
0.05401940833125938
0.0546099654717694
0.054393191923260566
0.05443684663485089
0.05424528332255692
0.05499195295461839
0.05458176817471557
0.05494903113039126
0.053967582062683116
0.05495554929436557
0.05418830893877218
0.054960537308204827
0.05457964005609224
0.05542543163612111
0.05520795466437216
0.05573002222099107
0.055184697228010025
0.055639039639196246
0.05507752410556132
0.05525546481222812
0.054908966939927584
0.054729530664451895
0.055007174953975835
0.054852239166469745
0.05458009365875187
0.05464503988322081
0.05443980567004486
0.05467321989135903
0.05462722298553199
0.055384582110913634
0.055042835672721085
0.05522034335416632
0.05503170640834378
0.05540129427383505
0.054547623474281805
0.05566539176068847
0.055110335608877785
0.05547470397459043
0.055295110811561674
0.05566139402634456
0.05483114238253538
0.05607961435032596
0.0554222813428074
0.05606407503903012
0.05556818796093098
0.055858895326483166
0.05534840422615707
0.05583670353333411
0.05515251471185486
0.05579665319772448
0.055205671773519364
0.05549656028045829
0.05512457778066467
0.055845766419873974
0.05540007164739588
0.056081186567507754
0.05522005277796819
0.05545976982953677
0.05523597886345469
0.05558126882049903
0.0555134798377917
0.05543720334552029
0.05559318636027994
0.055645440303215166
0.055377106015880945
0.05559926953549593
0.054914615590560586
0.05571788933735513
0.05484941938004778
0.05535622564730223
0.054936877717129406
0.055720822815419326
0.054919639742228965
0.05529429343570667
0.05489654877030859
0.055682290778411005
0.0556285877640798
0.05591571733413489
0.055119380089101645
0.05595831815568032
0.05549079712278774
0.0558422152851271
0.05528192960332742
0.0558094487305884
0.055453724628639525
0.0561355401383283
0.05570057586939794
0.05586654504076912
0.05534975969419585
0.056110189526047044
0.05571242892409818
0.05604767328667413
0.05531586020949665
0.05620389059804207
0.05518408602477866
0.05599172887279933
0.05598351042323421
0.05635305161833795
0.055960450493924195
0.05609012190151997
0.055766005261653866
0.056126051485527025
0.055416057669712
0.05598825136598163
0.05529595048597694
0.05580503196856731
0.05521589429764855
0.05615275197719608
0.055702047348354364
0.05616748735579534
0.05587654890468586
0.0559229597823007
0.05504070688417503
0.055582386593860014
0.05562862412561637
0.05590319057284171
0.05530799003948817
0.05624685851228394
0.055727469236787675
0.056411507102001164
0.05566160060547614
0.05627627803752573
0.05600493385014858
0.056357441172650784
0.056129043700474064
0.05652313924659984
0.05612794026982966
0.056194598448931016
0.05623479909642436
0.05586117214397676
0.055753874242278574
0.05603371025045065
0.05578939833183407
0.05577911003172365
0.055520226884048667
0.0555489763473238
0.055359340977946925
0.05579811935903508
0.055086132921932096
0.055592684314229375
0.05529582313249039
0.05636826787344904
0.05556610744146532
0.05626250168412109
0.05588242410994399
0.0564288450644971
0.055828226683627545
0.05648330725639154
0.05586477383794983
0.056186241826490825
0.055818874306007966
0.056277167350786195
0.0557368354625835
0.056275890790581914
0.0554273897361949
0.056407855453721255
0.05607049825663191
0.05611168534365411
0.05562387116725575
0.0559339012101396
0.05533716909560024
0.05595200424989361
0.055486328730322734
0.05603995328794096
0.05528620543465112
0.056001221765828134
0.05534231243522482
0.05568881534699288
0.05495957852994954
0.05583855683542665
0.0555931338592686
0.0559599016757692
0.05553957103187765
0.05607106549741011
0.05536618456458205
0.055707396536698636
0.05530916018046942
0.05623101263764917
0.05547068037827639
0.056009546309933406
0.05551502810765221
0.05620728591298606
0.0557250542766194
0.056416963241063746
0.05543353365827654
0.056130266918904735
0.05499709605023962
0.05603870579627555
0.055883916701654705
0.05588773307471087
0.05513583501755577
0.055720420297473094
0.055454711899943186
0.056220825834281084
0.05563680357362886
0.05605377023401812
0.05561934774578662
0.05615051157059287
0.05566764806973364
0.05628958383142417
0.05591375232671684
0.056515853609412976
0.055902629798926184
0.05612516390703837
0.0556937722042344
0.05625590515197016
0.05565954218077633
0.05628695744613725
0.05589699739405546
0.056220156933178056
0.05628516876794773
0.056677882163115215
0.0564230075990304
0.05680150692701239
0.05643835112897502
0.05678373914291143
0.05611674848329288
0.056328929722229706
0.05614192074821507
0.05667737001081931
0.056413238545714374
0.056974625186187615
0.05623742035662672
0.05655801763324345
0.05661407841099943
0.057147275859272054
0.056625691227242425
