0.000000000000000000e+00
0.000000000000000000e+00
-1.317755086347461204e-06
-6.711793248541655460e-06
-1.492753450293093730e-05
-2.314786310307681954e-05
-2.476461202604696060e-05
1.470081071602179950e-05
8.650336909340688800e-05
2.446665291790849290e-04
5.099459228222258996e-04
8.875785258715043063e-04
1.411305726796854322e-03
2.116745026141871391e-03
2.965064109594096713e-03
3.997995914251080939e-03
5.229381756216755842e-03
6.643875972658861914e-03
8.278325782448518744e-03
1.009611679735826495e-02
1.209538219991373141e-02
1.430820493522333425e-02
1.668438939872431484e-02
1.929886399331736183e-02
2.206859021011042116e-02
2.503895460191416650e-02
2.823627083125758441e-02
3.159942685189891243e-02
3.520415602746652939e-02
3.893812684837030802e-02
4.289097516360925594e-02
4.703882216039346337e-02
5.137798635783838441e-02
5.593164800229715600e-02
6.063784836354899760e-02
6.557626812282253692e-02
7.062929718318630701e-02
7.588238029304193721e-02
8.126474826160121068e-02
8.683510570350334856e-02
9.261878042045282311e-02
9.854907481494591670e-02
1.047031745177810086e-01
1.109900608522002285e-01
1.174639126521651450e-01
1.240489098292891779e-01
1.308139708501403209e-01
1.377861454946105457e-01
1.449047329885069790e-01
1.522468569737975286e-01
1.597176095706526466e-01
1.673773649198118940e-01
1.751949480039183549e-01
1.831924411517683871e-01
1.913847550612990389e-01
1.997307905417983198e-01
2.083034422856871737e-01
2.169826963407103237e-01
2.258501389485899902e-01
2.348123481732908580e-01
2.439553257686201682e-01
2.533387747270170465e-01
2.628385141355100707e-01
2.725367674094739678e-01
2.823286488515439618e-01
2.922994640332761684e-01
3.023604705792967140e-01
3.126006880265776444e-01
3.230869045716826538e-01
3.336946239930693725e-01
3.445009878140989357e-01
3.554050746423307316e-01
3.664952412110868418e-01
3.776816943151060091e-01
3.890501800042692193e-01
4.006708171826902642e-01
4.124101796609465076e-01
4.243512275678221202e-01
4.363934877378050081e-01
4.486259785157743485e-01
4.609512010079923061e-01
4.734565952283444346e-01
4.862116601926388948e-01
4.990839066964689041e-01
5.121559622747007268e-01
5.253278592092101018e-01
5.386887779695096468e-01
5.521724131566586591e-01
5.658230176431240377e-01
5.797012951833309113e-01
5.936887946588100817e-01
6.078613939744532679e-01
6.221674576264920598e-01
6.366511300069394030e-01
6.512907066804469736e-01
6.660715857011377805e-01
6.810684648019373899e-01
6.962128952008783678e-01
7.115155163270530103e-01
7.269850233060416445e-01
7.425982394677695941e-01
7.583645287019309400e-01
7.743070521813927298e-01
7.904357424241601482e-01
8.066955569249688596e-01
8.231109681588708593e-01
8.396924546224177055e-01
8.564613476258814417e-01
8.733665743333400844e-01
8.904259064656794287e-01
9.075875785810054719e-01
9.249203458291591629e-01
9.423697784406246392e-01
9.600505307179989511e-01
9.779495754701198473e-01
9.959570065003932049e-01
1.014094540165096703e+00
1.032316222475201162e+00
1.050698610828549207e+00
1.069188006208569464e+00
1.087903060005337430e+00
1.106827901886135779e+00
1.125852753208309798e+00
1.144997413442760958e+00
1.164216076419979595e+00
1.183594677732617173e+00
1.203118990944057831e+00
1.222837640331417619e+00
1.242743500755459696e+00
1.262743109748990067e+00
1.282862907932430963e+00
1.303100296543270753e+00
1.323525444553524943e+00
1.344082736061246175e+00
1.364833795116574766e+00
1.385774292038113975e+00
1.406808125064999970e+00
1.427955600307614814e+00
1.449216345832975206e+00
1.470667127655179707e+00
1.492250670478971086e+00
1.514033597992093805e+00
1.535972570465238274e+00
1.558113869712979715e+00
1.580425178096921179e+00
1.602975048111111800e+00
1.625779594467312794e+00
1.648725828216702105e+00
1.671860934780269980e+00
1.695103591964870704e+00
1.718523613498836644e+00
1.742209929512172906e+00
1.765998000190884154e+00
1.789983595894009349e+00
1.814030162380367850e+00
1.838233884857326750e+00
1.862595500038295881e+00
1.887021566913753556e+00
1.911542882011562527e+00
1.936211866424709438e+00
1.960880612419277469e+00
1.985610562847286875e+00
2.010298165367276013e+00
2.034869658039241802e+00
2.059394644783168804e+00
2.083790697143703241e+00
2.108103989647060583e+00
2.132373839901119172e+00
2.156502613113552513e+00
2.180513268993527376e+00
2.204475161121517868e+00
2.228317438648372839e+00
2.252038399265438251e+00
2.275654453323512794e+00
2.299125255630641185e+00
2.322554711387782245e+00
2.345872603939204826e+00
2.369129251526027158e+00
2.392354449318080167e+00
2.415542694614558172e+00
2.438843998001245961e+00
2.462181397960810258e+00
2.485625564144281263e+00
2.509211963699487402e+00
2.532982281730798757e+00
2.556852163360741947e+00
2.580972806499628014e+00
2.605247036502984948e+00
2.629809831665185893e+00
2.654564689682153755e+00
2.679583720253137624e+00
2.704958340213922785e+00
2.730571583793786949e+00
2.756531049297479719e+00
2.782717722938684357e+00
2.809195741699365367e+00
2.835910343216089036e+00
2.862817541645196417e+00
2.889974314258721755e+00
2.917275139377740079e+00
2.944811379001763374e+00
2.972442111061242009e+00
3.000268680141594757e+00
3.028168915794518412e+00
3.056107777641442258e+00
3.084005347774651185e+00
3.111840845630791552e+00
3.139594420478966530e+00
3.167267030761864888e+00
3.194856215999749338e+00
3.222371222065118612e+00
3.249797953651575089e+00
3.277163125560907275e+00
3.304450227306512833e+00
3.331836105869439901e+00
3.359215296791223437e+00
3.386568078086999556e+00
3.413915144489434894e+00
3.441234430359033425e+00
3.468539921329644837e+00
3.495794579075006236e+00
3.523002890632776385e+00
3.550131117389825786e+00
3.577334665344385378e+00
3.604599105404047599e+00
3.631830169246820450e+00
3.658965429351953347e+00
3.686062504337457746e+00
3.713076302097467529e+00
3.740052241371301989e+00
3.766903516338495184e+00
3.793627003715661861e+00
3.820266245887903533e+00
3.846798893497614280e+00
3.873264609859613739e+00
3.899614843414453969e+00
3.925803989456324139e+00
3.951913048313288712e+00
3.977857729480891003e+00
4.003678225563196413e+00
4.029299291656641913e+00
4.054749690578607790e+00
4.080074862526087642e+00
4.105222353027491167e+00
4.130211402462153458e+00
4.155025536106258244e+00
4.179590732143551257e+00
4.203965934799342996e+00
4.228014966533810259e+00
4.251783684776456518e+00
4.275259932563931997e+00
4.298419350670011241e+00
4.321235441253811871e+00
4.343809451149136969e+00
4.366205865429074962e+00
4.388393899486692007e+00
4.410324276970060353e+00
4.431991924331816435e+00
4.453364445255430404e+00
4.474375957534941328e+00
4.495135578201444382e+00
4.515665799663693747e+00
4.535932079837948550e+00
4.555883612917096315e+00
4.575540443943173941e+00
4.594869995401531959e+00
4.613802897022397431e+00
4.632362127588422140e+00
4.650545704649121426e+00
4.668381942794949779e+00
4.685918389843137355e+00
4.703237244175108245e+00
4.720300087021024993e+00
4.737016967819364766e+00
4.753427775190504079e+00
4.769558420465620507e+00
4.785411531017454756e+00
4.800927250669630553e+00
4.816266360567244220e+00
4.831310065076979576e+00
4.846085236356886483e+00
4.860627677724988160e+00
4.874866327331693228e+00
4.888948326395185617e+00
4.902751782224805233e+00
4.916303344057233460e+00
4.929633404300840738e+00
4.942666231678159328e+00
4.955552686737210166e+00
4.968149560974271850e+00
4.980412394092710748e+00
4.992382629202039901e+00
5.004016350792082513e+00
5.015478898571165800e+00
5.026639862344893572e+00
5.037465718076857613e+00
5.048002299354704903e+00
5.058215997503432426e+00
5.068247087286147590e+00
5.077976095960769598e+00
5.087386909411582891e+00
5.096514891670379299e+00
5.105311958478125689e+00
5.113917440460356900e+00
5.122218403504523287e+00
5.130203832076224657e+00
5.137911168621215552e+00
5.145294775055083925e+00
5.152488930509719012e+00
5.159391773031385853e+00
5.165971129224928404e+00
5.172268643663556986e+00
5.178242097185284720e+00
5.184031508253247544e+00
5.189515027092129529e+00
5.194667721675068073e+00
5.199535285518795291e+00
5.204078950272231552e+00
5.208428152785926635e+00
5.212458543465762872e+00
5.216145810173183683e+00
5.219536577449471082e+00
5.222594040916592739e+00
5.225448987470300288e+00
5.227987976656587321e+00
5.230194100127848245e+00
5.232114800052078962e+00
5.233715441213282027e+00
5.235067327306898832e+00
5.236090851486953746e+00
5.236788820312651360e+00
5.237213259474667204e+00
5.237287298562297799e+00
5.237082958082029727e+00
5.236553130792746202e+00
5.235736278565892299e+00
5.234661523225077495e+00
5.233314819010265850e+00
5.231698198290833268e+00
5.229855084242589491e+00
5.227769390316969300e+00
5.225438163699871019e+00
5.222897052886253277e+00
5.220121949138408546e+00
5.217154024960762193e+00
5.213988120081193500e+00
5.210627007605798333e+00
5.207065603258378417e+00
5.203324252786405424e+00
5.199376385631330422e+00
5.195278443219430997e+00
5.191014605583913699e+00
5.186605613651043889e+00
5.182067242088085557e+00
5.177423551203973240e+00
5.172687959196336394e+00
5.167880644919640609e+00
5.163024611296422428e+00
5.158139053108460992e+00
5.153241868438489526e+00
5.148368886234528929e+00
5.143537077131040469e+00
5.138762652995355396e+00
5.134074702980287341e+00
5.129453579308755451e+00
5.124928926946886953e+00
5.120511177005539594e+00
5.116245647492180026e+00
5.112127001108894397e+00
5.108161482634316464e+00
5.104354521157513425e+00
5.100708691599140643e+00
5.097269732179412927e+00
5.094034344973335848e+00
5.090988274934064250e+00
5.088178528072606177e+00
5.085584232928525239e+00
5.083196562351954384e+00
5.081050788732540013e+00
5.079133258434309184e+00
5.077418347420466382e+00
5.075947303893340035e+00
5.074698235662949308e+00
5.073655446665657820e+00
5.072805395471227996e+00
5.072176846312655307e+00
5.071749083595646468e+00
5.071520501198543585e+00
5.071520994872193988e+00
5.071657260291617675e+00
5.071982770197432266e+00
5.072449797287922557e+00
5.073076950654726858e+00
5.073852910220963075e+00
5.074751395255667319e+00
5.075782161996109210e+00
5.076911949336870400e+00
5.078151199043138497e+00
5.079479645759207962e+00
5.080876785487277836e+00
5.082339169353587316e+00
5.083831375211817161e+00
5.085355363458734956e+00
5.086892783314329591e+00
5.088435241252523333e+00
5.089981347740035744e+00
5.091518065750937794e+00
5.093040296703915892e+00
5.094534346580843476e+00
5.095993341625075779e+00
5.097413608104329086e+00
5.098766701490025532e+00
5.100055451810699303e+00
5.101283103943210051e+00
5.102433107242327459e+00
5.103520054415207063e+00
5.104532334104518121e+00
5.105472246378996992e+00
5.106352171197869438e+00
5.107133520216085465e+00
5.107837848708369322e+00
5.108448482685125747e+00
5.108965198517180006e+00
5.109407409064806060e+00
5.109742405869400983e+00
5.110003410771824406e+00
5.110162389211692080e+00
5.110186679296529810e+00
5.110137770733198970e+00
5.109972131977192689e+00
5.109699369276277103e+00
5.109323300363830533e+00
5.108808098936788333e+00
5.108214732053093954e+00
5.107510240244083732e+00
5.106744935753161130e+00
5.105886721032077524e+00
5.104910317825491539e+00
5.103870686011726221e+00
5.102744432108814010e+00
5.101568080576473818e+00
5.100324821861797808e+00
5.099010633172803786e+00
5.097655123116784814e+00
5.096257580163292999e+00
5.094835657717996291e+00
5.093387624563984417e+00
5.091920901777558406e+00
5.090445165576750419e+00
5.088960705193096956e+00
5.087474222125822010e+00
5.085990781577640618e+00
5.084512274207884985e+00
5.083040264787490159e+00
5.081578657867724225e+00
5.080128728093917800e+00
5.078697413148697493e+00
5.077294507714328553e+00
5.075918059291657514e+00
5.074567402692850671e+00
5.073241117986258431e+00
5.071946612837132662e+00
5.070691279860553458e+00
5.069469188021836104e+00
5.068279692100701617e+00
5.067119844349440960e+00
5.066000323163684094e+00
5.064924494641239505e+00
5.063897982927377583e+00
5.062929608317429775e+00
5.062007765489036082e+00
5.061128828393632872e+00
5.060299891250545024e+00
5.059518670382314731e+00
5.058786750750952521e+00
5.058093504550272179e+00
5.057435541021043868e+00
5.056817695962601888e+00
5.056239083463662354e+00
5.055702000948005370e+00
5.055195092724971140e+00
5.054727317894212923e+00
5.054291886369102649e+00
5.053885081166738402e+00
5.053519486131483163e+00
5.053180309849195417e+00
5.052874348124825055e+00
5.052597343659364526e+00
5.052347053679043576e+00
5.052130033633077666e+00
5.051945076471532126e+00
5.051789950931781625e+00
5.051653833527455895e+00
5.051541311646218446e+00
5.051450638890604417e+00
5.051376613702963425e+00
5.051316760334524147e+00
5.051263201295736138e+00
5.051220539797435904e+00
5.051180443771520423e+00
5.051141959790478531e+00
5.051095963281917456e+00
5.051037638418713449e+00
5.050974566483275474e+00
5.050902909029612253e+00
5.050826992553995254e+00
5.050737581889481298e+00
5.050638786063866625e+00
5.050527143407017583e+00
5.050402806842104297e+00
5.050273707027883141e+00
5.050135446892457303e+00
5.049993377424182306e+00
5.049837339933366920e+00
5.049663113507779855e+00
5.049479223008605189e+00
5.049283399361521596e+00
5.049081700614988399e+00
5.048869025542736644e+00
5.048644619680346501e+00
5.048408261168153999e+00
5.048155721168372523e+00
5.047893600653265089e+00
5.047627385299059632e+00
5.047356326992963105e+00
5.047078766248527693e+00
5.046787394753995848e+00
5.046486965234729283e+00
5.046182000733319128e+00
5.045870399105700344e+00
5.045549848976883744e+00
5.045212589617226406e+00
5.044862587976609802e+00
5.044503780867313658e+00
5.044134201298809295e+00
5.043751616183079101e+00
5.043349237482404490e+00
5.042933289598082958e+00
5.042510029676711802e+00
5.042080588716423506e+00
5.041647631789897943e+00
5.041210755746219796e+00
5.040768460150215624e+00
5.040324081781659693e+00
5.039878187219952288e+00
5.039433688412759516e+00
5.038989360521886951e+00
5.038542328591796959e+00
5.038094641643914073e+00
5.037646061594935887e+00
5.037197691317053305e+00
5.036748453754336552e+00
5.036297701227814727e+00
5.035845871272832674e+00
5.035381724763066558e+00
5.034904185573906510e+00
5.034410056437701897e+00
5.033901883813888034e+00
5.033372797186821401e+00
5.032813672463744226e+00
5.032234034690408642e+00
5.031629725623278482e+00
5.031008334311991348e+00
5.030362519923000875e+00
5.029686769697218729e+00
5.028992903086692223e+00
5.028277203592806721e+00
5.027547885108143433e+00
5.026802230480462264e+00
5.026044591519385207e+00
5.025271134603173095e+00
5.024487831521184944e+00
5.023701023015529010e+00
5.022917500662954282e+00
5.022139136645348501e+00
5.021362863260656617e+00
5.020602223429234456e+00
5.019852402883918430e+00
5.019126142862589290e+00
5.018417644801886901e+00
5.017734629514963629e+00
5.017081531214865109e+00
5.016448975953611722e+00
5.015846407416615804e+00
5.015260183516297765e+00
5.014702242317948588e+00
5.014167846407147522e+00
5.013650051209483038e+00
5.013165152783845002e+00
5.012699509862217795e+00
5.012269198636864154e+00
5.011864930729721834e+00
5.011495161804710108e+00
5.011163340996358073e+00
5.010862257968041078e+00
5.010600237439724935e+00
5.010362087658944752e+00
5.010152217022481480e+00
5.009972290101798009e+00
5.009816606159658292e+00
5.009690203669816988e+00
5.009578116688281568e+00
5.009488627885803957e+00
5.009413738784717296e+00
5.009358772708440100e+00
5.009329024214168591e+00
5.009311529742192626e+00
5.009317001037055128e+00
5.009338459740614979e+00
5.009381795884332966e+00
5.009452137835546992e+00
5.009543618662505970e+00
5.009658141760377603e+00
5.009793756110815899e+00
5.009953289712069768e+00
5.010145527469217264e+00
5.010371546419558619e+00
5.010625084368733440e+00
5.010902099022864320e+00
5.011206484185753318e+00
5.011538463728724579e+00
5.011902756737767639e+00
5.012285954850017156e+00
5.012693459587394429e+00
5.013118399949965998e+00
5.013552878098784582e+00
5.013996955612897821e+00
5.014446652541159288e+00
5.014909311840532347e+00
5.015378921637533516e+00
5.015853122407793130e+00
5.016331502059696135e+00
5.016814547972974658e+00
5.017304895306228474e+00
5.017796983616649165e+00
5.018288566442429932e+00
5.018766923630832544e+00
5.019233738603293027e+00
5.019683559583723031e+00
5.020117956297694306e+00
5.020543059008419462e+00
5.020946119437217803e+00
5.021327164815962973e+00
5.021678295815585891e+00
5.022002112055418799e+00
5.022304609744099757e+00
5.022572507029620326e+00
5.022806057250348566e+00
5.022999074598995861e+00
5.023157029664365503e+00
5.023287151148764451e+00
5.023375658337249305e+00
5.023424201933889499e+00
5.023432175290876600e+00
5.023404794362945402e+00
5.023337704352675459e+00
5.023231299453986942e+00
5.023099647042913674e+00
5.022936966372294698e+00
5.022746224524094139e+00
5.022524244030579510e+00
5.022260606037095343e+00
5.021973930028840627e+00
5.021650429134830063e+00
5.021296433051691821e+00
5.020905174528824233e+00
5.020470882644520572e+00
5.020007737381027013e+00
5.019502950040266143e+00
5.018965913233920162e+00
5.018391131078465683e+00
5.017781943110390053e+00
5.017139935968083719e+00
5.016467671049398724e+00
5.015781101463002045e+00
5.015078037930293497e+00
5.014362652925415276e+00
5.013635026467603950e+00
5.012897517857711982e+00
5.012154390168946705e+00
5.011405993578596174e+00
5.010652928007409024e+00
5.009896018234654136e+00
5.009138428074879634e+00
5.008381624174877089e+00
5.007628690702483176e+00
5.006880005327628780e+00
5.006139217642711969e+00
5.005403381539154317e+00
5.004669585553574329e+00
5.003937710253167026e+00
5.003207613033818113e+00
5.002478738529251956e+00
5.001746252504752910e+00
5.001006491658854358e+00
5.000268657086062163e+00
4.999533338425326434e+00
4.998805172470974334e+00
4.998081885901855870e+00
4.997365423170492704e+00
4.996654847515390685e+00
4.995959106487795509e+00
4.995274224234386828e+00
4.994603308764859584e+00
4.993944978667065548e+00
4.993291663033530448e+00
4.992651799423263093e+00
4.992027771426008620e+00
4.991425611739622958e+00
4.990846556750700991e+00
4.990284126689302546e+00
4.989752916050719911e+00
4.989247639095054865e+00
4.988782083270716150e+00
4.988350540203618344e+00
4.987963458140957762e+00
4.987612356720137363e+00
4.987313212239760318e+00
4.987060641133801653e+00
4.986853664209709436e+00
4.986689760675298011e+00
4.986572114620000384e+00
4.986506042768821700e+00
4.986479290066861303e+00
4.986485552831079637e+00
4.986519918501370441e+00
4.986583090502763049e+00
4.986671235900367094e+00
4.986780248474322441e+00
4.986912256985895908e+00
4.987067929230624586e+00
4.987247561741614099e+00
4.987449733749025782e+00
4.987664648111903354e+00
4.987903105862431907e+00
4.988154891584061446e+00
4.988422412857405952e+00
4.988697568237774327e+00
4.988968780957155680e+00
4.989238566908978711e+00
4.989506772369138865e+00
4.989767381496719167e+00
4.990012963138512170e+00
4.990236511941991360e+00
4.990436632245770276e+00
4.990620310049494357e+00
4.990781238101412498e+00
4.990915419146408460e+00
4.991012073237440561e+00
4.991071424320332461e+00
4.991092322155825656e+00
4.991069668311618024e+00
4.991007931124410213e+00
4.990899982418856240e+00
4.990751213015979459e+00
4.990560715155667459e+00
4.990326439583665064e+00
4.990055052744216013e+00
4.989747086366628892e+00
4.989399215964589906e+00
4.989013608297321767e+00
4.988598766898727277e+00
4.988151879286383483e+00
4.987680106958364057e+00
4.987194923659776791e+00
4.986697740530584788e+00
4.986194832338009419e+00
4.985683604119334866e+00
4.985171684784803325e+00
4.984661474203678999e+00
4.984149476675303170e+00
4.983636673329384870e+00
4.983119414983304019e+00
4.982604592381031594e+00
4.982092694653184495e+00
4.981580603657277173e+00
4.981073327152046204e+00
4.980573262846085036e+00
4.980078854164097457e+00
4.979588261296960638e+00
4.979092727651807770e+00
4.978594609623763212e+00
4.978092837830992323e+00
4.977593813179047366e+00
4.977102652726681953e+00
4.976621316945167628e+00
4.976146495988579055e+00
4.975675011066707398e+00
4.975215504517766618e+00
4.974768295301111642e+00
4.974337300708504550e+00
4.973918628742905135e+00
4.973509072525413188e+00
4.973112772492678246e+00
4.972729038124890977e+00
4.972370223676772838e+00
4.972044375849875131e+00
4.971744179347518333e+00
4.971470895161840708e+00
4.971225202525022979e+00
4.971022488022210695e+00
4.970866872634726263e+00
4.970752918407308485e+00
4.970679750138880415e+00
4.970645400631694244e+00
4.970662419144284527e+00
4.970734615633483955e+00
4.970850140284968077e+00
4.971009262018126762e+00
4.971213009376301173e+00
4.971471051182821732e+00
4.971773161646203754e+00
4.972111132052020821e+00
4.972483009081558158e+00
4.972889386024549552e+00
4.973336297106221160e+00
4.973812978808059171e+00
4.974314393196475947e+00
4.974839237537456604e+00
4.975385250393522973e+00
4.975950363483502947e+00
4.976528513860180247e+00
4.977118935156835455e+00
4.977722926121428415e+00
4.978339538332297032e+00
4.978970298823191420e+00
4.979610001575423439e+00
4.980259651076271332e+00
4.980921201165988244e+00
4.981595037784649627e+00
4.982280720677448649e+00
4.982978481482936317e+00
4.983682763483597178e+00
4.984394009914471901e+00
4.985114048104955842e+00
4.985842601713015299e+00
4.986584084090068814e+00
4.987340092938618241e+00
4.988100500609950139e+00
4.988863173108772919e+00
4.989626558702663139e+00
4.990393365901187650e+00
4.991164736431316307e+00
4.991934168245867554e+00
4.992695249300674654e+00
4.993441379498914756e+00
4.994173599165157462e+00
4.994894269835429057e+00
4.995594310295062179e+00
4.996269215028958932e+00
4.996913102548794505e+00
4.997529626544790382e+00
4.998117738310472014e+00
4.998667475860789189e+00
4.999192028995826931e+00
4.999685226660446347e+00
5.000147147868053921e+00
5.000574382897691628e+00
5.000951782483832986e+00
5.001299610976356114e+00
5.001600606106448410e+00
5.001863803565729683e+00
5.002077976335066900e+00
5.002246591914671470e+00
5.002367928615066184e+00
5.002437762124690934e+00
5.002472974073834067e+00
5.002469826298991507e+00
5.002434725824503658e+00
5.002367396659909815e+00
5.002271908314659399e+00
5.002163355897872421e+00
5.002040717255084701e+00
5.001906592014938369e+00
5.001755777297304029e+00
5.001585290634767311e+00
5.001403893491015218e+00
5.001205043362213942e+00
5.000991351006314645e+00
5.000757276860760214e+00
5.000501664241538968e+00
5.000230181289598619e+00
4.999938258247211387e+00
4.999634605346009231e+00
4.999313874950392922e+00
4.998971818050129912e+00
4.998603664671762203e+00
4.998213214760406586e+00
4.997812796493754206e+00
4.997400376608356787e+00
4.996975803373143954e+00
4.996536411827192659e+00
4.996092350890622313e+00
4.995646984947606839e+00
4.995206868460162930e+00
4.994770949182792741e+00
4.994341947359726142e+00
4.993917946217344195e+00
4.993501254802332312e+00
4.993090614860640208e+00
4.992686622103438054e+00
4.992284066153452216e+00
4.991878751402483161e+00
4.991471378056093755e+00
4.991061008570476076e+00
4.990651402955634808e+00
4.990246483085438278e+00
4.989841013958439042e+00
4.989439269600197235e+00
4.989036929493531503e+00
4.988644157198949713e+00
4.988261891415103122e+00
4.987887675462051362e+00
4.987525306155665916e+00
4.987170795572682280e+00
4.986835192924125693e+00
4.986514418570084928e+00
4.986208587622029675e+00
4.985912053173167990e+00
4.985621972249581368e+00
4.985337170378996596e+00
4.985055865717812118e+00
4.984779441391810728e+00
4.984505429824576339e+00
4.984231756904855537e+00
4.983959256315365849e+00
4.983687596058235414e+00
4.983419275263087478e+00
4.983152875991299524e+00
4.982886762188509344e+00
4.982622196541862003e+00
4.982356502542035770e+00
4.982087697887555677e+00
4.981813113258914072e+00
4.981539481559530635e+00
4.981271865533426713e+00
4.981012286374106424e+00
4.980755451151862800e+00
4.980504758970574208e+00
4.980258731392904537e+00
4.980016745587570348e+00
4.979777034202349739e+00
4.979538010654730229e+00
4.979301393924037811e+00
4.979066387263814342e+00
4.978831772317866999e+00
4.978608204049746355e+00
4.978395429977903852e+00
4.978202825186531122e+00
4.978026391526440442e+00
4.977879913037399184e+00
4.977764101762081062e+00
4.977675681121404239e+00
4.977624681100936144e+00
4.977592408913408484e+00
4.977592569807024248e+00
4.977625477703701229e+00
4.977688593425271257e+00
4.977790916523380460e+00
4.977919889556659427e+00
4.978087707737875789e+00
4.978302651325656747e+00
4.978557019828302010e+00
4.978848760908884508e+00
4.979174102729601259e+00
4.979538785739284990e+00
4.979937900005323215e+00
4.980376417523665999e+00
4.980838710254474222e+00
4.981331865413531013e+00
4.981848302035077225e+00
4.982389922028825247e+00
4.982953117451116576e+00
4.983527074827296843e+00
4.984114109574301565e+00
4.984704895986659778e+00
4.985300810149355222e+00
4.985889038516623906e+00
4.986465000657779534e+00
4.987033203019244354e+00
4.987589969447298266e+00
4.988136825634582827e+00
4.988660973420782518e+00
4.989161478018803386e+00
4.989644895418031467e+00
4.990107066816133141e+00
4.990552077589969215e+00
4.990968111975530697e+00
4.991358441560011627e+00
4.991716109997075712e+00
4.992041748574418847e+00
4.992343175391151355e+00
4.992608912120059195e+00
4.992845485413864637e+00
4.993043148870067505e+00
4.993211672174230564e+00
4.993348185725927202e+00
4.993450858395963365e+00
4.993531952396450535e+00
4.993592196715479048e+00
4.993637237924566818e+00
4.993662710714570352e+00
4.993667848381164731e+00
4.993662019919438144e+00
4.993643995762403698e+00
4.993621187428078478e+00
4.993589965958679322e+00
4.993551904548954923e+00
4.993516757641051740e+00
4.993479275870201128e+00
4.993440978617004866e+00
4.993399575586958683e+00
4.993356293310938554e+00
4.993318452645620908e+00
4.993276382932967827e+00
4.993228221974862713e+00
4.993172321577152850e+00
4.993111448871498936e+00
4.993046174451304609e+00
4.992978013536489179e+00
4.992911360186120362e+00
4.992847376877037391e+00
4.992788408209165141e+00
4.992737445516107542e+00
4.992701051576590388e+00
4.992679416878677223e+00
4.992672988412965474e+00
4.992674886514000931e+00
4.992684094456641297e+00
4.992704272398409415e+00
4.992737347053046726e+00
4.992784801817180984e+00
4.992840229321884316e+00
4.992904092150423523e+00
4.992981972575801564e+00
4.993078198854495220e+00
4.993195084745678969e+00
4.993332073635105672e+00
4.993483812895286533e+00
4.993648030508925473e+00
4.993830250662436576e+00
4.994027261634042425e+00
4.994239432097099751e+00
4.994465107538426096e+00
4.994694710422929340e+00
4.994929100808377598e+00
4.995166217789675400e+00
4.995412638944263684e+00
4.995670823317643006e+00
4.995932989802834179e+00
4.996201642558601996e+00
4.996476259317873314e+00
4.996764556777355537e+00
4.997068252109614583e+00
4.997387178384391504e+00
4.997718031585839604e+00
4.998053866953282132e+00
4.998399409123390313e+00
4.998750318803518056e+00
4.999107998714476864e+00
4.999467459984748174e+00
4.999820681133000377e+00
5.000166719623534206e+00
5.000502836734679768e+00
5.000832372971502515e+00
5.001157067038742632e+00
5.001474337347476151e+00
5.001787444718806874e+00
5.002094354697197431e+00
5.002398559537410527e+00
5.002701164141923229e+00
5.002999778811514808e+00
5.003289993733792684e+00
5.003565029867618641e+00
5.003822106302409978e+00
5.004060418952882117e+00
5.004277204789846500e+00
5.004475069057820136e+00
5.004651043259230825e+00
5.004805894524482213e+00
5.004939320145799009e+00
5.005050519558293054e+00
5.005142954907071839e+00
5.005214873564121980e+00
5.005264009742689701e+00
5.005291565931559106e+00
5.005300861815496383e+00
5.005288783204315806e+00
5.005259954863733540e+00
5.005223396208177356e+00
5.005179774972649653e+00
5.005133647692430188e+00
5.005080525718669904e+00
5.005023302339989044e+00
5.004968298153991135e+00
5.004915041473733339e+00
5.004866702381560728e+00
5.004818477571982172e+00
5.004778045878785164e+00
5.004744286187499114e+00
5.004711865523870706e+00
5.004681955927091863e+00
5.004649570842312656e+00
5.004620605916291431e+00
5.004590881205670527e+00
5.004565287287854325e+00
5.004548170018983555e+00
5.004539770650603181e+00
5.004543372608763363e+00
5.004551109445324109e+00
5.004563308344963879e+00
5.004582372644958532e+00
5.004607023999136928e+00
5.004638354784851195e+00
5.004667764557104270e+00
5.004696472095835347e+00
5.004728267765182537e+00
5.004760930600620661e+00
5.004796312863051710e+00
5.004829702558504678e+00
5.004864230579275208e+00
5.004903574194337068e+00
5.004954449436206154e+00
5.005018805516463054e+00
5.005100811067547006e+00
5.005196202331730682e+00
5.005305183156902871e+00
5.005436278692956265e+00
5.005579167017289777e+00
5.005742434551514464e+00
5.005919540458865669e+00
5.006113324081101545e+00
5.006330071771092349e+00
5.006560773392713770e+00
5.006805126452393395e+00
5.007060490259476637e+00
5.007327771717257292e+00
5.007612135270184339e+00
5.007912225769405978e+00
5.008220855416302797e+00
5.008541662962680441e+00
5.008870164760892862e+00
5.009215659023766420e+00
5.009574424558823402e+00
5.009940746807997947e+00
5.010317141497081295e+00
5.010696302512234190e+00
5.011089378939514560e+00
5.011494110831563376e+00
5.011905547389332582e+00
5.012325799958351702e+00
5.012748250038864484e+00
5.013179636606517775e+00
5.013616000758054803e+00
5.014069131509902633e+00
5.014539752238929893e+00
5.015017138765693439e+00
5.015509609886945164e+00
5.016013140240251467e+00
5.016539550059974317e+00
5.017085781516074761e+00
5.017647392609656087e+00
5.018228361131190418e+00
5.018818533354937550e+00
5.019429213301777715e+00
5.020055503146290121e+00
5.020695536257266056e+00
5.021347007723092837e+00
5.022000773669719642e+00
5.022665052683591647e+00
5.023335913689375154e+00
5.024012655363917723e+00
5.024689271421671322e+00
5.025356164173722107e+00
5.026015862794160682e+00
5.026660694228051618e+00
5.027284333938299987e+00
5.027889361539422453e+00
5.028469645352601880e+00
5.029031460331322201e+00
5.029568813005029781e+00
5.030086284325955504e+00
5.030577995487987231e+00
5.031038288073180986e+00
5.031477760197161864e+00
5.031891239033579488e+00
5.032284962506531123e+00
5.032656059162257556e+00
5.032992377327322409e+00
5.033300228388545960e+00
5.033567490493442875e+00
5.033803491470899338e+00
5.033997779683705431e+00
5.034144607828494600e+00
5.034240763773706995e+00
5.034282404961560431e+00
5.034286942041509505e+00
5.034247391230457502e+00
5.034173212365278260e+00
5.034050565480285400e+00
5.033871792207502693e+00
5.033655196788751063e+00
5.033390812004945758e+00
5.033088234315656884e+00
5.032733350086056490e+00
5.032330465341948944e+00
5.031877478721581198e+00
5.031382428544600494e+00
5.030857552017112155e+00
5.030304481598575350e+00
5.029721762451369926e+00
5.029101586255270817e+00
5.028451160850959667e+00
5.027780956464845019e+00
5.027091980415422157e+00
5.026386669564086418e+00
5.025657348024684445e+00
5.024910348045665387e+00
5.024154382261472485e+00
5.023388552057582501e+00
5.022625151562530199e+00
5.021868419486123614e+00
5.021116286727624889e+00
5.020376301172214895e+00
5.019646468671995265e+00
5.018946042197780955e+00
5.018270605790453587e+00
5.017620923805075961e+00
5.016991209226685733e+00
5.016388467910724458e+00
5.015815248924332614e+00
5.015280053566235630e+00
5.014779352347391139e+00
5.014303031998711191e+00
5.013856795231835584e+00
5.013441591474251169e+00
5.013058231833415590e+00
5.012711411069172840e+00
5.012386622528571145e+00
5.012084923709768880e+00
5.011806274659026172e+00
5.011550974628914190e+00
5.011317046328473523e+00
5.011101801699984648e+00
5.010896242900777509e+00
5.010696021790641552e+00
5.010500593489991772e+00
5.010305315933214487e+00
5.010111024516659128e+00
5.009910506165611288e+00
5.009704429122644243e+00
5.009493713143306159e+00
5.009283533270494360e+00
5.009080882824048508e+00
5.008883399243488910e+00
5.008685396078064400e+00
5.008486062909496717e+00
5.008288603990357579e+00
5.008097765657138822e+00
5.007911194904727914e+00
5.007729094705565487e+00
5.007545330419227447e+00
5.007370338111206465e+00
5.007202793478056080e+00
5.007043967179044763e+00
5.006892551180928130e+00
5.006741873535350607e+00
5.006604731312974899e+00
5.006479104968741822e+00
5.006369124024198314e+00
5.006272604872497034e+00
5.006184018670606584e+00
5.006109517074215809e+00
5.006044947357874086e+00
5.005994672236989018e+00
5.005955991819059925e+00
5.005924856476044127e+00
5.005902853437724787e+00
5.005892785799948008e+00
5.005894433400822408e+00
5.005906886530568478e+00
5.005927331964479698e+00
5.005950477805449772e+00
5.005976210536896787e+00
5.005997603419232611e+00
5.006019303128119269e+00
5.006039661455428558e+00
5.006051941303298669e+00
5.006055475728056869e+00
5.006047336356416189e+00
5.006027645040004970e+00
5.005998625298664351e+00
5.005954249887429874e+00
5.005896887238772131e+00
5.005821267747955439e+00
5.005729044582398757e+00
5.005618383288087614e+00
5.005492828758137946e+00
5.005344923585358430e+00
5.005178511403205022e+00
5.004986212867947870e+00
5.004768836162687862e+00
5.004533057100773341e+00
5.004271324779541175e+00
5.003990289494097965e+00
5.003685871194750945e+00
5.003366956282109257e+00
5.003027479592412341e+00
5.002671497817784640e+00
5.002309960629492736e+00
5.001936858761757421e+00
5.001556861679702592e+00
5.001165531966536015e+00
5.000765443239061803e+00
5.000364670026748115e+00
4.999959662425964346e+00
4.999554194900841075e+00
4.999148725215047051e+00
4.998743768986017244e+00
4.998347950745076318e+00
4.997957463506311093e+00
4.997578326593787423e+00
4.997206028792709809e+00
4.996837006788402924e+00
4.996478558126540293e+00
4.996124879736156821e+00
4.995779859777242926e+00
4.995436110030563093e+00
4.995090559515804607e+00
4.994743648338766384e+00
4.994395055230410385e+00
4.994053871053905524e+00
4.993716667014808763e+00
4.993389088567048439e+00
4.993064730930774964e+00
4.992742080781309433e+00
4.992422309461681529e+00
4.992106062043159653e+00
4.991803917549253455e+00
4.991510880402924677e+00
4.991232143249066944e+00
4.990960106774869232e+00
4.990709169972394221e+00
4.990476934313479163e+00
4.990265875048640609e+00
4.990072663314345291e+00
4.989898892529013530e+00
4.989752547247039871e+00
4.989623676165642507e+00
4.989510801257269534e+00
4.989411088647024428e+00
4.989326446642802004e+00
4.989261521259026111e+00
4.989210725412407399e+00
4.989173925767822482e+00
4.989149311359210692e+00
4.989138852618340003e+00
4.989143088252454561e+00
4.989163971186784785e+00
4.989197210787964742e+00
4.989234084204939634e+00
4.989274096416478343e+00
4.989314201536756421e+00
4.989356239058245990e+00
4.989393737704662435e+00
4.989424433964007477e+00
4.989446933108548698e+00
4.989459627077150294e+00
4.989466638709119550e+00
4.989460920021802970e+00
4.989446389331415155e+00
4.989421135057627410e+00
4.989388478331665766e+00
4.989349547988668476e+00
4.989300136250377271e+00
4.989243861731074148e+00
4.989182568523964356e+00
4.989118679995581118e+00
4.989053415731459218e+00
4.988987478135085141e+00
4.988924139156869941e+00
4.988858134668253008e+00
4.988788042525694522e+00
4.988714033454591856e+00
4.988636333901369291e+00
4.988558005267687889e+00
4.988474901165748321e+00
4.988387777317250027e+00
4.988298167573223196e+00
4.988207241106714207e+00
4.988115225989307788e+00
4.988021440455627342e+00
4.987926097070735310e+00
4.987832476846810970e+00
4.987740619104293671e+00
4.987655167370971476e+00
4.987579367618013571e+00
4.987513689171459319e+00
4.987458845545473807e+00
4.987409694847586117e+00
4.987368759523080897e+00
4.987336906863776953e+00
4.987314711935752598e+00
4.987302992309842864e+00
4.987295815453681946e+00
4.987297865547580145e+00
4.987305967920101502e+00
4.987325279020579316e+00
4.987361199491998853e+00
4.987405634205198446e+00
4.987468987116000285e+00
4.987545590516521798e+00
4.987642132560134556e+00
4.987765344413341850e+00
4.987903953533963097e+00
4.988067073565319198e+00
4.988249444593088278e+00
4.988445012666629985e+00
4.988658787295568331e+00
4.988887725327510125e+00
4.989133937437433275e+00
4.989389148526239381e+00
4.989648211788732191e+00
4.989913249168891340e+00
4.990183786381383158e+00
4.990470628034671563e+00
4.990769127834936647e+00
4.991079875234862406e+00
4.991404850002727045e+00
4.991745407734414997e+00
4.992097737122675127e+00
4.992469224784871429e+00
4.992857482139370973e+00
4.993261548396549898e+00
4.993678724695347348e+00
4.994110578414402646e+00
4.994555582445464381e+00
4.995001173209748124e+00
4.995444687422713415e+00
4.995878722895286117e+00
4.996304291751584969e+00
4.996711348038516576e+00
4.997096415948473869e+00
4.997466887873016184e+00
4.997807392593823117e+00
4.998119261678658276e+00
4.998390218302957599e+00
4.998620521411649698e+00
4.998819454558542041e+00
4.998970368378213180e+00
4.999083531186333751e+00
4.999133435100667100e+00
4.999139066021307087e+00
4.999092219401500614e+00
4.998994930595509700e+00
4.998858953886084144e+00
4.998670023870074530e+00
4.998438028175733905e+00
4.998156371064834680e+00
4.997834518835299278e+00
4.997484179795139703e+00
4.997099648885781953e+00
4.996692998133951846e+00
4.996263731703514566e+00
4.995818576276653822e+00
4.995363991506748924e+00
4.994893660381788614e+00
4.994413619399423077e+00
4.993923140786940884e+00
4.993428443357700530e+00
4.992935803108269788e+00
4.992442708112651673e+00
4.991959223918969180e+00
4.991486555472368636e+00
4.991024005584770329e+00
4.990574016631000198e+00
4.990131711162977268e+00
4.989708828688018016e+00
4.989304125555210412e+00
4.988912399620168081e+00
4.988536442354671863e+00
4.988168791666977242e+00
4.987814881638042763e+00
4.987472443044535630e+00
4.987142263934365438e+00
4.986832928102813867e+00
4.986539772268736570e+00
4.986268204510563962e+00
4.986013042670096596e+00
4.985786857702192876e+00
4.985586553443576818e+00
4.985406563416477255e+00
4.985244247973318998e+00
4.985090518188085795e+00
4.984951312648486343e+00
4.984821964813750839e+00
4.984696434554066080e+00
4.984574812990034687e+00
4.984451125892232604e+00
4.984329547513629777e+00
4.984205422181989142e+00
4.984087328728641353e+00
4.983973812651241175e+00
4.983856599456050418e+00
4.983741161957735422e+00
4.983623496754447935e+00
4.983512149671446068e+00
4.983407333487997803e+00
4.983303765658641638e+00
4.983209521709362377e+00
4.983118708053956070e+00
4.983040373972037251e+00
4.982971710892746486e+00
4.982904521878229964e+00
4.982843321263212388e+00
4.982781698973271389e+00
4.982726364493723636e+00
4.982674374519269200e+00
4.982619301289672009e+00
4.982565994387844199e+00
4.982510863593200057e+00
4.982461305297332110e+00
4.982416416005583493e+00
4.982374200322085223e+00
4.982331952265814934e+00
4.982289459718742819e+00
4.982245281040089679e+00
4.982203970276171567e+00
4.982167546476124365e+00
4.982145357720440870e+00
4.982130005928341099e+00
4.982114908557271349e+00
4.982101585914498365e+00
4.982090298149851826e+00
4.982087691289780018e+00
4.982084676783998134e+00
4.982077771590557980e+00
4.982068081903272549e+00
4.982056469314268377e+00
4.982049647974201356e+00
4.982041545363609991e+00
4.982030897489748256e+00
4.982019239942309774e+00
4.982007623707176869e+00
4.982003343059622225e+00
4.982002138844181083e+00
4.982006848954550371e+00
4.982016688791989445e+00
4.982031514195913502e+00
4.982051003181330096e+00
4.982073053542478647e+00
4.982105983143626737e+00
4.982147362313188665e+00
4.982196952879384355e+00
4.982255224168256724e+00
4.982326920057603026e+00
4.982416814916722281e+00
4.982517551236739450e+00
4.982628969379653938e+00
4.982749096143012757e+00
4.982885596395423278e+00
4.983039275628466491e+00
4.983202112873035716e+00
4.983379237779367088e+00
4.983564138111607811e+00
4.983759896733747752e+00
4.983965140615539191e+00
4.984177118872242573e+00
4.984390816369045574e+00
4.984594789647449176e+00
4.984787903425236699e+00
4.984966550317546208e+00
4.985131566763809197e+00
4.985284698239481394e+00
4.985413520901417428e+00
4.985521212133531499e+00
4.985606351678212533e+00
4.985671675831032879e+00
4.985711715376889508e+00
4.985734677975484530e+00
4.985731813599776352e+00
4.985708618929564295e+00
4.985658478254408443e+00
4.985580634113357057e+00
4.985481105551079040e+00
4.985359168287321729e+00
4.985214860264166603e+00
4.985047691196158759e+00
4.984863134186670486e+00
4.984666633952364201e+00
4.984455692090048906e+00
4.984233043670609042e+00
4.983998607203319331e+00
4.983760037526442588e+00
4.983515639018221144e+00
4.983274585466785034e+00
4.983039478037458281e+00
4.982806813280981295e+00
4.982577557444525240e+00
4.982346680566621444e+00
4.982121878687245875e+00
4.981902764394833483e+00
4.981685419931961789e+00
4.981474544230803048e+00
4.981266084641172043e+00
4.981069267030758141e+00
4.980883183453184593e+00
4.980704516295294759e+00
4.980535938713651412e+00
4.980375376690130196e+00
4.980225814638610693e+00
4.980081388290922284e+00
4.979947299167465147e+00
4.979826448813032158e+00
4.979720739817197206e+00
4.979637263586695894e+00
4.979567098852197837e+00
4.979526183076154133e+00
4.979507157937109518e+00
4.979508103523980544e+00
4.979529503654335443e+00
4.979568863902819054e+00
4.979631682010945859e+00
4.979708096068931056e+00
4.979811349521039432e+00
4.979932991816309773e+00
4.980080460347812377e+00
4.980248972587864920e+00
4.980435923394392894e+00
4.980651570689508922e+00
4.980882464238086449e+00
4.981137528252432389e+00
4.981407807767967988e+00
4.981699433941971122e+00
4.982011267357150608e+00
4.982330715917626662e+00
4.982662370354512760e+00
4.983000425175408310e+00
4.983352003209868819e+00
4.983717899434844334e+00
4.984090369120816710e+00
4.984475681596080676e+00
4.984867597409168738e+00
4.985272642523626452e+00
4.985688709989767098e+00
4.986116232425551686e+00
4.986550394595246516e+00
4.986985393688660118e+00
4.987413363159280522e+00
4.987835364193300869e+00
4.988251995929161353e+00
4.988653424904325284e+00
4.989034345672109794e+00
4.989386595972458593e+00
4.989720304348151281e+00
4.990027997680584804e+00
4.990306926146725885e+00
4.990565403625946139e+00
4.990798055232147590e+00
4.991008483041653676e+00
4.991186915729770135e+00
4.991324117752366618e+00
4.991439032573827816e+00
4.991518270783702249e+00
4.991568222297930291e+00
4.991579507478156152e+00
4.991555152540668949e+00
4.991492631473221309e+00
4.991391300000824316e+00
4.991268074727258863e+00
4.991115173902934465e+00
4.990939964801645701e+00
4.990737879258221987e+00
4.990514277704633628e+00
4.990280706175245662e+00
4.990031472705878990e+00
4.989772066847064202e+00
4.989500602465697376e+00
4.989217152763732344e+00
4.988925655410267446e+00
4.988623401839858751e+00
4.988315211572324159e+00
4.987993090339577051e+00
4.987654687613821913e+00
4.987304725126004534e+00
4.986941535212672250e+00
4.986571225859797174e+00
4.986185431965267867e+00
4.985782333091474783e+00
4.985365758799589209e+00
4.984934280552542951e+00
4.984492938258325623e+00
4.984038336799120117e+00
4.983569281399822692e+00
4.983089206182039099e+00
4.982594278827881418e+00
4.982087832242821257e+00
4.981564495601331188e+00
4.981026971340750897e+00
4.980480778143379972e+00
4.979916947298321794e+00
4.979331308790119870e+00
4.978719881512793322e+00
4.978086546175751970e+00
4.977428058572685110e+00
4.976744412594116262e+00
4.976037884392417787e+00
4.975308026411212836e+00
4.974560413323917629e+00
4.973795167394556849e+00
4.973009418435968776e+00
4.972212274633923457e+00
4.971400371753254888e+00
4.970575632490791484e+00
4.969733634852448567e+00
4.968875894658843606e+00
4.968003327735345920e+00
4.967123327218573081e+00
4.966232000701706006e+00
4.965332974382320685e+00
4.964424965046920768e+00
4.963509866037050244e+00
4.962598227896370950e+00
4.961691628881373717e+00
4.960800783448495288e+00
4.959918962307848567e+00
4.959061399661579550e+00
4.958236503266372885e+00
4.957440121062673732e+00
4.956683731265938420e+00
4.955964622088348648e+00
4.955293130390917788e+00
4.954676071219717315e+00
4.954099370912287803e+00
4.953573076315795909e+00
4.953093566708838047e+00
4.952675121203635733e+00
4.952310855724488370e+00
4.952005489767168811e+00
4.951764059216356095e+00
4.951571448632156702e+00
4.951449516555866737e+00
4.951381446859440594e+00
4.951379277194782880e+00
4.951443016534604169e+00
4.951550324583359419e+00
4.951708382783391649e+00
4.951916540158846303e+00
4.952182936394521562e+00
4.952496867390284052e+00
4.952849686579713584e+00
4.953240025663682822e+00
4.953665436604926420e+00
4.954139261120865889e+00
4.954655128108274020e+00
4.955207025097618789e+00
4.955794963078509419e+00
4.956416720995616032e+00
4.957075365135382938e+00
4.957768444219541770e+00
4.958498219126775020e+00
4.959250271046473202e+00
4.960016239235116586e+00
4.960791513496949356e+00
4.961573657566620277e+00
4.962359463075113553e+00
4.963136237660361161e+00
4.963900012398075212e+00
4.964645608687709100e+00
4.965374329635809936e+00
4.966078938046406321e+00
4.966750718751857363e+00
4.967398255938600293e+00
4.968014724986563380e+00
4.968599573323438712e+00
4.969146267013559992e+00
4.969649519460211273e+00
4.970122228251706353e+00
4.970552643226395340e+00
4.970950725475262288e+00
4.971311260113427721e+00
4.971629346148978001e+00
4.971919429792027501e+00
4.972173487083922261e+00
4.972408486051421050e+00
4.972612913964253423e+00
4.972789807585936472e+00
4.972931747367542954e+00
4.973046219661769740e+00
4.973130907263545453e+00
4.973174249377040113e+00
4.973186821089764287e+00
4.973159941518386695e+00
4.973103011459750533e+00
4.973011034433437061e+00
4.972882224614439295e+00
4.972721332604703726e+00
4.972528540803756947e+00
4.972311028181280790e+00
4.972067655208227244e+00
4.971799234631177455e+00
4.971514141610529514e+00
4.971209406419363042e+00
4.970886706947053923e+00
4.970544237806166166e+00
4.970180881707634057e+00
4.969798464788760306e+00
4.969403722486163133e+00
4.969003667360806453e+00
4.968599892458581913e+00
4.968196757151448928e+00
4.967797701968515334e+00
4.967408795519435927e+00
4.967026729373896998e+00
4.966656601032878093e+00
4.966294160387183965e+00
4.965938684469726638e+00
4.965591649836566646e+00
4.965249821929899277e+00
4.964916421151425396e+00
4.964587408057118623e+00
4.964260726398492807e+00
4.963937495625280860e+00
4.963620173050724560e+00
4.963302486552558790e+00
4.962979048504196022e+00
4.962646893574558682e+00
4.962309330417476794e+00
4.961970626315735267e+00
4.961627729809545251e+00
4.961280945590399227e+00
4.960932766026519225e+00
4.960583237013482361e+00
4.960236913948023130e+00
4.959891885793471289e+00
4.959550179182255825e+00
4.959206804870331275e+00
4.958858360922598685e+00
4.958508634543682625e+00
4.958153816065455466e+00
4.957797142690681724e+00
4.957432638420425697e+00
4.957059152400754343e+00
4.956676284200215221e+00
4.956290914467238906e+00
4.955910099981986505e+00
4.955537572479509656e+00
4.955173482573293597e+00
4.954822718887291977e+00
4.954498599893114807e+00
4.954206863152497142e+00
4.953947904812806335e+00
4.953723201281093225e+00
4.953539064335338082e+00
4.953400025232396864e+00
4.953299972559026543e+00
4.953245299537366364e+00
4.953233177010833543e+00
4.953266882084707667e+00
4.953340162116501411e+00
4.953454543178367864e+00
4.953600498701843158e+00
4.953784932217958570e+00
4.954003437593045511e+00
4.954243739548537029e+00
4.954508605658473286e+00
4.954791350908044123e+00
4.955108701236011548e+00
4.955450645148219202e+00
4.955815941638710420e+00
4.956202161035897724e+00
4.956599676668108856e+00
4.957015998348057728e+00
4.957446647308230148e+00
4.957887730098724965e+00
4.958336257844627504e+00
4.958783733494044554e+00
4.959235975652398487e+00
4.959692419789197615e+00
4.960151994473698700e+00
4.960610330461921791e+00
4.961058165713610357e+00
4.961490727275075230e+00
4.961911893657804384e+00
4.962313205509842007e+00
4.962691859401225258e+00
4.963038481532991320e+00
4.963355175949096143e+00
4.963639504167645988e+00
4.963891529090165733e+00
4.964118090833931518e+00
4.964315694517850375e+00
4.964487605284363170e+00
4.964634338499442023e+00
4.964756676827953186e+00
4.964859306182177079e+00
4.964939611594590296e+00
4.965002514136420686e+00
4.965044208605238651e+00
4.965069721679600256e+00
4.965070732655939345e+00
4.965050692375287511e+00
4.965018359267621584e+00
4.964975485874809635e+00
4.964929500234783966e+00
4.964880977620841129e+00
4.964835478671366431e+00
4.964792987386235978e+00
4.964752768537501026e+00
4.964717736822558791e+00
4.964687526918488025e+00
4.964666270980152341e+00
4.964654809064005470e+00
4.964651373928128386e+00
4.964656215705101516e+00
4.964679081711577346e+00
4.964725721251808110e+00
4.964799787021831889e+00
4.964893959333779527e+00
4.965018834035502593e+00
4.965175735793666334e+00
4.965372497040438482e+00
4.965614165357902898e+00
4.965896317038343000e+00
4.966221728298472193e+00
4.966600738737390941e+00
4.967036591853606353e+00
4.967522917996751275e+00
4.968069921966300484e+00
4.968655861589716061e+00
4.969306524220513666e+00
4.969994457337666205e+00
4.970738152760673323e+00
4.971530078623105808e+00
4.972346226397562852e+00
4.973197264793920880e+00
4.974066852826285690e+00
4.974957580018449121e+00
4.975859104070474714e+00
4.976758010882545769e+00
4.977657749998975589e+00
4.978551788527179944e+00
4.979446054372598240e+00
4.980328966501763155e+00
4.981199962395836955e+00
4.982066510889342048e+00
4.982918282497338147e+00
4.983759350377731323e+00
4.984575094330721434e+00
4.985368845436388696e+00
4.986143914658242693e+00
4.986891364279800065e+00
4.987619631562049349e+00
4.988315152499492200e+00
4.988990356374199742e+00
4.989635804790671259e+00
4.990247755247766648e+00
4.990836792636328845e+00
4.991395623955541261e+00
4.991934509362691230e+00
4.992439690056855284e+00
4.992907584581192104e+00
4.993351220499390841e+00
4.993765571314508378e+00
4.994157513279134264e+00
4.994532728317790493e+00
4.994886589098385343e+00
4.995225346732547145e+00
4.995538151349535383e+00
4.995830863389779886e+00
4.996107209615070488e+00
4.996362271170724512e+00
4.996599248435011020e+00
4.996810257557442903e+00
4.997005526136270248e+00
4.997183821398428094e+00
4.997351429137993684e+00
4.997509036987681341e+00
4.997662468172270778e+00
4.997815803877669438e+00
4.997964870484206124e+00
4.998110107622702358e+00
4.998238276952538861e+00
4.998348925711250779e+00
4.998446966513654388e+00
4.998529425516387015e+00
4.998591711881232413e+00
4.998621268148196073e+00
4.998623705272398965e+00
4.998603125094737365e+00
4.998558499250861153e+00
4.998486200046095007e+00
4.998393424671444762e+00
4.998276435012298791e+00
4.998144626381177069e+00
4.997997263340581142e+00
4.997841400295795822e+00
4.997678408991845345e+00
4.997503348920794508e+00
4.997323296010794280e+00
