0.000000000000000000e+00
0.000000000000000000e+00
-1.209319520967256090e-08
-7.148665076783802467e-08
-2.050784712537279183e-07
-4.518857019775170770e-07
-8.677046059801800115e-07
-1.277548784628380058e-06
-1.943419614462982806e-06
2.757323105697651180e-06
1.670258412218571681e-05
4.168169865465642238e-05
8.496149269944904469e-05
1.503561186984824481e-04
2.467254951045560335e-04
3.784620884255218785e-04
5.552613671318339756e-04
7.840259123042868459e-04
1.074564431925182544e-03
1.428566922564868938e-03
1.848174122293357903e-03
2.337476586122875719e-03
2.903333989103203984e-03
3.550305676777726002e-03
4.285056826789743201e-03
5.119364795406229976e-03
6.052633908708462615e-03
7.089451489169965037e-03
8.231723171790014323e-03
9.484328788836371427e-03
1.085108802946365726e-02
1.233718739183701021e-02
1.396421910556114657e-02
1.572901071341789928e-02
1.764435486229217961e-02
1.970473082097328951e-02
2.190834210546768746e-02
2.425639660390175451e-02
2.675122128160752413e-02
2.940942243965424807e-02
3.222730652721680911e-02
3.522121922405518218e-02
3.838320092590606636e-02
4.170773969324385877e-02
4.521017090709960468e-02
4.888250247867859111e-02
5.273687468202865186e-02
5.676464901598250734e-02
6.098188982637679778e-02
6.537750915916717975e-02
6.994317607315338192e-02
7.469502077730452716e-02
7.962215678127564089e-02
8.475164191158568450e-02
9.007014350326809915e-02
9.559194878967557096e-02
1.013134332123592773e-01
1.072274018946483831e-01
1.133339037123516496e-01
1.196281220141247048e-01
1.261142732325390148e-01
1.327929826203182451e-01
1.396553440514401168e-01
1.467040480795697155e-01
1.539357645932034335e-01
1.613530923548535667e-01
1.689531852427319791e-01
1.767413474741773294e-01
1.847186030569867854e-01
1.928782059374647140e-01
2.012241168442563677e-01
2.097510714951353050e-01
2.184628446522550727e-01
2.273582102480726785e-01
2.364436806860762130e-01
2.457186950865584141e-01
2.551775379601317617e-01
2.648213531199293813e-01
2.746460093680220260e-01
2.846567608538466132e-01
2.948534692946271907e-01
3.052399815741377309e-01
3.158154358092146730e-01
3.265733851614791572e-01
3.375148941698867811e-01
3.486353804293472192e-01
3.599403573695022507e-01
3.714296712103682951e-01
3.831218578043776302e-01
3.950063277903395620e-01
4.070667959872084629e-01
4.193048955622511453e-01
4.317108072462874646e-01
4.443103183928328592e-01
4.570939649763900436e-01
4.700721146288711072e-01
4.832456232729750445e-01
4.966082610312299583e-01
5.101407803717450395e-01
5.238450719538525480e-01
5.377368618670299583e-01
5.518148864928081876e-01
5.660917748633220725e-01
5.805500628176525346e-01
5.951929010573224765e-01
6.100081969919995961e-01
6.250025750819044879e-01
6.401972879591779630e-01
6.555674733343914706e-01
6.711209930601909068e-01
6.868297685805155872e-01
7.027408744517161798e-01
7.188205327215984042e-01
7.351082266989543701e-01
7.516015459719493919e-01
7.682600654784037530e-01
7.850966371718242076e-01
8.020848955336404851e-01
8.192763890448404585e-01
8.366365327063396418e-01
8.542081655684305996e-01
8.719894267741036264e-01
8.899371744814705831e-01
9.080651582899880170e-01
9.263448800268960781e-01
9.448312188807320711e-01
9.634906055155585403e-01
9.823451401415655981e-01
1.001398446721155189e+00
1.020609177512247223e+00
1.039999265832026065e+00
1.059545078438837828e+00
1.079273615044673118e+00
1.099197415274699274e+00
1.119330178660472352e+00
1.139672423762401188e+00
1.160180834693034901e+00
1.180878302020152759e+00
1.201732293528636752e+00
1.222770573062023081e+00
1.244005981844982012e+00
1.265452631873210887e+00
1.287111424368938328e+00
1.308986624640544827e+00
1.331070465010723236e+00
1.353409582537731470e+00
1.375987471503338000e+00
1.398778792780956737e+00
1.421785661143383672e+00
1.444997807902417053e+00
1.468429271143993908e+00
1.492107328337749950e+00
1.515999797743877942e+00
1.540142599505505583e+00
1.564512189787946372e+00
1.589151817721448756e+00
1.614070066374860613e+00
1.639219223422132332e+00
1.664627810877881586e+00
1.690308963221631933e+00
1.716202606124005881e+00
1.742336627406201766e+00
1.768674079341016503e+00
1.795180493754468642e+00
1.821891833705030050e+00
1.848787027758680424e+00
1.875909012717329238e+00
1.903287140292249990e+00
1.930854920310102862e+00
1.958658446234785799e+00
1.986689897936903426e+00
2.014965559405409223e+00
2.043460878295026983e+00
2.072156790656171754e+00
2.101062852305493944e+00
2.130126882952771528e+00
2.159371036452375048e+00
2.188764869135937818e+00
2.218294025820812809e+00
2.247952307623943824e+00
2.277775360507091840e+00
2.307752269667705747e+00
2.337902180117687578e+00
2.368169013423046199e+00
2.398567167681774137e+00
2.429063474101146536e+00
2.459649650019725797e+00
2.490296172064861313e+00
2.520994342726787796e+00
2.551717182559093633e+00
2.582459992331584964e+00
2.613205715579113075e+00
2.643933235568126872e+00
2.674626337451061264e+00
2.705268606108745200e+00
2.735847081107219747e+00
2.766341401499828656e+00
2.796744891566356639e+00
2.827035118502696953e+00
2.857209595603069197e+00
2.887257348460277484e+00
2.917183741492351601e+00
2.946976169509014198e+00
2.976644076270183792e+00
3.006190306109508992e+00
3.035625718993267164e+00
3.064952718180736557e+00
3.094174956244549080e+00
3.123272079390606581e+00
3.152247611445508024e+00
3.181085399550518833e+00
3.209793323439678492e+00
3.238352686328014762e+00
3.266769811076244867e+00
3.295002731246075012e+00
3.323067323130687978e+00
3.350958866042217377e+00
3.378666252059063346e+00
3.406188823145946731e+00
3.433515902918895968e+00
3.460657733840069028e+00
3.487613877219280401e+00
3.514387399119456745e+00
3.540939787787516835e+00
3.567254768771251250e+00
3.593355757159312436e+00
3.619256824416239748e+00
3.644941908282359311e+00
3.670419396323283401e+00
3.695677956503947481e+00
3.720727018279155640e+00
3.745582653445324262e+00
3.770218686026653554e+00
3.794653781813701610e+00
3.818860529822430294e+00
3.842853793067059875e+00
3.866643082064709969e+00
3.890209928912243598e+00
3.913557783526501410e+00
3.936709064406475722e+00
3.959658786219677484e+00
3.982414986056407979e+00
4.004947346610149062e+00
4.027268885535320031e+00
4.049383107585033059e+00
4.071291624468883263e+00
4.092990311545452009e+00
4.114496547144970151e+00
4.135818942946514198e+00
4.156983088416180472e+00
4.177970179480634094e+00
4.198811413210950860e+00
4.219485269946180672e+00
4.239984885615431409e+00
4.260277139109693856e+00
4.280363155764661087e+00
4.300267641705594279e+00
4.319991129798016694e+00
4.339550085229000764e+00
4.358933438223919765e+00
4.378142699164471630e+00
4.397156371039471878e+00
4.415980620545468582e+00
4.434638779324612479e+00
4.453124811810574180e+00
4.471455612343868680e+00
4.489621514243205880e+00
4.507620452803691613e+00
4.525468149346432156e+00
4.543155045670590475e+00
4.560678318900188266e+00
4.578015153569300999e+00
4.595165256423076272e+00
4.612147327822765597e+00
4.628954991263469765e+00
4.645577186507305001e+00
4.662020112437327946e+00
4.678291884821971003e+00
4.694363216322978261e+00
4.710240911406596176e+00
4.725934001368600867e+00
4.741432935160714734e+00
4.756747570199090447e+00
4.771852865380364683e+00
4.786756128233986551e+00
4.801466913384514257e+00
4.815977245730477918e+00
4.830296850365716210e+00
4.844402353924828653e+00
4.858302760285455157e+00
4.872010089320260029e+00
4.885527784985619348e+00
4.898860119742470154e+00
4.911980995101052017e+00
4.924897349042015371e+00
4.937618982953147828e+00
4.950148216647225041e+00
4.962488749188500137e+00
4.974616822165565999e+00
4.986538013381080603e+00
4.998260444563942251e+00
5.009787748021201637e+00
5.021124500197487350e+00
5.032247512501792919e+00
5.043161829871253943e+00
5.053874551219063704e+00
5.064388922614175392e+00
5.074709113997537102e+00
5.084813206357079451e+00
5.094706037205773086e+00
5.104395231765824548e+00
5.113883746427614341e+00
5.123175262374003225e+00
5.132249254745562261e+00
5.141110990804751424e+00
5.149766862553676106e+00
5.158219696444590774e+00
5.166472843450625518e+00
5.174507334989627338e+00
5.182327993673404798e+00
5.189940397304614983e+00
5.197347454589923643e+00
5.204552255434115260e+00
5.211537260574419683e+00
5.218306735915262173e+00
5.224865114254074960e+00
5.231215259594041100e+00
5.237360324424821911e+00
5.243284636897166173e+00
5.248989741963465683e+00
5.254479545516091754e+00
5.259757309121209978e+00
5.264827346366960370e+00
5.269691234690268011e+00
5.274348130685407199e+00
5.278800329727251217e+00
5.283031312090475495e+00
5.287046814424115837e+00
5.290844645661431755e+00
5.294416455191689685e+00
5.297764004034120511e+00
5.300883276623804541e+00
5.303766812247355134e+00
5.306417885285933167e+00
5.308841537994464232e+00
5.311027665448507129e+00
5.312972497952302753e+00
5.314674674582799518e+00
5.316134859931787915e+00
5.317361657482704729e+00
5.318344194901309052e+00
5.319093571839055734e+00
5.319608762462755713e+00
5.319888554507067546e+00
5.319936007748490958e+00
5.319764935041910725e+00
5.319360301236755184e+00
5.318738914507574300e+00
5.317900406423158088e+00
5.316844478475994507e+00
5.315583034980244648e+00
5.314124697971291056e+00
5.312472987550443726e+00
5.310645535218662339e+00
5.308633646595424693e+00
5.306454087126201813e+00
5.304108758199161500e+00
5.301615436303563023e+00
5.298981433737225188e+00
5.296208969879097062e+00
5.293309973108715205e+00
5.290289558696693817e+00
5.287168308424895713e+00
5.283953747379726451e+00
5.280651449787564289e+00
5.277278017032092983e+00
5.273840930092282164e+00
5.270345144796319659e+00
5.266807421374269715e+00
5.263233467268892518e+00
5.259631097841213077e+00
5.256013306009720942e+00
5.252389132308911357e+00
5.248764863836716366e+00
5.245151175486992834e+00
5.241559441018055487e+00
5.238000222969007247e+00
5.234480092751931934e+00
5.231015163588475403e+00
5.227608608829926951e+00
5.224272566068123957e+00
5.221010259914350193e+00
5.217828367876958140e+00
5.214731941151571348e+00
5.211723745393705087e+00
5.208809383439969132e+00
5.205995756018113596e+00
5.203282385396908793e+00
5.200667609798857782e+00
5.198150382268378777e+00
5.195733342248151310e+00
5.193419300246189252e+00
5.191205639916608661e+00
5.189094323146293597e+00
5.187079933363149209e+00
5.185160315859267399e+00
5.183334112989852471e+00
5.181597074347684462e+00
5.179950187879750700e+00
5.178383195477673340e+00
5.176896109360405340e+00
5.175486129152724324e+00
5.174145479726740326e+00
5.172875850278088272e+00
5.171672488304921877e+00
5.170531623068400862e+00
5.169448821398565208e+00
5.168422999608466739e+00
5.167446219626019577e+00
5.166521225500057213e+00
5.165639341923546013e+00
5.164792285191964538e+00
5.163977116349291130e+00
5.163185064721058204e+00
5.162415889728019458e+00
5.161660407412002272e+00
5.160918441417764235e+00
5.160185810404965601e+00
5.159456520381519695e+00
5.158730671706745596e+00
5.158005646172116876e+00
5.157279464456388851e+00
5.156551709252545024e+00
5.155818516987511479e+00
5.155079592096755370e+00
5.154331756907650330e+00
5.153574601191232674e+00
5.152807237955879138e+00
5.152026390287230306e+00
5.151231289508888977e+00
5.150419167730161618e+00
5.149589269685693971e+00
5.148740320655653235e+00
5.147870416420646578e+00
5.146982768031902467e+00
5.146078081729955400e+00
5.145161474573558991e+00
5.144234868290967988e+00
5.143297813835687293e+00
5.142349998432345082e+00
5.141389463323301712e+00
5.140419760721869125e+00
5.139441657292790566e+00
5.138453909236139872e+00
5.137455452981538606e+00
5.136444063934630933e+00
5.135422667044348799e+00
5.134392432498879444e+00
5.133357081043667947e+00
5.132318764108366516e+00
5.131277315470523348e+00
5.130232279378123650e+00
5.129182154911704039e+00
5.128129413652368740e+00
5.127075155380316218e+00
5.126018500629014873e+00
5.124958314600532638e+00
5.123892565149014366e+00
5.122823848354761012e+00
5.121753152090255945e+00
5.120684535953348160e+00
5.119620291593617090e+00
5.118560518848843444e+00
5.117504367235249596e+00
5.116450125950520622e+00
5.115400586056654930e+00
5.114356948810760528e+00
5.113318567576948581e+00
5.112284024658741544e+00
5.111251177716197525e+00
5.110222612994851588e+00
5.109199117052496852e+00
5.108184704485477567e+00
5.107181029099168157e+00
5.106187483224215562e+00
5.105202327522577299e+00
5.104222764301242776e+00
5.103250879797282202e+00
5.102286998483480218e+00
5.101329600515903451e+00
5.100376348423899309e+00
5.099424149545969343e+00
5.098474783900322826e+00
5.097528151351157000e+00
5.096587771478239937e+00
5.095655028375927209e+00
5.094729134592358655e+00
5.093809683027808788e+00
5.092896456274335293e+00
5.091989472958391438e+00
5.091088985058609850e+00
5.090193672630135779e+00
5.089301502558533308e+00
5.088409764620606346e+00
5.087520686912481160e+00
5.086634579378310761e+00
5.085754704180303953e+00
5.084880950081293705e+00
5.084016349169556470e+00
5.083161308395807154e+00
5.082313409599605869e+00
5.081474823209587655e+00
5.080644669014159120e+00
5.079825909438671516e+00
5.079018847423734329e+00
5.078220854479017277e+00
5.077434068995657412e+00
5.076657483580653718e+00
5.075894050452058437e+00
5.075144126567191272e+00
5.074405022564477008e+00
5.073678954544609709e+00
5.072964907440489668e+00
5.072265730354136970e+00
5.071581170859880139e+00
5.070913973006552666e+00
5.070263136926239866e+00
5.069629086631482373e+00
5.069013362231796549e+00
5.068418262156789034e+00
5.067847676578107752e+00
5.067299288849477001e+00
5.066772823150399674e+00
5.066268237571364352e+00
5.065785890075510167e+00
5.065327311347370021e+00
5.064887499216144562e+00
5.064463169316891999e+00
5.064052393215839665e+00
5.063654178719168009e+00
5.063268585953060175e+00
5.062890050265136388e+00
5.062514951381030137e+00
5.062141165363732043e+00
5.061767529848162361e+00
5.061393401290422034e+00
5.061018668192571290e+00
5.060643423575108990e+00
5.060267894159203195e+00
5.059892575073187793e+00
5.059517918232027789e+00
5.059144586811904709e+00
5.058773282881025679e+00
5.058399638313000324e+00
5.058021282444840061e+00
5.057637250240092364e+00
5.057247470657472377e+00
5.056852367821279337e+00
5.056452850776854469e+00
5.056049887168351020e+00
5.055642345625104284e+00
5.055232724475802186e+00
5.054821122701410374e+00
5.054410680758898877e+00
5.054002000319902876e+00
5.053593458387200421e+00
5.053187442126813700e+00
5.052783796305899244e+00
5.052385673637632912e+00
5.051993746685926823e+00
5.051607682074552130e+00
5.051226732547525522e+00
5.050849920625928746e+00
5.050477740134243554e+00
5.050111658091785749e+00
5.049754290918949451e+00
5.049402785676661232e+00
5.049056620861533951e+00
5.048716532739940810e+00
5.048384267280940030e+00
5.048062620873692730e+00
5.047748891453387898e+00
5.047442758775445348e+00
5.047139709911438565e+00
5.046837981998119282e+00
5.046537609829699456e+00
5.046239688064103390e+00
5.045946348740851128e+00
5.045654723814821274e+00
5.045364135879224499e+00
5.045075362979567046e+00
5.044790047130680577e+00
5.044510775732939933e+00
5.044234932794367410e+00
5.043961992583367859e+00
5.043692352290394254e+00
5.043427179086151568e+00
5.043168304118458067e+00
5.042912173777018836e+00
5.042657332423273964e+00
5.042403548381422240e+00
5.042151696945671446e+00
5.041902883372401334e+00
5.041658821816687563e+00
5.041421658679043460e+00
5.041188099890147711e+00
5.040956982582007306e+00
5.040728210567627876e+00
5.040502638577614825e+00
5.040281794726047870e+00
5.040061957429294637e+00
5.039841573669705532e+00
5.039620487432125984e+00
5.039399400225970993e+00
5.039179533834700742e+00
5.038961876559203468e+00
5.038747178579813912e+00
5.038536595611967428e+00
5.038331604062714852e+00
5.038133827376316098e+00
5.037945535111377104e+00
5.037763225308754755e+00
5.037585029362835698e+00
5.037410654428550849e+00
5.037240465975502346e+00
5.037075524128177051e+00
5.036911862719007260e+00
5.036747205297597674e+00
5.036581034979917604e+00
5.036413488744893030e+00
5.036245344842917859e+00
5.036077798589266408e+00
5.035912342130339781e+00
5.035746729972905733e+00
5.035581776353664551e+00
5.035415256417490326e+00
5.035247725828684295e+00
5.035081903136468640e+00
5.034916669375397724e+00
5.034753520193645748e+00
5.034590573760817200e+00
5.034428766950171052e+00
5.034265843874912605e+00
5.034097224961172401e+00
5.033921967524241481e+00
5.033736852913301085e+00
5.033541420160929647e+00
5.033333041614989511e+00
5.033111984602313349e+00
5.032880076172898676e+00
5.032635988596032561e+00
5.032380356363158391e+00
5.032111217661898728e+00
5.031829284916770284e+00
5.031537163148772862e+00
5.031238121132505015e+00
5.030935677199764200e+00
5.030628689996105685e+00
5.030317767880064572e+00
5.029999967201751687e+00
5.029674846812288713e+00
5.029343566655317233e+00
5.029005465678074493e+00
5.028658504023352904e+00
5.028299829757909123e+00
5.027926789692739540e+00
5.027540615855852657e+00
5.027141389421324824e+00
5.026732071175378458e+00
5.026313455871444624e+00
5.025885063729387703e+00
5.025449849612217967e+00
5.025008760674995578e+00
5.024565787970225905e+00
5.024122512846391331e+00
5.023678366675178530e+00
5.023231664545038555e+00
5.022780105567672848e+00
5.022325547098317244e+00
5.021868060848810877e+00
5.021410626269079636e+00
5.020953618197835588e+00
5.020495144485630057e+00
5.020037058948674691e+00
5.019578763752379658e+00
5.019122824057140164e+00
5.018669220714965462e+00
5.018220688722231593e+00
5.017777238584259614e+00
5.017336208245851026e+00
5.016898999571002271e+00
5.016464240684306297e+00
5.016033937989864633e+00
5.015607389009688610e+00
5.015183202385100181e+00
5.014764898180160024e+00
5.014354341126176173e+00
5.013951758652122059e+00
5.013556714489252109e+00
5.013167882918508234e+00
5.012785746737511872e+00
5.012412014103623470e+00
5.012049313991460586e+00
5.011701468250844727e+00
5.011366853996310766e+00
5.011045852846597093e+00
5.010740253350829398e+00
5.010452670085375537e+00
5.010187313429211642e+00
5.009942404612099942e+00
5.009719251955991659e+00
5.009514001554942197e+00
5.009325717262126609e+00
5.009155202119745631e+00
5.009003958965786651e+00
5.008873312262021926e+00
5.008765177906625787e+00
5.008682378980465977e+00
5.008621308429300534e+00
5.008580132092482984e+00
5.008558397396136286e+00
5.008556352882314933e+00
5.008575900938031289e+00
5.008612692014449586e+00
5.008664402443119279e+00
5.008730311219713904e+00
5.008810537870175494e+00
5.008906641950033212e+00
5.009014283579908522e+00
5.009131128930620847e+00
5.009256458006001722e+00
5.009390387295879599e+00
5.009534033977560696e+00
5.009684717406653220e+00
5.009842856482737972e+00
5.010006482408517314e+00
5.010171723098628682e+00
5.010333662566863744e+00
5.010486968870409008e+00
5.010630812377803167e+00
5.010762996629948063e+00
5.010884254698776630e+00
5.010992985147186829e+00
5.011086483647250844e+00
5.011165222360887128e+00
5.011228319460660607e+00
5.011277112307160664e+00
5.011311336323286625e+00
5.011332704602408761e+00
5.011340505105344789e+00
5.011332677005574610e+00
5.011310036779631716e+00
5.011271881506562664e+00
5.011219684666738061e+00
5.011152532835273732e+00
5.011068183145268584e+00
5.010967415933280655e+00
5.010849488348483760e+00
5.010715831461147296e+00
5.010566277940540658e+00
5.010403360583602250e+00
5.010231376913156787e+00
5.010051575292614245e+00
5.009867280245540400e+00
5.009679050118443833e+00
5.009489963677493662e+00
5.009300323490766260e+00
5.009107951250639346e+00
5.008914592795786547e+00
5.008719217096236243e+00
5.008523954403367284e+00
5.008328364928034127e+00
5.008130606216158576e+00
5.007933300518211617e+00
5.007736742616411441e+00
5.007544739478047902e+00
5.007358825065906238e+00
5.007178149361874553e+00
5.007001802333410190e+00
5.006828511980141450e+00
5.006657006245817776e+00
5.006485784192350685e+00
5.006313349668649160e+00
5.006138179515270181e+00
5.005958507609336472e+00
5.005772890531241082e+00
5.005579884563355009e+00
5.005381299731102906e+00
5.005176590763745104e+00
5.004967733238604666e+00
5.004754581534085034e+00
5.004539487519083174e+00
5.004327184510199977e+00
5.004118525095996972e+00
5.003917273998975013e+00
5.003723666080055921e+00
5.003540879235384153e+00
5.003369412225452173e+00
5.003206530556793652e+00
5.003054030964862342e+00
5.002910454057868606e+00
5.002778022362631027e+00
5.002656423448365253e+00
5.002542417970265554e+00
5.002437428793649055e+00
5.002339772636781312e+00
5.002251478022675002e+00
5.002171874818171382e+00
5.002100016343185018e+00
5.002038489686102984e+00
5.001987338442132724e+00
5.001943925478272490e+00
5.001910210821089109e+00
5.001885114487969908e+00
5.001871308154671070e+00
5.001868882652064308e+00
5.001875083228964236e+00
5.001891881450004185e+00
5.001918128671980490e+00
5.001956555430237650e+00
5.002007282228600360e+00
5.002067461722923269e+00
5.002138740267997541e+00
5.002219454363380891e+00
5.002311641952413623e+00
5.002414493548142715e+00
5.002525362378376528e+00
5.002646863289566426e+00
5.002778978232683471e+00
5.002925730120781012e+00
5.003088896308486078e+00
5.003267947189901754e+00
5.003461342990791039e+00
5.003665841721391061e+00
5.003883762933706514e+00
5.004115393326078021e+00
5.004359307490680919e+00
5.004613227878157211e+00
5.004873622633907004e+00
5.005142482106032631e+00
5.005419536080601084e+00
5.005706608087215237e+00
5.006000676189009013e+00
5.006301282994840562e+00
5.006604243159685552e+00
5.006907926552390364e+00
5.007212978281471827e+00
5.007515779022518210e+00
5.007815151788685526e+00
5.008106786419097567e+00
5.008389106110129774e+00
5.008662614372019206e+00
5.008927985538189631e+00
5.009186085850392267e+00
5.009437840763870220e+00
5.009683959667031061e+00
5.009920323543642695e+00
5.010144536398743575e+00
5.010355525404606603e+00
5.010552826427316475e+00
5.010736348849182953e+00
5.010904720887936037e+00
5.011056507105402957e+00
5.011193713710105690e+00
5.011317134226135117e+00
5.011430342454856302e+00
5.011534540277367000e+00
5.011629670324197150e+00
5.011719071479907583e+00
5.011804008573689018e+00
5.011888942407838776e+00
5.011975655459262491e+00
5.012064090554066098e+00
5.012152858112401965e+00
5.012239856549001615e+00
5.012327460596732287e+00
5.012415884888195450e+00
5.012503925381622594e+00
5.012589379396684919e+00
5.012669729195931012e+00
5.012746875315369444e+00
5.012820987772591330e+00
5.012895701491668632e+00
5.012972432446128224e+00
5.013050678909217517e+00
5.013128896221911823e+00
5.013204737260398502e+00
5.013280440877584176e+00
5.013356305939537627e+00
5.013431033637766987e+00
5.013502469133977790e+00
5.013568029526082270e+00
5.013629661096652868e+00
5.013687625160834216e+00
5.013745593741927742e+00
5.013805061864127666e+00
5.013865543479490761e+00
5.013925526716206171e+00
5.013982754006441667e+00
5.014039455066825468e+00
5.014096017779241521e+00
5.014151164560038509e+00
5.014202746289242008e+00
5.014248282552157043e+00
5.014289722709376562e+00
5.014327321752365840e+00
5.014361215749682188e+00
5.014391618616805602e+00
5.014418714739307781e+00
5.014440119801014895e+00
5.014456823967789134e+00
5.014467339590350292e+00
5.014472923686420280e+00
5.014472488091717750e+00
5.014467669895833701e+00
5.014461192996690464e+00
5.014451389953477722e+00
5.014438630399976837e+00
5.014419879314241157e+00
5.014394763469914196e+00
5.014364413823218847e+00
5.014326368502093345e+00
5.014280160578652001e+00
5.014222327192998208e+00
5.014152236028326826e+00
5.014071164500653488e+00
5.013981525531723271e+00
5.013886193015364867e+00
5.013783789264721236e+00
5.013674891392452260e+00
5.013559562737805564e+00
5.013437940056189035e+00
5.013309748132466659e+00
5.013174596742480560e+00
5.013032094861134880e+00
5.012881643852904467e+00
5.012722917019143409e+00
5.012555151215507543e+00
5.012377979705795461e+00
5.012190800371334909e+00
5.011992890747950291e+00
5.011783775563105614e+00
5.011563181771650832e+00
5.011334221052692328e+00
5.011097729566262871e+00
5.010857294841424725e+00
5.010614126349554276e+00
5.010367128240630130e+00
5.010119255135521144e+00
5.009870872745975312e+00
5.009625715861782957e+00
5.009384868877694075e+00
5.009148765827283967e+00
5.008917630656377185e+00
5.008691506950870398e+00
5.008470086144968469e+00
5.008252985465094120e+00
5.008039739156827430e+00
5.007829782000497332e+00
5.007622559039607069e+00
5.007421614552602485e+00
5.007227729490711710e+00
5.007045510045005088e+00
5.006877055938108612e+00
5.006722159475772926e+00
5.006579418337658183e+00
5.006445922410801330e+00
5.006324035783053183e+00
5.006214176841765173e+00
5.006114951518118694e+00
5.006024100619121953e+00
5.005938297786504343e+00
5.005859514546335376e+00
5.005787455608822434e+00
5.005725819004455346e+00
5.005676042783761659e+00
5.005637470983655746e+00
5.005608645667543044e+00
5.005586865704261257e+00
5.005574814159642116e+00
5.005573260888356302e+00
5.005581396610957690e+00
5.005597607510878788e+00
5.005619181675153406e+00
5.005648726067753351e+00
5.005686598828774869e+00
5.005736575162751834e+00
5.005798850565930103e+00
5.005877057876218394e+00
5.005972176244260829e+00
5.006081613231228467e+00
5.006207746894808075e+00
5.006349440127389805e+00
5.006509660448656973e+00
5.006688871964589005e+00
5.006883920918927089e+00
5.007097085196301478e+00
5.007326934136225205e+00
5.007576408203465945e+00
5.007845594122779964e+00
5.008133478987735643e+00
5.008438524383825197e+00
5.008758332174045869e+00
5.009094046395045297e+00
5.009441685084026652e+00
5.009800799865049115e+00
5.010166757594566533e+00
5.010538002852122474e+00
5.010915551449875771e+00
5.011295894238870119e+00
5.011678459126274632e+00
5.012058977301936835e+00
5.012436162683886032e+00
5.012809042561571893e+00
5.013176838312069172e+00
5.013539376113334889e+00
5.013896259519973420e+00
5.014247533198216367e+00
5.014592976163844362e+00
5.014932474460224832e+00
5.015265890102606150e+00
5.015589863475185872e+00
5.015903569426162889e+00
5.016203698891921192e+00
5.016489285494907691e+00
5.016757942031842887e+00
5.017006001308334184e+00
5.017229201014859363e+00
5.017424355320406981e+00
5.017591436676456240e+00
5.017730279559043716e+00
5.017842541266007039e+00
5.017927735022974289e+00
5.017985210021731923e+00
5.018016615511157852e+00
5.018022769349054002e+00
5.018006298351692429e+00
5.017967420395588185e+00
5.017905672782224435e+00
5.017823049373117072e+00
5.017720435385717437e+00
5.017600607018111170e+00
5.017464942329688427e+00
5.017316742989360812e+00
5.017156850866167694e+00
5.016984585656908635e+00
5.016802414621351680e+00
5.016610952097116716e+00
5.016413401777980674e+00
5.016210507660297857e+00
5.016001132357058800e+00
5.015787801633713627e+00
5.015570840447335144e+00
5.015353543928950941e+00
5.015136789589316635e+00
5.014919169417710876e+00
5.014701197485567086e+00
5.014479822910517193e+00
5.014254324159709952e+00
5.014026003762273476e+00
5.013797017376063536e+00
5.013570469881534208e+00
5.013344777285247744e+00
5.013120237759441267e+00
5.012898840627760144e+00
5.012683228741527941e+00
5.012477228681685659e+00
5.012279332487971750e+00
5.012090406085492944e+00
5.011907245221676632e+00
5.011728894564452474e+00
5.011556894856635580e+00
5.011388060546611456e+00
5.011221948343461463e+00
5.011054630710876090e+00
5.010884781687654055e+00
5.010713427591272584e+00
5.010542447514034770e+00
5.010374836254067432e+00
5.010208877681889383e+00
5.010044836311734251e+00
5.009884117360359213e+00
5.009728565414568457e+00
5.009580920108725799e+00
5.009438532258514876e+00
5.009300589266365122e+00
5.009167816809510398e+00
5.009041661632378961e+00
5.008924515380655862e+00
5.008814492154067821e+00
5.008712506325116998e+00
5.008615840713626532e+00
5.008524448706900500e+00
5.008440781452825341e+00
5.008362812440043221e+00
5.008291406625081876e+00
5.008223779176494084e+00
5.008159868547825688e+00
5.008102105365266787e+00
5.008048459489963022e+00
5.007999749223834840e+00
5.007953235458715291e+00
5.007908873882277234e+00
5.007868905689700334e+00
5.007834415156992236e+00
5.007805320025088491e+00
5.007781100322623580e+00
5.007760670700241334e+00
5.007742753805956681e+00
5.007725917425136508e+00
5.007708426779732491e+00
5.007688602095601738e+00
5.007664554718083139e+00
5.007634454607630126e+00
5.007596797808671951e+00
5.007554633268753719e+00
5.007509738305249591e+00
5.007462451779881363e+00
5.007412553574557279e+00
5.007359404303731942e+00
5.007306961087176767e+00
5.007257554019466816e+00
5.007211942053996445e+00
5.007170307888314298e+00
5.007131927991881781e+00
5.007095980486497844e+00
5.007061163702180906e+00
5.007030929611662629e+00
5.007007652694026589e+00
5.006991816767857095e+00
5.006983570941973660e+00
5.006981982192099778e+00
5.006989548066938411e+00
5.007006454238742243e+00
5.007029845029189907e+00
5.007061578202135266e+00
5.007100362499783408e+00
5.007148586894922815e+00
5.007206167058624757e+00
5.007270242005191996e+00
5.007342251647800779e+00
5.007420550879627896e+00
5.007507007184043069e+00
5.007600630984246237e+00
5.007702101614861512e+00
5.007807445290103132e+00
5.007914909726544295e+00
5.008024566039978254e+00
5.008137314418863895e+00
5.008255075958159885e+00
5.008374736398992333e+00
5.008495039824929940e+00
5.008616487017435226e+00
5.008740241412608540e+00
5.008868476437937645e+00
5.008998186622347859e+00
5.009128256651174560e+00
5.009259252032799203e+00
5.009392412609024348e+00
5.009529885571984309e+00
5.009668712743160945e+00
5.009807919167516665e+00
5.009942776287509503e+00
5.010071066149114571e+00
5.010192518035484710e+00
5.010307856403825255e+00
5.010418343158972831e+00
5.010520900633720132e+00
5.010614513826157967e+00
5.010699653585042768e+00
5.010777642635229512e+00
5.010850251053060589e+00
5.010917985529240504e+00
5.010980211553696329e+00
5.011036917191530549e+00
5.011088609887818457e+00
5.011136027138280546e+00
5.011180202212716317e+00
5.011222356582591964e+00
5.011263790537203278e+00
5.011305868650386408e+00
5.011349997889782415e+00
5.011397810640345618e+00
5.011445505089659136e+00
5.011490965906131301e+00
5.011533429600829592e+00
5.011572744540470303e+00
5.011609198489757944e+00
5.011638306622924866e+00
5.011657481356823318e+00
5.011665694554986672e+00
5.011662661413729403e+00
5.011648693874312777e+00
5.011624461952897569e+00
5.011590912009424414e+00
5.011549148431813983e+00
5.011500475604853122e+00
5.011446219694635218e+00
5.011387838458476018e+00
5.011326607631353625e+00
5.011258787026463324e+00
5.011182434445080602e+00
5.011096779050139283e+00
5.011001793721524322e+00
5.010897641552444881e+00
5.010782018096950452e+00
5.010655547592620884e+00
5.010520449371840712e+00
5.010375669084323746e+00
5.010222183352171399e+00
5.010058358365506059e+00
5.009885132348000703e+00
5.009705010259358104e+00
5.009517054872421937e+00
5.009322419127284043e+00
5.009119458699434091e+00
5.008908929748295158e+00
5.008691672773867509e+00
5.008471798205583525e+00
5.008251028319655518e+00
5.008034078532665134e+00
5.007823183609006357e+00
5.007618168404159853e+00
5.007421624919232706e+00
5.007232591023501378e+00
5.007052864579317308e+00
5.006881480233576376e+00
5.006714455632327088e+00
5.006552059909163077e+00
5.006391635423359077e+00
5.006233832796867844e+00
5.006076483538207000e+00
5.005920431947168403e+00
5.005769203992393557e+00
5.005622179180218012e+00
5.005481630477889077e+00
5.005346371473580191e+00
5.005217998845338911e+00
5.005095481814652913e+00
5.004974846651615294e+00
5.004856205170810313e+00
5.004736955424607281e+00
5.004617668220610049e+00
5.004496271226392956e+00
5.004368578435689940e+00
5.004234184685931730e+00
5.004090595532047381e+00
5.003938057709325093e+00
5.003774751711476121e+00
5.003601749360401030e+00
5.003422068159867564e+00
5.003235401257713377e+00
5.003043684221644583e+00
5.002846131034035970e+00
5.002644075516453626e+00
5.002436211544862843e+00
5.002219007897963365e+00
5.001992328695794576e+00
5.001754035770734852e+00
5.001504401106229736e+00
5.001241658318629213e+00
5.000966493327012152e+00
5.000681261595180338e+00
5.000389341626158668e+00
5.000094638492753596e+00
4.999796739786702915e+00
4.999497223447846750e+00
4.999199039291429614e+00
4.998905988082128715e+00
4.998622934415775099e+00
4.998349541470248347e+00
4.998087915133525350e+00
4.997835834238518515e+00
4.997593566912997609e+00
4.997363819449978983e+00
4.997145388934599808e+00
4.996940693694935653e+00
4.996748468436137181e+00
4.996570672232492960e+00
4.996408381320373238e+00
4.996261836474597651e+00
4.996130881503060728e+00
4.996015039736240837e+00
4.995913711365147947e+00
4.995826108779592545e+00
4.995751369803046238e+00
4.995688429146838416e+00
4.995636258016173947e+00
4.995593830494042820e+00
4.995560058821291172e+00
4.995533886156342085e+00
4.995514159794262277e+00
4.995499748757870506e+00
4.995489539550913349e+00
4.995482298697176304e+00
4.995481303507700588e+00
4.995488013561702800e+00
4.995502112277903528e+00
4.995522562149566248e+00
4.995547259748567726e+00
4.995579244616095593e+00
4.995619715341021561e+00
4.995668154736636168e+00
4.995723380498243493e+00
4.995783145269965253e+00
4.995850461857048508e+00
4.995926360907620101e+00
4.996011849297797625e+00
4.996107921125954476e+00
4.996216090554958633e+00
4.996331871301522121e+00
4.996452578260218047e+00
4.996576745585192825e+00
4.996703694556494213e+00
4.996833137916987688e+00
4.996965197409158677e+00
4.997100377726023446e+00
4.997239194391880801e+00
4.997382410914292805e+00
4.997530691363505362e+00
4.997684912337578389e+00
4.997846267792053432e+00
4.998010301059700566e+00
4.998174286252474730e+00
4.998336830484336524e+00
4.998497214308594394e+00
4.998655266212884918e+00
4.998809687793840162e+00
4.998958287705320025e+00
4.999103326229962896e+00
4.999245082196432044e+00
4.999386228817167321e+00
4.999526276179240725e+00
4.999667371940449634e+00
4.999810102899209241e+00
4.999953550026402738e+00
5.000096463570954164e+00
5.000236878973083776e+00
5.000377692254843964e+00
5.000520051085042716e+00
5.000663575074287159e+00
5.000807087626891523e+00
5.000948826280073867e+00
5.001086541908444261e+00
5.001218086742446722e+00
5.001344330497668800e+00
5.001463777758763385e+00
5.001577582955943235e+00
5.001683917679475400e+00
5.001779268105164711e+00
5.001863406403570522e+00
5.001934348266220631e+00
5.001992569957510071e+00
5.002036561193526687e+00
5.002067798399948195e+00
5.002089307737187518e+00
5.002101191466790553e+00
5.002105548467953078e+00
5.002101850433100516e+00
5.002091906116402420e+00
5.002075720144493864e+00
5.002052074197271381e+00
5.002018966329341509e+00
5.001974435969314570e+00
5.001920618171861399e+00
5.001858109709863776e+00
5.001787899405753635e+00
5.001706710512809018e+00
5.001613339725009766e+00
5.001507995509601123e+00
5.001391752426571635e+00
5.001266214809439781e+00
5.001133365639544692e+00
5.000995240601769254e+00
5.000849273799976125e+00
5.000694662927707590e+00
5.000531972757599419e+00
5.000362381654849031e+00
5.000187469962112274e+00
5.000004478189223001e+00
4.999812656602881766e+00
4.999612776431315631e+00
4.999406327306354036e+00
4.999195273946100748e+00
4.998977063073837712e+00
4.998751106019193813e+00
4.998518252241487936e+00
4.998280096146340945e+00
4.998038858137157092e+00
4.997797054889674406e+00
4.997557676061117782e+00
4.997318669221425758e+00
4.997079666107023144e+00
4.996841752267504155e+00
4.996606601624810295e+00
4.996376870106034040e+00
4.996149984913937914e+00
4.995925269405416813e+00
4.995703614390514247e+00
4.995486566889158375e+00
4.995276760364940394e+00
4.995071499626211775e+00
4.994870051461332672e+00
4.994673233161740278e+00
4.994482608473919782e+00
4.994300373773149282e+00
4.994129054545483726e+00
4.993972231148800844e+00
4.993827646690479405e+00
4.993694856985530173e+00
4.993574829706048490e+00
4.993469259663542381e+00
4.993381344684457268e+00
4.993308257180324006e+00
4.993249256498238253e+00
4.993205071961565267e+00
4.993177246857957385e+00
4.993169032699951160e+00
4.993177485512859448e+00
4.993202531556890200e+00
4.993239541631483647e+00
4.993286633072713698e+00
4.993344149161423218e+00
4.993413422624874087e+00
4.993497518659864021e+00
4.993593925680327672e+00
4.993702187803867432e+00
4.993823553542899418e+00
4.993960039555386921e+00
4.994115368551867107e+00
4.994287278945849451e+00
4.994476356818632112e+00
4.994678501370654722e+00
4.994892139151052568e+00
4.995118476334319269e+00
4.995353612485633477e+00
4.995596706434445977e+00
4.995843033469575367e+00
4.996090687732505309e+00
4.996340029589193321e+00
4.996592453769701514e+00
4.996850547059731973e+00
4.997111993632571192e+00
4.997376680798189419e+00
4.997640707730606202e+00
4.997902780804142964e+00
4.998163433126465272e+00
4.998419191963331620e+00
4.998668804276094946e+00
4.998907925016538023e+00
4.999135194509580771e+00
4.999350943989411711e+00
4.999556976030871347e+00
4.999755167286201285e+00
4.999943536236240327e+00
5.000121783516660479e+00
5.000288096848235497e+00
5.000443805917456963e+00
5.000587786543474245e+00
5.000717893918335655e+00
5.000835277564182668e+00
5.000939304470374047e+00
5.001032037581606637e+00
5.001113564311815196e+00
5.001186279938845125e+00
5.001250212630544922e+00
5.001303623454000480e+00
5.001348128514652380e+00
5.001383339944583284e+00
5.001411523463026754e+00
5.001432553634801437e+00
5.001444503004019992e+00
5.001449006494364191e+00
5.001445574698152541e+00
5.001436480947883290e+00
5.001421650439149325e+00
5.001400298423247293e+00
5.001374642931038395e+00
5.001344465094732072e+00
5.001311606423112011e+00
5.001274960535227798e+00
5.001235849699585678e+00
5.001197676980516427e+00
5.001159892215507163e+00
5.001124363360574421e+00
5.001089686505144627e+00
5.001056987743938365e+00
5.001029795671929179e+00
5.001007337866466784e+00
5.000991792396526137e+00
5.000981505938689509e+00
5.000977878095873130e+00
5.000979471251048025e+00
5.000982140943960985e+00
5.000986106246273266e+00
5.000988739296007957e+00
5.000990736761595556e+00
5.000990245465835926e+00
5.000985823856497703e+00
5.000976724178943122e+00
5.000962284710437800e+00
5.000942259242472154e+00
5.000916317335973638e+00
5.000884168849038858e+00
5.000845694241757400e+00
5.000800790719399203e+00
5.000749375072951253e+00
5.000691356791826969e+00
5.000626918527009579e+00
5.000559461659463523e+00
5.000490317277321850e+00
5.000418737621690646e+00
5.000343035839209804e+00
5.000260988322730249e+00
5.000174638217027123e+00
5.000084242790650002e+00
4.999989494288053393e+00
4.999889871233786920e+00
4.999784934034284589e+00
4.999678787829068938e+00
4.999574095250753025e+00
4.999472113491680858e+00
4.999373484484563868e+00
4.999278195162948357e+00
4.999186393653686444e+00
4.999098566610078898e+00
4.999011738223668289e+00
4.998926609538210108e+00
4.998840818132919139e+00
4.998755038639244752e+00
4.998667161574302575e+00
4.998572730419872379e+00
4.998471183588444333e+00
4.998359697458981010e+00
4.998238245656429157e+00
4.998104702446324765e+00
4.997959848584321740e+00
4.997806312001955575e+00
4.997643509253573590e+00
4.997473009794664023e+00
4.997293696988087675e+00
4.997107022132437848e+00
4.996916249178063651e+00
4.996723640326124816e+00
4.996530616439592620e+00
4.996338194112937892e+00
4.996146942868542773e+00
4.995957275896978800e+00
4.995769414964777333e+00
4.995583476207863249e+00
4.995399421851796973e+00
4.995217159639756765e+00
4.995036626111428291e+00
4.994857663575272611e+00
4.994680150381932471e+00
4.994503949515233465e+00
4.994328851427593641e+00
4.994154683582196164e+00
4.993981241032191321e+00
4.993811348944613648e+00
4.993644189692744817e+00
4.993481926534036219e+00
4.993323481127330155e+00
4.993170749477752857e+00
4.993022805412942411e+00
4.992876010870272552e+00
4.992730740297297132e+00
4.992584777332554680e+00
4.992439114570331071e+00
4.992292017720354025e+00
4.992139623610016841e+00
4.991981963587637239e+00
4.991816862558658308e+00
4.991644992509568723e+00
4.991464812604422541e+00
4.991277718132073993e+00
4.991087173202719107e+00
4.990893186775680057e+00
4.990698159800554201e+00
4.990501526554759870e+00
4.990305237265016736e+00
4.990108421629007474e+00
4.989907788315501413e+00
4.989703711660292917e+00
4.989494171475706175e+00
4.989280044154909888e+00
4.989059869663504010e+00
4.988835035280970054e+00
4.988609228318272137e+00
4.988382376579282074e+00
4.988157023189304873e+00
4.987932580968079677e+00
4.987710994405388121e+00
4.987496719712107840e+00
4.987289910109429236e+00
4.987093739824086214e+00
4.986907462196144003e+00
4.986733605412486448e+00
4.986571748198662668e+00
4.986418282787968614e+00
4.986274024888595058e+00
4.986136623758545383e+00
4.986007402015573575e+00
4.985884598519376709e+00
4.985769194138891969e+00
4.985664791909703908e+00
4.985570356936850800e+00
4.985488036161013881e+00
4.985416014723203837e+00
4.985355715269879973e+00
4.985305109706432702e+00
4.985263589222641123e+00
4.985231463930295703e+00
4.985209635971306064e+00
4.985199391561518922e+00
4.985202217793457180e+00
4.985219919016715906e+00
4.985254187869039733e+00
4.985306950557177430e+00
4.985380123375114714e+00
4.985475665606688978e+00
4.985596931405495980e+00
4.985740320865195585e+00
4.985904084310067041e+00
4.986087768744809523e+00
4.986291693408174019e+00
4.986517898641658064e+00
4.986761987466496571e+00
4.987021629881244422e+00
4.987296052739154995e+00
4.987585418556015782e+00
4.987890499044339343e+00
4.988212007019798833e+00
4.988551385808865923e+00
4.988903439860920663e+00
4.989264606531838453e+00
4.989632836762944557e+00
4.990006605196873224e+00
4.990385144461074951e+00
4.990766908373812427e+00
4.991149525787811569e+00
4.991535679061096076e+00
4.991926143128554649e+00
4.992320258092265206e+00
4.992716502878946194e+00
4.993112660791856783e+00
4.993509337600452014e+00
4.993904062654954679e+00
4.994292070415001561e+00
4.994672234650831655e+00
4.995041278783362237e+00
4.995398525703827808e+00
4.995741375122349837e+00
4.996070137206595874e+00
4.996386735994499340e+00
4.996690111175310811e+00
4.996980981953573320e+00
4.997257866092156497e+00
4.997520958759020360e+00
4.997767985813448277e+00
4.997997054342309120e+00
4.998209741894283908e+00
4.998406269546727287e+00
4.998585137963424074e+00
4.998744303953031043e+00
4.998882204923908112e+00
4.999000654868911653e+00
4.999100717516746784e+00
4.999185828749221905e+00
4.999257484386807171e+00
4.999315609346274947e+00
4.999361251491253100e+00
4.999396179626827141e+00
4.999422713181600031e+00
4.999443196464460115e+00
4.999455555280335695e+00
4.999459457168602405e+00
4.999456000058460248e+00
4.999446902050302732e+00
4.999434291213884052e+00
4.999417187754199077e+00
4.999396861622710020e+00
4.999371794586670248e+00
4.999342277977750548e+00
4.999309950397486269e+00
4.999277276993864483e+00
4.999247410044675988e+00
4.999218687723526067e+00
4.999191311221704126e+00
4.999166888616647597e+00
4.999147872545191440e+00
4.999137734181613446e+00
4.999134703889913212e+00
4.999139118866486875e+00
4.999148167725262049e+00
4.999162519888095346e+00
4.999180027289156669e+00
4.999196168294482767e+00
4.999210410210842781e+00
4.999219810990225277e+00
4.999224488469089067e+00
4.999222042949011957e+00
4.999212293507487637e+00
4.999196453755910596e+00
4.999176731303058396e+00
4.999155767692908370e+00
4.999131459028184565e+00
4.999103846559489917e+00
4.999074301535919140e+00
4.999045127290489887e+00
4.999019085644002658e+00
4.998996668083316663e+00
4.998976010196098940e+00
4.998954211629650146e+00
4.998927686896829314e+00
4.998897135392951441e+00
4.998861556975359832e+00
4.998823217724172707e+00
4.998782161146124281e+00
4.998736665740331375e+00
4.998688847751078690e+00
4.998638488648181166e+00
4.998588621418645239e+00
4.998539812036511876e+00
4.998490435623287098e+00
4.998440263110868642e+00
4.998390137020222390e+00
4.998341401487312652e+00
4.998295931040964923e+00
4.998252849581374946e+00
4.998214251846264666e+00
4.998179676400221538e+00
4.998146034698192075e+00
4.998114407949805660e+00
4.998083178778368385e+00
4.998054007066138560e+00
4.998025977488332217e+00
4.997995944523909273e+00
4.997964729499262404e+00
4.997930684990905981e+00
4.997895397038853993e+00
4.997857777117941325e+00
4.997818685490828194e+00
4.997780149216023204e+00
4.997744837738763657e+00
4.997716558147412336e+00
4.997693661798447984e+00
4.997676737843038453e+00
4.997662337887058825e+00
4.997649497856810008e+00
4.997639275446028151e+00
4.997632709723740518e+00
4.997630899897387735e+00
4.997634957996681671e+00
4.997646005384641654e+00
4.997665248688327289e+00
4.997693816819711365e+00
4.997732912400289607e+00
4.997783686020896177e+00
4.997848038962595218e+00
4.997921735467872217e+00
4.998002142981178508e+00
4.998088135151674827e+00
4.998179247631242106e+00
4.998275895305459571e+00
4.998373106411209577e+00
4.998467808701581028e+00
4.998558662031329369e+00
4.998645038670410656e+00
4.998727002973218703e+00
4.998804936586430436e+00
4.998879368165989767e+00
4.998947292557468280e+00
4.999008140024280067e+00
4.999058600012695308e+00
4.999098150781836836e+00
4.999128060124830242e+00
4.999148125364927253e+00
4.999160879203601304e+00
4.999166588631244856e+00
4.999163900809263872e+00
4.999155036379135275e+00
4.999140249745007480e+00
4.999122630566610326e+00
4.999102867340455170e+00
4.999079809770240246e+00
4.999051365928510293e+00
4.999015052813823523e+00
4.998972561412277749e+00
4.998923818656963114e+00
4.998867223818575845e+00
4.998800612107639374e+00
4.998721821621781025e+00
4.998632791188334146e+00
4.998534040205900197e+00
4.998427124923815690e+00
4.998310226711234705e+00
4.998183816752186814e+00
4.998050055742985442e+00
4.997911988372704784e+00
4.997773256177803880e+00
4.997633174068083939e+00
4.997492760873188722e+00
4.997349587424447570e+00
4.997203693470705588e+00
4.997056864422533273e+00
4.996909365483346299e+00
4.996759800730990797e+00
4.996606179482089516e+00
4.996446179325478631e+00
4.996281911476301296e+00
4.996113960637497797e+00
4.995945260940837684e+00
4.995775801080066358e+00
4.995608180395114672e+00
4.995442257045556111e+00
4.995275403733153041e+00
4.995108740410554304e+00
4.994940790614831094e+00
4.994773292622316063e+00
4.994605303059119095e+00
4.994433774414259730e+00
4.994259498367805250e+00
4.994080936207223154e+00
4.993899596395689144e+00
4.993714481319088350e+00
4.993527315954465529e+00
4.993341863981235917e+00
4.993157880685079597e+00
4.992977803933222880e+00
4.992800530853468643e+00
4.992627907122273001e+00
4.992458744968074846e+00
4.992289102251427302e+00
4.992119006967890016e+00
4.991945883321363908e+00
4.991770247469444755e+00
4.991589958487799628e+00
4.991403833224227427e+00
4.991211342016955932e+00
4.991012360441287932e+00
4.990807013145437843e+00
4.990595523926219634e+00
4.990378385006239981e+00
4.990156072663864961e+00
4.989929197660437410e+00
4.989698338291397306e+00
4.989464092633476788e+00
4.989227256166539171e+00
4.988990214566491055e+00
4.988756213436625231e+00
4.988529616507491049e+00
4.988309755480636376e+00
4.988098178679843286e+00
4.987892371925313206e+00
4.987692398900885671e+00
4.987500143783886841e+00
4.987318445282776125e+00
4.987151530875612693e+00
4.986998221563894163e+00
4.986859884827183897e+00
4.986734193802597304e+00
4.986622427019075765e+00
4.986523100823880839e+00
4.986431569034949440e+00
4.986347831652284235e+00
4.986268855907739272e+00
4.986195248096966459e+00
4.986124814159022200e+00
4.986052986236074069e+00
4.985979364385613621e+00
4.985901132376649336e+00
4.985818558839865133e+00
4.985729590618765528e+00
4.985635081792032075e+00
4.985538095880081677e+00
4.985438166830470585e+00
4.985337215207299444e+00
4.985234281748315510e+00
4.985130791069721568e+00
4.985026114240070250e+00
4.984917591858438080e+00
4.984801582723638269e+00
4.984674272473683665e+00
4.984535895121997129e+00
4.984385467815926063e+00
4.984224825586905716e+00
4.984053565889377424e+00
4.983869965143282066e+00
4.983675749219734996e+00
4.983470835827071177e+00
4.983257831383276049e+00
4.983036902297067527e+00
4.982806505571829803e+00
4.982568729530798990e+00
4.982323516115325646e+00
4.982073667526025318e+00
4.981819644897957033e+00
4.981563370052506379e+00
4.981304339628447764e+00
4.981045412488063207e+00
4.980786678634365749e+00
4.980525986656328286e+00
4.980265292517622733e+00
4.980004016544452128e+00
4.979744912266514945e+00
4.979488272081844968e+00
4.979235159113787113e+00
4.978987726170354122e+00
4.978748418699733946e+00
4.978520221385888789e+00
4.978306234918318474e+00
4.978110755003772425e+00
4.977931826516767799e+00
4.977769330695053895e+00
4.977624473508229563e+00
4.977499124968206345e+00
4.977396965577981724e+00
4.977315433343656892e+00
4.977254276715005865e+00
4.977211306422736570e+00
4.977190136925105257e+00
4.977191139433030820e+00
4.977219713494609898e+00
4.977278953428808883e+00
4.977369586407635715e+00
4.977491490469742708e+00
4.977641894474122530e+00
4.977824523645882238e+00
4.978041522271428931e+00
4.978292548536750850e+00
4.978577256772164006e+00
4.978893660503868723e+00
4.979239800396803695e+00
4.979613161581997183e+00
4.980011099587623669e+00
4.980430754806344673e+00
4.980869229632860495e+00
4.981323567080741199e+00
4.981790120016282408e+00
4.982269495140259075e+00
4.982757857676093138e+00
4.983255051757637943e+00
4.983757371019070348e+00
4.984263994667175623e+00
4.984774633395912424e+00
4.985283461149278672e+00
4.985786370384936106e+00
4.986280997517948954e+00
4.986765535931533044e+00
4.987238827432936006e+00
4.987700036178772223e+00
4.988148392039779999e+00
4.988583609099929816e+00
4.989005306746308932e+00
4.989413359362129263e+00
4.989807613316419754e+00
4.990187505308035121e+00
4.990550528477373682e+00
4.990896297592165354e+00
4.991222799021245216e+00
4.991530805091799472e+00
4.991822256307542283e+00
4.992096505846320476e+00
4.992354471154004436e+00
4.992594893268734957e+00
4.992818631018936415e+00
4.993025912764905705e+00
4.993216729174791979e+00
4.993390726588159190e+00
4.993547448917714959e+00
4.993686332927507188e+00
4.993807633511213595e+00
4.993915069104595261e+00
4.994010457984594531e+00
4.994094378344206220e+00
4.994166468751108923e+00
4.994226347130215515e+00
4.994276310695758170e+00
4.994316717285154361e+00
4.994349978264843948e+00
4.994375564636620801e+00
4.994390880242179698e+00
4.994396526303215289e+00
4.994391072446203061e+00
4.994375615843060778e+00
4.994349163702177741e+00
4.994313042109322254e+00
4.994270003267054392e+00
4.994219220035199136e+00
4.994161884115497330e+00
4.994096321017900131e+00
4.994023405882948019e+00
4.993945898792193638e+00
4.993866003934712694e+00
4.993785394650370968e+00
4.993705525460140571e+00
4.993627538575277747e+00
4.993552550912322197e+00
4.993481559261166325e+00
