0.0
0.0
0.0
0.0
0.0
0.0
0.0
0.0
0.0
0.0
-1.936537300935016e-06
-2.705483348108837e-07
2.0676209533121448e-06
1.1457956134108833e-05
3.2029889262048534e-05
6.224927419680166e-05
0.0001124760221864562
0.00017651142479735427
0.00026464068258064805
0.00038890241572516973
0.0005324616369034628
0.0007163519684399943
0.0009313414331700188
0.0011917678538884502
0.0015182147447194436
0.001876611438783584
0.0022941984508361205
0.002738786590489326
0.003242021118494449
0.003820464116724907
0.004448184621724067
0.00514651569465059
0.005890616652759492
0.00668990085760015
0.007582315382751404
0.008511283871921481
0.009513615471514646
0.010539979514869633
0.011626037013920726
0.012781275836023277
0.013961448324116655
0.015203415257128663
0.016457186443003605
0.01775779540577788
0.019096010578068683
0.020457298708352042
0.021857186061533883
0.023272657794150307
0.024704639715346286
0.02613891328612227
0.02758590455094237
0.02903495619932074
0.030476440292986823
0.031908786994608834
0.033329374444874715
0.03474644283691307
0.03614795560875794
0.03753936151901147
0.038907522511872274
0.04025737534204386
0.04157474602499865
0.042875274223479254
0.04417034293452166
0.04543709943929576
0.04668857972064875
0.047898252559098235
0.04908050137499237
0.05023915151992703
0.05135029341021442
0.052425468591245646
0.05344540963807964
0.05441529470423125
0.05534873547891044
0.05620096648970508
0.05699382263162994
0.05768181028703118
0.058259830390306945
0.05875644064435625
0.05913366067150498
0.059423776724579574
0.05958466027790571
0.05961925747731591
0.05954517940917874
0.05932899788880611
0.05898814790809417
0.0584593729015615
0.05780723177755141
0.056943815284612426
0.05592643842959668
0.05466962636375692
0.053247049459460044
0.051572610148432514
0.049642415949347284
0.0475400096263912
0.0451994611408737
0.04267402456069258
0.03986651257539061
0.03682168112063674
0.033514327564480584
0.029943418064358514
0.02619729266429214
0.0222384359028366
0.01808356569075851
0.013726222970726773
0.009160103061440274
0.004340687849762723
-0.0006570921752426179
-0.005907289228198246
-0.01135772033667298
-0.017004434308764655
-0.02283740385508271
-0.02886831088995667
-0.03503446145987244
-0.041365409931895455
-0.04783493920302124
-0.05441600366568299
-0.061101875743624884
-0.067892326555011
-0.07474681004023287
-0.08164598031973576
-0.08851543410753941
-0.09538826926684116
-0.10221775456404424
-0.10901010735964514
-0.11572583003973701
-0.12237152679896095
-0.12892008408045508
-0.1352999620053742
-0.1415865103814576
-0.14769838078951575
-0.15362815125918128
-0.15939708038305972
-0.16499557240938878
-0.1703357593629334
-0.17553395553564763
-0.18048905774092414
-0.18520199312901237
-0.18970384760832526
-0.19398891582226493
-0.19795074029898388
-0.20173841788506258
-0.20522996380066622
-0.20849599405264602
-0.2115373705241655
-0.21434592112040268
-0.21693916454052672
-0.21930897756552442
-0.22139562740063412
-0.2232962468180631
-0.22496331124639257
-0.22646542950606094
-0.22773173480367404
-0.22876186191177114
-0.22966790965831027
-0.23037141001856073
-0.2309836137953971
-0.23136921527868254
-0.23158166847264514
-0.23161300965424744
-0.23146652249459293
-0.23107350887570646
-0.230566674562433
-0.22981606619272493
-0.22888768026445175
-0.2277943975648668
-0.2265201445839193
-0.22502240488145617
-0.22342729324314858
-0.22161564836118486
-0.21964347967717907
-0.21752740764830367
-0.21522155353639377
-0.21269711771819846
-0.21006624588582767
-0.20720310726974261
-0.20417557487104193
-0.20101287612531438
-0.19766204694125905
-0.1941163168272759
-0.1904898310622956
-0.18664537200544137
-0.18266221443031094
-0.17858027884576583
-0.17432833293292788
-0.16992676386449598
-0.1655030936918046
-0.16103956470105904
-0.15657198229644553
-0.15213354924533623
-0.14774127194497838
-0.14339000711057437
-0.1389635840973641
-0.1344850818238045
-0.1300364042243744
-0.1256157190522934
-0.12125018963430176
-0.11696043500516662
-0.11276098111484298
-0.10865305194471128
-0.10450042137716062
-0.10034799793575054
-0.09624827543113475
-0.09218981066558604
-0.08819988289687876
-0.08410645643089057
-0.07997405627582313
-0.0758664835414672
-0.0717740038952613
-0.06773456582639457
-0.06372902015064003
-0.05977630177352669
-0.0557561857423568
-0.051690608056523826
-0.047491772862412955
-0.04319392302844766
-0.03877276280734781
-0.03425145307395701
-0.029610850604512736
-0.02485760668132548
-0.02002516904685741
-0.015087314637639581
-0.010074885877111018
-0.005015175136067928
4.188856270068153e-05
0.005047784058115408
0.010001578239462301
0.014935679642221852
0.01979517689134829
0.024646643308660916
0.02947973868038409
0.03427923074152224
0.039069834856054725
0.04389330884601825
0.04866828283455127
0.05349372347976915
0.058336546031496433
0.06318793496277085
0.06807219078924406
0.07304142376568068
0.0779876061358665
0.0830421396174644
0.0881496836819862
0.09325979491855849
0.09857553502704848
0.10406114300873029
0.10976564189579237
0.11570483109142529
0.12194771250869976
0.12833970746185527
0.1350481881776069
0.1419776018538688
0.14913562378074866
0.15644838949825507
0.16395359417583688
0.17165056189682226
0.1796197023072455
0.18770830055858828
0.19601685604240637
0.20441236814644081
0.21306634923603276
0.2220105667987082
0.2311126174607489
0.24042999347831945
0.2498593296685431
0.25952779671337345
0.2695198836007331
0.2796421577611183
0.2900606956162666
0.3008106102624153
0.3117223527112221
0.3228777446427559
0.3342571630158639
0.34570091387417073
0.3572418214955544
0.3688208403268074
0.3806437530198311
0.3926472856679177
0.4047681035676216
0.41716321369793175
0.42978901406910175
0.4425264920869088
0.45557700177814725
0.46880763312961826
0.4824072899499155
0.49645468136455784
0.5107797326722361
0.5254775633492685
0.5404392017998912
0.5555085780301311
0.5708788122811532
0.5863955785908913
0.6022439338841652
0.6185204865613199
0.6350516035237527
0.6519435205140327
0.6690639855542396
0.686552777496836
0.7045422496476383
0.722834398952982
0.7415218188443393
0.7604517533459874
0.7797546543755742
0.7992878009953707
0.8191892006077972
0.8396131279149263
0.8605852653660983
0.88211776515629
0.904225783554575
0.9269161488690587
0.9502045275845739
0.9741007616200656
0.9986059047856541
1.0237239195981238
1.0494579364934178
1.0758100297131747
1.1027689673581333
1.1303464271702977
1.1585216715016573
1.1873267342725007
1.21677970668461
1.246835689751169
1.2775225402989596
1.3087943961301058
1.3407032181897374
1.3732313253560275
1.4064190747418615
1.440251310078165
1.4746859457173558
1.5097422530331823
1.5453794576802466
1.5816236092725011
1.6184315564313148
1.6558349730649207
1.6937866642155859
1.7323233725705358
1.7713930728116247
1.8110372473874305
1.8511986949124546
1.8919233824887487
1.9331371237912387
1.9746239831128327
2.016389739719888
2.058333161083719
2.100434015003702
2.1425128104367466
2.1846055438199254
2.2265646197476596
2.2684312035718173
2.3099568917432043
2.3511373450436803
2.391775167194864
2.4320780779996123
2.471844258514902
2.5113054802098485
2.550249176231882
2.588916943279764
2.627087421623727
2.66504876634266
2.7029254772343836
2.7404842545666894
2.7779161741414264
2.8154146601834493
2.852709572521706
2.8899590041318137
2.927320418564339
2.9646875097432335
3.001985776630898
3.0394466211476527
3.0770135333218778
3.114587626663705
3.152370829788705
3.1903031828084196
3.228280201164743
3.2664871623196805
3.3048676182904453
3.3433176114239904
3.3820209958234044
3.4209376933255404
3.459973221031687
3.499360110966227
3.538784671036265
3.578218400684855
3.618008065430186
3.657965281216166
3.698022291866801
3.7384880425610763
3.7791595198788865
3.8199609353223067
3.86118644019749
3.9025627782025567
3.9443430735745655
3.9864181830563776
4.028902194706463
4.071927435604596
4.115603993145489
4.15975020190861
4.2044796111264455
4.249705832211039
4.295582397190592
4.342043764797709
4.389066565243266
4.436671169010662
4.484863088337446
4.533519032207988
4.582728631702922
4.632409970966839
4.682512824741865
4.733054444996381
4.784002073017621
4.835265529362226
4.886894700733686
4.938819420544172
4.990971667973065
5.043354084698223
5.095947468487285
5.148670208660625
5.201529791561626
5.254466874805949
5.307442782131694
5.360419500080608
5.41338530322697
5.466319267956279
5.519047305790447
5.571614415852092
5.623996203152202
5.676176159588359
5.728140542713664
5.779883649555705
5.831397936550639
5.882683260647318
5.933735416142008
5.984556963650249
6.035145433155559
6.085543105808758
6.135706513134502
6.185685360638164
6.235483658520244
6.285096504894756
6.334525969234966
6.383841979710125
6.432962367741131
6.48196542522099
6.530852439610028
6.579607422558332
6.628232095448042
6.676820666996504
6.725415256229903
6.7740743472256915
6.822850282398726
6.871733181683089
6.920889461246993
6.970141318050888
7.019695747105148
7.06964993735936
7.119903881756334
7.170473416058092
7.221380036083728
7.272722289768725
7.324409926144152
7.376345312801866
7.428549545017748
7.481032536236314
7.533855521885423
7.5869727208295155
7.640340326038866
7.693935325352221
7.74778213283208
7.801813390461475
7.856070940701038
7.910530135838061
7.965153510777025
8.019917772022753
8.074808452335862
8.129772689548997
8.184788620678452
8.23982421180394
8.294818203655744
8.349766166416668
8.404664762226606
8.459595883099103
8.514505832401777
8.569333293644453
8.624115359989668
8.678842365948226
8.733422858921553
8.787903626171614
8.842284586636092
8.89650499126103
8.950514881817368
9.004367563931014
9.058068430630232
9.111547978130842
9.16486557265904
9.218017809597516
9.27093331119206
9.323710935322309
9.376294872967268
9.428658697811628
9.480854389874004
9.5328881909528
9.584716065136455
9.636305697170757
9.687625582424662
9.73875090858128
9.789659908024332
9.84046062251713
9.891044509617348
9.941499769894142
9.99168232700016
10.04170378944065
10.091520626751441
10.141131637302895
10.190509855953714
10.239653771130104
10.288546741215248
10.337235162464639
10.385608999935647
10.433797843662756
10.481670582500952
10.529362008778113
10.576734903065221
10.623926599232213
10.670794728008765
10.71747889300968
10.763832495419042
10.809928167072789
10.855576460567967
10.900824954716223
10.94573699256565
10.990327499119301
11.03462385913517
11.078628943172951
11.122282231060524
11.16554906150486
11.208332526890297
11.250848019329569
11.292963006702921
11.334781224934122
11.376127898899577
11.417059629169962
11.45764890929844
11.497913534847758
11.537731178013347
11.577313058582806
11.616511066166424
11.655349738804365
11.693677756992843
11.73149676105168
11.768907847610977
11.80588852903035
11.842363112179306
11.878513653484848
11.914173538891342
11.949287109581498
11.984058761803176
12.018396699635055
12.052320792881517
12.08590181848195
12.119136829582718
12.151884892193342
12.184233257977034
12.216214173046616
12.24775478383687
12.279013028351335
12.30984837791112
12.340211210457353
12.370220866409808
12.399761238304643
12.42890294810918
12.45757693549779
12.485872383324176
12.513847713676961
12.541455471722157
12.568787188736469
12.595703582970172
12.622206127850085
12.648390591351061
12.674271233288318
12.699845884052783
12.725088455883533
12.75001224776891
12.774709687439472
12.799094212261707
12.823248191086321
12.847162800041705
12.870850415436298
12.89432776948598
12.917608204094439
12.940784828869372
12.963908565250902
12.986899864880113
13.009853828159837
13.032815802303821
13.055735776630907
13.078650756088763
13.10160349866536
13.124552056995896
13.147532229630022
13.170570419041185
13.19363431951192
13.216761014668018
13.23996431371358
13.263221531120806
13.286571483818559
13.310016410557298
13.333510546890762
13.357100579945113
13.380815186707045
13.404586420265698
13.42850281974461
13.452482626644633
13.476605544296765
13.500865640846754
13.525243754593397
13.54973643800404
13.57440768739369
13.599160232750439
13.624061129299664
13.64909924289372
13.67424966355946
13.699507975784801
13.724929015842935
13.75042454501774
13.776053266731758
13.801804745403786
13.827656622139473
13.853604741302984
13.879696753231544
13.905855756012459
13.932132523266334
13.958517759052773
13.984992335049172
14.01155238887455
14.038227749077338
14.064986996857185
14.09183130761768
14.11876279851581
14.145772950855747
14.1728559734502
14.200033252445715
14.227255120483894
14.254534616676827
14.281852851120492
14.309191749302409
14.336537986008189
14.363817329613232
14.391036436764262
14.418130340782666
14.445100445953873
14.471911745277911
14.498556125370532
14.524973855225117
14.551211414543658
14.57718039771703
14.602894385067492
14.628337602821857
14.653486361710101
14.678275640217334
14.702783253399401
14.72690226813939
14.750666778294114
14.774087300507098
14.797136891094713
14.819810817448168
14.842082751003773
14.863888547627003
14.885343554226427
14.906306104866534
14.926883967129257
14.946934418884782
14.966499198881653
14.985596527067687
15.004307126013304
15.02264616152432
15.040605296103024
15.05819531342175
15.075410988537335
15.09218349596646
15.108681173531078
15.124811934439204
15.140716873613856
15.156295869556926
15.171675600019956
15.186754392591977
15.201617759672665
15.216223770586513
15.230683392492795
15.244896097389722
15.258964858261608
15.27272670408871
15.28617180010464
15.2993846299329
15.312296637503165
15.32482117673542
15.33709285756733
15.34901851793911
15.36057225367214
15.371835708824651
15.382774390188711
15.39330738207485
15.40357249161388
15.413478936163441
15.423003226725116
15.432224225012318
15.441047672835843
15.44947542151596
15.457588238326569
15.465366690961378
15.472732304541127
15.479822764007107
15.486548758951681
15.492958320585746
15.499209869114416
15.505239253250618
15.51106040259983
15.516631143895644
15.521857654062767
15.526827420500773
15.531473424045107
15.535917627719899
15.54005958309557
15.543921019343395
15.547530395297068
15.550899683145541
15.554040896204967
15.556962651220816
15.559583077935235
15.562018310783165
15.564187365976828
15.566149194894093
15.567935729829328
15.569512179402366
15.570981819091097
15.57230462258841
15.573509984446419
15.574619531465423
15.575659631101145
15.576619885993853
15.577759852690354
15.579004917351263
15.580348938015954
15.58197490787293
15.583852341679588
15.585882248935947
15.588264172581683
15.590905795601856
15.593740019110692
15.596866015998375
15.600230537859453
15.603680605796828
15.60741752704765
15.611286769417779
15.615469897297874
15.619861895052447
15.624405057040708
15.629208045808332
15.634216963259236
15.639510062543408
15.645103441683311
15.650758981911203
15.656565445868035
15.662470001784818
15.668610071746365
15.674905802217975
15.681474153605953
15.688292721120371
15.695478983727945
15.702894896475328
15.710659828988565
15.718668194619669
15.727106167880548
15.735764418450845
15.744831396547806
15.754269741384041
15.764069947806844
15.77420475801612
15.7847684832492
15.79563053449775
15.80697191557075
15.818658384887236
15.83077286323692
15.843256026116864
15.856190695373071
15.869454129544748
15.883214614001764
15.897331811992181
15.911892275420678
15.926734357682719
15.941970382539287
15.957464822141189
15.973224770633237
15.989221851436156
16.005472336617967
16.021865094510574
16.03846292099144
16.05510033210899
16.071836498586194
16.088572464791792
16.105369526950373
16.122072324363245
16.13866341194298
16.155013242570416
16.17109281977798
16.186861216632376
16.202281435338513
16.21734324297096
16.232055788842697
16.24637384494926
16.260290227738874
16.273791745511545
16.286861073581235
16.29953510960723
16.311770430413734
16.323516413775934
16.33485673746254
16.345690952149887
16.356016369668502
16.36585825225498
16.37551129898216
16.384858806339757
16.394103446809304
16.403212141601095
16.412296006886017
16.421248579827797
16.430293054787164
16.439240628687383
16.448297251073356
16.457251165119647
16.466092846600052
16.474846114126677
16.48349325260305
16.492049932090282
16.500432809797758
16.508733369914516
16.516868937818035
16.524923511353958
16.53280169328831
16.5404414840617
16.54796491226337
16.555297451225737
16.56250131091259
16.569645005671003
16.576580681411244
16.583385526744344
16.590253119079097
16.59690516850136
16.603500111905557
16.61013349911354
16.616599683968047
16.62300910791538
16.629167450872878
16.63489027759216
16.640468911138985
16.645664156881782
16.650441725162477
16.655049442557303
16.659394887892212
16.663638969866245
16.667582478133646
16.67119895091435
16.67472858449599
16.6780929758229
16.681448779014563
16.68480969241045
16.68818156948469
16.691579310802435
16.694928986934634
16.69832702329537
16.70170180192372
16.705134749916997
16.708533812967744
16.711879242269
16.715159852711164
16.718367504087887
16.72146361073633
16.72409982016464
16.726427762267786
16.728543157336908
16.730522427914345
16.732345758137907
16.73370412012716
16.734634046761002
16.735260420499053
16.73569082679381
16.73595733553325
16.736076557665736
16.736021377818332
16.735861651284296
16.735794573967954
16.73576756381351
16.7358054188049
16.736158992030337
16.736713757455956
16.737402885273703
16.738183108062152
16.739101628006107
16.74047659733952
16.7422385917014
16.744615214706077
16.747451057673107
16.750585437060007
16.754302208960663
16.7585009854442
16.763390463531625
16.768843250811702
16.775032173932203
16.781851889432083
16.789273150504243
16.797243055046213
16.80575641089739
16.81478413695158
16.82431809300245
16.834369208753717
16.844925695598736
16.85609164828123
16.867895418346535
16.880393062770974
16.893627242982998
16.907610478342185
16.92235535377325
16.937874836862694
16.954188849867
16.971020718753948
16.988473483265057
17.0065840625173
17.025246626079696
17.044400318802012
17.063921866357937
17.083785755575313
17.10385924810232
17.124186139047755
17.144685988367215
17.16536698573888
17.186192231119286
17.207225437105308
17.228511636198174
17.250038843095908
17.271790697515616
17.29374657386602
17.315867826879632
17.3382914351827
17.36094341033758
17.38394834035696
17.407212476671347
17.430849616468556
17.454757738054404
17.47902063125433
17.503417363107815
17.52807191842855
17.552785615862025
17.57770610088171
17.60264772170843
17.627770678938045
17.652896470964567
17.678191559255737
17.703481330812593
17.72893517488303
17.754380669534825
17.779988415182256
17.80561985486808
17.831231014669566
17.856838886678844
17.88247373813453
17.908188559950016
17.9339361190206
17.9596869825727
17.98541906350913
18.01112179273429
18.036785778940345
18.062507572115088
18.08825881713691
18.11401025050941
18.13975372546974
18.16547597879234
18.191270754278335
18.21710850471321
18.242958009184036
18.268810739458235
18.294748310983806
18.320730304659037
18.346734645307688
18.372839617670202
18.398907821119455
18.425028464735174
18.45127439254584
18.477497684896612
18.5037851046926
18.530130648553993
18.556555209100868
18.583137667120123
18.609752204359193
18.636431529462957
18.663254628122473
18.690100154817728
18.717001788557198
18.744029860437536
18.771091098726416
18.798223330915594
18.825490150392675
18.852802219331885
18.880194570959233
18.907734417856357
18.935334539354468
18.963024370611336
18.99084301465812
19.018853652418287
19.046962649763255
19.07531997674766
19.103938620031506
19.132689201772838
19.161705322206647
19.190940411031875
19.22019682401482
19.24964475387398
19.279227161348498
19.308908407629172
19.338796191156547
19.368747861326376
19.398751933515705
19.42890343898598
19.45919621461693
19.489556078851855
19.52000578159157
19.550528223455586
19.581202375829854
19.61201810592476
19.642902131021653
19.673875610769425
19.704919414461287
19.736110536993177
19.767436056078104
19.798823602140573
19.83029654735389
19.86183400386634
19.89351301425758
19.92529698365989
19.95727479690376
19.98938667291466
20.021739137113723
20.054324185789262
20.087173206747213
20.12022800201241
20.1534153222448
20.18675018066231
20.220246720255055
20.253944857061544
20.287909493387378
20.321961674631275
20.35621378415886
20.390553510130083
20.42506606334511
20.459716293752823
20.49451318734947
20.52943096631828
20.564483303964764
20.599684817732005
20.635002806127694
20.670437927187116
20.705962712705762
20.74158522123161
20.777287006319195
20.81315830940071
20.849143683851395
20.885201075018077
20.92136331790748
20.95751969569984
20.99379131072822
21.03008618110481
21.06652884239021
21.1031865000135
21.13994837993446
21.176884787023692
21.21390737527671
21.251085102499157
21.288473644197612
21.325965278089672
21.363622353017956
21.401361026704937
21.43924369090858
21.477289271295692
21.515352554262307
21.55352596038642
21.591748528421547
21.630097272337103
21.668588690698765
21.70712871068778
21.745821473539497
21.784612822473672
21.823578832090522
21.862745342195655
21.90197808021369
21.94133377546134
21.98077637904945
22.02031818145576
22.05997879260841
22.09975709194007
22.139684123933932
22.17970519059958
22.21980077737631
22.25994475835623
22.30016083711447
22.340481495798244
22.38092824453176
22.42140946859182
22.461967439592488
22.5025338935262
22.543158774316908
22.583856458604934
22.624660234392284
22.665603523195383
22.70660611623585
22.747716145456433
22.788922200143933
22.83020386689961
22.871576137483718
22.91305983537495
22.95467525476277
22.996346654832962
23.03811204904377
23.079982423723337
23.12197421068013
23.16408332818806
23.20631913656056
23.24869118207753
23.291151962221264
23.333734650552863
23.376368613184088
23.419130144060247
23.461950287759898
23.504894275606272
23.54790763849079
23.59097591394245
23.634125323236574
23.67734321588336
23.72064116948901
23.76399789804278
23.80734771245776
23.850675063074213
23.89392840379534
23.93716718667803
23.98033533567247
24.023477311075304
24.066536135614488
24.109547705591293
24.152476200998397
24.195322794855212
24.238066792429063
24.280738429964156
24.323294844568345
24.365755019128894
24.408080596864792
24.45031507962999
24.492409067094894
24.53438807481584
24.57620642656145
24.61789063447771
24.65942675584612
24.70079108709154
24.741985154092887
24.782984971941094
24.823801693857295
24.8644113397008
24.9048307752019
24.945035839021784
24.98504682534991
25.024839162767517
25.064461798608885
25.103839335382567
25.1430321549779
25.18196964496432
25.220652198732477
25.25909778112231
25.29730582946597
25.335285918653593
25.373037817419156
25.41049443715869
25.44775184148608
25.48473652356921
25.521536042631258
25.558073489606965
25.59434498304187
25.630375852525823
25.66613453382313
25.701680433691138
25.736975336015814
25.771985888422126
25.806738293111916
25.841246676385996
25.875524005830883
25.90953328365147
25.94324880832493
25.976743860185742
26.009979503095746
26.04296826833546
26.075722837389108
26.108153290689582
26.140350685060618
26.172280459344982
26.204001548231243
26.235472183168532
26.266596548498274
26.297518470228315
26.32813746446431
26.358525235593916
26.388654844701886
26.41847957128346
26.448090732038622
26.47738840812505
26.506480841577655
26.5352691244489
26.563724543989306
26.591955416143545
26.61991454595388
26.647653417528282
26.675085182130942
26.702253165186054
26.729173762739308
26.755851771772516
26.7821987103826
26.808267342985292
26.834076774061344
26.859648997724673
26.88498682493033
26.91000598663153
26.934750652254237
26.959236118734495
26.983485975206513
27.007499504030363
27.031192040384425
27.054610814989225
27.077766828477994
27.10068699830832
27.123366889894623
27.14572157377066
27.1678020810491
27.189615371168273
27.21119186872305
27.23252361291708
27.253525259435786
27.274306027830253
27.294807457864895
27.315069692075863
27.33509091371359
27.354794498623026
27.374292507112635
27.393525475204598
27.41253590935529
27.431320069969306
27.44984153741658
27.46812078350843
27.486180123031744
27.50398533934415
27.521605073154575
27.53895395034612
27.55601666444601
27.572876415193694
27.589457009971753
27.60583286041082
27.621978667915478
27.637845181167734
27.65350680702986
27.668933392704144
27.68413571471037
27.699128991306434
27.713841224849833
27.728303781688822
27.7425425028211
27.756556389272816
27.770338284910327
27.783913375080232
27.797213836849334
27.810283157766463
27.823116559923292
27.83569658273518
27.848044719637034
27.860095900238154
27.87189761871159
27.883445187748073
27.894722841919062
27.905702041328542
27.91639166706859
27.926841891944996
27.937045599163167
27.94698915416061
27.95662304514705
27.966011607587927
27.975117567718616
27.983939002693287
27.99247362667381
28.000671501696697
28.008653131664385
28.01635110133945
28.023739124477494
28.030853744090187
28.03773079031764
28.044384310782537
28.050831443608384
28.05697743171512
28.06287264519988
28.068524572194207
28.073937053621407
28.079110189617268
28.08405138307869
28.08869990640938
28.09300146395028
28.097091101349
28.100897234321245
28.10452473723948
28.107896189928653
28.111059265375737
28.114028106868865
28.11678480708659
28.1193552404052
28.12174074599206
28.12390245923459
28.12592902445852
28.127737661839117
28.12941492134391
28.130881684959515
28.13217893549858
28.133309595078813
28.13427356341539
28.135020010114296
28.135632423773988
28.136034198605103
28.136271753028613
28.136341399095592
28.136267132588298
28.13600424928275
28.135638024785187
28.135111673638786
28.134465058461394
28.133693622887698
28.132836318404046
28.13184029766974
28.13078743861672
28.12963574224767
28.128414571971266
28.12711707541403
28.125794883907407
28.124385460407105
28.122967209309902
28.12151182913836
28.120036903262694
28.118534482360438
28.11706721001919
28.115562833041505
28.11406223917062
28.11265344017799
28.111279655486896
28.110029581428126
28.10889425502772
28.10788896346147
28.10699600236173
28.106302590236616
28.105710760295942
28.105306701787367
28.105065303963237
28.104999507392385
28.10507538315058
28.105390546025337
28.105763349907107
28.106313323827088
28.106949996577203
28.107769345195592
28.108793454171717
28.109976027609406
28.111336585284764
28.112888474763928
28.114705211670696
28.11660245597512
28.118744962067904
28.12104285285026
28.12357691332847
28.126224594266713
28.129132495971024
28.132237053366005
28.1355307202056
28.13903945967704
28.142804227323822
28.146705014558133
28.15085529104024
28.155209872277073
28.159671935887626
28.164401972146326
28.169341963084037
28.17443540051728
28.17976962879448
28.185329647214704
28.191013862045107
28.196953274162112
28.203077825458347
28.209320033939182
28.21577539578229
28.22240260973722
28.22907498374731
28.23592584505827
28.242862469704452
28.249817038925
28.25690246835501
28.26403891936095
28.271133406312774
28.278321655543152
28.285498975069824
28.29257888272554
28.299708172829455
28.30675547972471
28.313688162119693
28.320411321671312
28.326913021953402
28.33331848994046
28.339544565232092
28.345543993861966
28.351272647531328
28.35660714343339
28.36164768710881
28.366267916114627
28.370576405079657
28.374438311310108
28.377835775764282
28.380805766434964
28.383344411702453
28.385468561352788
28.387095921339096
28.388341663704814
28.389356493057313
28.390130267964306
28.390747328476614
28.39112062256933
28.391429474355284
28.391544612675535
28.391622000324165
28.391529880107008
28.391330191080087
28.391001802493445
28.39058712746631
28.389963317435786
28.38928860090355
28.388426436033647
28.387431069236793
28.38636798403839
28.385263373401557
28.38397158994952
28.38272420793453
28.381363007125056
28.379914432909885
28.378427257534664
28.37691500991265
28.37523809671084
28.37360148608367
28.371860754486722
28.370104933824937
28.36834494083802
28.366575857695736
28.364738996174733
28.362976526912853
28.361155770864887
28.35934721588771
28.357577470835846
28.355746038999953
28.353765870925585
28.35169639050643
28.34942653909008
28.347014194872784
28.344382217970303
28.341532852199485
28.33847439244073
28.335212415304593
28.33170962199252
28.328018142130784
28.32411052331012
28.319999449100905
28.315690709796364
28.311195362058097
28.306510258462843
28.301645798530995
28.29660917922538
28.291407972422057
28.286021197286065
28.28049053892176
28.27481501146834
28.268938805308746
28.26288318141977
28.2566213630108
28.250261140313544
28.243840969052712
28.23713232859651
28.230274369564448
28.223122449365054
28.215772979107296
28.208332814422047
28.20084055229703
28.19334576770345
28.185912086811456
28.178464534130487
28.17110956474821
28.16386304720919
28.15686584397833
28.1501135401396
28.143708146658344
28.13761036500017
28.131960339990062
28.126908443417953
28.122575928118636
28.118958128538537
28.115879627015996
28.113448318388873
28.11170773476045
28.11072282857876
28.11057214748729
28.111106428994425
28.112563686861282
28.11475368608404
28.11794897486139
28.122230721010457
28.127429618133796
28.133709442509897
28.140917614592798
28.14886381913591
28.15776897300649
28.167445203556305
28.178093846334704
28.189565767540227
28.201727509989038
28.214794849647774
28.22862607647349
28.24339124370982
28.258989221348063
28.275182760252253
28.29197649289538
28.30921556164195
28.32694989968707
28.345056895508066
28.363609554065956
28.38249687124659
28.401772245659124
28.4214501516955
28.441540531410464
28.462046148075352
28.482968591942083
28.504247800602208
28.525967051281224
28.54805444408823
28.570560139908086
28.593162631286873
28.61596732546259
28.638847505344643
28.661884595646153
28.684889139427433
28.707954370273836
28.731127070678955
28.75429062057901
28.77751407314706
28.800695716633083
28.82388403583932
28.847159339679962
28.87052703072
28.894052390350588
28.91771274019647
28.941565038456208
28.96556998182703
28.989781340851078
29.01414987017084
29.038729132904297
29.063498617901093
29.08832815100122
29.11337361504007
29.138504030002842
29.163855966820012
29.189390188946017
29.21489905764032
29.240504760040526
29.266070486797574
29.291552879108668
29.31696585585046
29.342661668552637
29.3684944884913
29.39435957838464
29.420250179065945
29.446026019348388
29.4721174185412
29.49833805967737
29.524641486896762
29.550955814613587
29.577152189506773
29.603653208507776
29.63028093983102
29.656988620056396
29.68370957065988
29.710325183166745
29.7371849219935
29.76405842472482
29.79107764173913
29.818408850921866
29.84577040840554
29.8734591834681
29.901281556381463
29.928966337932824
29.956762546791314
29.984474567665337
30.012465411915063
30.040856303467034
30.069299890293358
30.097970535053484
30.126687216057054
30.155414199127428
30.184312350048295
30.213316735519637
30.242576238407366
30.27189936567711
30.30125400234627
30.330785221351853
30.36043045927452
30.39032981087135
30.420294670356974
30.45029335428642
30.480465077652205
30.51074861933159
30.5412794177668
30.57187450815605
30.602502514614333
30.633298486961593
30.664202446235883
30.695345839752424
30.726551703705063
30.757788957847822
30.789188794388046
30.820692445530167
30.852427489055863
30.88422295500206
30.916048046840896
30.948066448463667
30.9800440828936
31.01215391327308
31.04427465368675
31.076394933952557
31.10869306971
31.14094774414466
31.17337852407859
31.20607712675498
31.238951637043222
31.272114788784247
31.305358115925053
31.338573955787876
31.37191256691382
31.405345451130128
31.439054185642455
31.473041710151882
31.507147342457028
31.541462475551814
31.575983311428278
31.61057599235937
31.64530054260656
31.68006427933141
31.71497807670995
31.750068904651844
31.78522873093053
31.820513760341843
31.855899104370316
31.89126133848592
31.926862174762928
31.962597710384575
31.998499044670314
32.03459194351599
32.070783705009674
32.107339596046664
32.144227735294564
32.18124130894111
32.218483506931534
32.25585622240471
32.29359200645852
32.33166058231759
32.36986004520823
32.40828552891185
32.446787001385
32.48546901394298
32.52431248356273
32.56336118866374
32.60263584782055
32.64200156141689
32.68157975603512
32.72124601293972
32.761117295517245
32.80118601252012
32.841549104942594
32.88221266676358
32.92323186804227
32.964634041084565
33.00625196863583
33.04815610815457
33.09018481184416
33.132427281631756
33.174755186332995
33.2172642986911
33.2599509852069
33.30281884123259
33.34589043547087
33.38916694570952
33.43270668913298
33.47639267374449
33.520204896225266
33.564077090515426
33.60806395937375
33.65221046854428
33.696606196655544
33.741133679642
33.7858731453555
33.83078710485867
33.87591314245633
33.92114774633817
33.966422061218545
34.01173724581174
34.057152847542085
34.10265021730832
34.148349894775656
34.19415936399868
34.240027508034025
34.28596410204342
34.331977924598974
34.378072399391456
34.4243011992114
34.47066540171078
34.51716206957272
34.563846406235
34.610532602562216
34.65736002851894
34.70425864149501
34.75134000708035
34.798604697479526
34.845829252495086
34.89319190908841
34.94062857557706
34.988273925079625
35.03607477594785
35.083996786369596
35.13210508276395
35.18049150396755
35.22903412271908
35.27768443514279
35.32643698622158
35.375365223182946
35.424520591987886
35.47392904211454
35.5236606114047
35.57353324819974
35.62369897295408
35.674169296516695
35.724931086792274
35.77598527838163
35.827320975555715
35.87897867609436
35.93086797167237
35.982950014366466
36.03518110681948
36.08756501604494
36.140106457962354
36.19291473318513
36.2458694117206
36.29907066275056
36.35249081064637
36.406104254021
36.45992683817323
36.51382662702974
36.567862109436355
36.62200886179384
36.67640445162233
36.73100604940828
36.78579475332675
36.840768808616964
36.895839757217736
36.95106153418001
37.006393565430024
37.0618415300983
37.11741191793857
37.17308856893955
37.22888579298434
37.28480870653569
37.34079631735264
37.39686027456698
37.45297342707095
37.50907521654543
37.56513961721834
37.621141256584494
37.677066282524436
37.732901376976336
37.78864995409425
37.8442907183307
37.899822739853214
37.9552470438617
38.01056436468536
38.06576447416717
38.12085153986389
38.17580683638031
38.23063856531555
38.28532098699981
38.33986696173125
38.39424445082122
38.448471397651964
38.502509807838734
38.55638296057159
38.61004707743103
38.66353092600281
38.71678503920013
38.76984374453003
38.82265195299561
38.87528609205658
38.92772194792206
38.97998078752929
39.032040528549494
39.08391857077057
39.13563451696808
39.18716415811951
39.23851603437836
39.289669942154234
39.34063535143311
39.39143453527863
39.4420472901004
39.492475156082456
39.54270205904419
39.59273149420196
39.64255156923706
39.69216630388672
39.741567196144416
39.790757731689766
39.83973212171968
39.88849270750459
39.937035989059765
39.98536283422884
40.03347180773194
40.08136085916932
40.12898148466523
40.17634661604341
40.22347760130342
40.270374478592245
40.31705054212985
40.36345199514803
40.40960525442538
40.45552004267154
40.501162423385956
40.54654888559756
40.591707085861536
40.6365896694797
40.68123234678682
40.72564257551607
40.76975416113313
40.81361231256898
40.85722618032869
40.90057592321809
40.94368401457246
40.986528996719684
41.0290979235309
41.07144668985781
41.113549489273396
41.155460423721635
41.197108349098535
41.23847384859499
41.279623941673606
41.320484270347926
41.36103373934207
41.4013515703815
41.44140213419376
41.481245638622624
41.520798351063114
41.560031985535005
41.59902855564533
41.637700506939275
41.6761148135799
41.71424666334568
41.75200724293171
41.78952788044392
41.82670159746586
41.86358724047123
41.90016161133228
41.93642241169391
41.972322100891446
42.00790301491198
42.04318501163897
42.078223613991106
42.11301671911653
42.14753868032869
42.181873804821336
42.21592870403704
42.249777814640375
42.28341577459749
42.316774989857045
42.34994623590883
42.38280554462847
42.41542162109789
42.44781812120852
42.47998045851168
42.51201633860049
42.543785416378356
42.575405787720065
42.60674653698383
42.6378072874683
42.66871816803395
42.69945332933843
42.730102650417685
42.760525728954676
42.79077840019644
42.82088412929953
42.85078611065329
42.88058238436163
42.91022102047384
42.93972721506535
42.968985261215565
42.997980641617175
43.026831571354265
43.05550115753591
43.08402394939839
43.11234066893041
43.14038960625112
43.168291494144796
43.19602530170859
43.22362451960027
43.251036628975264
43.27820848871648
43.305247673286786
43.3320615594524
43.358704468502395
43.385135874046675
43.41130086828649
43.437322408451436
43.463139237655994
43.48874548126638
43.51421680618703
43.53950019527853
43.56462345529974
43.58953104664267
43.61421790052832
43.6387226431507
43.66297724892082
43.686964735283276
43.710733052982704
43.73421977211417
43.75740631033362
43.78037713219108
43.80313950468482
43.82568439890326
43.847932445301424
43.869912893070584
43.89166419912756
43.91317688633383
43.934503254188904
43.955525979294194
43.97626009632529
43.9967648522991
44.0169928853649
44.036986666216265
44.0566209702629
44.07586543251456
44.09488177706183
44.11360889245451
44.1320422833103
44.150148097767236
44.167888180508015
44.18538053919256
44.20257062126578
44.219502321972264
44.23617697764816
44.252579079164875
44.26861029554785
44.284233106865294
44.29952232409895
44.31448897649229
44.32917547155798
44.34351956893386
44.357639464630495
44.371359816088095
44.384693471683875
44.39770908643189
44.410341382517245
44.42277402569237
44.43486152221145
44.446759133829495
44.45826833654822
44.469374684585944
44.48009421278419
44.49041303087653
44.50033183444919
44.509837005032914
44.518863657607454
44.527495049132725
44.53583018411579
44.5438902305502
44.55173475254955
44.55936217833938
44.56678223599377
44.573954340114035
44.581066377653514
44.588043581737914
44.595016985430156
44.60190823306028
44.6087706779379
44.61577704419079
44.622870041622555
44.63005563069765
44.63730068494265
44.64453545500224
44.651984884037425
44.65950337697451
44.667102922691754
44.6747678904671
44.682492998136944
44.690192017449796
44.6978962754149
44.705704604281856
44.71344754327722
44.72121429790445
44.72893113841005
44.7366812186379
44.74435701061674
44.7519021617312
44.75926704038568
44.76652004648634
44.773633305325
44.78062652338931
44.78733390559146
44.7937518696923
44.80001786757896
44.806098864569165
44.812036011709665
44.817668011679146
44.82305342544506
44.8280709116597
44.832790380014885
44.8372792633314
44.84157800127457
44.84568580736111
44.84944807697723
44.85296147932003
44.85606735308359
44.85885051150511
44.86137875218581
44.86365767945241
44.86576198045801
44.86749175389002
44.86895346034955
44.86997701217126
44.87061686549973
44.870988964295805
44.87103144798599
44.870837282111715
44.870335395021215
44.86949919669129
44.868362702859415
44.86684497295118
44.864991174919375
44.8626869997213
44.859943532330746
44.856789806468235
44.85326906053518
44.84933047471736
44.84507420359348
44.84043460963462
44.83544851152394
44.83030815391037
44.824894480390284
44.8192620786855
44.813313399238325
44.807109957618465
44.80056365875696
44.79365572719072
44.78660240201448
44.77928381530737
44.771877504868264
44.76420530168509
44.756208880228755
44.74805188803172
44.739668029827826
44.731133906526324
44.72233333377338
44.713457957787284
44.70432776002385
44.69489144532182
44.68531264869669
44.67550388006666
44.66556848196486
44.65546127109031
44.64521768717269
44.635030464215085
44.62468741921882
44.614325734658046
44.60387142805558
44.593387161774444
44.583048930449294
44.5727494326065
44.562644899172575
44.55257244376639
44.54264929680327
44.53297985701063
44.52340595035055
44.514039203805716
44.50472405461768
44.495596030039586
44.486767227334774
44.47807661978701
44.46964081911544
44.461325980706015
44.45323490766982
44.44547848252752
44.43789637176492
44.43061111537911
44.42348553685643
44.41664180366494
44.40994553713299
44.403295584006074
44.396634867472414
44.389913154525516
44.38333408979868
44.37680305807089
44.37024935512041
44.36363455919717
44.35692546693777
44.35010194866155
44.343141612095586
44.3362801262567
44.32944114891982
44.322787800712355
44.31620645968414
44.30959822563625
44.302915370745424
44.296108809394596
44.28938507942653
44.282644511742355
44.27604866711593
44.269492633027795
44.263108617348436
44.25679103462196
44.25042064158418
44.24417394487359
44.23793552307584
44.23183609096507
44.22579004494646
44.21988293199041
44.21424984840849
44.20891730992295
44.20392422257163
44.19912489799955
44.19458085773685
44.19018271891572
44.185970131737974
44.18205185054042
44.178377916497965
44.17499043611982
44.171847337467455
44.16900301454761
44.166362284106995
44.16394499344924
44.16167369274596
44.159560576958455
44.15773960722784
44.156168237907686
44.15486694468359
44.15385600527923
44.15312890334229
44.15267824733804
44.15246921627025
44.152507455488085
44.15276141044625
44.15324382253864
44.15392269552627
44.15481521942594
44.15588746339956
44.15715978012362
44.15859575764218
44.16021821618954
44.162014925190604
44.16387460366765
44.16581991658489
44.16775840313116
44.1697312742559
44.17168409184495
44.17356768653671
44.17535926193873
44.17702864260355
44.17856841043512
44.17998088256399
44.18120042682568
44.182136660525
44.182820125305454
44.18318160527328
44.18326389579976
44.18303016527498
44.1823914396664
44.18138619071747
44.179940756474984
44.17811021870876
44.17583000070358
44.173162339096315
44.17004820323491
44.16649527198577
44.16252844518924
44.15812486714625
44.153387565379376
44.14825388169788
44.14273041463398
44.136837873821484
44.13055642164253
44.12394091642402
44.11700302637122
44.109739147787316
44.10212119734786
44.09418622530006
44.0858586076548
44.077132854228246
44.06808558023475
44.0586959914019
44.048967009549365
44.0388755736401
44.028414752249944
44.01760011172794
44.00641090727351
43.994842340712765
43.98291408038637
43.97060703492662
43.957913473611086
43.944853875403616
43.93141075110933
43.917571413283554
43.90335598922273
43.88874887562295
43.873731527095046
43.8583233234932
43.84251093841096
43.82626947021981
43.80961743212244
43.79254417872926
43.77501811004182
43.75701012230416
43.73869008636971
43.71999082422752
43.70085724568861
43.68144304132956
43.66167053676146
43.64147643304366
43.62100954509276
43.6001885387947
43.57906277633208
43.557675611739334
43.536026904349505
43.51408678985137
43.491832670932
43.46933461881179
43.44658326602476
43.42353163934248
43.40038186049955
43.37701109147565
43.35346125102537
43.329706835513285
43.30573471522825
43.281694435839825
43.257492608790564
43.23323757863538
43.20889656997221
43.18448669410245
43.159982502226995
43.13542664742964
43.11077451682585
43.08614439464111
43.061470165019216
43.03680351949234
43.01216270900268
42.98751584268112
42.96288804269333
42.938218655352784
42.91361852622528
42.88897743201751
42.864371835951985
42.83983546948928
42.815296168093866
42.79086729026336
42.766438381438434
42.742108521228026
42.71778256392974
42.6935101101448
42.66940304971236
42.645341944461045
42.62141384339827
42.59752388453979
42.57373098350067
42.5500107786705
42.526418013339224
42.502901646857445
42.47948941207427
42.45613277650374
42.432878420119465
42.409601433043655
42.386371609931174
42.3630893657257
42.33983247972029
42.31655833697813
42.2933186719467
42.27005205846328
42.24681398368377
42.22354615903396
42.2003056762268
42.17703570580978
42.15379408097762
42.13053246951598
42.10730497575301
42.08406381106872
42.06085987306136
42.03764734006423
42.014474143748465
41.991297025447075
41.96817019916077
41.94509314275284
41.92209751582642
41.89917248464128
41.87634297109147
41.853677437071994
41.831074464087685
41.80860573506852
41.78618295884629
41.76387652135392
41.741676072840896
41.719554273848736
41.69750296569367
41.675502614741525
41.65354975438615
41.631688139205174
41.60987719035645
41.5880182406952
41.566185924773414
41.54427670217057
41.522307998900615
41.50027590489884
41.478156351809695
41.45598624206085
41.43377431130905
41.41149429059524
41.38910261607666
41.36666255212326
41.34409272885818
41.32135252929229
41.29852416730422
41.27552471614379
41.252421488528434
41.229136783843224
41.20561046338576
41.18190706229705
41.15792792773742
41.13363992190856
41.109195415740196
41.084478139643856
41.059479179148866
41.0342263076355
41.00863852000733
40.982756716971586
40.956611468558506
40.930219952826704
40.90359420753022
40.87664577937622
40.84942436910171
40.821954798464965
40.79425473666687
40.76633389449616
40.73810549235839
40.709700801139064
40.681026663546746
40.652130801444244
40.62293910718461
40.59344919181367
40.56373820281525
40.53368826604387
40.5034063837578
40.47279467559358
40.44191219783327
40.410801782374584
40.37944622493287
40.34780743098756
40.31600673890611
40.28394271588823
40.25165407157442
40.21917970395586
40.18652254558107
40.1536457583954
40.12065809703371
40.08749711251756
40.054177202944956
40.020648295645906
39.986895046000676
39.95299054837723
39.91890630937119
39.884658617739866
39.850159101252736
39.81544177747268
39.78048034167784
39.74529447293776
39.709879753356155
39.674249415164155
39.63835165238874
39.60225908256071
39.565921969180266
39.529406449561286
39.49261070943372
39.45554522490994
39.418187513117935
39.38051664090648
39.34263786292568
39.30450537419811
39.26617253757016
39.2275514147331
39.18877112603681
39.149734794860045
39.110510811572226
39.0709864804794
39.0312268803169
38.99115848756331
38.950865504508194
38.910239870314776
38.8692991278221
38.8281004402687
38.78659630990523
38.744928271537006
38.702976877455896
38.66076961732406
38.618319661383815
38.575612146620934
38.53261932588119
38.489462053542326
38.44604024625322
38.402370116477215
38.358452842002116
38.314264805083475
38.269925300841535
38.22538361287614
38.18068767762683
38.135725853209706
38.09051748013996
38.04509455419086
37.99949524140858
37.953691961531874
37.907664592032674
37.861412393813374
37.81491786695027
37.76825147367025
37.72144228673482
37.67449889874958
37.62741650796437
37.58018594956899
37.532870471244095
37.485457641844974
37.43797507501147
37.39042767739796
37.34283118939899
37.29521409249805
37.24758503175281
37.19995880818866
37.152341663604005
37.104748418097714
37.05719815469287
37.00971348977588
36.96231040215992
36.91498675084614
36.8677725288918
36.820610644583944
36.773535868888146
36.726516353850606
36.67959076619649
36.63272708154226
36.58596430039907
36.53926917768026
36.49268221116567
36.446168372397665
36.39977014279867
36.35345043397452
36.30725390172507
36.261163561110756
36.21517922616508
36.16929708695914
36.123547832732456
36.077913539176244
36.03242525792624
35.98706801152731
35.94187079644705
35.896841194396266
35.851988141303316
35.8073255941918
35.76289477563407
35.71864624238517
35.674653260474464
35.63086039758232
35.58734843946006
35.54405521131065
35.50106860852745
35.45831941342857
35.415902330642005
35.37374103284385
35.33188262677696
35.29027204251793
35.248958780532156
35.207839843993455
35.16693811154869
35.12626780248192
35.085841176276475
35.04567058301476
35.00570338464288
34.96593310332803
34.92640989041833
34.88705382323769
34.84796775079277
34.80906203008202
34.77037892318276
34.73192765927819
34.69373065209893
34.65579337096718
34.61812725759056
34.58073530889061
34.54362336612251
34.50679304814842
34.47024739480522
34.43406870341804
34.39815168357399
34.36257735944297
34.32725571609047
34.29226243472603
34.257518918280866
34.223093240027694
34.18906044698265
34.15529370523003
34.12194202161339
34.088909220462114
34.05625707364586
34.023970851664814
33.99207693076637
33.960574648146896
33.929419948821334
33.89866695142296
33.86822463727502
33.83815092301873
33.80843234992532
33.77896873450784
33.749750544791496
33.72083713269738
33.692180351977626
33.66374891257791
33.635500285392084
33.6073230645707
33.57928472018746
33.55146180367974
33.52366736388711
33.4957795426896
33.46784197068718
33.43982125020531
33.411723308329854
33.38349195695427
33.35500124192742
33.32621125436334
33.29718708253413
33.26796689010173
33.23850045180827
33.20883532262355
33.17904614902049
33.149095668559376
33.119049293761556
33.088821646933866
33.05843906140835
33.0279186723283
32.9972239205888
32.9664761803201
32.93557133889706
32.90456452346356
32.873475920920676
32.84233289456876
32.811087784533825
32.779828393226005
32.74847636676344
32.71702237344299
32.68543954349074
32.6537155649713
32.62180963016066
32.58972420907531
32.557493488555295
32.52511503196273
32.49251188254866
32.459799844985355
32.42689280725037
32.39386742330109
32.360563244586345
32.326999118094804
32.29318493581331
32.259097487693175
32.22485716558013
32.19037289119278
32.15569015956436
32.12083771443877
32.08583471990141
32.050612809424734
32.01523810363327
31.979629032378547
31.9438246843866
31.9078531215242
31.871684620147093
31.835403108363494
31.798912067180023
31.762275163894042
31.725414376025544
31.688325235610353
31.651108321910247
31.613669085269315
31.576079060798033
31.538261117701875
31.500250808959354
31.462083589797366
31.42373269296204
31.385168044333806
31.3463536284021
31.30727565265213
31.268062319522247
31.228663511042935
31.189133853679042
31.149364843135224
31.109374980693207
31.069189839129795
31.028778962855686
30.988218068843235
30.94744744277512
30.906496915583954
30.86537390685593
30.824061007266394
30.782541827922216
30.74083284831558
30.698921093707426
30.656819753413544
30.614478611712798
30.57192282176529
30.52916336513077
30.486202111010893
30.443042888408055
30.399684581523292
30.356043619876264
30.312185530429243
30.26801966643846
30.223581032519693
30.178898052935956
30.13394321418321
30.088799171214458
30.04340523219621
29.99783462977921
29.95199014163529
29.905853686099405
29.85951961017167
29.81293308234726
29.766170067553862
29.719174437289578
29.672004437213285
29.624582066302644
29.576953158145294
29.529158921008456
29.48122039771592
29.433126296763763
29.384797105555876
29.33631812072311
29.2876187131456
29.23874693370377
29.18974648452317
29.140578679805156
29.0913412139467
29.04198425746476
28.99255878425157
28.94297526336229
28.893244375949262
28.843457178836225
28.79357501006639
28.74364085650957
28.693536057238937
28.643262047534346
28.592927636866918
28.54250296092545
28.49206443763291
28.441542424922336
28.390941471820227
28.34028119540726
28.289542884593356
28.238807568316805
28.188032474284515
28.137227906947476
28.08638241267715
28.035484642749175
27.984509801631315
27.93354662871872
27.882586297755584
27.83162011600052
27.780622200732576
27.729556712870945
27.67853038287674
27.6274672458223
27.57638577437912
27.525234794383387
27.474039501910543
27.42284405208144
27.37161644435439
27.320330099826194
27.26906852222
27.21779324985061
27.1665037868074
27.11520252681289
27.063900952105858
27.012661156421043
26.96149348712478
26.910373329882955
26.859323744540546
26.808331799273823
26.757448935275413
26.706646318202353
26.655957393412926
26.60534014678512
26.55482910132919
26.50438434100662
26.454041156535492
26.403775095706326
26.35357715106521
26.303450479274133
26.25339607692275
26.20341598487411
26.153509502177577
26.103678259616235
26.053922977214196
26.004244122271874
25.954642290835718
25.905117382769923
25.855698313479763
25.80634053683792
25.757063941722258
25.70785020328079
25.65871407008682
25.6096402976564
25.560640735392916
25.51170268035446
25.462835511927945
25.414028534655912
25.36530943847214
25.316710572009434
25.268198113208165
25.219760217433322
25.171379761462557
25.12305206752335
25.07477633452927
25.026586432223667
24.97844217753922
24.93035358405625
24.88233043170487
24.834324140315402
24.786346759562836
24.73839342570816
24.690486783748014
24.642547821765287
24.59460415339981
24.54663720584427
24.49864419436966
24.450555925135955
24.40230005240951
24.353875894313198
24.305382089381556
24.256689128642417
24.20781227565322
24.15874358630691
24.109547724490504
24.060126909976344
24.01051073051009
23.960715298419334
23.910716461902
23.86048600650344
23.810106367831565
23.759449486499165
23.708598856692642
23.65741431689772
23.605891604190205
23.554168934588755
23.502195753817876
23.450052971606578
23.397652511363354
23.345019626384104
23.292185091739025
23.239164528613422
23.18594860053572
23.132562775378553
23.07899253821882
23.025284747844054
22.971458983187986
22.91750812984021
22.863491339450196
22.809408311610532
22.75529149985821
22.70115854716808
22.64704525924237
22.592956094508484
22.538926839595153
22.484965114360165
22.431118268733336
22.377393293147396
22.323846230273556
22.270455407862972
22.217289232974363
22.16431464171917
22.111612233882255
22.0591375968507
22.006983260875057
21.95509323096783
21.903531293635677
21.852177872424434
21.801059159999205
21.750136885409667
21.69939627624066
21.64874198413403
21.598240957026793
21.547796182399107
21.497411288981745
21.44707538104565
21.39679428554089
21.346547522311514
21.29640952563793
21.24635545707256
21.196440706019704
21.146643514399834
21.09700036502392
21.047498612170525
20.998157424693417
20.94901473498852
20.900019068484614
20.851216044192622
20.802603802447624
20.75413258529217
20.70580428576977
20.657603621249507
20.6095121142915
20.561517719989133
20.51359639621289
20.465737733607604
20.41793960547955
20.370169710879633
20.32241496539623
20.274577259784046
20.226608257060352
20.178601455455127
20.13050165629894
20.082263784175222
20.0339049003175
19.985443601374932
19.936840371852227
19.888114828830066
19.839283966784784
19.790308975940064
19.741209926371898
19.692003292804085
19.64269654250654
19.593249678378424
19.543686256175363
19.494008168940862
19.44419692969831
19.39432185626539
19.34432661033185
19.294213418727235
19.24399035430463
19.193638543849303
19.143227200274776
19.092710571055726
19.042123751406983
18.9914126203111
18.940562672381716
18.88964965320142
18.838641476397832
18.78757321811231
18.73639634585889
18.68511343455823
18.633798537020997
18.5824225900224
18.531021103625616
18.479538841014225
18.427991733317693
18.37638789630445
18.324699587588636
18.272969932322827
18.221146983867012
18.169234800105414
18.117241525416695
18.065170607333506
18.013007983928052
17.960746044879286
17.908360996013013
17.85589845634016
17.803345918422067
17.750723042254773
17.698049139743176
17.645340056186043
17.592611074214304
17.539883217578257
17.4871772096208
17.434509525065746
17.38189559913191
17.329349031215035
17.276883597140635
17.22451219058546
17.172248067622505
17.120130128627142
17.068116397624337
17.0162495753816
16.964484629397713
16.91286912417921
16.86135571456465
16.809996056323378
16.758740143542614
16.70764321780714
16.656652288203563
16.60582590556654
16.555107879405348
16.50452860332045
16.454037904506055
16.40366748309645
16.353374166255325
16.30318802810225
16.253072514300676
16.203053846125936
16.153101477389665
16.10323664165053
16.053434443240494
16.003710651164383
15.954045824771256
15.904450130229327
15.85493781543288
15.805477199321125
15.756087007289265
15.706788978343344
15.65754399753127
15.608371290927266
15.559276170497274
15.510236243968343
15.461261100535728
15.412339606051779
15.363465819125508
15.31462497211013
15.2658039996675
15.216967921023702
15.168074402575826
15.119123811488485
15.070129766230917
15.02104862189803
14.97189566588912
14.922623123889302
14.873182182078695
14.823689594035484
14.774078111415244
14.724322442775106
14.674408159022668
14.62441463923965
14.574289917712548
14.524016327624661
14.473667173152315
14.423183984523167
14.372638177638398
14.321972512965548
14.271157469516147
14.220276775126806
14.169262857203831
14.118195400004733
14.067005758052215
14.015717544322357
13.96431419826065
13.912829746966707
13.861181535487521
13.809465737109532
13.757602352862708
13.705619907145852
13.653505000834816
13.60128827071702
13.548879556422587
13.49638975120103
13.443720164065716
13.390906657939311
13.337935132747052
13.28483257270372
13.23150032496965
13.17813691592729
13.12460535026109
13.07092314219987
13.017201466327071
12.963247718577744
12.909023499255541
12.854559726481796
12.799830727343917
12.744676866298079
12.689303431277631
12.633541474109053
12.577490443950056
12.521209220652938
12.464636797671675
12.407675113444686
12.350529598956461
12.293068685298321
12.235469331508035
12.177498440509194
12.119220156436317
12.060674152140967
12.001899056201333
11.94280700183427
11.883698096042034
11.824427981143351
11.765176310305948
