0.000000000000000000e+00
0.000000000000000000e+00
-1.458725164411589317e-06
-7.625767466379329562e-06
-1.940527741680853421e-05
-3.405356241273692710e-05
-4.766642858157863372e-05
-2.413139722193588234e-05
1.040105664287696401e-05
1.040444425598252619e-04
2.804167657450307724e-04
5.424102112010587094e-04
9.021419375494587169e-04
1.462436029250966133e-03
2.214105212624417271e-03
3.167887785966740782e-03
4.376154103811133456e-03
5.851726838882315845e-03
7.646920987899649864e-03
9.680619695718633427e-03
1.210785255723749107e-02
1.494366900020395114e-02
1.812291488939080791e-02
2.166711733632836756e-02
2.572642789178643946e-02
3.007465229326044057e-02
3.480566785627160764e-02
4.001135096841607064e-02
4.552676604085716117e-02
5.145496115976127410e-02
5.775558457666190443e-02
6.444102034860403616e-02
7.155932531648429018e-02
7.902963803106100027e-02
8.684509859376700336e-02
9.496322915845664681e-02
1.034727577953890310e-01
1.122310040979936918e-01
1.213816820173815036e-01
1.307396410494402195e-01
1.404591463594988265e-01
1.504571716576174056e-01
1.607661001473024154e-01
1.713621465950563028e-01
1.822375325947358515e-01
1.934599702148988298e-01
2.049676220207765354e-01
2.168179194717957947e-01
2.290723674088075146e-01
2.416034786491944863e-01
2.544871215611055337e-01
2.676769666462495700e-01
2.811409907131745545e-01
2.949154202728820895e-01
3.090099434643340803e-01
3.233413152485442033e-01
3.379747586041045304e-01
3.528842716007781766e-01
3.680181412487579240e-01
3.833775667934967157e-01
3.989339940338684221e-01
4.147253196030212807e-01
4.307691530972077576e-01
4.469884817390993303e-01
4.634207467823581172e-01
4.800073234825686930e-01
4.968005482941226791e-01
5.138045577793672880e-01
5.309781961231783143e-01
5.483899860172823937e-01
5.659505288391664113e-01
5.837065367489412404e-01
6.016350607662752648e-01
6.196971945553377825e-01
6.378923766403750140e-01
6.562521962910250473e-01
6.747417454510284962e-01
6.934367041378572960e-01
7.122365133553102412e-01
7.312333481102541999e-01
7.503378801136569853e-01
7.696425931244448293e-01
7.891548018246246077e-01
8.088404755383085121e-01
8.287520913868496875e-01
8.487583212643216024e-01
8.689291100292751979e-01
8.892250399380277059e-01
9.096691660671780699e-01
9.302770738392422967e-01
9.510377769260951464e-01
9.719591645985194983e-01
9.930367164402553737e-01
1.014315264680917261e+00
1.035713568189676081e+00
1.057224989393289238e+00
1.078868420579965459e+00
1.100649428823526232e+00
1.122575834253366267e+00
1.144743254640634200e+00
1.167036531427438240e+00
1.189553506830270280e+00
1.212191863515908796e+00
1.235048876264626783e+00
1.258109512785012374e+00
1.281285260179574337e+00
1.304686811426217563e+00
1.328203528383310017e+00
1.351943850973183814e+00
1.375850167730385820e+00
1.399986923196846922e+00
1.424370213010842212e+00
1.448846433618599772e+00
1.473470299699837671e+00
1.498152552106911228e+00
1.523017378309303949e+00
1.548012187936836703e+00
1.573211029031807318e+00
1.598587251165443979e+00
1.624061255910927315e+00
1.649629893758827848e+00
1.675271630743080831e+00
1.701056957700783245e+00
1.726946654775673551e+00
1.752868447759682535e+00
1.778881042459541817e+00
1.804927366235786756e+00
1.830933902719551254e+00
1.856973240831428784e+00
1.882969747045570408e+00
1.908882241704994431e+00
1.934770474889808911e+00
1.960583339193397556e+00
1.986266475179725877e+00
2.011920235612922880e+00
2.037459927061134657e+00
2.062888627508216999e+00
2.088138499715858742e+00
2.113220632532172960e+00
2.138201320627266089e+00
2.163042839029365894e+00
2.187718086698585918e+00
2.212180629232460394e+00
2.236456354120308632e+00
2.260604563215309781e+00
2.284622388341957855e+00
2.308542664506966879e+00
2.332320287683541604e+00
2.356040003755624390e+00
2.379574687936837574e+00
2.402951829889352187e+00
2.426065423944527844e+00
2.448910365560586389e+00
2.471613722303445115e+00
2.494091637590463151e+00
2.516445844629342954e+00
2.538583229044015788e+00
2.560551522234018496e+00
2.582375412443216778e+00
2.604057686784799763e+00
2.625700133302744099e+00
2.647328136423166445e+00
2.668967671850259737e+00
2.690576267698342683e+00
2.712294400194223520e+00
2.734004371622141605e+00
2.755732810953196221e+00
2.777568264463480485e+00
2.799598708608683317e+00
2.821816165903147766e+00
2.844366012075480565e+00
2.867143786409434014e+00
2.890216956594523268e+00
2.913610275247630277e+00
2.937373197534617564e+00
2.961505363443430738e+00
2.986019599893625642e+00
3.010953617551859196e+00
3.036147921541269668e+00
3.061679437616403820e+00
3.087404830911692155e+00
3.113421693304117888e+00
3.139594769933756524e+00
3.166029770830210310e+00
3.192594542959269699e+00
3.219392638662395001e+00
3.246324799516735027e+00
3.273477488020000603e+00
3.300749471643505295e+00
3.328235617139873703e+00
3.355829432466564288e+00
3.383655751207409246e+00
3.411587181547222514e+00
3.439598262765941605e+00
3.467610710123119055e+00
3.495627570608196066e+00
3.523597934701976353e+00
3.551540079572734321e+00
3.579419162729319481e+00
3.607259657838877587e+00
3.635037272432383393e+00
3.662758219698007967e+00
3.690244305589731599e+00
3.717556059816415903e+00
3.744715278604563213e+00
3.771764591196115735e+00
3.798710637548501801e+00
3.825590541818673973e+00
3.852392166116769712e+00
3.878971355417307088e+00
3.905450802305276525e+00
3.931825647810037516e+00
3.958188889482553652e+00
3.984502165773446958e+00
4.010663888910348973e+00
4.036779602029855418e+00
4.062686937311227098e+00
4.088493679025705596e+00
4.114304113843973099e+00
4.140143168428475740e+00
4.166019862154062281e+00
4.191974952676829069e+00
4.217998996236857145e+00
4.244049816587504687e+00
4.270135891893443336e+00
4.296157110193308704e+00
4.322110634306009835e+00
4.347992561319407478e+00
4.373750973203715198e+00
4.399347737291392946e+00
4.424824209669170116e+00
4.450099623659189874e+00
4.475184181192454425e+00
4.500132387140330259e+00
4.524924922445353381e+00
4.549550416925486118e+00
4.573969250181253443e+00
4.598143945196206062e+00
4.622130878427560319e+00
4.645790391424234222e+00
4.669205944994027746e+00
4.692269049146706728e+00
4.715064969518715898e+00
4.737540526845985589e+00
4.759750135400826032e+00
4.781690819719369046e+00
4.803315096357399838e+00
4.824644458749825837e+00
4.845630977609689971e+00
4.866419401624735741e+00
4.886894166925486616e+00
4.907105265119608539e+00
4.926973193147714980e+00
4.946456120470102746e+00
4.965713403680856786e+00
4.984634086349542414e+00
5.003280542352731786e+00
5.021577433803614099e+00
5.039578669527109867e+00
5.057328562000330763e+00
5.074725981214579740e+00
5.091822878578242673e+00
5.108655492523250352e+00
5.125210412004528315e+00
5.141427257516918203e+00
5.157388176181850525e+00
5.173099078395900996e+00
5.188520751455364177e+00
5.203770660617885291e+00
5.218718657949504625e+00
5.233345512607631811e+00
5.247753149726925415e+00
5.261869600275097980e+00
5.275717585542737176e+00
5.289300870159207690e+00
5.302643175581037482e+00
5.315704231718123118e+00
5.328518016794263623e+00
5.341117026069699847e+00
5.353450204589902839e+00
5.365574075439512036e+00
5.377456448534071676e+00
5.389086372116148382e+00
5.400539665678083523e+00
5.411798958042203012e+00
5.422845101812419522e+00
5.433758643129404931e+00
5.444526495197353100e+00
5.455157230356272535e+00
5.465672647216853086e+00
5.476090649822291212e+00
5.486377027490671132e+00
5.496485441186960585e+00
5.506443899729784874e+00
5.516261095264490599e+00
5.525935536482866617e+00
5.535504117467936247e+00
5.544907507756289711e+00
5.554125386336382419e+00
5.563233733633097700e+00
5.572195458272036106e+00
5.581008629062708337e+00
5.589704794147547950e+00
5.598239212492045702e+00
5.606550166466769625e+00
5.614699782589014809e+00
5.622634118059213648e+00
5.630370335438783513e+00
5.637888455250795516e+00
5.645149889448220826e+00
5.652180340149933535e+00
5.658968688705498629e+00
5.665525395730073299e+00
5.671849934318596631e+00
5.677978711584144911e+00
5.683855704525047514e+00
5.689524810770087981e+00
5.694946789005332022e+00
5.700126380780272228e+00
5.705100976684621905e+00
5.709818030753663898e+00
5.714322919407418766e+00
5.718577003636887923e+00
5.722590019562772135e+00
5.726398438075116282e+00
5.729998991647294204e+00
5.733391283908417790e+00
5.736525834360649334e+00
5.739414231339026173e+00
5.742088117757369048e+00
5.744547037193108885e+00
5.746785589167406449e+00
5.748750374028017696e+00
5.750458113858035070e+00
5.751939020314743800e+00
5.753142640897562110e+00
5.754100239956309260e+00
5.754807931044628511e+00
5.755283454516460395e+00
5.755532772587168999e+00
5.755470382933993712e+00
5.755136752007087075e+00
5.754554388327081327e+00
5.753748589111049583e+00
5.752703111050207596e+00
5.751392625001747305e+00
5.749897323874313848e+00
5.748177078989823663e+00
5.746247404841264839e+00
5.744088942585070967e+00
5.741669848737796400e+00
5.739069156823238593e+00
5.736243545887550255e+00
5.733207554695685992e+00
5.729941364107212110e+00
5.726459595737536823e+00
5.722771009383281537e+00
5.718845128593525118e+00
5.714708712575514937e+00
5.710348036167701480e+00
5.705796832022746123e+00
5.701064119515497630e+00
5.696168189225274681e+00
5.691069368896562786e+00
5.685780121264535580e+00
5.680294846472818016e+00
5.674654435691911303e+00
5.668847802457886331e+00
5.662869199094848760e+00
5.656743380007818622e+00
5.650450825271680522e+00
5.644018697915150540e+00
5.637444262085034019e+00
5.630735550699306202e+00
5.623912187991215283e+00
5.616959139881207541e+00
5.609900215444638683e+00
5.602714233574940472e+00
5.595413268385007299e+00
5.588023263988567635e+00
5.580546211180759109e+00
5.572988709983897060e+00
5.565359404263568344e+00
5.557668028650354586e+00
5.549934299764704093e+00
5.542172131714891314e+00
5.534399950084756270e+00
5.526635554013321183e+00
5.518901624856063393e+00
5.511210155663559540e+00
5.503560531315873305e+00
5.495989759740898428e+00
5.488493858752319099e+00
5.481094474968978503e+00
5.473777960715362489e+00
5.466566289839813741e+00
5.459473579702446955e+00
5.452517582950661357e+00
5.445684478459427602e+00
5.438978324709007772e+00
5.432411786494323991e+00
5.425954781351157941e+00
5.419633073983260552e+00
5.413451289711066927e+00
5.407427604374954733e+00
5.401578417000839849e+00
5.395860856351920809e+00
5.390300359306403166e+00
5.384861679849691996e+00
5.379600936350889206e+00
5.374491736469335201e+00
5.369529336867398861e+00
5.364735135910577490e+00
5.360063970861501659e+00
5.355582975623674358e+00
5.351228555617399074e+00
5.347042549429007252e+00
5.343002488193580035e+00
5.339100822684833325e+00
5.335387234268258005e+00
5.331778897223542479e+00
5.328325976607869663e+00
5.324988072393010974e+00
5.321768624661038949e+00
5.318703277585576927e+00
5.315720859048436608e+00
5.312857910571167963e+00
5.310065616843769654e+00
5.307373235998221972e+00
5.304775981781551408e+00
5.302246478078434855e+00
5.299793347147773837e+00
5.297378297326635455e+00
5.295011711744140648e+00
5.292681923238109931e+00
5.290378062752556509e+00
5.288094715652536415e+00
5.285817908374141005e+00
5.283539354828665324e+00
5.281259933141538632e+00
5.278980658826895933e+00
5.276697005209991076e+00
5.274411489991018165e+00
5.272108688083956274e+00
5.269786403951714604e+00
5.267446646419833733e+00
5.265084395436118392e+00
5.262693369267056553e+00
5.260260072676013365e+00
5.257795173255277454e+00
5.255293847051930811e+00
5.252763265398812997e+00
5.250213009146524001e+00
5.247635443834139046e+00
5.245035485056711799e+00
5.242409131554438773e+00
5.239763807681872443e+00
5.237107650367095246e+00
5.234437597421480959e+00
5.231757935015036942e+00
5.229067400125339660e+00
5.226367487636879083e+00
5.223654537526445374e+00
5.220934671787100356e+00
5.218211424676257870e+00
5.215490573970157584e+00
5.212770852772074193e+00
5.210057788518744459e+00
5.207351865497904519e+00
5.204648192850428678e+00
5.201950748292285986e+00
5.199256055978614732e+00
5.196568155912238751e+00
5.193885427442867631e+00
5.191203125444729949e+00
5.188529788581210056e+00
5.185862159458476839e+00
5.183206602362472104e+00
5.180561128584223241e+00
5.177926998463946440e+00
5.175310755697565490e+00
5.172706129578428680e+00
5.170117490319089626e+00
5.167542752353028845e+00
5.164982729283646989e+00
5.162443570820168581e+00
5.159917332259492007e+00
5.157412081686334027e+00
5.154926803884581687e+00
5.152456884262638148e+00
5.150008711991386434e+00
5.147587118772344539e+00
5.145202566114740250e+00
5.142855113623218344e+00
5.140536051569061016e+00
5.138254549381810143e+00
5.136015639928655396e+00
5.133830509809331311e+00
5.131690103290155847e+00
5.129596862820461567e+00
5.127553716478422174e+00
5.125559142259433543e+00
5.123609910187795435e+00
5.121704065231159397e+00
5.119846300659254723e+00
5.118026238707378717e+00
5.116237185326889758e+00
5.114483472285345833e+00
5.112767399129943158e+00
5.111096503762080800e+00
5.109457244155480637e+00
5.107857205597235328e+00
5.106286245462968942e+00
5.104757767496184151e+00
5.103264862028436433e+00
5.101800598231630346e+00
5.100360996750670672e+00
5.098943125782089858e+00
5.097549057779390047e+00
5.096171243218261537e+00
5.094811702547151988e+00
5.093471360532123349e+00
5.092150472728091515e+00
5.090852984664516967e+00
5.089574360278920295e+00
5.088318394002989464e+00
5.087085602236466997e+00
5.085877203894335175e+00
5.084692461294609167e+00
5.083532900241690022e+00
5.082402104464845749e+00
5.081292904493885487e+00
5.080200994191246266e+00
5.079123776582556538e+00
5.078059691739754022e+00
5.077007278156952630e+00
5.075959315401988192e+00
5.074915501353817859e+00
5.073871987713055809e+00
5.072830190015511498e+00
5.071788057712391051e+00
5.070741372135952219e+00
5.069688763943984711e+00
5.068633091104700839e+00
5.067580096823647295e+00
5.066529077393486347e+00
5.065474690598918528e+00
5.064415509355736589e+00
5.063355357674432788e+00
5.062299442914796721e+00
5.061247588051032587e+00
5.060196357173394333e+00
5.059147154492807275e+00
5.058104268414448157e+00
5.057070636404227493e+00
5.056037686718176438e+00
5.055005148229668954e+00
5.053972556096982593e+00
5.052942002741169780e+00
5.051913910610151603e+00
5.050887268138599673e+00
5.049870839817001134e+00
5.048859699023439340e+00
5.047860618410184408e+00
5.046870080111099277e+00
5.045883789686036458e+00
5.044911132780385721e+00
5.043947719288540910e+00
5.042999396649670452e+00
5.042065407437752889e+00
5.041139555898975999e+00
5.040231333253456292e+00
5.039338007373285855e+00
5.038475304347945105e+00
5.037635174942685090e+00
5.036827857223821425e+00
5.036054504466726200e+00
5.035299436328483758e+00
5.034582102922272817e+00
5.033891362426353489e+00
5.033236007494403808e+00
5.032616480355634359e+00
5.032017183815613137e+00
5.031458390010072890e+00
5.030928355780912575e+00
5.030436286655737277e+00
5.029978706789686171e+00
5.029549434808566311e+00
5.029157032621577095e+00
5.028794334036782665e+00
5.028465606746747696e+00
5.028171472781822082e+00
5.027900940207316260e+00
5.027652300493343773e+00
5.027423970819934418e+00
5.027225316362008201e+00
5.027055429545714382e+00
5.026916838474123850e+00
5.026801373268961370e+00
5.026703182868210718e+00
5.026628100936783028e+00
5.026572914332633424e+00
5.026539654475188357e+00
5.026518376785813480e+00
5.026505224074487188e+00
5.026500142439169316e+00
5.026503297342120646e+00
5.026520806647735817e+00
5.026553513730308786e+00
5.026594707329190115e+00
5.026643169518923315e+00
5.026698366488691505e+00
5.026765287259024717e+00
5.026843111758483751e+00
5.026928534257589121e+00
5.027014514088063102e+00
5.027094303994804392e+00
5.027169487095802580e+00
5.027242573491662370e+00
5.027308422617049466e+00
5.027365107975334979e+00
5.027398798329656415e+00
5.027414177153392671e+00
5.027404613166131853e+00
5.027371157321162798e+00
5.027319414328800029e+00
5.027239444425344317e+00
5.027139398569256734e+00
5.027015339165940233e+00
5.026870812244728093e+00
5.026713471069946593e+00
5.026535814713700923e+00
5.026343938142074919e+00
5.026128960169865323e+00
5.025896036952747004e+00
5.025651463057859480e+00
5.025393107377005286e+00
5.025127588521702826e+00
5.024841115094734967e+00
5.024539360340697591e+00
5.024219605561357938e+00
5.023886593554181879e+00
5.023551483538015283e+00
5.023207805167897888e+00
5.022857613686487532e+00
5.022504551272855444e+00
5.022151618909106219e+00
5.021809006940588738e+00
5.021474599812194128e+00
5.021148071523771073e+00
5.020833377923830554e+00
5.020527889162316626e+00
5.020240381464376789e+00
5.019964975558235842e+00
5.019706709563748426e+00
5.019459590774045132e+00
5.019214933060125894e+00
5.018977159440535019e+00
5.018745248664187919e+00
5.018528686195629973e+00
5.018322213619966554e+00
5.018123849958199933e+00
5.017933617524821699e+00
5.017747029691953742e+00
5.017571277294327281e+00
5.017398325532694159e+00
5.017227103069443750e+00
5.017056150075067222e+00
5.016881483655441620e+00
5.016707790896315800e+00
5.016535670489091991e+00
5.016369231652486604e+00
5.016210701141525341e+00
5.016062146026659008e+00
5.015926261359843430e+00
5.015800553627330238e+00
5.015686280263606633e+00
5.015584376549366397e+00
5.015495613778027995e+00
5.015422633203696634e+00
5.015356642736141346e+00
5.015305962801930306e+00
5.015270716519578897e+00
5.015250484270060483e+00
5.015245503112807590e+00
5.015254472757939119e+00
5.015276663245882283e+00
5.015316379813726577e+00
5.015366733580147063e+00
5.015422714355652012e+00
5.015483137181279361e+00
5.015545699520286504e+00
5.015612615126435081e+00
5.015681620136152929e+00
5.015751632520247583e+00
5.015825098462651788e+00
5.015903076476666556e+00
5.015991505657571459e+00
5.016095920003268205e+00
5.016208693676876607e+00
5.016328504908145192e+00
5.016455324844704577e+00
5.016594299230041187e+00
5.016750302839340314e+00
5.016913902017535953e+00
5.017089752092273258e+00
5.017270501035511643e+00
5.017454855724484908e+00
5.017643568276676014e+00
5.017828927918585258e+00
5.018009896206916842e+00
5.018177671789439742e+00
5.018332850936116252e+00
5.018472337930710125e+00
5.018593355606557616e+00
5.018701401709826371e+00
5.018788523788810352e+00
5.018859178641125851e+00
5.018909203795030471e+00
5.018935117671047053e+00
5.018945332177231045e+00
5.018926958874348365e+00
5.018887222269099446e+00
5.018821345292511893e+00
5.018736969246077706e+00
5.018629620815177717e+00
5.018488681823495945e+00
5.018324774172638669e+00
5.018134820409600572e+00
5.017927323528115657e+00
5.017699028779303738e+00
5.017444429941957829e+00
5.017166933030373421e+00
5.016874901898688677e+00
5.016568693094437315e+00
5.016254341997687938e+00
5.015927735254649633e+00
5.015592274390642480e+00
5.015250465408449543e+00
5.014899273984616102e+00
5.014542837538306763e+00
5.014178085610752511e+00
5.013809428908412080e+00
5.013427826487007799e+00
5.013035344020013717e+00
5.012633347496871394e+00
5.012225504056100789e+00
5.011820171833520909e+00
5.011411970615869294e+00
5.011000326894706980e+00
5.010588975012785440e+00
5.010179977477080548e+00
5.009784041181689851e+00
5.009398338370508519e+00
5.009020402007289263e+00
5.008652068399376489e+00
5.008288358361012271e+00
5.007937939152605544e+00
5.007596779600270942e+00
5.007269838102646808e+00
5.006949959233889302e+00
5.006636540949831016e+00
5.006327270627508597e+00
5.006020576436558400e+00
5.005722382203231291e+00
5.005428132437656608e+00
5.005142099675278011e+00
5.004856682573000093e+00
5.004568045925834596e+00
5.004280674256870398e+00
5.003994106133022868e+00
5.003709283940980690e+00
5.003422062308082729e+00
5.003126802038888599e+00
5.002825717948864437e+00
5.002519463789204757e+00
5.002214877013604344e+00
5.001917512160281909e+00
5.001623922367137709e+00
5.001336638205242657e+00
5.001058149602754632e+00
5.000798165429874764e+00
5.000559507798894465e+00
5.000341294561072125e+00
5.000143261500194392e+00
4.999970091697321983e+00
4.999818088276805739e+00
4.999689935105415373e+00
4.999577723140391505e+00
4.999490643827740222e+00
4.999425031239661088e+00
4.999386580304270744e+00
4.999377996023540938e+00
4.999391150902520842e+00
4.999433036720875023e+00
4.999497214895236574e+00
4.999603962632390264e+00
4.999742990196244463e+00
4.999912846874939198e+00
5.000111143723625418e+00
5.000324988648789493e+00
5.000564765580493898e+00
5.000821894467372353e+00
5.001090188514936585e+00
5.001366113819677217e+00
5.001639422648149313e+00
5.001913937967763957e+00
5.002182509083795914e+00
5.002448616646725910e+00
5.002708662678053031e+00
5.002952982228745071e+00
5.003185640577721749e+00
5.003400822230176459e+00
5.003597032376129405e+00
5.003772118002672187e+00
5.003919356003899921e+00
5.004043129258354483e+00
5.004140225010488052e+00
5.004211374157603309e+00
5.004258704063977881e+00
5.004275899276398931e+00
5.004265894760171918e+00
5.004225373962687407e+00
5.004154698812196322e+00
5.004057109747805931e+00
5.003927292405420779e+00
5.003768877974505536e+00
5.003580693817490932e+00
5.003369627530480201e+00
5.003134324467535698e+00
5.002876738636548914e+00
5.002599148797598261e+00
5.002299162457491732e+00
5.001983734342064558e+00
5.001651807511952263e+00
5.001309407028165843e+00
5.000957108336298695e+00
5.000592881972698578e+00
5.000223853113858752e+00
4.999849823127298976e+00
4.999479495632260573e+00
4.999114110256344112e+00
4.998753683241814016e+00
4.998392819362490691e+00
4.998024590211719520e+00
4.997647603499502544e+00
4.997258592407019862e+00
4.996853866587193771e+00
4.996417007270069099e+00
4.995949287350089918e+00
4.995444810102493527e+00
4.994907671521216841e+00
4.994320695037754554e+00
4.993686349550994663e+00
4.993005044097813538e+00
4.992269521961721246e+00
4.991486249427111943e+00
4.990634150068076202e+00
4.989732991616042668e+00
4.988767545829327688e+00
4.987730798358829709e+00
4.986638813326868203e+00
4.985476312796386367e+00
4.984265835071714612e+00
4.982996215010794039e+00
4.981684539104612952e+00
4.980317261005552609e+00
4.978897024179611108e+00
4.977427186007414406e+00
4.975909922356518855e+00
4.974364930028828624e+00
4.972788750762853205e+00
4.971180354590329031e+00
4.969541735137613436e+00
4.967880913103732254e+00
4.966210167790565677e+00
4.964532252783690147e+00
4.962850981141244233e+00
4.961164096529398826e+00
4.959478973234807242e+00
4.957798148776208613e+00
4.956126634861146130e+00
4.954465588415776445e+00
4.952812130833779136e+00
4.951176460022841397e+00
4.949556684429560427e+00
4.947970633889352321e+00
4.946421605582152381e+00
4.944909069473657937e+00
4.943438127125415527e+00
4.942016805196914220e+00
4.940665391768130910e+00
4.939379017288597851e+00
4.938155386234436506e+00
4.936995911086713207e+00
4.935902160118138760e+00
4.934897503192340551e+00
4.933987053419265578e+00
4.933163624788436508e+00
4.932420939217122324e+00
4.931757632429512483e+00
4.931192711713525689e+00
4.930731977085384798e+00
4.930359512465808614e+00
4.930065472303692964e+00
4.929845768968377229e+00
4.929697039519239432e+00
4.929645692040946159e+00
4.929683611889638328e+00
4.929803218229942274e+00
4.930003438539140248e+00
4.930280963558041130e+00
4.930638659115219369e+00
4.931094250346802710e+00
4.931641440469110016e+00
4.932278662699543403e+00
4.932983775961482742e+00
4.933763053047740321e+00
4.934609853926384737e+00
4.935533075782740475e+00
4.936534693467700130e+00
4.937597116383994234e+00
4.938727724927748142e+00
4.939921148347938384e+00
4.941172620284640438e+00
4.942494664120757442e+00
4.943881184834325815e+00
4.945313097912156231e+00
4.946794900226676006e+00
4.948312624770484724e+00
4.949862948137602636e+00
4.951438000577769394e+00
4.953021740692935992e+00
4.954613298851334058e+00
4.956198262053811199e+00
4.957772917378032496e+00
4.959326710033499452e+00
4.960856843668304705e+00
4.962369762736641654e+00
4.963859881091199355e+00
4.965327068644842967e+00
4.966752935874543695e+00
4.968136176991543529e+00
4.969483600932441014e+00
4.970790979939780918e+00
4.972061847674928536e+00
4.973264463844977001e+00
4.974404723796330252e+00
4.975493895563564806e+00
4.976532795283279853e+00
4.977527903768502071e+00
4.978451553958735509e+00
4.979318886923871368e+00
4.980133587870081868e+00
4.980905690196236080e+00
4.981635672602137355e+00
4.982314112189492050e+00
4.982948154512127914e+00
4.983538153025588002e+00
4.984091066311379770e+00
4.984606396372696757e+00
4.985082848671160249e+00
4.985526458922109327e+00
4.985925624708912984e+00
4.986283502879819807e+00
4.986598600375733881e+00
4.986871165524504157e+00
4.987108593120506583e+00
4.987302950325689821e+00
4.987458019632181383e+00
4.987571905100054437e+00
4.987648372168921540e+00
4.987685359065225477e+00
4.987670412233135231e+00
4.987617712288198391e+00
4.987506343561259214e+00
4.987349972675588994e+00
4.987152305512723593e+00
4.986909353180823068e+00
4.986628294798580718e+00
4.986294533262995543e+00
4.985922418001143441e+00
4.985517199325410154e+00
4.985081886525300376e+00
4.984616096044924838e+00
4.984110965083385913e+00
4.983578863355364597e+00
4.983016401219214409e+00
4.982430032516862894e+00
4.981824148657764795e+00
4.981198127108658724e+00
4.980558306041205086e+00
4.979896259444796414e+00
4.979213748189652122e+00
4.978510311382854603e+00
4.977792621913396331e+00
4.977057114901981549e+00
4.976303253981313013e+00
4.975524976017912770e+00
4.974725602406104841e+00
4.973904195713838128e+00
4.973066445949514858e+00
4.972217519718249434e+00
4.971357180166085854e+00
4.970491318243583478e+00
4.969619536909302582e+00
4.968746649536331716e+00
4.967873321759542549e+00
4.966997793379269055e+00
4.966123449194276063e+00
4.965248462098680982e+00
4.964375992703282670e+00
4.963501187327348241e+00
4.962627910512529716e+00
4.961762945714436768e+00
4.960906542080484982e+00
4.960062855395519499e+00
4.959234277370415889e+00
4.958418521943532831e+00
4.957618195029938946e+00
4.956831870215977709e+00
4.956061714577520760e+00
4.955310417550648161e+00
4.954571114989960279e+00
4.953848345267617859e+00
4.953148627269112758e+00
4.952476957502805810e+00
4.951838154482686605e+00
4.951233767631495475e+00
4.950663927371645734e+00
4.950130053821052201e+00
4.949634113374198563e+00
4.949175856362129977e+00
4.948756672318125105e+00
4.948390033121252252e+00
4.948070848758363560e+00
4.947797106510991583e+00
4.947567131283725494e+00
4.947380738413924561e+00
4.947241830077985902e+00
4.947161365698124591e+00
4.947128474947098731e+00
4.947135278252685175e+00
4.947179355575503479e+00
4.947260885267318109e+00
4.947382807182878928e+00
4.947542417189837671e+00
4.947728970079483091e+00
4.947944448749336033e+00
4.948181304513278533e+00
4.948441269407782173e+00
4.948719952340040251e+00
4.949004708017023191e+00
4.949306130847694440e+00
4.949617745271684299e+00
4.949945737971724213e+00
4.950285581341743679e+00
4.950629704288005861e+00
4.950982399276256274e+00
4.951343744872867880e+00
4.951713886811196730e+00
4.952091737231971713e+00
4.952469741954269367e+00
4.952849566294613481e+00
4.953231351106230029e+00
4.953622603258851953e+00
4.954027603446307992e+00
4.954440928726259408e+00
4.954868780067925194e+00
4.955309180236224798e+00
4.955766966669623130e+00
4.956243313132588924e+00
4.956730726799732700e+00
4.957234359673028834e+00
4.957748210160797697e+00
4.958280637702709548e+00
4.958827194935446769e+00
4.959388972027961806e+00
4.959964245698217589e+00
4.960551719358924139e+00
4.961150940834345491e+00
4.961753707221509657e+00
4.962360833204151334e+00
4.962974243341745861e+00
4.963592188163460150e+00
4.964215558050930177e+00
4.964839013210297303e+00
4.965458239867151846e+00
4.966070348276557134e+00
4.966675568959476372e+00
4.967276264346005554e+00
4.967872527531149274e+00
4.968463447234395147e+00
4.969048671602073419e+00
4.969631971596542463e+00
4.970214930391672503e+00
4.970800163551035489e+00
4.971386109246672902e+00
4.971970652407766700e+00
4.972557983315350150e+00
4.973145720465839581e+00
4.973735903120399371e+00
4.974326002999008622e+00
4.974916548832118757e+00
4.975500084115922483e+00
4.976077098316312508e+00
4.976643124065160961e+00
4.977201613030196370e+00
4.977747485889851831e+00
4.978272132045387544e+00
4.978782080105303542e+00
4.979272763534247304e+00
4.979749071589468556e+00
4.980215952946602798e+00
4.980662440984308326e+00
4.981091599046051144e+00
4.981500263280033813e+00
4.981897036461890416e+00
4.982281809366106984e+00
4.982658161847651535e+00
4.983032850577294504e+00
4.983394398606180609e+00
4.983745666733741864e+00
4.984084940097091909e+00
4.984415803207812523e+00
4.984745760402438108e+00
4.985069443016108437e+00
4.985388383595998896e+00
4.985696969731505668e+00
4.985994521016981373e+00
4.986287538642789841e+00
4.986571138455327734e+00
4.986847014809753453e+00
4.987100069905426203e+00
4.987333052131141642e+00
4.987541451147552429e+00
4.987727711136248132e+00
4.987898235833998939e+00
4.988041144377347358e+00
4.988162798761186956e+00
4.988260718175007824e+00
4.988339089854417985e+00
4.988404724966531312e+00
4.988450584943203481e+00
4.988477985726930797e+00
4.988485639540158445e+00
4.988478449098912471e+00
4.988457605976291731e+00
4.988429341791344562e+00
4.988388688215201761e+00
4.988332840828371140e+00
4.988268349310530425e+00
4.988191495617068760e+00
4.988105522920526447e+00
4.988003079644553139e+00
4.987883258559889121e+00
4.987746041291541310e+00
4.987596162823176194e+00
4.987442741957640813e+00
4.987285335422641630e+00
4.987125454549826031e+00
4.986966340677031262e+00
4.986818307018989316e+00
4.986685535325818819e+00
4.986572559126802417e+00
4.986486354074590288e+00
4.986421138500012340e+00
4.986383102373369347e+00
4.986370376570997465e+00
4.986386754304552582e+00
4.986432002704972000e+00
4.986504869141064944e+00
4.986606862634801018e+00
4.986731399489947592e+00
4.986879009498664139e+00
4.987036608538039317e+00
4.987207939351357311e+00
4.987388342773921401e+00
4.987574673487253030e+00
4.987772827713198076e+00
4.987977315230674336e+00
4.988195939014115510e+00
4.988424125021706956e+00
4.988666365804534486e+00
4.988926240845036553e+00
4.989194749506575377e+00
4.989479988260579368e+00
4.989775395939511249e+00
4.990089350367350463e+00
4.990420368263882800e+00
4.990767998198430533e+00
4.991129250513773208e+00
4.991496700222056049e+00
4.991871542247394267e+00
4.992250037143389996e+00
4.992632937008897542e+00
4.993012317816178935e+00
4.993385668868582705e+00
4.993746278459589405e+00
4.994089784087996087e+00
4.994417866269508011e+00
4.994716358134904333e+00
4.994991009595254994e+00
4.995228169268379759e+00
4.995433137683580327e+00
4.995595972152809594e+00
4.995702945223460034e+00
4.995778245973782283e+00
4.995806792247025285e+00
4.995798454809849964e+00
4.995745292942887161e+00
4.995646380813709264e+00
4.995510198943234670e+00
4.995334288053132177e+00
4.995135950840927208e+00
4.994912628572352631e+00
4.994660574704327338e+00
4.994379895724273766e+00
4.994076604884036819e+00
4.993760692965157233e+00
4.993432182487018700e+00
4.993091876920230376e+00
4.992735741700894181e+00
4.992365545857614606e+00
4.991985868628985301e+00
4.991595762636430678e+00
4.991198007207280796e+00
4.990789933990604332e+00
4.990362695123918613e+00
4.989922934327193360e+00
4.989464318197138759e+00
4.988994178365835808e+00
4.988505749333569383e+00
4.987996000986465006e+00
4.987461911778816592e+00
4.986908459033736030e+00
4.986346105415291774e+00
4.985776376280851352e+00
4.985201039541430568e+00
4.984617809880443673e+00
4.984034770991572216e+00
4.983456236649223214e+00
4.982884899083443564e+00
4.982320830192335848e+00
4.981765706840820762e+00
4.981217341501182894e+00
4.980674109276300499e+00
4.980135623145764079e+00
4.979601146172648818e+00
4.979069204632109447e+00
4.978536832336252438e+00
4.978004143241708590e+00
4.977475492585366368e+00
4.976948754902844385e+00
4.976426912587051277e+00
4.975906464572910970e+00
4.975385303351943733e+00
4.974866719398564285e+00
4.974348136786288066e+00
4.973832074295645889e+00
4.973314643841153071e+00
4.972794916521674935e+00
4.972271263044245160e+00
4.971746545474893253e+00
4.971221285913056676e+00
4.970699128959244817e+00
4.970179022964005711e+00
4.969662325311367645e+00
4.969146590199236435e+00
4.968629634421232844e+00
4.968111763451161345e+00
4.967592306438747052e+00
4.967070558112027356e+00
4.966542800482275588e+00
4.966004853289487819e+00
4.965465485904279497e+00
4.964927513118746027e+00
4.964395688589575251e+00
4.963869763541880253e+00
4.963347200643184465e+00
4.962834590155543957e+00
4.962329363677563165e+00
4.961835855919781935e+00
4.961351906735362860e+00
4.960874345455231094e+00
4.960408703651191686e+00
4.959949006888928480e+00
4.959512875344517902e+00
4.959092151526274250e+00
4.958700284738007724e+00
4.958337721753780514e+00
4.957991068925625022e+00
4.957678597982889457e+00
4.957386721543885599e+00
4.957129476465204299e+00
4.956899636354218153e+00
4.956692008677790362e+00
4.956514931939462798e+00
4.956357942134062888e+00
4.956232495944868255e+00
4.956138256344864601e+00
4.956074902395637416e+00
4.956050791210879325e+00
4.956052916277991827e+00
4.956091793726526085e+00
4.956167772153720286e+00
4.956275912767603486e+00
4.956425890077232665e+00
4.956608313799231169e+00
4.956835184481321654e+00
4.957088960718689208e+00
4.957375265892920879e+00
4.957686636869190089e+00
4.958017078649579190e+00
4.958375528391777642e+00
4.958748768132507756e+00
4.959144169252694745e+00
4.959555392500343274e+00
4.959977668200018286e+00
4.960412294317367632e+00
4.960858705763104837e+00
4.961320191298010940e+00
4.961789115343574252e+00
4.962266948048356774e+00
4.962755633417848422e+00
4.963253569577221747e+00
4.963761426147405231e+00
4.964270685885434631e+00
4.964780900564377930e+00
4.965293164711779283e+00
4.965813160140402083e+00
4.966344958778805108e+00
4.966887759764081700e+00
4.967435751419849055e+00
4.967987286869771424e+00
4.968546936598009722e+00
4.969117197741157455e+00
4.969696450542993027e+00
4.970284310292786500e+00
4.970871165294535210e+00
4.971455514517016283e+00
4.972038193393834682e+00
4.972622415919192740e+00
4.973201559271999805e+00
4.973772171225734340e+00
4.974328350287264833e+00
4.974872412469571792e+00
4.975411272097712612e+00
4.975940354999488946e+00
4.976458827231413196e+00
4.976954253588205646e+00
4.977431344811207303e+00
4.977884432051664199e+00
4.978314961243754055e+00
4.978728477333074665e+00
4.979119830664580526e+00
4.979494139973406952e+00
4.979846733596509090e+00
4.980175113577729462e+00
4.980477773763571925e+00
4.980749158945267041e+00
4.980993797269050560e+00
4.981208050392901043e+00
4.981393645789806257e+00
4.981531892523501703e+00
4.981636190044094192e+00
4.981702222109172240e+00
4.981741461458015330e+00
4.981749886797489424e+00
4.981721552749378112e+00
4.981661436296282552e+00
4.981581806567712434e+00
4.981484362901403173e+00
4.981378751154271534e+00
4.981263884286608601e+00
4.981146716977682409e+00
4.981033006207299607e+00
4.980919071062682058e+00
4.980811352133034831e+00
4.980705885383515330e+00
4.980611667483329619e+00
4.980525038502395141e+00
4.980437543037563586e+00
4.980353150283202801e+00
4.980267621482939333e+00
4.980188900008083230e+00
4.980116773433269195e+00
4.980047444393143508e+00
4.979980815340982581e+00
4.979917725291320707e+00
4.979861051341736733e+00
4.979815110237556297e+00
4.979772708382675717e+00
4.979732245504142618e+00
4.979694187964065044e+00
4.979659509502104342e+00
4.979631693385759839e+00
4.979614604072863493e+00
4.979607591929248400e+00
4.979619136645792032e+00
4.979641303513067108e+00
4.979688675626980476e+00
4.979759469274299910e+00
4.979865285586433821e+00
4.980000543854999684e+00
4.980160049758720398e+00
4.980348015446084631e+00
4.980556479468809528e+00
4.980794638693199161e+00
4.981057187169656508e+00
4.981338460463898166e+00
4.981636663507538643e+00
4.981943988520521671e+00
4.982264655250926211e+00
4.982596072312315272e+00
4.982941705305000468e+00
4.983302083704490570e+00
4.983678014743943230e+00
4.984071366656440460e+00
4.984477369617541065e+00
4.984896878730375569e+00
4.985332643370944616e+00
4.985784518290181211e+00
4.986253060866017606e+00
4.986730460766573003e+00
4.987222336251158517e+00
4.987723714206238945e+00
4.988229603040833737e+00
4.988741629812736278e+00
4.989259931091087452e+00
4.989778232220428045e+00
4.990288985278325207e+00
4.990785771105306523e+00
4.991269933264571357e+00
4.991739091109352877e+00
4.992192700411992590e+00
4.992630145419257204e+00
4.993043216261880524e+00
4.993433285858349002e+00
4.993797750267997770e+00
4.994140052813902386e+00
4.994447339679911835e+00
4.994721554647997053e+00
4.994970520660147351e+00
4.995195260997728148e+00
4.995401086807117252e+00
4.995579879078880126e+00
4.995735459886358143e+00
4.995874717300623935e+00
4.995999786155165268e+00
4.996115650357547011e+00
4.996222854861857243e+00
4.996325344927476486e+00
4.996425417680160130e+00
4.996517108864948931e+00
4.996606336515263536e+00
4.996688493164121780e+00
4.996769212335215649e+00
4.996846222584002462e+00
4.996911724596150961e+00
4.996969651933625300e+00
4.997018589880184436e+00
4.997061474970409201e+00
4.997099208780430679e+00
4.997124252072400630e+00
4.997134024182898315e+00
4.997121457822951029e+00
4.997086993271815381e+00
4.997029912310981814e+00
4.996943417254232855e+00
4.996832895146080311e+00
4.996687738715997362e+00
4.996502435828886313e+00
4.996281817841671469e+00
4.996014225080007698e+00
4.995710330314332204e+00
4.995360637388521319e+00
4.994966944276685972e+00
4.994528856023547014e+00
4.994046761400397827e+00
4.993522244996722037e+00
4.992965701974328319e+00
4.992377941205497827e+00
4.991763675331470473e+00
4.991135079010720510e+00
4.990492265417572071e+00
4.989839655726549417e+00
4.989177072911855859e+00
4.988512363924979098e+00
4.987849048792718953e+00
4.987192129089830672e+00
4.986540451838967769e+00
4.985897981494066045e+00
4.985265362455841398e+00
4.984637204974289304e+00
4.984022561914618343e+00
4.983415653824205371e+00
4.982826532020563803e+00
4.982252782217556408e+00
4.981698905534440946e+00
4.981169924221331868e+00
4.980660110979671096e+00
4.980176078572268850e+00
4.979718857637937646e+00
4.979293366118666242e+00
4.978902924477454306e+00
4.978541094853873972e+00
4.978213519721623292e+00
4.977923180169757877e+00
4.977675886384544057e+00
4.977463780592528586e+00
4.977290732178239807e+00
4.977157971688879634e+00
4.977060213421804491e+00
4.977011315526774560e+00
4.976994391288475761e+00
4.977019296311641305e+00
4.977080008629576113e+00
4.977174153085665687e+00
4.977308512562753862e+00
4.977473795609416385e+00
4.977688243286550573e+00
4.977937483442814504e+00
4.978236615927754904e+00
4.978580098757384498e+00
4.978970481017467975e+00
4.979416543068228229e+00
4.979897360699116149e+00
4.980422732578455580e+00
4.980984480278432436e+00
4.981578340725839382e+00
4.982215818064154256e+00
4.982879861788689801e+00
4.983576112883030262e+00
4.984292392181097320e+00
4.985033141048490712e+00
4.985795339019833960e+00
4.986565019236742557e+00
4.987345487447319314e+00
4.988133724005755276e+00
4.988934271158512956e+00
4.989737723739680497e+00
4.990538865001735047e+00
4.991336885364589193e+00
4.992131704436478579e+00
4.992925429688630068e+00
4.993717586370048700e+00
4.994509609388051885e+00
4.995300434054669836e+00
4.996091805891927251e+00
4.996881792964276592e+00
4.997668834598597343e+00
4.998457026304539141e+00
4.999240642087396047e+00
5.000023067416486278e+00
5.000791963236269844e+00
5.001547584207592934e+00
5.002294559078154457e+00
5.003029974968968396e+00
5.003757592337069404e+00
5.004468631567296377e+00
5.005166541458901719e+00
5.005843105511600832e+00
5.006501143397625420e+00
5.007148464294011170e+00
5.007782098026805961e+00
5.008406163127952837e+00
5.009003192083769207e+00
5.009574799658590649e+00
5.010122663052612779e+00
5.010647111805016429e+00
5.011146391192310645e+00
5.011605494329566035e+00
5.012033923426502113e+00
5.012410135986143267e+00
5.012743543432884863e+00
5.013034177301311622e+00
5.013267476921758892e+00
5.013459253748736799e+00
5.013584442678696185e+00
5.013669272092958096e+00
5.013693973978370799e+00
5.013654510218039206e+00
5.013574180917204082e+00
5.013435499339685464e+00
5.013262942253932763e+00
5.013043981983646979e+00
5.012779204069958361e+00
5.012487334094330116e+00
5.012160689353331477e+00
5.011814551770075177e+00
5.011447921998187560e+00
5.011068432598696276e+00
5.010686041496083654e+00
5.010295182398841085e+00
5.009898101358994715e+00
5.009499343528733384e+00
5.009102048582718680e+00
5.008716380603001284e+00
5.008340118795022278e+00
5.007970932132885800e+00
5.007612712911652331e+00
5.007263086668538143e+00
5.006930182583022138e+00
5.006606798253344870e+00
5.006298381637173556e+00
5.005996698408710976e+00
5.005694854638862878e+00
5.005395233507591968e+00
5.005097304924713164e+00
5.004809183429316022e+00
5.004524566072359626e+00
5.004239282316848225e+00
5.003957385036483352e+00
5.003679341457172747e+00
5.003413088868691183e+00
5.003153607982530282e+00
5.002898127797380745e+00
5.002645597483352802e+00
5.002392915140226215e+00
5.002144225525989363e+00
5.001901635534448332e+00
5.001665539059173327e+00
5.001440305847061119e+00
5.001220763034505801e+00
5.001016303736102842e+00
5.000826547711472614e+00
5.000656595646718827e+00
5.000503211242462775e+00
5.000360882000381757e+00
5.000232306846732477e+00
5.000112399568164889e+00
5.000009429703781372e+00
4.999917289453875036e+00
4.999831761547679498e+00
4.999753134574125291e+00
4.999678431430216285e+00
4.999614663442913276e+00
4.999555777718629024e+00
4.999499434947352938e+00
4.999444505416173357e+00
4.999390632759165065e+00
4.999337913805935507e+00
4.999289176661838141e+00
4.999240351992044751e+00
4.999202102164123751e+00
4.999175044942963275e+00
4.999158739200644241e+00
4.999154571766116995e+00
4.999164282666019865e+00
4.999192256033853532e+00
4.999234202765361346e+00
4.999288169029601825e+00
4.999354507215754140e+00
4.999433216657922507e+00
4.999532489506960609e+00
4.999648065576762335e+00
4.999778557112873223e+00
4.999924530042767934e+00
5.000086656054914869e+00
5.000268123215499294e+00
5.000472520245674346e+00
5.000695890048955761e+00
5.000932484129880784e+00
5.001178993331704348e+00
5.001431863224569341e+00
5.001685880395086770e+00
5.001946759457203129e+00
5.002205629805535736e+00
5.002462694189012460e+00
5.002708999896856135e+00
5.002944045970651565e+00
5.003171290485624034e+00
5.003385110116068013e+00
5.003587179677995600e+00
5.003755585113975890e+00
5.003900515223357104e+00
5.004008495118904776e+00
5.004086016519431190e+00
5.004135981146681900e+00
5.004140733085077564e+00
5.004111840588010729e+00
5.004036402556083729e+00
5.003931020286836784e+00
5.003787208667926478e+00
5.003613323981843664e+00
5.003401700745306435e+00
5.003151662054442284e+00
5.002869588195317796e+00
5.002554567291372045e+00
5.002217294334405651e+00
5.001854929498369629e+00
5.001474993995364215e+00
5.001078127122455363e+00
5.000663971587056444e+00
5.000240440315538493e+00
4.999802517502542010e+00
4.999351313843365396e+00
4.998878777234788018e+00
4.998383603378171891e+00
4.997866176872487465e+00
4.997327643915051354e+00
4.996774648337597213e+00
4.996202949157887652e+00
4.995617780446047540e+00
4.995018010794157526e+00
4.994406214266056132e+00
4.993786077632539566e+00
4.993148480786913090e+00
4.992498192324274164e+00
4.991832470132941069e+00
4.991156128554576021e+00
4.990470844938392325e+00
4.989770579843754383e+00
4.989058273716801217e+00
4.988332422806854183e+00
4.987599623336429921e+00
4.986857883020276994e+00
4.986110011099809114e+00
4.985365769921771495e+00
4.984623287155262261e+00
4.983884639575114406e+00
4.983152184172500831e+00
4.982425408049452997e+00
4.981714318155275656e+00
4.981018755196559233e+00
4.980336739628542730e+00
4.979670742957821084e+00
4.979022341131200236e+00
4.978400330825675901e+00
4.977793199255097001e+00
4.977208179517615072e+00
4.976637692919898548e+00
4.976080748087693628e+00
4.975540350473453444e+00
4.975007483049261658e+00
4.974498553744482798e+00
4.974010200484622501e+00
4.973545603624511813e+00
4.973105362004566210e+00
4.972689480840195131e+00
4.972310957855511582e+00
4.971958959384787491e+00
4.971634634009528320e+00
4.971334663576413071e+00
4.971062246228535209e+00
4.970824225212414404e+00
4.970611299521255688e+00
4.970422746150719995e+00
4.970256856813061397e+00
4.970119877357934257e+00
4.970001056401957662e+00
4.969915608775768767e+00
4.969863627336884804e+00
4.969841788867920052e+00
4.969857539255602141e+00
4.969897217895334229e+00
4.969976983950902927e+00
4.970090363291520319e+00
4.970245044050235705e+00
4.970426243530083887e+00
4.970641715289522367e+00
4.970886319228876360e+00
4.971154813436287512e+00
4.971444084481763781e+00
4.971752828085293174e+00
4.972087355279793286e+00
4.972448403635491232e+00
4.972826054268945306e+00
4.973225947604942299e+00
4.973640493811535279e+00
4.974070337997245517e+00
4.974514637538659301e+00
4.974970486150549931e+00
4.975436493368315283e+00
4.975901328535246471e+00
4.976361579806972024e+00
4.976820070357490522e+00
4.977271572337914840e+00
4.977715265849103510e+00
4.978140630410481826e+00
4.978549972386528744e+00
4.978947727554906777e+00
4.979332016543914996e+00
4.979706909866502329e+00
4.980075362050404131e+00
4.980437459932137934e+00
4.980799265564849421e+00
4.981163149388004641e+00
4.981535979570319128e+00
4.981921339915565738e+00
4.982318989620974747e+00
4.982722653062513274e+00
4.983134142407646294e+00
4.983549381629993391e+00
4.983966937610378345e+00
4.984381119036547680e+00
4.984789542952053232e+00
4.985187519030146674e+00
4.985574988001457264e+00
4.985946840220560894e+00
4.986306513795129902e+00
4.986658437126749277e+00
4.986995601118976218e+00
4.987315159091228800e+00
4.987615332068378038e+00
4.987899150648587465e+00
4.988169495878243431e+00
4.988431390547627409e+00
4.988676143498594229e+00
4.988905785852546515e+00
4.989115190492445784e+00
4.989309019823992664e+00
4.989492813912653979e+00
4.989658283242457415e+00
4.989808399887257551e+00
4.989938627272347382e+00
4.990056710741916035e+00
4.990161183407032297e+00
4.990257280203947765e+00
4.990350784738982526e+00
4.990434641349564160e+00
4.990513234395036690e+00
4.990586455641748742e+00
4.990660799718896534e+00
4.990741409645850446e+00
4.990829673768455876e+00
4.990922869467611100e+00
4.991021306333566443e+00
4.991131252446646016e+00
4.991256179349000455e+00
4.991398034771407310e+00
4.991558241681629760e+00
4.991730302689100007e+00
4.991915168711418715e+00
4.992113706381493543e+00
4.992325418317193453e+00
4.992550218352549862e+00
4.992779521965855061e+00
4.993017230057589906e+00
4.993256870215259546e+00
4.993497791518889173e+00
4.993736727224162841e+00
4.993974590232094890e+00
4.994209009078761419e+00
4.994434292265644615e+00
4.994644278721383834e+00
4.994839687631896119e+00
4.995015050960204483e+00
4.995160495187586314e+00
4.995280343606567364e+00
4.995365088941027487e+00
4.995423737960364541e+00
4.995448862063195605e+00
4.995435121391630595e+00
4.995386779896644924e+00
4.995299896757779301e+00
4.995187397153777908e+00
4.995046240102229973e+00
4.994881206538258844e+00
4.994695300321757792e+00
4.994487146932364396e+00
4.994263813581051537e+00
4.994033757701250131e+00
4.993794593170019169e+00
4.993548619702192326e+00
4.993297391283991082e+00
4.993042803659770712e+00
4.992789594430210975e+00
4.992535797740998760e+00
4.992283873550328543e+00
4.992027316290620576e+00
4.991762561119827524e+00
4.991488142676386630e+00
4.991207641578946586e+00
4.990927468456064275e+00
4.990644428647791564e+00
4.990357515245412934e+00
4.990066824864332951e+00
4.989771670076732946e+00
4.989475844811384952e+00
4.989172993741664897e+00
4.988863811503828849e+00
4.988546209457994429e+00
4.988220191608847109e+00
4.987885272364795952e+00
4.987545248616219951e+00
4.987203040543676025e+00
4.986864432256401081e+00
4.986529828693449851e+00
4.986202884103835054e+00
4.985885953802347892e+00
4.985583989258588922e+00
4.985292084414244762e+00
4.985015079352737466e+00
4.984749026570203689e+00
4.984488834321232353e+00
4.984241699941190262e+00
4.984001756675276340e+00
4.983776586141172693e+00
4.983562432482575133e+00
4.983364538486783957e+00
4.983186547543590805e+00
4.983018441844468960e+00
4.982878511354066120e+00
4.982762576045208114e+00
4.982677683086804699e+00
4.982631298202760739e+00
4.982610078034196199e+00
4.982641093329731596e+00
4.982703510973808037e+00
4.982821508361231722e+00
4.982988373408299587e+00
4.983200083760750410e+00
4.983476354884190052e+00
4.983787623955142188e+00
4.984153410433065368e+00
4.984559112576974371e+00
4.985008808834685112e+00
4.985516482977403463e+00
4.986054985461963796e+00
4.986639309464229619e+00
4.987248566089404811e+00
4.987895541576874869e+00
4.988576873628628228e+00
4.989275242401492783e+00
4.990006734220517437e+00
4.990757352872027042e+00
4.991539294509424352e+00
4.992345995990767449e+00
4.993172063989772980e+00
4.994022268144621357e+00
4.994884072033895173e+00
4.995760108320249415e+00
4.996643269075287108e+00
4.997529296441210356e+00
4.998412004573477674e+00
4.999287890209092922e+00
5.000160256190433472e+00
5.001033453284039254e+00
5.001905635906591208e+00
5.002775596244467771e+00
5.003636012314093939e+00
5.004486640630495309e+00
5.005332706062329606e+00
5.006169691397084343e+00
5.006996831981672891e+00
5.007803007004991258e+00
5.008591108260884717e+00
5.009362336484923794e+00
5.010119684277310803e+00
5.010870892642274477e+00
5.011610906062855086e+00
5.012342061637176549e+00
5.013056313483250648e+00
5.013743517114055415e+00
5.014411863548887460e+00
5.015051580755246263e+00
5.015670925727319762e+00
5.016250849602949202e+00
5.016782974055242761e+00
5.017283004647327793e+00
5.017743425755036846e+00
5.018176835304333672e+00
5.018568901805415372e+00
5.018915069414510377e+00
5.019232104471161193e+00
5.019504144484383978e+00
5.019749135220631153e+00
5.019955518575592635e+00
5.020135201117230217e+00
5.020285650169681979e+00
5.020395813876967317e+00
5.020482429959085557e+00
5.020538887664881322e+00
5.020577635282389650e+00
5.020594199606422059e+00
5.020587645388878251e+00
5.020567747242021817e+00
5.020526081108693361e+00
5.020470331706311740e+00
5.020395209527779734e+00
5.020298433284479778e+00
5.020188471245784712e+00
5.020056384670753324e+00
5.019910242249462584e+00
5.019744302061591057e+00
5.019562020031007599e+00
5.019360876520368997e+00
5.019148003616574094e+00
5.018930545495094542e+00
5.018707413458466604e+00
5.018480038856357517e+00
5.018248857547730424e+00
5.018012854875268047e+00
5.017773972180875397e+00
5.017526310728134931e+00
5.017271667001041102e+00
5.017006728490086331e+00
5.016730373696625556e+00
