0.000000000000000000e+00
0.000000000000000000e+00
-1.311733853981423573e-08
-7.883058174229519421e-08
-2.453864374274417250e-07
-5.378682919854326575e-07
-1.012715293882138178e-06
-1.514058604925594206e-06
-2.276957021649650787e-06
5.187391786876114280e-07
7.161712927654663679e-06
2.068919427870241715e-05
4.736132752327648767e-05
8.856823966084451094e-05
1.480938570591661975e-04
2.315504273417446637e-04
3.450993804278823626e-04
4.952127842250320013e-04
6.907164102437945204e-04
9.375775961223100285e-04
1.245160063916728394e-03
1.622561177426860325e-03
2.077194040829227241e-03
2.616709953362034331e-03
3.254428988510654590e-03
3.995443320089863033e-03
4.851544087940738194e-03
5.838545894438313018e-03
6.958592718655156641e-03
8.233775979095985312e-03
9.659722780996851318e-03
1.125298891049056338e-02
1.300826866012244447e-02
1.494125801902442333e-02
1.705867070537238350e-02
1.934966895561843550e-02
2.183177012782722137e-02
2.449753839355139906e-02
2.735354799609808485e-02
3.041289228778510170e-02
3.368827212434439416e-02
3.718346167188314733e-02
4.087964463811544213e-02
4.479147154670386211e-02
4.892228264194160153e-02
5.325174677949577606e-02
5.779350776057869121e-02
6.255128431897788444e-02
6.753254849296241868e-02
7.274203259330422333e-02
7.814910609107644790e-02
8.377520818095833544e-02
8.961914796214730250e-02
9.565885383468301917e-02
1.019082589803281674e-01
1.083712913451734400e-01
1.150557162223401764e-01
1.219697530923429252e-01
1.290755774436536385e-01
1.364009632525983451e-01
1.439398850856366541e-01
1.516745992360653827e-01
1.596142490563930982e-01
1.677583141980709680e-01
1.760843547044339263e-01
1.845970930514874153e-01
1.932851298509182525e-01
2.021593232808651663e-01
2.112133796868863045e-01
2.204727168736996812e-01
2.299265076575818245e-01
2.395459987578930916e-01
2.493434311805310388e-01
2.593113144097866640e-01
2.694658632932247500e-01
2.797789068875851104e-01
2.902854247747005956e-01
3.009599240480008153e-01
3.118129571137967515e-01
3.228444595990720423e-01
3.340653153119625962e-01
3.454498453794064283e-01
3.570352895913663227e-01
3.687923200784269384e-01
3.807319040952268918e-01
3.928564735112730633e-01
4.051706906018797683e-01
4.176497348008696431e-01
4.303332837281768075e-01
4.431871481595579532e-01
4.562232299504820343e-01
4.694432373700682670e-01
4.828468783555571187e-01
4.964086242375913560e-01
5.101657565293850061e-01
5.241437740979730808e-01
5.383352955041469379e-01
5.527441688237726414e-01
5.673972936330378136e-01
5.822821171937524465e-01
5.974031921086847552e-01
6.127900667844354832e-01
6.284293814359246388e-01
6.443040676770745989e-01
6.604073305783807468e-01
6.767481179891167153e-01
6.933214731870230851e-01
7.101295824704701998e-01
7.271255763230854985e-01
7.443282194791371875e-01
7.617403264699513787e-01
7.793720837293202086e-01
7.972547133622701621e-01
8.153397806344564458e-01
8.336673005281025617e-01
8.522350152192645911e-01
8.710751577077442409e-01
8.901756854711111444e-01
9.095460768399771245e-01
9.291783996282154678e-01
9.490851565061146911e-01
9.692347927747304581e-01
9.896489329991873252e-01
1.010305327957683463e+00
1.031167904919200851e+00
1.052243773525768145e+00
1.073553857391887245e+00
1.095035192555003700e+00
1.116732267921977551e+00
1.138633865898662112e+00
1.160777418201976108e+00
1.183151802605204805e+00
1.205731114929728509e+00
1.228531546181254486e+00
1.251550933903269769e+00
1.274742829388193943e+00
1.298167399948649159e+00
1.321782006805948928e+00
1.345646745747141715e+00
1.369751088207774359e+00
1.394056074207835172e+00
1.418579604214244005e+00
1.443347615784220661e+00
1.468287119453959289e+00
1.493451079910807389e+00
1.518824238365702461e+00
1.544446289127879179e+00
1.570305256432108942e+00
1.596352819984965477e+00
1.622609479015879819e+00
1.649099332874827795e+00
1.675757479256206439e+00
1.702596497124248653e+00
1.729621865337901632e+00
1.756837658470683516e+00
1.784257630890422330e+00
1.811799912041240246e+00
1.839504911488109240e+00
1.867329029625468761e+00
1.895285021847301188e+00
1.923370256012493007e+00
1.951627986019664585e+00
1.980040852612071633e+00
2.008650521820598112e+00
2.037402290886455081e+00
2.066346020287090024e+00
2.095449506825023622e+00
2.124731182640605898e+00
2.154166345184856723e+00
2.183783323353343686e+00
2.213587693756633001e+00
2.243601319378428993e+00
2.273840725010448427e+00
2.304290968960338581e+00
2.334964694565349941e+00
2.365830428188855361e+00
2.396905707901532345e+00
2.428155238216931799e+00
2.459591514652783584e+00
2.491183554714734072e+00
2.522944202011639270e+00
2.554842845982128186e+00
2.586881684845500740e+00
2.619042682236248254e+00
2.651321606224590788e+00
2.683712002819591991e+00
2.716186031883770280e+00
2.748735675400310274e+00
2.781341688221507180e+00
2.813980378693155870e+00
2.846641048973613142e+00
2.879299351757579561e+00
2.911948639935069583e+00
2.944573034828716018e+00
2.977164887970500384e+00
3.009715702122264247e+00
3.042216875141673604e+00
3.074658152645640907e+00
3.107035829609447131e+00
3.139337758606486783e+00
3.171543702667766418e+00
3.203650402611308845e+00
3.235631489342265965e+00
3.267471079414897783e+00
3.299152090138012028e+00
3.330654515808635807e+00
3.361961743420177395e+00
3.393062614983135106e+00
3.423921250885539447e+00
3.454539546555094987e+00
3.484944119041972321e+00
3.515126118248514953e+00
3.545056171005778189e+00
3.574705068653636353e+00
3.604051255768352391e+00
3.633100931232982944e+00
3.661839949673229899e+00
3.690319063252026410e+00
3.718522655552441325e+00
3.746494128292614523e+00
3.774176158493572686e+00
3.801619603222424093e+00
3.828823446816021825e+00
3.855738763397748237e+00
3.882382146900708264e+00
3.908718204086834902e+00
3.934802205151135102e+00
3.960643512791210963e+00
3.986252903526837255e+00
4.011631989067609538e+00
4.036797098702008313e+00
4.061731748169475686e+00
4.086454374378734933e+00
4.110956787651592670e+00
4.135255076473766778e+00
4.159360658711010572e+00
4.183299943989331027e+00
4.207069730347210879e+00
4.230690116470868567e+00
4.254156126564557994e+00
4.277480885571057989e+00
4.300654780453259107e+00
4.323686594551617191e+00
4.346558367794568056e+00
4.369304058140332181e+00
4.391898638790661558e+00
4.414338218754346066e+00
4.436607677525098659e+00
4.458700077122266237e+00
4.480625557488019162e+00
4.502370616978222273e+00
4.523936872070842163e+00
4.545332204884105387e+00
4.566548292225413697e+00
4.587575239723735265e+00
4.608420137947613071e+00
4.629071423595959800e+00
4.649529957359845866e+00
4.669745502060468567e+00
4.689721804445798448e+00
4.709439718311841716e+00
4.728906378334577276e+00
4.748142760580594590e+00
4.767143311089093949e+00
4.785915121620710089e+00
4.804421383923108912e+00
4.822670405691678930e+00
4.840687548702771181e+00
4.858441804235989814e+00
4.875958554333264416e+00
4.893248819893414314e+00
4.910323539560848438e+00
4.927181160038524688e+00
4.943843177145534895e+00
4.960300024336391722e+00
4.976565777844006000e+00
4.992627291267925926e+00
5.008486307447964414e+00
5.024110741203839048e+00
5.039504245108181735e+00
5.054694722479397662e+00
5.069674546307140872e+00
5.084454187935405933e+00
5.099043141192012740e+00
5.113450041597896067e+00
5.127675230091624847e+00
5.141717670744472279e+00
5.155583666151576594e+00
5.169256671255642033e+00
5.182737629002148516e+00
5.196058691328579116e+00
5.209206388777309016e+00
5.222163585012966180e+00
5.234927277153545333e+00
5.247505417650752513e+00
5.259913112705760341e+00
5.272148308342509360e+00
5.284194366520457820e+00
5.296051088160091069e+00
5.307702927177959218e+00
5.319187658613735437e+00
5.330504918879086951e+00
5.341653048580701224e+00
5.352628311699444197e+00
5.363413152283245111e+00
5.374041946714931406e+00
5.384493604486995544e+00
5.394773482864910541e+00
5.404863500183635594e+00
5.414766837543063538e+00
5.424495955890231258e+00
5.434034050887636802e+00
5.443389913028291893e+00
5.452547610586695015e+00
5.461512049621156883e+00
5.470294652765802290e+00
5.478881378954461923e+00
5.487282504027895413e+00
5.495484426802210720e+00
5.503492486661485827e+00
5.511318594997934639e+00
5.518948236888459924e+00
5.526389970367960203e+00
5.533630233591607883e+00
5.540672593301346538e+00
5.547527905291130601e+00
5.554184286182930919e+00
5.560651220863869426e+00
5.566917305773308122e+00
5.572988493031075130e+00
5.578865461534073589e+00
5.584538937395623570e+00
5.590017194336465600e+00
5.595305150931887184e+00
5.600405367797425704e+00
5.605315759366563455e+00
5.610028113907388203e+00
5.614555718487313385e+00
5.618905747121384131e+00
5.623083574062397894e+00
5.627078259175828379e+00
5.630892422979882461e+00
5.634533820038846841e+00
5.638006203061155297e+00
5.641313544398357749e+00
5.644445730632354774e+00
5.647405759578755458e+00
5.650200236028243950e+00
5.652818794137050240e+00
5.655265463477183729e+00
5.657532311266471936e+00
5.659622236227800585e+00
5.661541326975633837e+00
5.663280936664154552e+00
5.664844776427558237e+00
5.666226328050903760e+00
5.667427910825423076e+00
5.668454943334869434e+00
5.669300768410972857e+00
5.669968008807114046e+00
5.670450634768418041e+00
5.670750540083459690e+00
5.670872031560351800e+00
5.670807416791281419e+00
5.670559366977028226e+00
5.670121531373075285e+00
5.669494734442046990e+00
5.668676820209435085e+00
5.667670165931991910e+00
5.666472945174388265e+00
5.665082324108294820e+00
5.663501492699793971e+00
5.661727475037983126e+00
5.659764674117973016e+00
5.657610505780389154e+00
5.655260678639820071e+00
5.652720747402121937e+00
5.649987194946219482e+00
5.647067048361708252e+00
5.643957994392326150e+00
5.640654689779688091e+00
5.637164692392754972e+00
5.633483835568832809e+00
5.629619454851555460e+00
5.625567045321867354e+00
5.621331755330965407e+00
5.616911320200367541e+00
5.612310216834947241e+00
5.607527726700707760e+00
5.602570333888933440e+00
5.597434952071115077e+00
5.592135398796006740e+00
5.586669701745912597e+00
5.581041614225313197e+00
5.575260957291527930e+00
5.569325341990396083e+00
5.563251656701967640e+00
5.557037226965830357e+00
5.550696890166210373e+00
5.544234649947094695e+00
5.537643067052768764e+00
5.530936108639644466e+00
5.524118982961582880e+00
5.517213093450474837e+00
5.510224655082630818e+00
5.503161966612744926e+00
5.496040694525648362e+00
5.488866540601660127e+00
5.481655810287405117e+00
5.474421653559613965e+00
5.467176477125097023e+00
5.459931009223866205e+00
5.452703236749576909e+00
5.445502376964497238e+00
5.438340939095425597e+00
5.431233792713093145e+00
5.424192911794590621e+00
5.417226944377826925e+00
5.410348213723109367e+00
5.403565482905314354e+00
5.396883075645374284e+00
5.390303556731151247e+00
5.383835457971500205e+00
5.377482095172809728e+00
5.371244359424518500e+00
5.365135421564983353e+00
5.359153581669735544e+00
5.353308305552411994e+00
5.347599972894597542e+00
5.342030895760464304e+00
5.336607966831135030e+00
5.331334832718777506e+00
5.326217418721126862e+00
5.321259672751830649e+00
5.316466425171302745e+00
5.311841024866508221e+00
5.307391432037756651e+00
5.303115774801179683e+00
5.299021820536062855e+00
5.295105413904592773e+00
5.291370556166574701e+00
5.287816065361902851e+00
5.284442992320463439e+00
5.281248372009202718e+00
5.278238649180337916e+00
5.275405624022886819e+00
5.272743414154454911e+00
5.270251015385791327e+00
5.267917581012651063e+00
5.265742856821224116e+00
5.263723578414126969e+00
5.261841825505896963e+00
5.260100224724217455e+00
5.258483418187304359e+00
5.256989277860328436e+00
5.255612073650762106e+00
5.254333454480572208e+00
5.253150068482561608e+00
5.252053045069976278e+00
5.251039894482298465e+00
5.250101586094304551e+00
5.249226683190270748e+00
5.248408610334798219e+00
5.247633732667369877e+00
5.246902234217328598e+00
5.246201876064938929e+00
5.245528432315390788e+00
5.244873432776134159e+00
5.244236665180127765e+00
5.243605397453705130e+00
5.242979795148770883e+00
5.242354373669425804e+00
5.241721726020972305e+00
5.241077425515454635e+00
5.240419160088699790e+00
5.239737873559993986e+00
5.239031499585313334e+00
5.238294761737986249e+00
5.237522258198066716e+00
5.236710189169451191e+00
5.235855406632826003e+00
5.234953171050353404e+00
5.234000914951963956e+00
5.232995134553118710e+00
5.231933497971101410e+00
5.230817142388030305e+00
5.229648133402868382e+00
5.228425572624606943e+00
5.227149194887084072e+00
5.225816635599537463e+00
5.224425442626876581e+00
5.222975192478104489e+00
5.221467936000032672e+00
5.219905946811838504e+00
5.218288615008995102e+00
5.216615944614813039e+00
5.214886634161875811e+00
5.213105768522427574e+00
5.211275870165037460e+00
5.209401301255630834e+00
5.207481979092763780e+00
5.205515825262474472e+00
5.203508518448279219e+00
5.201461097559140434e+00
5.199380824824975988e+00
5.197271718492912917e+00
5.195136480441497895e+00
5.192977669796157159e+00
5.190793731769728581e+00
5.188590639194655019e+00
5.186369842698978161e+00
5.184138279667305227e+00
5.181898205092355880e+00
5.179647251030608857e+00
5.177388551941320749e+00
5.175120281389161470e+00
5.172847862502737648e+00
5.170573360582991995e+00
5.168300043156548895e+00
5.166030568292543812e+00
5.163764145782396398e+00
5.161501061877413754e+00
5.159238922557040752e+00
5.156980173250837574e+00
5.154725858232183988e+00
5.152479196598931388e+00
5.150242571344777254e+00
5.148018744399949220e+00
5.145805664619609310e+00
5.143603733739062989e+00
5.141414132079288102e+00
5.139239762088461561e+00
5.137083598634405668e+00
5.134948668589992771e+00
5.132839834651155897e+00
5.130755721589727258e+00
5.128697397371929867e+00
5.126666735371751216e+00
5.124665975680751551e+00
5.122698848953647577e+00
5.120767630597754305e+00
5.118874371906921183e+00
5.117020457050010407e+00
5.115206359734937536e+00
5.113432696869775640e+00
5.111699554136201584e+00
5.110006806364462584e+00
5.108354791065858436e+00
5.106742637565539589e+00
5.105170502623723294e+00
5.103637534490035321e+00
5.102144531270670136e+00
5.100691419204878230e+00
5.099276961347269044e+00
5.097901224008009713e+00
5.096563159337446969e+00
5.095262898465798607e+00
5.094001283159660609e+00
5.092776932230400178e+00
5.091589805966425075e+00
5.090438708400535361e+00
5.089323765820073397e+00
5.088244759848521426e+00
5.087202659880922795e+00
5.086191929986881632e+00
5.085212747862743576e+00
5.084259166008042286e+00
5.083328344708490043e+00
5.082419870456862832e+00
5.081535157671380531e+00
5.080677520444799811e+00
5.079843472277929095e+00
5.079034445097853734e+00
5.078245507439783424e+00
5.077475026583482709e+00
5.076724227851440396e+00
5.075988851001669744e+00
5.075269677451063721e+00
5.074562118610550066e+00
5.073864878302623893e+00
5.073179273566413627e+00
5.072506809791732074e+00
5.071851168310452351e+00
5.071210259681748767e+00
5.070585549732852471e+00
5.069973618610013055e+00
5.069373007191527059e+00
5.068785366563308692e+00
5.068209984114576017e+00
5.067645364588308610e+00
5.067088578341711447e+00
5.066535740679312561e+00
5.065988358294773342e+00
5.065445947421896022e+00
5.064911626612947693e+00
5.064386704897689384e+00
5.063870138636040075e+00
5.063359699396597691e+00
5.062852367198274806e+00
5.062349826952622145e+00
5.061851879431114476e+00
5.061361749543056732e+00
5.060880679970786389e+00
5.060407531893060806e+00
5.059940333998010686e+00
5.059476140698598634e+00
5.059016594177291104e+00
5.058561652114793361e+00
5.058109272791250888e+00
5.057656787557704980e+00
5.057200942969127588e+00
5.056743184698923699e+00
5.056283131426377864e+00
5.055820367148324834e+00
5.055354459656580701e+00
5.054885111635729622e+00
5.054411832800314031e+00
5.053934169186458547e+00
5.053451719841167922e+00
5.052964012956426387e+00
5.052470617404386743e+00
5.051973539216622733e+00
5.051470812631949414e+00
5.050963153874679534e+00
5.050448090171620663e+00
5.049926052725121295e+00
5.049399446135566016e+00
5.048870749173866024e+00
5.048343000522064195e+00
5.047819213641988156e+00
5.047302749900327790e+00
5.046791818922566009e+00
5.046286076491878880e+00
5.045786749085593215e+00
5.045295576116250125e+00
5.044815159065828780e+00
5.044342960639105478e+00
5.043878127185807969e+00
5.043421557543980249e+00
5.042974741345451761e+00
5.042540093733179241e+00
5.042116621991800329e+00
5.041706495320604553e+00
5.041309360562073572e+00
5.040921351572680287e+00
5.040543484835135146e+00
5.040173499209988250e+00
5.039812676271605341e+00
5.039459857752728311e+00
5.039110922997998898e+00
5.038766448756861749e+00
5.038424120171178799e+00
5.038085058031787078e+00
5.037747650778106490e+00
5.037413372991793814e+00
5.037081579564326894e+00
5.036749718299323497e+00
5.036419602668100737e+00
5.036090624889546064e+00
5.035765677949600949e+00
5.035445146745257894e+00
5.035127090959066187e+00
5.034812345540339074e+00
5.034498344695383487e+00
5.034185212327355607e+00
5.033872349260564150e+00
5.033562712555940344e+00
5.033256472813154581e+00
5.032957088647599164e+00
5.032665304279142937e+00
5.032379141411000845e+00
5.032101036997700838e+00
5.031830494141394716e+00
5.031570765914584520e+00
5.031322457490678524e+00
5.031083244307155589e+00
5.030855577120746602e+00
5.030638749448772096e+00
5.030436042135770336e+00
5.030248090660388804e+00
5.030073191801275101e+00
5.029908348357492898e+00
5.029749134907687491e+00
5.029596327997933436e+00
5.029448367169315759e+00
5.029307665785963444e+00
5.029174165044169698e+00
5.029045354778137522e+00
5.028923327176090474e+00
5.028807357883271045e+00
5.028700497698229910e+00
5.028603180878056023e+00
5.028513142930536084e+00
5.028432106942131163e+00
5.028358446474380905e+00
5.028294095297538568e+00
5.028238104663983243e+00
5.028186715257547235e+00
5.028140574235663074e+00
5.028097503011309755e+00
5.028058762730294617e+00
5.028022884210302301e+00
5.027990800145277994e+00
5.027961119139296997e+00
5.027936398843964483e+00
5.027916671150093997e+00
5.027899818345401783e+00
5.027888104557720617e+00
5.027881063228784697e+00
5.027881967363870608e+00
5.027891358033746982e+00
5.027907663431477658e+00
5.027928406360086200e+00
5.027950302424368800e+00
5.027975209123913380e+00
5.028002940902013052e+00
5.028031908042255971e+00
5.028059627331320058e+00
5.028083106397178703e+00
5.028104083294973492e+00
5.028122478840168164e+00
5.028141802365651891e+00
5.028163295358179852e+00
5.028186177497490306e+00
5.028208739743793565e+00
5.028228452061527243e+00
5.028247437107134843e+00
5.028265713652587898e+00
5.028281862015362869e+00
5.028293526702554139e+00
5.028297942038851609e+00
5.028296886898687035e+00
5.028290334190469224e+00
5.028279466368486439e+00
5.028261273531471787e+00
5.028234742342257313e+00
5.028198782033515890e+00
5.028152163503921024e+00
5.028093762165164904e+00
5.028022211748403691e+00
5.027936317376087594e+00
5.027834717356824967e+00
5.027715950156788516e+00
5.027579668038750782e+00
5.027429263643214519e+00
5.027266907855162614e+00
5.027093400783131827e+00
5.026908906190881154e+00
5.026713480423429026e+00
5.026509147859403726e+00
5.026296292986014436e+00
5.026073574680129497e+00
5.025838831416556296e+00
5.025590052730629864e+00
5.025329031772207244e+00
5.025056305784028510e+00
5.024772821828021208e+00
5.024476101133269701e+00
5.024165574698937320e+00
5.023842159002316343e+00
5.023507788120997297e+00
5.023164441301715577e+00
5.022810196704459607e+00
5.022444867133391888e+00
5.022069791383340309e+00
5.021686996980801787e+00
5.021299137636319188e+00
5.020909155807689039e+00
5.020520294509126735e+00
5.020130955740108369e+00
5.019741288810267044e+00
5.019352710223986769e+00
5.018967338814630530e+00
5.018588185883356978e+00
5.018213045462264432e+00
5.017841701708031010e+00
5.017475330024255165e+00
5.017115895576072404e+00
5.016766518517624895e+00
5.016424870393467295e+00
5.016090858555626752e+00
5.015761566474331801e+00
5.015437680534318154e+00
5.015117229498223139e+00
5.014798173806861215e+00
5.014483633130088158e+00
5.014175394191636492e+00
5.013873696434540506e+00
5.013578229095084993e+00
5.013287883172973913e+00
5.013006609897359134e+00
5.012736870213643670e+00
5.012479248563991518e+00
5.012233905787811139e+00
5.011999985105589417e+00
5.011776527050182395e+00
5.011562156263038581e+00
5.011356498203471510e+00
5.011159840910926810e+00
5.010972791030302353e+00
5.010796325966015097e+00
5.010631647068305661e+00
5.010480049685805071e+00
5.010342998733041675e+00
5.010221881070403782e+00
5.010118220658271504e+00
5.010034563564927268e+00
5.009966938141964476e+00
5.009913186016724751e+00
5.009872537073912113e+00
5.009844818066572891e+00
5.009831287486246509e+00
5.009827194886690371e+00
5.009829904939048895e+00
5.009838327095146759e+00
5.009852110885783638e+00
5.009871598276310678e+00
5.009897442144810142e+00
5.009930978332648444e+00
5.009969004317189167e+00
5.010011131278242047e+00
5.010053565021607369e+00
5.010095148271886067e+00
5.010137093499308136e+00
5.010176446730276290e+00
5.010212633324792719e+00
5.010242096499078812e+00
5.010263845006939221e+00
5.010279202544133170e+00
5.010290390535027782e+00
5.010300467870201224e+00
5.010308132861628572e+00
5.010313929151398504e+00
5.010317539447806112e+00
5.010322863811397909e+00
5.010331937219834941e+00
5.010345150126031655e+00
5.010362021268465860e+00
5.010381255746706231e+00
5.010405283871461002e+00
5.010434199337271188e+00
5.010465857017209146e+00
5.010497341787797154e+00
5.010525364946461835e+00
5.010551363083887821e+00
5.010575169032327913e+00
5.010600034485925391e+00
5.010627038321347371e+00
5.010655270997323107e+00
5.010683323900105179e+00
5.010709510923718746e+00
5.010732981789280949e+00
5.010753504271507452e+00
5.010766179264409814e+00
5.010768094220928504e+00
5.010758048140941057e+00
5.010735536295485737e+00
5.010700634518668650e+00
5.010653901976564129e+00
5.010596048101814581e+00
5.010528177759640656e+00
5.010451413496427087e+00
5.010366915241843522e+00
5.010276079337140587e+00
5.010180095276822954e+00
5.010078303982532510e+00
5.009969182993313730e+00
5.009850734259030602e+00
5.009725201186752130e+00
5.009592955308995954e+00
5.009454018036865186e+00
5.009308175492130921e+00
5.009155225438094661e+00
5.008999527442297151e+00
5.008843975459253528e+00
5.008690132872229306e+00
5.008538987758598182e+00
5.008390734410872902e+00
5.008245358477375397e+00
5.008102725707955116e+00
5.007962299372098691e+00
5.007823541221238628e+00
5.007685640073411548e+00
5.007547861962610369e+00
5.007409517412106048e+00
5.007274793247724176e+00
5.007146570627608817e+00
5.007026278284410381e+00
5.006914880332569595e+00
5.006812604014793777e+00
5.006719451631449935e+00
5.006635277924158522e+00
5.006559553044878541e+00
5.006491738782295364e+00
5.006431139941359021e+00
5.006377011389502307e+00
5.006328664809496232e+00
5.006285260460370701e+00
5.006246034136072609e+00
5.006210133047805044e+00
5.006176690932859330e+00
5.006144882448514188e+00
5.006117909302499669e+00
5.006097132122174109e+00
5.006082026959426834e+00
5.006071208322914856e+00
5.006062347086056796e+00
5.006058028985947317e+00
5.006058982457045836e+00
5.006064304530164932e+00
5.006072308028243434e+00
5.006080518755490871e+00
5.006091419231972317e+00
5.006105637701122824e+00
5.006122231608618911e+00
5.006139458706033274e+00
5.006154964039464694e+00
5.006171164763523862e+00
5.006188625974478335e+00
5.006211507431594931e+00
5.006241840980378832e+00
5.006279673589755674e+00
5.006324009727117108e+00
5.006372727304126968e+00
5.006428618439833222e+00
5.006492661157984081e+00
5.006564084775174450e+00
5.006641302219952294e+00
5.006721867797325309e+00
5.006808325489411793e+00
5.006901397117774266e+00
5.007001709872286987e+00
5.007109916796337323e+00
5.007227192622969447e+00
5.007348732435503713e+00
5.007471550860801202e+00
5.007593987490408516e+00
5.007715079271593872e+00
5.007834346684987281e+00
5.007950029726501384e+00
5.008059543556894866e+00
5.008164540742884974e+00
5.008264907728309900e+00
5.008363700890343218e+00
5.008461761343653507e+00
5.008557878797302187e+00
5.008653716369892095e+00
5.008747855014528128e+00
5.008841587155486330e+00
5.008933396040823105e+00
5.009019274813485190e+00
5.009099051122916535e+00
5.009170085153907159e+00
5.009232793407877971e+00
5.009284784998176754e+00
5.009321862875380837e+00
5.009343357532648255e+00
5.009346682451446320e+00
5.009331887350430002e+00
5.009296560238594154e+00
5.009239056946255708e+00
5.009161374319822002e+00
5.009063460102781917e+00
5.008944400765479088e+00
5.008802349234477091e+00
5.008636139950260358e+00
5.008447901404007752e+00
5.008238370476767010e+00
5.008008700723304507e+00
5.007760290952873561e+00
5.007494526396047974e+00
5.007213008331608428e+00
5.006917370932650435e+00
5.006609318426352040e+00
5.006290582923690557e+00
5.005962687155703250e+00
5.005625367781618706e+00
5.005281552469829087e+00
5.004932079894937935e+00
5.004580588436223110e+00
5.004228340855338075e+00
5.003879303692378322e+00
5.003534957750238377e+00
5.003194363212682738e+00
5.002860711386897030e+00
5.002534348277845488e+00
5.002219129300215172e+00
5.001916430948773140e+00
5.001624787508049508e+00
5.001347384082623471e+00
5.001084222237118126e+00
5.000839287342976114e+00
5.000614154806832801e+00
5.000407942833851926e+00
5.000218487347017238e+00
5.000041967725853631e+00
4.999880039675632659e+00
4.999731631737674320e+00
4.999599857919390544e+00
4.999485214056920590e+00
4.999385112647441787e+00
4.999301936330748930e+00
4.999234583138031596e+00
4.999186342738113353e+00
4.999157902842863876e+00
4.999147422346296388e+00
4.999151795998923120e+00
4.999166527201896137e+00
4.999192435811283808e+00
4.999228103905926091e+00
4.999273744723769397e+00
4.999323658351796595e+00
4.999374770675794721e+00
4.999425379703763106e+00
4.999474769034434551e+00
4.999522703825507897e+00
4.999568471382383805e+00
4.999610926201579986e+00
4.999653635504669680e+00
4.999698462551473988e+00
4.999745673472076213e+00
4.999794937181301080e+00
4.999845101130209635e+00
4.999899172349847376e+00
4.999957930566757192e+00
5.000020179995350311e+00
5.000083690290353822e+00
5.000145512521279478e+00
5.000207369071443253e+00
5.000269130538229412e+00
5.000333661544147823e+00
5.000401045470510120e+00
5.000472599421639686e+00
5.000545245339173661e+00
5.000618008309986706e+00
5.000691525125886550e+00
5.000767342462214771e+00
5.000847851592125970e+00
5.000930535686213041e+00
5.001014817156841374e+00
5.001101638213744316e+00
5.001192747200851940e+00
5.001290834876720659e+00
5.001393470414925879e+00
5.001500239861209174e+00
5.001606841045442842e+00
5.001711518126550793e+00
5.001814388134528500e+00
5.001913665100012452e+00
5.002010855539714029e+00
5.002105057104501817e+00
5.002193597829911909e+00
5.002277625571016628e+00
5.002356149530982066e+00
5.002431166395557405e+00
5.002502112151136160e+00
5.002566577033153550e+00
5.002625842071151574e+00
5.002679061000248950e+00
5.002728225542246498e+00
5.002772861090501344e+00
5.002810585207782879e+00
5.002842685484804264e+00
5.002868351200604913e+00
5.002889577206232730e+00
5.002906144896996032e+00
5.002920436826542527e+00
5.002932338610998286e+00
5.002939665301829208e+00
5.002943886065341239e+00
5.002944182326690914e+00
5.002942694431775195e+00
5.002939073668756897e+00
5.002930887242627023e+00
5.002919496304902403e+00
5.002904023932141619e+00
5.002886568468611017e+00
5.002866815372917664e+00
5.002845607712014697e+00
5.002820644157553787e+00
5.002792275031178626e+00
5.002758117369458191e+00
5.002718649725513167e+00
5.002676271693864862e+00
5.002629778934726268e+00
5.002580217914738725e+00
5.002525787907734056e+00
5.002467224518849065e+00
5.002407284677109267e+00
5.002344867829313202e+00
5.002281222199170152e+00
5.002214530906720746e+00
5.002145561995066103e+00
5.002077209041536854e+00
5.002008379446425401e+00
5.001940514179961106e+00
5.001871750475923584e+00
5.001802770155566513e+00
5.001731372149746058e+00
5.001658111154186237e+00
5.001585695804182663e+00
5.001512897270816715e+00
5.001441012006337949e+00
5.001368096862073287e+00
5.001294933003459064e+00
5.001224497938615343e+00
5.001155633302493797e+00
5.001089848368517998e+00
5.001025212360636907e+00
5.000962495012299946e+00
5.000902890982197313e+00
5.000842293985280129e+00
5.000778559227565978e+00
5.000710865408274586e+00
5.000639161300005853e+00
5.000563915525654046e+00
5.000485883508900109e+00
5.000406260150575655e+00
5.000326274917551217e+00
5.000247392510154931e+00
5.000171020585203685e+00
5.000098702060149058e+00
5.000032309754842252e+00
4.999968162858949405e+00
4.999904314787218418e+00
4.999840143919081825e+00
4.999775653667838604e+00
4.999711373727858899e+00
4.999642918403350400e+00
4.999567789509983484e+00
4.999485124256552560e+00
4.999394688662232689e+00
4.999296943098397783e+00
4.999192712511958625e+00
4.999082906711936225e+00
4.998968876488596003e+00
4.998851939644752385e+00
4.998733568862168575e+00
4.998615346616221977e+00
4.998498812597333085e+00
4.998382107466546209e+00
4.998266350859863039e+00
4.998149592541245134e+00
4.998032761737791319e+00
4.997913913438183364e+00
4.997788838688371094e+00
4.997656919872474290e+00
4.997515373313886400e+00
4.997364142276433441e+00
4.997201151028363597e+00
4.997027176357894618e+00
4.996844745483338457e+00
4.996653258465320491e+00
4.996454192679466111e+00
4.996246401853949415e+00
4.996031306721359755e+00
4.995812134910465829e+00
4.995588476732463867e+00
4.995362240634949380e+00
4.995132286287934598e+00
4.994899878632367063e+00
4.994663515742957749e+00
4.994424310904086894e+00
4.994185445811691437e+00
4.993946201913149530e+00
4.993708359822721654e+00
4.993470428604723566e+00
4.993233536873104228e+00
4.993001152761371131e+00
4.992772493716420179e+00
4.992549580279829868e+00
4.992330854088159242e+00
4.992117480114193206e+00
4.991909806113780768e+00
4.991707420833499498e+00
4.991509732585491577e+00
4.991315784156413748e+00
4.991124526579023168e+00
4.990934764724316075e+00
4.990748943910094937e+00
4.990566362273040291e+00
4.990389557350519034e+00
4.990218033231887951e+00
4.990054068770351847e+00
4.989902025833817589e+00
4.989761253483685266e+00
4.989633957585411395e+00
4.989518237449321880e+00
4.989414710961375121e+00
4.989326939312833886e+00
4.989253423055726167e+00
4.989196007875817962e+00
4.989152312562892710e+00
4.989123250776994034e+00
4.989107841816823097e+00
4.989104921541676063e+00
4.989113297802196811e+00
4.989131190076968814e+00
4.989162592909798022e+00
4.989210002951822709e+00
4.989274524937882482e+00
4.989356664925381324e+00
4.989456264184355838e+00
4.989572897482230651e+00
4.989705799597814462e+00
4.989854031860395445e+00
4.990016494359388766e+00
4.990192091151639531e+00
4.990379653054787923e+00
4.990577822051509571e+00
4.990785374756470105e+00
4.991000931154505160e+00
4.991223238840268195e+00
4.991451029743567247e+00
4.991682908724561329e+00
4.991919254421754992e+00
4.992161261666132610e+00
4.992411313265127326e+00
4.992666502933514217e+00
4.992926150843065791e+00
4.993185624967824587e+00
4.993442813422094062e+00
4.993697647809543838e+00
4.993950981985339155e+00
4.994204610310057468e+00
4.994455584290929728e+00
4.994703030328757620e+00
4.994947681784190685e+00
4.995190957024256306e+00
4.995435015487980301e+00
4.995677217751305577e+00
4.995916852972965394e+00
4.996154433585267896e+00
4.996391065422010058e+00
4.996628429930219717e+00
4.996864169317791315e+00
4.997098149772296161e+00
4.997328601613204135e+00
4.997557390111992959e+00
4.997784158274095390e+00
4.998006542384187512e+00
4.998221234198221730e+00
4.998424576170303446e+00
4.998616995255955153e+00
4.998797010484643977e+00
4.998962009850449917e+00
4.999108802903005078e+00
4.999234694953568869e+00
4.999340853396364359e+00
4.999426424134084002e+00
4.999489237362079841e+00
4.999526447524343276e+00
4.999535926223410698e+00
4.999518843482158914e+00
4.999475850894026685e+00
4.999409536237738649e+00
4.999320519680997776e+00
4.999208727053276569e+00
4.999077036532484364e+00
4.998926868096835285e+00
4.998761841257012506e+00
4.998583162606605512e+00
4.998390225742856074e+00
4.998181464721360712e+00
4.997955083374775676e+00
4.997712966364717957e+00
4.997455832914360130e+00
4.997186197799541318e+00
4.996904970363623910e+00
4.996615205679930227e+00
4.996322238122024473e+00
4.996027753346512057e+00
4.995735726685175848e+00
4.995447186355390201e+00
4.995165793684222422e+00
4.994892682538278450e+00
4.994625860390164540e+00
4.994367512364783046e+00
4.994116918195881993e+00
4.993876879283138948e+00
4.993647757855155689e+00
4.993426904019810486e+00
4.993216294378883369e+00
4.993014885422682347e+00
4.992825417213980543e+00
4.992647480138485250e+00
4.992484131430183325e+00
4.992336049985979685e+00
4.992200587962661196e+00
4.992079940385092840e+00
4.991972978639323877e+00
4.991882520162408632e+00
4.991809004766775359e+00
4.991749443088566274e+00
4.991706039791835359e+00
4.991677463748867005e+00
4.991666634906225752e+00
4.991673885527210253e+00
4.991696410522939331e+00
4.991733190949684484e+00
4.991783563393776824e+00
4.991847909285364260e+00
4.991926442092893268e+00
4.992019651575622774e+00
4.992128793445093748e+00
4.992254682319848591e+00
4.992398682373255347e+00
4.992561766250669386e+00
4.992745279210298648e+00
4.992951556860148798e+00
4.993176169923185803e+00
4.993416706888616829e+00
4.993671978140860723e+00
4.993941631882131915e+00
4.994226591574640217e+00
4.994521700541168840e+00
4.994824067528040423e+00
4.995132241646440541e+00
4.995445723372193392e+00
4.995764493520053584e+00
4.996088931324573323e+00
4.996420180226357033e+00
4.996754082354398996e+00
4.997088697242232591e+00
4.997423793921860202e+00
4.997759955214949201e+00
4.998098634953292319e+00
4.998436216364296136e+00
4.998771129834147509e+00
4.999103276717159261e+00
4.999433506901059587e+00
4.999763236256931087e+00
5.000093774932119040e+00
5.000426249864193373e+00
5.000758974502476306e+00
5.001088179188462490e+00
5.001413950050863200e+00
5.001734025056156163e+00
5.002048992762955670e+00
5.002356660297754054e+00
5.002653725879881108e+00
5.002940152871103940e+00
5.003214602066815786e+00
5.003477811558784794e+00
5.003728311254325156e+00
5.003965780145169795e+00
5.004191085460275801e+00
5.004402788380773792e+00
5.004600820175054032e+00
5.004783160506429240e+00
5.004949501759054620e+00
5.005097317683191882e+00
5.005227524383607296e+00
5.005341516972200644e+00
5.005438553091750009e+00
5.005518761460349353e+00
5.005579947248711470e+00
5.005623608642868483e+00
5.005651723813876686e+00
5.005666822871805088e+00
5.005669910041702586e+00
5.005662501580751211e+00
5.005645437659200780e+00
5.005619242852059614e+00
5.005585465821874358e+00
5.005544407544163299e+00
5.005497075430553444e+00
5.005443926783715192e+00
5.005385502469230197e+00
5.005322809810253126e+00
5.005256080063494650e+00
5.005186260346757621e+00
5.005113735612916948e+00
5.005039252102810643e+00
5.004963329294201735e+00
5.004882818273705070e+00
5.004797817142185856e+00
5.004710010773939288e+00
5.004622413468983844e+00
5.004539030128595023e+00
5.004459160994242595e+00
5.004384124581205739e+00
5.004311392525645275e+00
5.004241150202664912e+00
5.004175731255176451e+00
5.004113017538997177e+00
5.004053506333816514e+00
5.003994017904129343e+00
5.003934280564513948e+00
5.003876165630731343e+00
5.003817392847937029e+00
5.003758147786808941e+00
5.003695260658366450e+00
5.003628457532701468e+00
5.003559356647980572e+00
5.003489497219648641e+00
5.003419920014654743e+00
5.003351705870096922e+00
5.003285698657362168e+00
5.003221575454316117e+00
5.003157688737355002e+00
5.003092044228197643e+00
5.003022422152081816e+00
5.002951169502432016e+00
5.002878968533570614e+00
5.002804924612375359e+00
5.002727525322208990e+00
5.002644895021314042e+00
5.002559624532680438e+00
5.002472648978677050e+00
5.002383156385716845e+00
5.002289667012612462e+00
5.002190384505759368e+00
5.002087914491515797e+00
5.001983276600462602e+00
5.001880698431727446e+00
5.001782187134472757e+00
5.001687534371836108e+00
5.001595647320595361e+00
5.001504432470051498e+00
5.001416428875623765e+00
5.001332324644996774e+00
5.001251022642924760e+00
5.001170699004530817e+00
5.001088852234632398e+00
5.001007710801884443e+00
5.000927703617587206e+00
5.000848732091932369e+00
5.000770560395417341e+00
5.000692740794716151e+00
5.000619768211131522e+00
5.000554658299756206e+00
5.000499053867046406e+00
5.000453968913738834e+00
5.000419781498588456e+00
5.000396625084778002e+00
5.000384205025131479e+00
5.000382141123938418e+00
5.000389897280204998e+00
5.000406860997266278e+00
5.000432384234684946e+00
5.000465626355092397e+00
5.000505875546317647e+00
5.000552341990936789e+00
5.000604283341038681e+00
5.000660874193367356e+00
5.000721176692117353e+00
5.000787510999310292e+00
5.000859625140967601e+00
5.000934520747343903e+00
5.001013530960137565e+00
5.001095165900717454e+00
5.001181505016814022e+00
5.001271901961247046e+00
5.001363252011890914e+00
5.001456770833412335e+00
5.001550957925448238e+00
5.001647931702263961e+00
5.001746851552105966e+00
5.001844743268392790e+00
5.001942742431364053e+00
5.002039439000016685e+00
5.002136769883161804e+00
5.002233915097837880e+00
5.002333187537093551e+00
5.002434121493074315e+00
5.002534027762534308e+00
5.002634186560110940e+00
5.002733236720609433e+00
5.002833171469913687e+00
5.002933263948010634e+00
5.003030685858623094e+00
5.003126548614175384e+00
5.003219496358009444e+00
5.003311398226590434e+00
5.003401497343377358e+00
5.003489359870373576e+00
5.003571679407551542e+00
5.003648421635671362e+00
5.003717088756903131e+00
5.003777710135846490e+00
5.003828171293070781e+00
5.003869104838748250e+00
5.003903027097047485e+00
5.003929094105777686e+00
5.003948562369267883e+00
5.003960000061714375e+00
5.003964559672975376e+00
5.003965267272658224e+00
5.003961450303547664e+00
5.003954723030553886e+00
5.003943679768352304e+00
5.003929258424547832e+00
5.003909628000335452e+00
5.003883339946848530e+00
5.003849193086141511e+00
5.003806126015486910e+00
5.003753060945535402e+00
5.003689124440069413e+00
5.003613492762895021e+00
5.003525369353817531e+00
5.003423953736425567e+00
5.003308365615310116e+00
5.003177880123483412e+00
5.003032520544009820e+00
5.002876398246961287e+00
5.002712244726943425e+00
5.002541496195124004e+00
5.002365128305035213e+00
5.002183471434045181e+00
5.001996687576401257e+00
5.001804686468320327e+00
5.001607130561249726e+00
5.001403590571360525e+00
5.001193451658116018e+00
5.000976150930151576e+00
5.000751324035451972e+00
5.000521003194377201e+00
5.000284132305756302e+00
5.000042065512613654e+00
4.999793456942066783e+00
4.999539600108041881e+00
4.999282517004981052e+00
4.999019973334147160e+00
4.998751362432017231e+00
4.998472849428876152e+00
4.998183272462561000e+00
4.997883150540515018e+00
4.997574287876709320e+00
4.997258680723829727e+00
4.996934207789821336e+00
4.996600988432987833e+00
4.996260369606539520e+00
4.995914626308009865e+00
4.995566405430659884e+00
4.995213612392769065e+00
4.994856749922260697e+00
4.994497093856558934e+00
4.994137253053709813e+00
4.993779843114541706e+00
4.993427985422536963e+00
4.993085860349461669e+00
4.992751848288103922e+00
4.992426466532274176e+00
4.992111264802738368e+00
4.991808644049092081e+00
4.991522434614821258e+00
4.991250478383378208e+00
4.990992818009331700e+00
4.990750788580849751e+00
4.990526699368132313e+00
4.990324458442850108e+00
4.990141764041258199e+00
4.989979196656716631e+00
4.989834092892928119e+00
4.989708804469778158e+00
4.989603270478768948e+00
4.989514915235562675e+00
4.989440818410589173e+00
4.989376870137861353e+00
4.989324863925798326e+00
4.989284144370107477e+00
4.989258403582720547e+00
4.989249232242221943e+00
4.989255986665598996e+00
4.989277106530724204e+00
4.989309437291456817e+00
4.989355300341491883e+00
4.989415148936902078e+00
4.989487608776186356e+00
4.989570487078967886e+00
4.989660448052677388e+00
4.989759536816496421e+00
4.989867972603757806e+00
4.989984265931640017e+00
4.990106129620913045e+00
4.990230410297158414e+00
4.990359060524720114e+00
4.990491971692758710e+00
4.990632844458091633e+00
4.990783282763082696e+00
4.990942684116530970e+00
4.991109522918929287e+00
4.991281067694294471e+00
4.991459583568143010e+00
4.991645512099134763e+00
4.991837442016916704e+00
4.992033223791735530e+00
4.992229889242665308e+00
4.992429402305500474e+00
4.992631827390508370e+00
4.992839279046968670e+00
4.993049765622929570e+00
4.993263855113402983e+00
4.993478697820322942e+00
4.993694149090666556e+00
4.993912205568272533e+00
4.994130811917353086e+00
4.994350394832659745e+00
4.994568021896053978e+00
4.994783570806254680e+00
4.994998956101706078e+00
4.995212163760085922e+00
4.995423487874438351e+00
4.995630101396460354e+00
4.995831645003278254e+00
4.996025905984211590e+00
4.996213699507283224e+00
4.996393382831233687e+00
4.996561676899659687e+00
4.996718895251620829e+00
4.996863413697798073e+00
4.996996391315702724e+00
4.997116324857566738e+00
4.997220187906864730e+00
4.997308403759022966e+00
4.997379441696910618e+00
4.997434524165226932e+00
4.997472176205127070e+00
4.997491310892155703e+00
4.997494126711908180e+00
4.997481506845150356e+00
4.997457549461330473e+00
4.997423594867512087e+00
4.997379916104190301e+00
4.997327723585702763e+00
4.997269378475548862e+00
4.997208065254318043e+00
4.997147106573621045e+00
4.997085401153826822e+00
4.997023382679262937e+00
4.996958428852895651e+00
4.996890771369154827e+00
4.996817578672135163e+00
4.996736486552917356e+00
4.996649479175620634e+00
4.996556864137462917e+00
4.996457803229502836e+00
4.996350480838379404e+00
4.996233313482886018e+00
4.996108680701512483e+00
4.995977486547713120e+00
4.995839159627144532e+00
4.995691954389844369e+00
4.995534395658109972e+00
4.995368878290687320e+00
4.995196543269489808e+00
4.995018814176951594e+00
4.994832839433734684e+00
4.994637638487553488e+00
4.994433644347525458e+00
4.994222214900590373e+00
4.994005233187861492e+00
4.993785076242573950e+00
4.993564233080186376e+00
4.993340874918438033e+00
4.993115248930341643e+00
4.992889165606981372e+00
4.992665340033060062e+00
4.992447336640841726e+00
4.992233838949984737e+00
4.992025680829470957e+00
4.991819737524425982e+00
4.991615395460908822e+00
4.991414064754430946e+00
4.991216835518065942e+00
4.991024526309850273e+00
4.990837783858808052e+00
4.990657012489321254e+00
4.990483076077581792e+00
4.990317004163445702e+00
4.990160052616777087e+00
4.990013478844124606e+00
4.989879278427618914e+00
4.989753800638649928e+00
4.989635372542474911e+00
4.989524128985291185e+00
4.989420827327926133e+00
4.989327559656162592e+00
4.989240980743129938e+00
4.989159706643481407e+00
4.989084116284432824e+00
4.989015307341400529e+00
4.988955319476012562e+00
4.988904759817454959e+00
4.988863262053278014e+00
4.988829723122693238e+00
4.988802204363676829e+00
4.988784065600414763e+00
4.988776782948336930e+00
4.988780550766024113e+00
4.988794609547112735e+00
4.988817091646122748e+00
4.988851642812587528e+00
4.988899831091038628e+00
4.988961907712726962e+00
4.989037214484050686e+00
4.989123781392335921e+00
4.989225285392240750e+00
4.989343433458343746e+00
4.989478498989702970e+00
4.989629846069949082e+00
4.989796193450676043e+00
4.989975840695189291e+00
4.990166148453939243e+00
4.990370175227511140e+00
4.990589139185833467e+00
4.990822823293494359e+00
4.991070222467170581e+00
4.991328998658794092e+00
4.991602478682982458e+00
4.991892153419541955e+00
4.992197917703527388e+00
4.992518876496690794e+00
4.992853355970220619e+00
4.993199368383722359e+00
4.993554562110440465e+00
4.993916351836160672e+00
4.994281992431714556e+00
4.994648652005923672e+00
4.995013419356181039e+00
4.995373591933382151e+00
4.995731368664635852e+00
4.996087451133861101e+00
4.996441206190720408e+00
4.996791343729928947e+00
4.997136197913423672e+00
4.997476791892186299e+00
4.997811436396078832e+00
4.998136501576737167e+00
4.998451816890374211e+00
4.998755291592314798e+00
4.999047382701173881e+00
4.999326581437125050e+00
4.999593877963706134e+00
4.999849989548310170e+00
5.000095339104517755e+00
5.000330244064314478e+00
5.000554855506851304e+00
5.000769238624705793e+00
5.000973499421013990e+00
5.001167642720026230e+00
5.001351695939881381e+00
5.001525598879886125e+00
5.001689322389644587e+00
5.001842894902434722e+00
5.001986291319114208e+00
5.002119482647609416e+00
5.002242378270236323e+00
5.002354947891068271e+00
5.002457082014513112e+00
5.002548983603697152e+00
5.002631039092298337e+00
5.002703742160443667e+00
5.002767651601677024e+00
5.002823289855366617e+00
5.002871293322166402e+00
5.002912356549857442e+00
5.002946361809951448e+00
5.002972883986291919e+00
5.002991117849230562e+00
5.003000199207670917e+00
5.002999586188741965e+00
5.002991888041649737e+00
5.002977497164899923e+00
5.002959652729840556e+00
5.002938946253196129e+00
5.002914050969337723e+00
5.002887373583434716e+00
5.002858881250067391e+00
5.002831854466857742e+00
5.002806806122460870e+00
5.002786145299249476e+00
5.002768280767410758e+00
5.002753881711321071e+00
5.002745932820176655e+00
5.002742636582039992e+00
5.002745005435206060e+00
5.002750265669671847e+00
5.002758425505961171e+00
5.002771633544833563e+00
5.002790793939856151e+00
5.002815588130977709e+00
5.002845139946219710e+00
5.002877871271119936e+00
5.002917300344343232e+00
5.002965293180095863e+00
5.003022154544378708e+00
5.003087555903839245e+00
5.003160365035656199e+00
5.003239148825306515e+00
5.003322204777870930e+00
5.003407499816168169e+00
5.003492955572803602e+00
5.003576336985354978e+00
5.003655389843409296e+00
5.003728178523380699e+00
5.003797448112528024e+00
5.003864497922259069e+00
5.003929280431838045e+00
5.003991168539870138e+00
5.004049113311704211e+00
5.004105173733916168e+00
5.004158907470192652e+00
5.004208009562353787e+00
5.004254022192109019e+00
5.004296248921093593e+00
5.004337016044085651e+00
5.004376176002335086e+00
5.004416379670512782e+00
5.004457749391804988e+00
5.004498040664841163e+00
5.004538911034253523e+00
5.004579489289683991e+00
5.004622101833012593e+00
5.004666505952265254e+00
5.004710191425765231e+00
5.004754684747096505e+00
5.004799018826234125e+00
5.004845468353378735e+00
5.004893726234223017e+00
5.004942737638850225e+00
5.004992403916913801e+00
5.005043520096588594e+00
5.005095440249790251e+00
5.005146231216277997e+00
5.005197218277392501e+00
5.005246863013963932e+00
5.005296509492109358e+00
5.005344757947970180e+00
5.005387966952186574e+00
5.005426260973692365e+00
5.005457487516470572e+00
5.005482339861702101e+00
5.005498864677866422e+00
5.005503422817056070e+00
5.005495813744565758e+00
5.005474006146615196e+00
5.005438453363678875e+00
5.005387772777542210e+00
5.005323506378993592e+00
5.005248791453853485e+00
5.005163792324677452e+00
5.005070697487755460e+00
5.004969076839699937e+00
5.004860678575425048e+00
5.004744448568162696e+00
5.004617299232123173e+00
5.004479420780626242e+00
5.004328986769031928e+00
5.004166736946861427e+00
5.003991040894250730e+00
5.003800925658504539e+00
5.003599564348768958e+00
5.003388658659023491e+00
5.003168729813261884e+00
5.002939635300500676e+00
5.002701176190242016e+00
5.002457297471777586e+00
5.002210351423786783e+00
5.001961223212497920e+00
5.001710110110657581e+00
5.001456469678747574e+00
5.001199497179555920e+00
5.000938311321156959e+00
5.000676231374460379e+00
5.000414759115743735e+00
5.000153678180146777e+00
4.999892010213304872e+00
4.999628151049335223e+00
4.999365097982306771e+00
4.999104069666433503e+00
4.998847175640482199e+00
4.998591546331959456e+00
4.998336431169377647e+00
4.998082548928874047e+00
4.997831488614399298e+00
4.997585254767407115e+00
4.997346392189581543e+00
4.997118238107730370e+00
4.996898540826013146e+00
4.996686856941749966e+00
4.996484132213015350e+00
4.996292001688349416e+00
4.996113410209733097e+00
4.995945587800311394e+00
4.995787713201211844e+00
4.995640543717385640e+00
4.995505591770129428e+00
4.995385761055590734e+00
4.995278185409920191e+00
4.995182218849153699e+00
4.995096957310529717e+00
4.995021434472369570e+00
4.994954444444234198e+00
4.994896600828002242e+00
4.994849366638304922e+00
4.994815653778574394e+00
4.994792755264284345e+00
4.994780196253636895e+00
4.994776964228444527e+00
4.994781795593230989e+00
4.994793186591491185e+00
4.994809420312305903e+00
4.994828724098408834e+00
4.994849211686307910e+00
4.994868955389611287e+00
4.994886144454141252e+00
4.994903880269048635e+00
4.994923843338401781e+00
4.994946366534350979e+00
4.994971162057264991e+00
4.994997281916222498e+00
4.995028671314722502e+00
4.995067619792900260e+00
4.995114860655521127e+00
4.995170457646962880e+00
4.995233597182449969e+00
4.995303277354468108e+00
4.995378125631031452e+00
4.995457886722651786e+00
4.995542899654028979e+00
4.995634026932311400e+00
4.995729720727322132e+00
4.995825973325191960e+00
4.995923117999701013e+00
4.996018932289224779e+00
4.996114355441894972e+00
4.996207892573220732e+00
4.996299253836987475e+00
4.996389039079440764e+00
4.996478327954902987e+00
4.996568459081247582e+00
4.996661089169577963e+00
4.996758236302778933e+00
4.996856584022538073e+00
4.996954636922822601e+00
4.997052154759662024e+00
4.997149643138767416e+00
4.997248204019636653e+00
4.997345269084693342e+00
4.997440873556555196e+00
4.997536880313203866e+00
4.997636192175344050e+00
4.997742916201025842e+00
4.997856231941625538e+00
4.997977628721637977e+00
4.998104594941033874e+00
4.998237140583587923e+00
4.998377629904791952e+00
4.998523801010817280e+00
4.998676201444833822e+00
4.998831593296274356e+00
4.998989669452203799e+00
4.999152084416492947e+00
4.999320777668401661e+00
4.999497625711156523e+00
4.999684559083326540e+00
4.999884372069281824e+00
5.000093594672871511e+00
5.000310642192853372e+00
5.000535234114868111e+00
5.000767758558286147e+00
5.001009662314099380e+00
5.001256747185033547e+00
5.001506903557818795e+00
5.001759600615841350e+00
5.002015060051125950e+00
5.002274117204143167e+00
5.002537924046411177e+00
5.002808283432170988e+00
5.003081586244300993e+00
5.003356002173172001e+00
5.003631177707360322e+00
5.003907439778344290e+00
5.004185790004925138e+00
5.004462239420758074e+00
5.004734688116955432e+00
5.005002647614823275e+00
5.005266364658967682e+00
5.005526459640608827e+00
5.005779018285470450e+00
5.006021902295548109e+00
5.006254736366469338e+00
5.006477623930920551e+00
5.006691577504176038e+00
5.006897700945634355e+00
5.007096815588671923e+00
5.007285756463903503e+00
5.007463204110760735e+00
5.007629633485128018e+00
5.007786179887849798e+00
5.007934100697535307e+00
5.008070568362969155e+00
5.008194547756360748e+00
5.008306644535410079e+00
5.008408080390442940e+00
5.008500485098709376e+00
5.008583338348914893e+00
5.008657256448428186e+00
