0.000000000000000000e+00
0.000000000000000000e+00
-1.344310817330551985e-08
-8.124752071125840303e-08
-2.548929603563011455e-07
-5.667542188803056362e-07
-1.083325054196393805e-06
-1.611551573432735305e-06
-2.444827563294894530e-06
-3.324041402947843323e-06
-4.135452412583620316e-06
-5.104987952790909137e-06
-4.144022617538214724e-06
1.993334359440265550e-06
1.646381241357629735e-05
4.336055039516395265e-05
8.691334768286647838e-05
1.499714390104145466e-04
2.413677484457821384e-04
3.686663661812872479e-04
5.369395916079612455e-04
7.528934408639999590e-04
1.023652941427144469e-03
1.353948355159673156e-03
1.748675086042794950e-03
2.218435124001417146e-03
2.764669225058470538e-03
3.393866584143553564e-03
4.116137862644110405e-03
4.936640948495778398e-03
5.864286587080868099e-03
6.906234413823994847e-03
8.076123014531047528e-03
9.375892892918498076e-03
1.083059863790026590e-02
1.243267418488016966e-02
1.418554471477022870e-02
1.608738185509196034e-02
1.814585121019831812e-02
2.037336991771213079e-02
2.277299673899165974e-02
2.532814712866298876e-02
2.805142404182903171e-02
3.093215467079631423e-02
3.400117696865551098e-02
3.724209310158245467e-02
4.068400950773709557e-02
4.432919980629437817e-02
4.817052842720502548e-02
5.223185958012098451e-02
5.650460393770689871e-02
6.100880892618652102e-02
6.574513645514008797e-02
7.069358618601319366e-02
7.586536081179140467e-02
8.125447185381411142e-02
8.684546561583042501e-02
9.264152379377843527e-02
9.863910467966557905e-02
1.048587384973382886e-01
1.112965354476785490e-01
1.179195645604943915e-01
1.247390708480691640e-01
1.317377308164453253e-01
1.389454296384667886e-01
1.463460394893502658e-01
1.539172819410180304e-01
1.616703346525048546e-01
1.695837888275002758e-01
1.776740846191262879e-01
1.859265980277872155e-01
1.943599268947458214e-01
2.029722890411233549e-01
2.117427149568414380e-01
2.206735387597894560e-01
2.297782227550363432e-01
2.390578773771142029e-01
2.485007050786827709e-01
2.581242713485573659e-01
2.679228404317711698e-01
2.778801360879753490e-01
2.880103638921594489e-01
2.982995274816370168e-01
3.087636354719018317e-01
3.193965104375695585e-01
3.301780620370721175e-01
3.411150673185204263e-01
3.522288265977716049e-01
3.635089603219843757e-01
3.749612346444941013e-01
3.865800658021784075e-01
3.983786025796747787e-01
4.103525212560512059e-01
4.225158670698024310e-01
4.348661890779353945e-01
4.474227431569910984e-01
4.601904586110926454e-01
4.731318226610041755e-01
4.862673917566157633e-01
4.995730927739956417e-01
5.130771342073300323e-01
5.267892816816190926e-01
5.407147136484007355e-01
5.548469486986021826e-01
5.691968336854794641e-01
5.838018968854764568e-01
5.986022463594299348e-01
6.136069646631101548e-01
6.288098469529967982e-01
6.442227581296782191e-01
6.598691693101744749e-01
6.757374468599182116e-01
6.918452516351561998e-01
7.081613806043486337e-01
7.247143820081571874e-01
7.415101674352506667e-01
7.585688808713774156e-01
7.758897784505707218e-01
7.934209683690888193e-01
8.111882713590485849e-01
8.292336526666506114e-01
8.475635114465578379e-01
8.662104311738834106e-01
8.851295951162203579e-01
9.043567910943850485e-01
9.238630631719453312e-01
9.436365047250611093e-01
9.636626473222597022e-01
9.839494744096619616e-01
1.004406131819329806e+00
1.025078362539850296e+00
1.045935255602441716e+00
1.067027017191491733e+00
1.088362933710656621e+00
1.109909934118829433e+00
1.131701253965935905e+00
1.153711127356133348e+00
1.175981878355583765e+00
1.198497656897148600e+00
1.221216496542534502e+00
1.244143055990776903e+00
1.267254661635003110e+00
1.290579191759667177e+00
1.314107567385277564e+00
1.337807256296715375e+00
1.361685906961998871e+00
1.385725342348656630e+00
1.409948636606774830e+00
1.434308470800958135e+00
1.458864547327600070e+00
1.483579584673486274e+00
1.508440295771203754e+00
1.533478759840570138e+00
1.558645936564050150e+00
1.583999916628442195e+00
1.609492611006341001e+00
1.635177654341301912e+00
1.661016608790002014e+00
1.687029096201501099e+00
1.713211294725976330e+00
1.739581479147515708e+00
1.766137239054284214e+00
1.792835396841607087e+00
1.819698900297722632e+00
1.846709491327843455e+00
1.873909071997246434e+00
1.901240946367821483e+00
1.928752409533104784e+00
1.956401743010125038e+00
1.984212338045678203e+00
2.012218059614739207e+00
2.040424052790246190e+00
2.068812772348961992e+00
2.097389856890283344e+00
2.126145459726891840e+00
2.155081562117180827e+00
2.184189144686302431e+00
2.213469604567131377e+00
2.242890945986351969e+00
2.272465089872917954e+00
2.302192420080742874e+00
2.332069717959008859e+00
2.362085670546136384e+00
2.392235488012872224e+00
2.422501029089532132e+00
2.452874070719323285e+00
2.483331469610772224e+00
2.513840121344170342e+00
2.544383720472893184e+00
2.574944166258415379e+00
2.605508197859367492e+00
2.636061493471702821e+00
2.666590673044761939e+00
2.697082571104607140e+00
2.727522377089104388e+00
2.757897562101921718e+00
2.788191970900139705e+00
2.818393165186486637e+00
2.848483118132196346e+00
2.878450063780389812e+00
2.908297268465600993e+00
2.938003381804072056e+00
2.967573932722650909e+00
2.996989661768518776e+00
3.026259435728631875e+00
3.055365392283044823e+00
3.084319078043542550e+00
3.113102816656671212e+00
3.141729702070795049e+00
3.170182768419824271e+00
3.198477050379358033e+00
3.226596104219995098e+00
3.254556428507409560e+00
3.282339726999840668e+00
3.309960261896690792e+00
3.337399188593467958e+00
3.364672733858665943e+00
3.391761004046043748e+00
3.418677932337364833e+00
3.445401150301536930e+00
3.471944533899864460e+00
3.498285307005485567e+00
3.524435338095268211e+00
3.550369693354209932e+00
3.576100710943778793e+00
3.601602593973716182e+00
3.626861991003592411e+00
3.651946555689413731e+00
3.676829027250845705e+00
3.701560162619192518e+00
3.726107653692800614e+00
3.750512842253286738e+00
3.774742638186056265e+00
3.798801085070210970e+00
3.822688232973652678e+00
3.846384917810993898e+00
3.869892438963490111e+00
3.893194703177052407e+00
3.916341904715138877e+00
3.939315535143453229e+00
3.962126685694295158e+00
3.984756185129719963e+00
4.007197166994648896e+00
4.029436050966816119e+00
4.051468044832782667e+00
4.073349260405140448e+00
4.095060485914784110e+00
4.116609415129261151e+00
4.137977701738909886e+00
4.159157690123157280e+00
4.180157014444903396e+00
4.200966741159991358e+00
4.221602064684467415e+00
4.242049240187244052e+00
4.262304824904040501e+00
4.282358695581987895e+00
4.302207678869799601e+00
4.321871106937960505e+00
4.341337738350466324e+00
4.360606471613483137e+00
4.379668209866122375e+00
4.398521013573245320e+00
4.417203890398577748e+00
4.435688531712131066e+00
4.453991874769764436e+00
4.472090131357746579e+00
4.489998631790713901e+00
4.507739333227711143e+00
4.525278183535175636e+00
4.542633526638584662e+00
4.559812835768299877e+00
4.576815783098775015e+00
4.593646855667668838e+00
4.610277575567799602e+00
4.626725912407475327e+00
4.642999464586811342e+00
4.659072679594593147e+00
4.674956430510120775e+00
4.690662174538211993e+00
4.706180756405430543e+00
4.721516295984821809e+00
4.736664597109394137e+00
4.751629593685703590e+00
4.766413026169376899e+00
4.780986547783451002e+00
4.795361112669544568e+00
4.809540713146764013e+00
4.823505508020955013e+00
4.837263042048054018e+00
4.850819075420933046e+00
4.864154838636951972e+00
4.877276994303303859e+00
4.890196705177861425e+00
4.902917820528585047e+00
4.915441768482762264e+00
4.927766616657811127e+00
4.939891476944524129e+00
4.951820671871740132e+00
4.963552663639622331e+00
4.975083642319279242e+00
4.986417711094455640e+00
4.997548127487736025e+00
5.008479146078663291e+00
5.019212661102848472e+00
5.029741441324786955e+00
5.040068129614430070e+00
5.050194599941807638e+00
5.060125130728322596e+00
5.069845019296247202e+00
5.079362365320760020e+00
5.088658494666653986e+00
5.097744962886410214e+00
5.106628499344425975e+00
5.115294676736430013e+00
5.123748790935114705e+00
5.131978619412020493e+00
5.139993232205942952e+00
5.147798022345142499e+00
5.155400084570483266e+00
5.162805195168093775e+00
5.169997825935916502e+00
5.176985283807353788e+00
5.183755247310236847e+00
5.190313719228343281e+00
5.196649985030726171e+00
5.202769630864694683e+00
5.208680749848917380e+00
5.214388528779580589e+00
5.219898364261224444e+00
5.225214549616410409e+00
5.230342282370163964e+00
5.235270113662315872e+00
5.240002184227539495e+00
5.244528113022878024e+00
5.248853403047158750e+00
5.252983020559384819e+00
5.256921587899758386e+00
5.260672152057721540e+00
5.264224427357746983e+00
5.267584483340813861e+00
5.270755714789464363e+00
5.273741884544921987e+00
5.276545896843506611e+00
5.279159182921482341e+00
5.281588249966931770e+00
5.283835205600095009e+00
5.285894688383174334e+00
5.287768003955912732e+00
5.289455560610127449e+00
5.290959828958344602e+00
5.292280961141419660e+00
5.293414706007075310e+00
5.294360537320804028e+00
5.295120521203111608e+00
5.295683905423116400e+00
5.296054012790751386e+00
5.296226176318211465e+00
5.296197075819561562e+00
5.295966197470167280e+00
5.295534362489322078e+00
5.294894604751804401e+00
5.294054576525428324e+00
5.293012131595948411e+00
5.291767239714005200e+00
5.290324673050978532e+00
5.288688382798770071e+00
5.286867317551712020e+00
5.284860739553311149e+00
5.282672317916490279e+00
5.280307559067344947e+00
5.277770506435967235e+00
5.275071233803368287e+00
5.272205810243225876e+00
5.269186795050242011e+00
5.266020995670892546e+00
5.262713072294332051e+00
5.259273196155168861e+00
5.255699002439120804e+00
5.252002916330435589e+00
5.248188105815985161e+00
5.244267059260941721e+00
5.240248319202995830e+00
5.236135489040947277e+00
5.231944455796813997e+00
5.227681592399216370e+00
5.223359590763188010e+00
5.218986590499020473e+00
5.214571422630884356e+00
5.210120434159374980e+00
5.205642580086326632e+00
5.201146101647949216e+00
5.196639975303744663e+00
5.192136385733222781e+00
5.187643953258132434e+00
5.183174559766387191e+00
5.178734073931312132e+00
5.174333328599069581e+00
5.169979527289006782e+00
5.165679949218365152e+00
5.161444461340042977e+00
5.157278689736458865e+00
5.153191871339413588e+00
5.149190822834107450e+00
5.145281721347901183e+00
5.141472946697804858e+00
5.137774119669530570e+00
5.134187709981535619e+00
5.130719193512534915e+00
5.127368126803970583e+00
5.124140382105445646e+00
5.121040338272189629e+00
5.118063457006549299e+00
5.115212677711581613e+00
5.112485373312567916e+00
5.109886690670585097e+00
5.107420219624374980e+00
5.105080175543164067e+00
5.102869871104096511e+00
5.100785835230682963e+00
5.098833154285285829e+00
5.097014955723617291e+00
5.095330226415726749e+00
5.093776208454701582e+00
5.092344286734196146e+00
5.091037190103861576e+00
5.089855327153536280e+00
5.088796423444482464e+00
5.087857397267553594e+00
5.087034382516477216e+00
5.086322748357389401e+00
5.085717001477216392e+00
5.085211631836328294e+00
5.084800663026010525e+00
5.084478809827899681e+00
5.084238996909892450e+00
5.084071788689083604e+00
5.083977803889623281e+00
5.083955158038492073e+00
5.084001007342207501e+00
5.084110822585840239e+00
5.084279673864562810e+00
5.084503882510085226e+00
5.084777030368764272e+00
5.085093326141554293e+00
5.085446305630225261e+00
5.085830161181707609e+00
5.086239630003888124e+00
5.086666881462055478e+00
5.087111854461448424e+00
5.087570150887088971e+00
5.088037473430352620e+00
5.088508012091235599e+00
5.088974080627279406e+00
5.089434218314902836e+00
5.089884486479181014e+00
5.090325149317698639e+00
5.090753477347510270e+00
5.091164457221941220e+00
5.091552547608928059e+00
5.091912329812960714e+00
5.092241930124775884e+00
5.092538948395715970e+00
5.092802552191036725e+00
5.093029772323983906e+00
5.093217909207065297e+00
5.093365983973686895e+00
5.093472718355675610e+00
5.093537921972071558e+00
5.093561085023881496e+00
5.093542388758120154e+00
5.093479435356764284e+00
5.093370230930356790e+00
5.093213464139461522e+00
5.093008815167904935e+00
5.092755674614071637e+00
5.092454165207653816e+00
5.092106172951369913e+00
5.091713449197321495e+00
5.091277526976971224e+00
5.090799457492736657e+00
5.090280285316017839e+00
5.089722472640183959e+00
5.089129684927370612e+00
5.088502848284748303e+00
5.087844426842835333e+00
5.087154745074418116e+00
5.086434795918371776e+00
5.085683705347086914e+00
5.084898917960432030e+00
5.084080846073534943e+00
5.083228308322337519e+00
5.082341241227891437e+00
5.081419521855617738e+00
5.080464752974416243e+00
5.079480556609535569e+00
5.078467608677648570e+00
5.077427401381038763e+00
5.076360552521848035e+00
5.075269295188093110e+00
5.074158043625259573e+00
5.073027147116566660e+00
5.071879747720863030e+00
5.070716042282487734e+00
5.069537906708623254e+00
5.068349001618529748e+00
5.067152202638292913e+00
5.065951431008484107e+00
5.064745724710133068e+00
5.063535458805469958e+00
5.062322989615111624e+00
5.061110549854545226e+00
5.059901822494773604e+00
5.058695288958459102e+00
5.057491153838543418e+00
5.056291442277341730e+00
5.055098297881392533e+00
5.053915106641559518e+00
5.052745114775805568e+00
5.051592699276714171e+00
5.050456404300837754e+00
5.049336020635871947e+00
5.048233325766830148e+00
5.047150355341344152e+00
5.046090973975569050e+00
5.045052805753857506e+00
5.044035422342329156e+00
5.043040015610365856e+00
5.042068601834087893e+00
5.041125208424836579e+00
5.040207328411250742e+00
5.039314282523899458e+00
5.038447266431957061e+00
5.037608182045131500e+00
5.036801163169056572e+00
5.036023600386888788e+00
5.035276050927550706e+00
5.034554859089166889e+00
5.033858248355300269e+00
5.033187993454248499e+00
5.032546052324087249e+00
5.031936601164253453e+00
5.031357334839613671e+00
5.030809061589152087e+00
5.030287708776503663e+00
5.029791331315845326e+00
5.029320913019091677e+00
5.028875760274441831e+00
5.028453601213607627e+00
5.028051522212537705e+00
5.027665086674005579e+00
5.027295779796750352e+00
5.026942411201508421e+00
5.026608403871269282e+00
5.026294944497257333e+00
5.026000501314610069e+00
5.025726473113953929e+00
5.025469740951866271e+00
5.025229508249521082e+00
5.025008212017326947e+00
5.024802806215791229e+00
5.024613978719768781e+00
5.024437939418910481e+00
5.024273489440290952e+00
5.024122568048967175e+00
5.023982067197990453e+00
5.023852267299276697e+00
5.023729364570659328e+00
5.023612234570515866e+00
5.023502149196771072e+00
5.023401348773819386e+00
5.023313786728738073e+00
5.023238035455775297e+00
5.023175185864289460e+00
5.023122320297604304e+00
5.023078868455682411e+00
5.023046977684329839e+00
5.023023837286939575e+00
5.023009721051396426e+00
5.023001049857312772e+00
5.022996849050297641e+00
5.022998724531545278e+00
5.023003769472170532e+00
5.023011869402298935e+00
5.023019418573285932e+00
5.023025471680493403e+00
5.023031372942540429e+00
5.023036694132067659e+00
5.023039481962374708e+00
5.023037106134184526e+00
5.023026665119873613e+00
5.023009717301651911e+00
5.022986333246994839e+00
5.022959742066635869e+00
5.022931102637853584e+00
5.022899519831593551e+00
5.022863415896613226e+00
5.022820636297296026e+00
5.022773581135737686e+00
5.022722718061599423e+00
5.022666872258017889e+00
5.022604261546115723e+00
5.022532682165223861e+00
5.022454441541525760e+00
5.022369865344557205e+00
5.022277857649790178e+00
5.022176535136715358e+00
5.022063903461859269e+00
5.021942129729034754e+00
5.021812077665420482e+00
5.021677576459664394e+00
5.021540356350783441e+00
5.021400213956553671e+00
5.021255949202646285e+00
5.021105909280199953e+00
5.020952538277673405e+00
5.020796515380681946e+00
5.020636898854466068e+00
5.020471896974089354e+00
5.020299547163488363e+00
5.020122058501185869e+00
5.019940026009174439e+00
5.019754629580022609e+00
5.019562508517595667e+00
5.019362417457345238e+00
5.019154553821030262e+00
5.018939966855290535e+00
5.018720194192321848e+00
5.018497203008921659e+00
5.018273148292393238e+00
5.018045377319396039e+00
5.017813095224738618e+00
5.017576774207591406e+00
5.017337587678522226e+00
5.017097164073676119e+00
5.016852368561268705e+00
5.016602096704484204e+00
5.016346643341424105e+00
5.016087057457954579e+00
5.015824819577576754e+00
5.015556751487495468e+00
5.015281675846966714e+00
5.014999881384613722e+00
5.014712414590361433e+00
5.014420929008814198e+00
5.014127156546058117e+00
5.013832932354602256e+00
5.013536643607261034e+00
5.013239539934041922e+00
5.012939948213936958e+00
5.012638876883031003e+00
5.012337995206655350e+00
5.012034176455529177e+00
5.011726184466573031e+00
5.011414463666918451e+00
5.011099948694649697e+00
5.010784423386398956e+00
5.010465091017726635e+00
5.010141163317206825e+00
5.009813631733600836e+00
5.009484077429121385e+00
5.009154969302660909e+00
5.008825726134426226e+00
5.008498567377872135e+00
5.008173025285548086e+00
5.007845926021880167e+00
5.007518222292607568e+00
5.007188094330674133e+00
5.006857136485820980e+00
5.006524200735337438e+00
5.006185792309888249e+00
5.005842536313183544e+00
5.005492585932560523e+00
5.005137279813833828e+00
5.004775568952508635e+00
5.004408863370962024e+00
5.004040637908227396e+00
5.003670357649870226e+00
5.003300112707265157e+00
5.002928643671522124e+00
5.002557398190448090e+00
5.002187106607208555e+00
5.001818851304899560e+00
5.001453869899461502e+00
5.001093545255908879e+00
5.000739281212636556e+00
5.000392549594589120e+00
5.000054963750490522e+00
4.999728072916814980e+00
4.999413522405275145e+00
4.999112866332479754e+00
4.998828549401560295e+00
4.998556737841764352e+00
4.998295285587857073e+00
4.998043534418296296e+00
4.997801415228944499e+00
4.997569622972708459e+00
4.997347793260317417e+00
4.997134107721698193e+00
4.996932023780147780e+00
4.996743015942822552e+00
4.996566875053296997e+00
4.996402607241371641e+00
4.996247823990608516e+00
4.996105694200570824e+00
4.995977287513861498e+00
4.995863333277132057e+00
4.995764226752993586e+00
4.995680315976692043e+00
4.995612150447171551e+00
4.995561367043022116e+00
4.995524696938420384e+00
4.995502586732811778e+00
4.995491799452769222e+00
4.995491369589776021e+00
4.995503924779672644e+00
4.995526932638218121e+00
4.995561128907917592e+00
4.995603460187172828e+00
4.995653497452927638e+00
4.995713775322853323e+00
4.995781915529712514e+00
4.995858618698163944e+00
4.995940876162691779e+00
4.996028390747574655e+00
4.996123383647843141e+00
4.996225278644902623e+00
4.996337259325279945e+00
4.996460172112181297e+00
4.996592371107159813e+00
4.996731235261155923e+00
4.996872864418743454e+00
4.997018337666138343e+00
4.997166609649628555e+00
4.997318585940718982e+00
4.997470894658088802e+00
4.997622723204166562e+00
4.997775026612997884e+00
4.997929744987831491e+00
4.998089839394286749e+00
4.998253256275400958e+00
4.998420091631905038e+00
4.998590604352846967e+00
4.998765277291730591e+00
4.998944924629375564e+00
4.999124839834019340e+00
4.999302111516788827e+00
4.999475234082982666e+00
4.999643363996492340e+00
4.999806083615021102e+00
4.999960456934840813e+00
5.000106278701769824e+00
5.000245380100879267e+00
5.000376042758200690e+00
5.000498740502719031e+00
5.000611234639857017e+00
5.000713916902515876e+00
5.000808871544050405e+00
5.000894589812579838e+00
5.000971666376193170e+00
5.001037952175450663e+00
5.001093888457019965e+00
5.001141589472156923e+00
5.001183358875188389e+00
5.001221759419042456e+00
5.001259466383690899e+00
5.001299373649145785e+00
5.001339344561182898e+00
5.001378734691151351e+00
5.001418315048412389e+00
5.001459429880686258e+00
5.001504204196005610e+00
5.001549737865188305e+00
5.001594981250437222e+00
5.001640438239174813e+00
5.001687222087841000e+00
5.001737319018777050e+00
5.001787724925290668e+00
5.001837291007015907e+00
5.001886517016302491e+00
5.001936484167437413e+00
5.001989148801278873e+00
5.002041514284994328e+00
5.002092452316629689e+00
5.002142350927079484e+00
5.002192408835599124e+00
5.002244520869189692e+00
5.002299352765167129e+00
5.002356765509666126e+00
5.002415904763236831e+00
5.002475554949687542e+00
5.002538476360113506e+00
5.002604681511492402e+00
5.002677736107342454e+00
5.002758651312524840e+00
5.002845780665139408e+00
5.002941876726310966e+00
5.003046814121391961e+00
5.003164160821672368e+00
5.003295130834070292e+00
5.003437701121058900e+00
5.003594848580743104e+00
5.003766218658621590e+00
5.003955601725813551e+00
5.004164270080712740e+00
5.004391003150578499e+00
5.004633421201345023e+00
5.004887338906612193e+00
5.005154145855542858e+00
5.005433184646156164e+00
5.005721968721683623e+00
5.006017135560598241e+00
5.006314353078690438e+00
5.006614475447771717e+00
5.006916331864980307e+00
5.007222499970434448e+00
5.007533279799013748e+00
5.007846836738377050e+00
5.008162283592014319e+00
5.008479573235003812e+00
5.008799019113270745e+00
5.009121438630013579e+00
5.009442364342598708e+00
5.009759177856233592e+00
5.010070747204212083e+00
5.010376641351816929e+00
5.010676731254991800e+00
5.010966306004759119e+00
5.011242631685074223e+00
5.011504519946958780e+00
5.011751501627352390e+00
5.011983754981394590e+00
5.012201795123603532e+00
5.012405821412888152e+00
5.012593405798163815e+00
5.012764022976246459e+00
5.012915085462940290e+00
5.013046837739733697e+00
5.013160543732431584e+00
5.013254734335554907e+00
5.013329414154490848e+00
5.013382491150028208e+00
5.013414390771272267e+00
5.013426979452692223e+00
5.013422849731491659e+00
5.013404513054033451e+00
5.013370850776759369e+00
5.013322613971744168e+00
5.013261904727174034e+00
5.013191526673240972e+00
5.013114542799509188e+00
5.013029795984244252e+00
5.012937599808415357e+00
5.012835060503771700e+00
5.012721654862604126e+00
5.012598363250932998e+00
5.012463668162441266e+00
5.012318547280944614e+00
5.012161693131989892e+00
5.011994607417352476e+00
5.011820424447277489e+00
5.011639121292600585e+00
5.011452663081208847e+00
5.011260527043114088e+00
5.011064466206799572e+00
5.010868312405865943e+00
5.010672101049195248e+00
5.010478188289773982e+00
5.010285871519220002e+00
5.010096974416149429e+00
5.009910680247914527e+00
5.009723330351037340e+00
5.009534945717525112e+00
5.009343250977321027e+00
5.009148822619094332e+00
5.008949909588767291e+00
5.008744739281459246e+00
5.008536000257803877e+00
5.008325017622185626e+00
5.008111625319791926e+00
5.007895279067082761e+00
5.007674676316304918e+00
5.007453490278197528e+00
5.007233430767876747e+00
5.007014583876800984e+00
5.006796542877775202e+00
5.006578026978742990e+00
5.006362743532727144e+00
5.006152490085432838e+00
5.005948369304160650e+00
5.005751285763898828e+00
5.005561746849188864e+00
5.005380267786303072e+00
5.005207170142302431e+00
5.005042600078949633e+00
5.004886716228419630e+00
5.004739563340762309e+00
5.004601332439550632e+00
5.004472008958899210e+00
5.004351694403656126e+00
5.004240394156866500e+00
5.004138156684557082e+00
5.004044954196060324e+00
5.003961006092350061e+00
5.003884618297663067e+00
5.003813344204310454e+00
5.003743860499445972e+00
5.003677716284502530e+00
5.003614622900706799e+00
5.003557843520750836e+00
5.003508694638942877e+00
5.003466156084535044e+00
5.003428696083349614e+00
5.003394094651078206e+00
5.003365126169731170e+00
5.003343032637123322e+00
5.003327299060975619e+00
5.003316744906107338e+00
5.003309347664099960e+00
5.003308063845826048e+00
5.003314206643472595e+00
5.003327357425797040e+00
5.003346401199441296e+00
5.003369360990100212e+00
5.003397900010668309e+00
5.003431133772456185e+00
5.003467009836085388e+00
5.003505816417955110e+00
5.003549598711751756e+00
5.003601344609842627e+00
5.003665449293539957e+00
5.003740978185298616e+00
5.003829489210832371e+00
5.003928239634471531e+00
5.004037144826937400e+00
5.004158644713672999e+00
5.004290273972067382e+00
5.004432567963588596e+00
5.004582099653992699e+00
5.004738284964328265e+00
5.004903039392297970e+00
5.005073773712132024e+00
5.005250765569718929e+00
5.005430672262074943e+00
5.005612923316868468e+00
5.005794102605642948e+00
5.005974057559136270e+00
5.006155012697193207e+00
5.006335347295020277e+00
5.006516044829252721e+00
5.006694896370384562e+00
5.006872349977705916e+00
5.007049297876868366e+00
5.007221621554556634e+00
5.007387151830110739e+00
5.007545161638622844e+00
5.007695623235989046e+00
5.007839049920652208e+00
5.007975102737757922e+00
5.008103085952091860e+00
5.008226432977457065e+00
5.008346773907755178e+00
5.008464273065539984e+00
5.008578232852953782e+00
5.008687529107766601e+00
5.008794653127179863e+00
5.008899821182922096e+00
5.009001353308768500e+00
5.009096426991956008e+00
5.009181954786392055e+00
5.009259043322154881e+00
5.009327305229591687e+00
5.009389433935496072e+00
5.009445765139746598e+00
5.009495153255041799e+00
5.009540155520875615e+00
5.009581151153172485e+00
5.009621649962128664e+00
5.009662660360547193e+00
5.009703023634129337e+00
5.009740911766630056e+00
5.009774243540804584e+00
5.009805560715239636e+00
5.009835689426608951e+00
5.009863999483850527e+00
5.009889019075989047e+00
5.009908908477727074e+00
5.009924948783799792e+00
5.009936090248146456e+00
5.009944113408772992e+00
5.009948142280253869e+00
5.009945444311513896e+00
5.009936855797921140e+00
5.009921041449331369e+00
5.009899535166829843e+00
5.009871286493059017e+00
5.009833522501200065e+00
5.009786974477379751e+00
5.009730393944107796e+00
5.009665144846572993e+00
5.009590145537428540e+00
5.009502835722438263e+00
5.009404037670962317e+00
5.009292841601914681e+00
5.009170816561005601e+00
5.009037714686042086e+00
5.008895517458936908e+00
5.008744198420814975e+00
5.008582430334560520e+00
5.008412367461047232e+00
5.008234391828796817e+00
5.008051658199898171e+00
5.007865038832447269e+00
5.007673436889223062e+00
5.007479601280562242e+00
5.007283904647253259e+00
5.007089828775995954e+00
5.006898465027832756e+00
5.006708534603737881e+00
5.006521456094260358e+00
5.006335204934502237e+00
5.006150474456871891e+00
5.005967367181355598e+00
5.005788137243861513e+00
5.005610706155921186e+00
5.005435510204906180e+00
5.005259624423260334e+00
5.005082846862996426e+00
5.004906959926510801e+00
5.004734320791239810e+00
5.004567536042804576e+00
5.004409538285607084e+00
5.004263951612437644e+00
5.004128820320392634e+00
5.004003907648648664e+00
5.003890190796727921e+00
5.003789474118303104e+00
5.003704848952393647e+00
5.003633697560791127e+00
5.003575310932274256e+00
5.003530457747902283e+00
5.003500839079998208e+00
5.003489602070104070e+00
5.003493765330558674e+00
5.003512625032954908e+00
5.003546930192889874e+00
5.003598284744579239e+00
5.003669925145726616e+00
5.003758934801366465e+00
5.003865138459874018e+00
5.003983880542141272e+00
5.004113078033473272e+00
5.004252788880760860e+00
5.004401979278694235e+00
5.004558007838125988e+00
5.004717847602363712e+00
5.004878014204946268e+00
5.005039775380788036e+00
5.005203102799056225e+00
5.005365960663108460e+00
5.005525840250699687e+00
5.005679779574198740e+00
5.005829203715471465e+00
5.005974303372126677e+00
5.006118201129059919e+00
5.006262244908060488e+00
5.006405447116041962e+00
5.006545910118068043e+00
5.006681308401669028e+00
5.006813459796750188e+00
5.006942454865121128e+00
5.007066637948073051e+00
5.007183582717471104e+00
5.007290696604095537e+00
5.007389549324207323e+00
5.007479962529533424e+00
5.007560109831311834e+00
5.007627493026586052e+00
5.007679704041139601e+00
5.007718198867433301e+00
5.007743429627654841e+00
5.007758415230702198e+00
5.007764325055679144e+00
5.007760341312890162e+00
5.007746411304609069e+00
5.007722796947849275e+00
5.007690061937242199e+00
5.007648503902524695e+00
5.007593852720381378e+00
5.007523660986841207e+00
5.007436776357859998e+00
5.007332765693933041e+00
5.007211345295578653e+00
5.007070903611526624e+00
5.006909809374406883e+00
5.006729616766020463e+00
5.006530902070148947e+00
5.006316388902408931e+00
5.006086735596103843e+00
5.005841561054033662e+00
5.005583515708489806e+00
5.005313636065615412e+00
5.005035293718023581e+00
5.004749702477051976e+00
5.004456319046362900e+00
5.004157278762356498e+00
5.003852210586116733e+00
5.003543267232522851e+00
5.003229928632423551e+00
5.002913466078386051e+00
5.002596185376092741e+00
5.002281140146001448e+00
5.001972141937508276e+00
5.001667865534470181e+00
5.001368867737398638e+00
5.001073728316622002e+00
5.000784814824507762e+00
5.000502185394213761e+00
5.000227508285240319e+00
4.999957852793084356e+00
4.999692716469215981e+00
4.999433232248918557e+00
4.999181475342409975e+00
4.998940842525261274e+00
4.998709282335983772e+00
4.998486816902802943e+00
4.998275014107273151e+00
4.998076196798280968e+00
4.997894276344375442e+00
4.997727270146059553e+00
4.997575302302065481e+00
4.997439919431853284e+00
4.997323431438926988e+00
4.997230121783140966e+00
4.997157949680623545e+00
4.997107990306031589e+00
4.997076119979539044e+00
4.997061001928452484e+00
4.997064374769037087e+00
4.997082498728925515e+00
4.997114986904128919e+00
4.997157021305687508e+00
4.997206890802994295e+00
4.997265040130518976e+00
4.997332582884633112e+00
4.997411333044223802e+00
4.997500618091948787e+00
4.997597249114118512e+00
4.997702601990825499e+00
4.997815208184696267e+00
4.997937335494136768e+00
4.998068628256370438e+00
4.998206152218554799e+00
4.998351411746044803e+00
4.998503067671483002e+00
4.998663464347993468e+00
4.998832033380097961e+00
4.999010174005455553e+00
4.999194655056274250e+00
4.999384667324997089e+00
4.999581245809023855e+00
4.999784730813626510e+00
4.999994564662848084e+00
5.000209887522431451e+00
5.000429271674873277e+00
5.000656496389927597e+00
5.000893756571385573e+00
5.001141790106121476e+00
5.001400644156310804e+00
5.001669119960789445e+00
5.001951570856545182e+00
5.002250459036949870e+00
5.002566839820865141e+00
5.002900875575069684e+00
5.003251835174086892e+00
5.003620030797245377e+00
5.004007691695512960e+00
5.004411165333509715e+00
5.004828708796917880e+00
5.005260519228099447e+00
5.005707547730920304e+00
5.006172439857540013e+00
5.006651803246852772e+00
5.007144959337232137e+00
5.007646784699677056e+00
5.008154662094235654e+00
5.008668378657818110e+00
5.009183053664088447e+00
5.009696382611215526e+00
5.010202759905875602e+00
5.010699374034226494e+00
5.011185666463494393e+00
5.011662071003735619e+00
5.012129491894661726e+00
5.012584731868623855e+00
5.013026676169752172e+00
5.013455683767019444e+00
5.013872661582349011e+00
5.014278627141534272e+00
5.014670345067201218e+00
5.015045979052004554e+00
5.015403453960237456e+00
5.015743365130540532e+00
5.016065459615704825e+00
5.016371354657379378e+00
5.016660490027782693e+00
5.016931401296672810e+00
5.017185289777037482e+00
5.017422270114686889e+00
5.017644314031270980e+00
5.017851118381289943e+00
5.018041251330791930e+00
5.018216096396715287e+00
5.018375740434199983e+00
5.018522358034894104e+00
5.018656421416594959e+00
5.018780180105165023e+00
5.018893244789139452e+00
5.018993406529695278e+00
5.019081572183564433e+00
5.019156693118780765e+00
5.019220256149925063e+00
5.019271095140062755e+00
5.019306502822942662e+00
5.019327038658008000e+00
5.019331494142747374e+00
5.019321157745064710e+00
5.019295289147624572e+00
5.019254603818039229e+00
5.019201171900126823e+00
5.019137537678686201e+00
5.019066760953498019e+00
5.018990257227775587e+00
5.018908188141864457e+00
5.018819847445916693e+00
5.018724237618950035e+00
5.018624680194984755e+00
5.018522769002225381e+00
5.018418646719288390e+00
5.018311626411955828e+00
5.018200570208934508e+00
5.018088891826551823e+00
5.017978295044955850e+00
5.017868930021283091e+00
5.017760146534053334e+00
5.017650683330355577e+00
5.017541667366383962e+00
5.017433623572794765e+00
5.017328897736948790e+00
5.017225441582482404e+00
5.017123690521326118e+00
5.017020629992689607e+00
5.016915889274310203e+00
5.016811170106735496e+00
5.016709180934336487e+00
5.016613776389490909e+00
5.016523947840537012e+00
5.016441001532579769e+00
5.016362326903250235e+00
5.016287843169625837e+00
5.016219698171112462e+00
5.016155500648523891e+00
5.016095594413559233e+00
5.016036751367132673e+00
5.015978485628943773e+00
5.015922541128452927e+00
5.015866342679578871e+00
5.015810021026041454e+00
5.015750300971772546e+00
5.015686753684637011e+00
5.015620906617475505e+00
5.015553379425763403e+00
5.015483764623275498e+00
5.015411073573847744e+00
5.015334285370988354e+00
5.015256897564030147e+00
5.015180947784319443e+00
5.015106860565938796e+00
5.015034458901719283e+00
5.014962835655533802e+00
5.014890823964015532e+00
5.014817071095095891e+00
5.014742770971716723e+00
5.014665588912540883e+00
5.014585705426507722e+00
5.014500405526708171e+00
5.014409766717801809e+00
5.014315811264316913e+00
5.014216893994237978e+00
5.014113540145557657e+00
5.014003450823006247e+00
5.013886592713173940e+00
5.013762000174250666e+00
5.013631987887423591e+00
5.013496835016634456e+00
5.013355520934786647e+00
5.013210741215374355e+00
5.013063237032842068e+00
5.012916744732287100e+00
5.012772805904027962e+00
5.012630612392899643e+00
5.012488274061110971e+00
5.012343248016190245e+00
5.012197222820472753e+00
5.012050202217873895e+00
5.011900324960227415e+00
5.011744836707586970e+00
5.011581022300745758e+00
5.011410162047472028e+00
5.011232278616156499e+00
5.011050407317456212e+00
5.010865360152896741e+00
5.010676550407882957e+00
5.010486925289955984e+00
5.010297373113213659e+00
5.010111867570310018e+00
5.009932237890541096e+00
5.009757662423878877e+00
5.009586496976198511e+00
5.009416108791712396e+00
5.009248467468653487e+00
5.009083543670360683e+00
5.008924633589570519e+00
5.008772691012358003e+00
5.008626411370000753e+00
5.008488678437656993e+00
5.008359639522618423e+00
5.008243083645588456e+00
5.008140596923417398e+00
5.008051075133495011e+00
5.007972307632677200e+00
5.007900813779792237e+00
5.007838170620612317e+00
5.007783924452029467e+00
5.007738259969278793e+00
5.007699401456862098e+00
5.007663758230861184e+00
5.007632374234033179e+00
5.007603847148364373e+00
5.007580250512345010e+00
5.007561168568443577e+00
5.007543977728580842e+00
5.007530313199620942e+00
5.007519204640064281e+00
5.007513084766340050e+00
5.007511547859554213e+00
5.007517410652742029e+00
5.007531007028681813e+00
5.007549954622317223e+00
5.007576206901374505e+00
5.007608832563071211e+00
5.007650449205917731e+00
5.007701179217343146e+00
5.007758386763541125e+00
5.007823949628306792e+00
5.007896890835634274e+00
5.007979825725577427e+00
5.008072938397325480e+00
5.008173656891830916e+00
5.008280932782017913e+00
5.008394986418807093e+00
5.008516548657589773e+00
5.008647049153022834e+00
5.008786484300890685e+00
5.008933259518617120e+00
5.009089826168292348e+00
5.009255550680481228e+00
5.009433341538332307e+00
5.009623554469815332e+00
5.009823534367403575e+00
5.010035361135176224e+00
5.010257917092911129e+00
5.010493988012692412e+00
5.010743835186382888e+00
5.011004592748156128e+00
5.011278321435472805e+00
5.011563804680279510e+00
5.011863861502876993e+00
5.012178685003688905e+00
5.012505784155599997e+00
5.012843474009803124e+00
5.013190662236680417e+00
5.013546714568307472e+00
5.013911599339714087e+00
5.014279571482708420e+00
5.014646776811947149e+00
5.015010861018469157e+00
5.015370198981632832e+00
5.015723666520585766e+00
5.016069489354063826e+00
5.016405757861010173e+00
5.016734826499393840e+00
5.017057277643849567e+00
5.017372182989289442e+00
5.017677816403825375e+00
5.017972484109719744e+00
5.018258497351576253e+00
5.018536497326363310e+00
5.018805541032720363e+00
5.019063935829121803e+00
5.019310005111416118e+00
5.019545564064553211e+00
5.019770787404647550e+00
5.019986271867325378e+00
5.020188660686631721e+00
5.020376824913343583e+00
5.020551014868341433e+00
5.020712392041258632e+00
5.020862040938607329e+00
5.020997091783009125e+00
5.021116138864107015e+00
5.021217200979388728e+00
5.021301620155372625e+00
5.021369285234049684e+00
5.021422359244697375e+00
5.021460855840504500e+00
5.021483514103837642e+00
5.021492533234794386e+00
5.021488059441416851e+00
5.021472675965723553e+00
5.021446972247302298e+00
5.021408728703479873e+00
5.021356234683277187e+00
5.021286363347987169e+00
5.021197327131027954e+00
5.021087348887319557e+00
5.020954514497514509e+00
5.020798356838148457e+00
5.020617300968241992e+00
5.020410672247034078e+00
5.020177502378445844e+00
5.019916530705612168e+00
5.019628478109459557e+00
5.019315090484539610e+00
5.018977516337851164e+00
5.018617937162140663e+00
5.018236826479056667e+00
5.017837116129317820e+00
5.017422319471457115e+00
5.016997035078325062e+00
5.016565936177590501e+00
5.016129462912299886e+00
5.015689689449587263e+00
5.015245318494359061e+00
5.014797413132708215e+00
5.014348920218269612e+00
5.013898560858884856e+00
5.013447604037441607e+00
5.012993889905131617e+00
5.012537780113136776e+00
5.012081940628207555e+00
5.011624787345147602e+00
5.011167435355103450e+00
5.010707558996594813e+00
5.010245441130913413e+00
5.009783626131331324e+00
5.009325586303686961e+00
5.008876296661413541e+00
5.008435640640175102e+00
5.008005822009956809e+00
5.007585196576630260e+00
5.007174544043456521e+00
5.006777359701311880e+00
5.006392086714124723e+00
5.006020179099952117e+00
5.005659265301739325e+00
5.005309656157707288e+00
5.004974623962854530e+00
5.004652358673131296e+00
5.004344270571684739e+00
5.004047904766715682e+00
5.003763888056941944e+00
5.003489905099936408e+00
5.003226764302320717e+00
5.002976698752112483e+00
5.002736491512127515e+00
5.002504985712089791e+00
5.002282645746686462e+00
5.002070695131638267e+00
5.001871681909627831e+00
5.001682516045487858e+00
5.001502206164960995e+00
5.001331286809955756e+00
5.001171042665456312e+00
5.001023676989216682e+00
5.000890066416550539e+00
5.000769604516762890e+00
5.000661243291188107e+00
5.000562702145044724e+00
5.000477216148366821e+00
5.000406310467599980e+00
5.000349833003795652e+00
5.000306956481738396e+00
5.000275474055754898e+00
5.000258779458320646e+00
5.000258542192272060e+00
5.000274694056819236e+00
5.000306437397478376e+00
5.000351458978941288e+00
5.000413217181442604e+00
5.000493404492838856e+00
5.000592003781450856e+00
5.000708249807461314e+00
5.000840530060335354e+00
5.000986979827388268e+00
5.001145328227533327e+00
5.001313080322100646e+00
5.001487561743808818e+00
5.001666076611829048e+00
5.001845819652182890e+00
5.002024024799569091e+00
5.002203074321253773e+00
5.002383739426835341e+00
5.002565545253558454e+00
5.002747314013642921e+00
5.002927379366112426e+00
5.003108841087771985e+00
5.003293015174670622e+00
5.003479780349984196e+00
5.003668210022254037e+00
5.003856706563485801e+00
5.004047348089618374e+00
5.004239733424138414e+00
5.004431322626870404e+00
5.004618432652305771e+00
5.004796872884135439e+00
5.004966716189036546e+00
5.005126618910680669e+00
5.005278175165977395e+00
5.005420683994990405e+00
5.005552043095332415e+00
5.005673602391136789e+00
5.005784930130570132e+00
5.005888302791967170e+00
5.005983498375966789e+00
5.006068643285065178e+00
5.006145360795884791e+00
5.006213309085101315e+00
5.006274823574453414e+00
5.006329787806711451e+00
5.006376348394073084e+00
5.006416178965113595e+00
5.006448907638072043e+00
5.006476873308524311e+00
5.006500237649411211e+00
5.006520311061862571e+00
5.006534603793509675e+00
5.006542887679636955e+00
5.006546530852022947e+00
5.006547830031299107e+00
5.006549829809912922e+00
5.006550904319767348e+00
5.006551419834496919e+00
5.006553235422392056e+00
5.006558898986471107e+00
5.006572130134950172e+00
5.006591315619803417e+00
5.006617095639154691e+00
5.006647007592180287e+00
5.006682016850607653e+00
5.006720352690825493e+00
5.006757714605117648e+00
5.006794004206238213e+00
5.006826639821444935e+00
5.006856164004346077e+00
5.006880660519160919e+00
5.006900137738479195e+00
5.006916116984713838e+00
5.006930852028228074e+00
5.006947287641151156e+00
5.006963578811765458e+00
5.006979742408649514e+00
5.006993272099563796e+00
5.007004824499518669e+00
5.007012417372234125e+00
5.007012029920214324e+00
5.007003440921752535e+00
5.006984276690846336e+00
5.006955044230770646e+00
5.006913888979095617e+00
5.006859680049444705e+00
5.006791989792461095e+00
5.006710578769768105e+00
5.006615582116269891e+00
5.006507184261777432e+00
5.006385642642476874e+00
5.006251398220980420e+00
5.006104843158596829e+00
5.005946530931019822e+00
5.005776935860836829e+00
5.005596709762091479e+00
5.005407527339035489e+00
5.005211809974485782e+00
5.005007914331132568e+00
5.004796289492720263e+00
5.004578758988852627e+00
5.004358157225277992e+00
5.004137805112030435e+00
5.003916382927773299e+00
5.003694508232500837e+00
5.003472776048210058e+00
5.003252151765253508e+00
5.003033590510812090e+00
5.002813692827100311e+00
5.002591595433974803e+00
5.002362974107589011e+00
5.002126444232041891e+00
5.001882611446404781e+00
5.001633016828768596e+00
5.001380034841918842e+00
5.001121741075391647e+00
5.000858266901547999e+00
5.000591168094750572e+00
5.000322737366285075e+00
5.000056095112440424e+00
4.999789602708395897e+00
4.999523545511390665e+00
4.999259557303363799e+00
4.999000175696188819e+00
4.998748816967332864e+00
4.998503833905184379e+00
4.998265673861229885e+00
4.998030754782580409e+00
4.997798037853412367e+00
4.997568330176494378e+00
4.997343560893408920e+00
4.997126768574439382e+00
4.996915854279272651e+00
4.996710874837213545e+00
4.996513340518199620e+00
4.996325700905495992e+00
4.996151692483896234e+00
4.995989335708642010e+00
4.995838871857474217e+00
4.995700855961391795e+00
4.995576298905859858e+00
4.995466912145118066e+00
4.995368713390405446e+00
4.995279270604576993e+00
4.995197456216764031e+00
4.995123126048917506e+00
4.995056880855324621e+00
4.994994219791468737e+00
4.994932387041251864e+00
4.994870106152582423e+00
4.994807041197407926e+00
4.994743368144471951e+00
4.994679909584436750e+00
4.994617463567618820e+00
4.994557182791967698e+00
4.994500343202006754e+00
4.994448177710499870e+00
4.994402197923835551e+00
4.994364075808178427e+00
4.994331407724737382e+00
4.994305243998157451e+00
4.994283012431902868e+00
4.994265222932067871e+00
4.994250722250058949e+00
4.994237023092196637e+00
4.994220998728039262e+00
4.994199196606265545e+00
4.994172661507824351e+00
4.994141117053429113e+00
4.994107449544451072e+00
4.994072611318758348e+00
4.994035569795729934e+00
4.993999205968200350e+00
4.993964196788936327e+00
4.993934452429738435e+00
4.993911681783710144e+00
4.993894944511909628e+00
4.993886525579351421e+00
4.993885112296471362e+00
4.993892437412201346e+00
4.993907510835475350e+00
4.993926226527459988e+00
4.993948926930810828e+00
4.993973006625224365e+00
4.993999110579522061e+00
4.994025342481241303e+00
4.994049712345499437e+00
4.994074056447046495e+00
4.994097332363511832e+00
4.994121573854267027e+00
4.994146123105223545e+00
4.994172099831543754e+00
4.994201967306930889e+00
4.994238829445589722e+00
4.994287037011732266e+00
4.994345442532126533e+00
4.994415376731690337e+00
4.994493743828993360e+00
4.994580001603376118e+00
4.994676062739951128e+00
4.994779043100340488e+00
4.994888910628421996e+00
4.995001798705695606e+00
4.995116708907795910e+00
4.995234770956945347e+00
4.995356963226136315e+00
4.995483989813862102e+00
4.995616481486273130e+00
4.995754999178958045e+00
4.995899978620496285e+00
4.996051869416174185e+00
4.996211036150840279e+00
4.996377889388736726e+00
4.996553212930943566e+00
4.996731888843263469e+00
4.996910567754443200e+00
4.997087282282794973e+00
4.997260723473066157e+00
4.997430160814458233e+00
4.997595146880978945e+00
4.997755472665214249e+00
4.997911164262826667e+00
4.998062292705784060e+00
4.998209113399991743e+00
4.998351844302871605e+00
4.998490755684235509e+00
4.998626194573501103e+00
4.998758451245287837e+00
4.998887886298382988e+00
4.999014837225462138e+00
4.999139560615207145e+00
4.999258884708893014e+00
4.999372362406488968e+00
4.999476840445336023e+00
4.999571466125113162e+00
4.999653220042151958e+00
4.999721762650211510e+00
4.999778315979553689e+00
4.999821055043054407e+00
4.999849799932478689e+00
4.999862249311324724e+00
4.999858387362244194e+00
4.999839732983878626e+00
4.999804700279406156e+00
4.999753148594669128e+00
4.999682914858483151e+00
4.999594105334750793e+00
4.999488722478768743e+00
4.999367324655672462e+00
4.999229645954240908e+00
4.999074869483505879e+00
4.998902671310846202e+00
4.998716379601304993e+00
4.998517752207613185e+00
4.998307175703144090e+00
4.998084264837002522e+00
4.997848875216937437e+00
4.997604012388532801e+00
4.997351416751539155e+00
4.997095325823670109e+00
4.996837843071465279e+00
4.996579467497562099e+00
4.996324303254280785e+00
4.996074240181391346e+00
4.995834255825524650e+00
4.995607213854587059e+00
4.995393718436158537e+00
4.995193127460575866e+00
4.995003524657136040e+00
4.994827877722479492e+00
4.994667481548883181e+00
4.994521812639929337e+00
4.994389410393111461e+00
4.994267735529489549e+00
4.994159490886873165e+00
4.994065248111061450e+00
4.993988225703857253e+00
4.993926497643611739e+00
4.993881483307837321e+00
4.993850152768923856e+00
4.993832571288135291e+00
4.993831523840331243e+00
4.993844701440090184e+00
4.993873346417228909e+00
4.993914267613569713e+00
4.993967439189571422e+00
4.994035567405651577e+00
4.994116328244113667e+00
4.994210902868785773e+00
4.994316125500033010e+00
4.994431959453055292e+00
4.994561045176366676e+00
4.994701231147180565e+00
4.994853480362349885e+00
4.995014814247394241e+00
4.995185527780109602e+00
4.995362435632401343e+00
4.995543922369384049e+00
4.995729202047938244e+00
4.995918138452821289e+00
4.996111132872305127e+00
4.996305289209834299e+00
4.996500566468586868e+00
4.996699328512897331e+00
4.996899712287833140e+00
4.997102641013462687e+00
4.997305612132897146e+00
4.997508840837528332e+00
4.997714836333890354e+00
4.997921891638089420e+00
4.998130994902003188e+00
4.998339719993072805e+00
4.998548310023743113e+00
4.998755469058652423e+00
4.998958484360029431e+00
4.999154079721320976e+00
4.999338935927499783e+00
4.999514085703541610e+00
4.999679262858827578e+00
4.999837325175303882e+00
4.999988923591572210e+00
5.000133079371426703e+00
5.000270994349393483e+00
5.000401123405444181e+00
5.000524502850148600e+00
5.000643943331216867e+00
5.000758616893564934e+00
5.000869976456289834e+00
5.000976465192636056e+00
5.001078869055037401e+00
5.001174976198946354e+00
5.001260471778932626e+00
5.001334332550887218e+00
5.001393583386215980e+00
5.001437635125602910e+00
5.001464140882725395e+00
5.001473603872128137e+00
5.001467904377041584e+00
5.001446184681971552e+00
5.001409251515997134e+00
5.001355675149952162e+00
5.001286591564548800e+00
5.001204420806152129e+00
5.001108562660646406e+00
5.001000122691746874e+00
5.000877737042736193e+00
5.000742600032370255e+00
5.000597330614234615e+00
5.000441299801002160e+00
5.000275767383406844e+00
5.000099332791995366e+00
4.999912910417895873e+00
4.999717384197992054e+00
4.999514209137540632e+00
4.999304918957185428e+00
4.999087432318608748e+00
4.998861519948821552e+00
4.998624188781958466e+00
4.998375189298074339e+00
4.998115664881896514e+00
4.997843373690973756e+00
4.997557919875959875e+00
4.997256300927379158e+00
4.996938340620375563e+00
4.996605505601740660e+00
4.996259264716184312e+00
4.995900882438994550e+00
4.995531578355707047e+00
4.995152605765737164e+00
4.994765107662655801e+00
4.994370298379339879e+00
4.993969258883274698e+00
4.993563245528616079e+00
4.993153354258515364e+00
4.992740798586287276e+00
4.992326700308598042e+00
4.991912099340237496e+00
4.991498139941371370e+00
4.991085959443128495e+00
4.990678929084217508e+00
4.990276450471258229e+00
4.989880668514643958e+00
4.989490287074123565e+00
4.989106656679188845e+00
4.988733779334700635e+00
4.988371043683267558e+00
4.988020977818645285e+00
4.987682121650554024e+00
4.987355843850648007e+00
4.987046355673347975e+00
4.986752904423748411e+00
4.986478297909025414e+00
4.986220973816935853e+00
4.985982881498759234e+00
4.985763626725649544e+00
4.985560136691904454e+00
4.985371526566571454e+00
4.985198107262378109e+00
4.985041196451758694e+00
4.984902809973110749e+00
4.984783022471939162e+00
4.984678706716048957e+00
4.984591952891322286e+00
4.984521602739812707e+00
4.984470415318618564e+00
4.984438325709898088e+00
4.984427373841872289e+00
4.984434436707060989e+00
4.984458872595106449e+00
4.984501686918784813e+00
4.984564951493640983e+00
4.984652571737070659e+00
4.984762278323297657e+00
4.984894055587475670e+00
4.985049330082957475e+00
4.985230507546339673e+00
4.985442006488566946e+00
4.985681929991815586e+00
4.985951455061559123e+00
4.986246641905281329e+00
4.986565956988605386e+00
4.986911372312577306e+00
4.987279298187465848e+00
4.987669561461776979e+00
4.988077483506174303e+00
4.988501073749037396e+00
4.988941714720101395e+00
4.989395636947127954e+00
4.989862310395809075e+00
4.990337416337104592e+00
4.990819566131802887e+00
4.991304076903732678e+00
4.991789245971711253e+00
4.992275619798572706e+00
4.992759909213752678e+00
4.993241095909150218e+00
4.993715222657892028e+00
4.994181040221126189e+00
4.994638922245473012e+00
4.995086095066041842e+00
4.995521305048138849e+00
4.995940959298283524e+00
4.996344121241242497e+00
4.996731565290362553e+00
4.997105683380038244e+00
4.997468570390016573e+00
4.997819059261352947e+00
4.998156809055477545e+00
4.998478652344315876e+00
4.998784454589008774e+00
4.999074728817909374e+00
4.999348370966731459e+00
4.999605952122479380e+00
4.999846294571876015e+00
5.000071054970144147e+00
5.000283182946263949e+00
5.000482828778443967e+00
5.000671934590903867e+00
5.000849951965030904e+00
5.001018636611518353e+00
5.001179097307141497e+00
5.001331936049500548e+00
5.001477557861471190e+00
5.001616109519489761e+00
5.001747706004642247e+00
5.001872320690416984e+00
5.001989855136016239e+00
5.002100170891024433e+00
5.002203095427938173e+00
5.002298382654077891e+00
5.002385995139591479e+00
5.002466937334502539e+00
5.002542794303263207e+00
5.002615664175936061e+00
5.002687791789175442e+00
5.002761778503882262e+00
5.002835149768034562e+00
5.002907191676313481e+00
5.002978568257058001e+00
5.003050544693360635e+00
5.003125128357896578e+00
5.003199270761796491e+00
5.003271881233194662e+00
5.003343374676295419e+00
5.003414882713222767e+00
5.003488260673583987e+00
5.003560397665242299e+00
5.003630127262549188e+00
5.003697822124921757e+00
5.003764593003542593e+00
5.003832198417039301e+00
5.003897553592214997e+00
5.003959465909976423e+00
5.004018357524875782e+00
5.004075329162406938e+00
5.004132073277835602e+00
5.004190684220049867e+00
5.004253712676693056e+00
5.004318642428373209e+00
5.004384643154447865e+00
5.004452264991819277e+00
5.004522787424035002e+00
5.004598241195314046e+00
5.004675611637762422e+00
5.004753739087139941e+00
5.004832989758108752e+00
