0.000000000000000000e+00
0.000000000000000000e+00
-1.451140997232869183e-06
-7.574780756840478559e-06
-1.922348877997137050e-05
-3.352455110871232179e-05
-4.643212669179773737e-05
-2.317036167369223291e-05
1.136730526923204038e-05
1.051192833983805085e-04
2.928105099999811132e-04
5.545855230593586468e-04
9.275765261554621329e-04
1.483368977060307977e-03
2.164116158237447234e-03
3.076953991403569809e-03
4.233206315984715598e-03
5.681683524599064582e-03
7.430065973749152078e-03
9.448191328992834592e-03
1.184031124328612308e-02
1.457149888490675942e-02
1.763113404726027178e-02
2.109406168674467924e-02
2.494738872264861546e-02
2.913190747713088197e-02
3.376053030704497665e-02
3.878712053512572977e-02
4.416835303520201539e-02
4.998429353450774271e-02
5.615336890434263761e-02
6.269269223426816862e-02
6.963041718219754872e-02
7.690907712196350110e-02
8.455275709842681453e-02
9.252423162673949208e-02
1.009220695040130428e-01
1.096422719499969417e-01
1.187232023022079530e-01
1.281276034853362777e-01
1.379155396959685642e-01
1.479483282110595488e-01
1.583593832991027628e-01
1.689736187002563450e-01
1.799339520475768950e-01
1.911631977102661306e-01
2.026845812342071562e-01
2.144772910616302430e-01
2.266095602056884817e-01
2.389458059809112522e-01
2.515787851354980287e-01
2.643953597090149543e-01
2.775321924230957915e-01
2.908455681345368804e-01
3.044744824907685832e-01
3.183546793005372910e-01
3.324992680094147612e-01
3.468959450266266287e-01
3.615368628046417565e-01
3.764330565473937851e-01
3.916622745535278671e-01
4.071483444712066246e-01
4.228718137285613632e-01
4.387970137140654314e-01
4.549569868585966459e-01
4.713113915464780534e-01
4.878981184503933810e-01
5.047828220865628879e-01
5.218660175344845831e-01
5.392260837099451809e-01
5.567417501947778957e-01
5.745260011694333091e-01
5.925247072718045072e-01
6.107264410993953341e-01
6.291026556036374284e-01
6.476593780062099848e-01
6.664764809152980973e-01
6.854337882540126881e-01
7.046265089056392705e-01
7.239678954622645879e-01
7.435495006582637512e-01
7.633281898043057234e-01
7.832766723177332358e-01
8.034142994425194084e-01
8.236589550516503211e-01
8.440924000284570905e-01
8.646408295175930236e-01
8.854037117502588927e-01
9.063794040224453230e-01
9.274741386911770080e-01
9.487448524973294273e-01
9.700914239427944619e-01
9.915874981424708245e-01
1.013229782535781442e+00
1.034988059952010708e+00
1.056868796303023883e+00
1.078882853939284736e+00
1.101040191604842233e+00
1.123320143177260366e+00
1.145740296795119351e+00
1.168354361011733067e+00
1.191153085186232419e+00
1.214104363872755554e+00
1.237195298626173612e+00
1.260408425285566736e+00
1.283783135368574246e+00
1.307234287216413327e+00
1.330861530258405478e+00
1.354556665374982982e+00
1.378434441044080749e+00
1.402475130512464530e+00
1.426633229210126697e+00
1.450984570934522599e+00
1.475399289085615351e+00
1.499971032097089818e+00
1.524621608211744084e+00
1.549408738567579213e+00
1.574306230499494585e+00
1.599302613689649766e+00
1.624411952450025565e+00
1.649593987419355479e+00
1.674853146030653051e+00
1.700180096580732547e+00
1.725535247280347573e+00
1.750905787899244004e+00
1.776282815887678224e+00
1.801633694126356211e+00
1.826952762558210486e+00
1.852215101673353015e+00
1.877428760483014880e+00
1.902561640693891443e+00
1.927617928936231406e+00
1.952593719913709336e+00
1.977487442447888988e+00
2.002288234188306149e+00
2.026986839725721357e+00
2.051544432594526679e+00
2.076008427097547848e+00
2.100325307800519958e+00
2.124516258194197427e+00
2.148568408443678468e+00
2.172446603729475623e+00
2.196271221592177358e+00
2.219948995067824615e+00
2.243525254680861281e+00
2.266911010696638584e+00
2.290124261333692957e+00
2.313166344120253015e+00
2.336009921982038495e+00
2.358701264812697040e+00
2.381234412147749779e+00
2.403543865635146215e+00
2.425752189113845159e+00
2.447739021732558751e+00
2.469581837608565422e+00
2.491174962475051213e+00
2.512509031250227842e+00
2.533584923698653402e+00
2.554387583687056651e+00
2.574857618763198186e+00
2.595100257351149686e+00
2.615206730320205342e+00
2.635157980873336303e+00
2.655106588556517710e+00
2.674968905403365405e+00
2.694864704563369351e+00
2.714702039911498499e+00
2.734529750301589512e+00
2.754341914608230191e+00
2.774118117048491872e+00
2.793978674366225601e+00
2.814008562519302536e+00
2.834265658809890898e+00
2.854733819916000392e+00
2.875449540569534612e+00
2.896334307148209053e+00
2.917550268127670154e+00
2.938999035312881425e+00
2.960821278049698080e+00
2.982909069015732051e+00
3.005343067600479756e+00
3.028042199566117088e+00
3.051088304474106394e+00
3.074403693630447965e+00
3.098066174938431505e+00
3.122020151569596003e+00
3.146177251293412080e+00
3.170530021145096633e+00
3.195005228473892789e+00
3.219621024086227745e+00
3.244311060859909279e+00
3.269106233074417389e+00
3.293942065193405710e+00
3.318851544811478149e+00
3.343773500873795435e+00
3.368749282314530191e+00
3.393716068222275339e+00
3.418740308239212933e+00
3.443768498852005866e+00
3.468824694111100282e+00
3.493743646099320532e+00
3.518621554329148804e+00
3.543326389744035687e+00
3.567974975063554766e+00
3.592447066261521993e+00
3.616854047729722854e+00
3.641210038616411016e+00
3.665432214691393131e+00
3.689560441925279655e+00
3.713536214782946043e+00
3.737395546390765322e+00
3.761099193050616574e+00
3.784687981559985204e+00
3.808103415920489621e+00
3.831453437759630987e+00
3.854776251270525922e+00
3.878103961899035390e+00
3.901395790531390073e+00
3.924648168041460661e+00
3.947933137371295143e+00
3.971188712074511518e+00
3.994383118107073471e+00
4.017540934040301437e+00
4.040628120853656746e+00
4.063582410766834130e+00
4.086479175045246492e+00
4.109245910598987805e+00
4.131944642021411873e+00
4.154503824665301437e+00
4.176898367359393127e+00
4.199162261440509525e+00
4.221260256721730109e+00
4.243220944359059388e+00
4.265018310501332621e+00
4.286571061565632945e+00
4.307954881145711568e+00
4.329042065098042791e+00
4.349883236839528600e+00
4.370383691742178556e+00
4.390510773613210738e+00
4.410316333725210924e+00
4.429776147558446731e+00
4.448935371591802301e+00
4.467696937277074731e+00
4.486150451853033516e+00
4.504218429281469760e+00
4.521994026853795923e+00
4.539404814197775195e+00
4.556359577133413552e+00
4.572974170400854632e+00
4.589174936964269591e+00
4.605069830372090500e+00
4.620592627479787495e+00
4.635766808941121475e+00
4.650580338194127528e+00
4.665006579115148710e+00
4.679014558746573016e+00
4.692747249557729816e+00
4.706089793398138710e+00
4.719066480352636539e+00
4.731729184343572925e+00
4.744006621792075329e+00
4.755966525032278902e+00
4.767668417646643952e+00
4.779104007436989043e+00
4.790213684990166421e+00
4.801089003040550196e+00
4.811745309784172697e+00
4.822096141531226898e+00
4.832255368187186484e+00
4.842110841824767142e+00
4.851642779066320799e+00
4.860998777105566937e+00
4.870056998684164640e+00
4.878794241502043327e+00
4.887348943903205623e+00
4.895640027477501377e+00
4.903711668803452106e+00
4.911483531548737069e+00
4.918950834824799223e+00
4.926243524505852456e+00
4.933296950413940785e+00
4.940138750626800856e+00
4.946801264240501261e+00
4.953233343913314712e+00
4.959479405834433585e+00
4.965480002119300629e+00
4.971237929417847035e+00
4.976866550400017353e+00
4.982276493265389128e+00
4.987501865579842431e+00
4.992493496789692564e+00
4.997259390904663867e+00
5.001901773466824075e+00
5.006338473810910017e+00
5.010576342000721439e+00
5.014641787066219436e+00
5.018491319670437711e+00
5.022196416809318720e+00
5.025721865548848477e+00
5.029085217966793309e+00
5.032278673305272676e+00
5.035266710474252783e+00
5.038012204124689752e+00
5.040608051373721032e+00
5.043006820484161601e+00
5.045211700453519299e+00
5.047238369985580064e+00
5.049039452179431287e+00
5.050691799922942593e+00
5.052149614944219103e+00
5.053416586770772767e+00
5.054509740873337265e+00
5.055385428472519038e+00
5.056117140083670414e+00
5.056662970139742086e+00
5.057027697070598293e+00
5.057230218677878142e+00
5.057230205700343539e+00
5.057068540040945415e+00
5.056713064607774477e+00
5.056184358072076890e+00
5.055509171259199519e+00
5.054661686864291070e+00
5.053679446127807395e+00
5.052543982636724884e+00
5.051276358586346049e+00
5.049884469431435541e+00
5.048373762291467060e+00
5.046772612553631632e+00
5.045069176626001628e+00
5.043280733597074850e+00
5.041415306550060649e+00
5.039476852786337169e+00
5.037486127984320383e+00
5.035436581444536763e+00
5.033340761434828003e+00
5.031211000007187906e+00
5.029046686810052513e+00
5.026860777658022528e+00
5.024647183787621429e+00
5.022412126880682059e+00
5.020167016309297736e+00
5.017910461199080352e+00
5.015648869794403275e+00
5.013379160684142022e+00
5.011108009439500854e+00
5.008843751919064502e+00
5.006590648364815266e+00
5.004346850436720118e+00
5.002124551009925923e+00
4.999934987050089319e+00
4.997775270861181340e+00
4.995656314861569136e+00
4.993583509397301334e+00
4.991566588502916346e+00
4.989588683169874805e+00
4.987660544585976297e+00
4.985781673562322602e+00
4.983947787654195771e+00
4.982157113623416400e+00
4.980406851690804437e+00
4.978699950200115687e+00
4.977043439668213942e+00
4.975428246182000080e+00
4.973866877627169281e+00
4.972342348170076143e+00
4.970867766213212136e+00
4.969442365687880780e+00
4.968070173930916766e+00
4.966745605987104462e+00
4.965466860306055885e+00
4.964229971763284510e+00
4.963044430610331403e+00
4.961898726743253718e+00
4.960793687176498601e+00
4.959734961014780730e+00
4.958718752634320381e+00
4.957763658013735864e+00
4.956840457689557056e+00
4.955972135287319169e+00
4.955159201544319103e+00
4.954391948056017903e+00
4.953689178374206747e+00
4.953022369962727822e+00
4.952417349365150656e+00
4.951876535524225353e+00
4.951388582695818386e+00
4.950970978696442870e+00
4.950595760789311406e+00
4.950290115938133617e+00
4.950057629287786476e+00
4.949883318912782215e+00
4.949762119731478727e+00
4.949686413636976923e+00
4.949658740983890581e+00
4.949683760750652084e+00
4.949753919603846697e+00
4.949866930513254992e+00
4.950017849408634873e+00
4.950208729427853172e+00
4.950444719154933892e+00
4.950710726228156666e+00
4.951024893854358844e+00
4.951376538087227885e+00
4.951758145724038052e+00
4.952169673476913836e+00
4.952598846924106013e+00
4.953064923357763938e+00
4.953559807126024950e+00
4.954077416319947247e+00
4.954614439640741885e+00
4.955168969031973347e+00
4.955748873200818139e+00
4.956342187557920553e+00
4.956941652630077577e+00
4.957545655478343249e+00
4.958152047429785547e+00
4.958764167983637172e+00
4.959378067736134987e+00
4.960003405992494230e+00
4.960634164024695814e+00
4.961264718507036875e+00
4.961893770430789274e+00
4.962519191239581851e+00
4.963141315687999544e+00
4.963758255873426783e+00
4.964368069876536893e+00
4.964973285455808849e+00
4.965576390807136420e+00
4.966173570115669733e+00
4.966765079420611073e+00
4.967346132916018675e+00
4.967920105007097575e+00
4.968482488651380535e+00
4.969034899656281645e+00
4.969575781521007762e+00
4.970108115781649794e+00
4.970638130453035153e+00
4.971153127585156817e+00
4.971651350405617897e+00
4.972122620378240043e+00
4.972569472898348053e+00
4.973002653342290635e+00
4.973412273895545077e+00
4.973801652301653498e+00
4.974165065844162292e+00
4.974510171335741582e+00
4.974838880595370050e+00
4.975159612332090475e+00
4.975467764750673538e+00
4.975760637946978093e+00
4.976029820439025642e+00
4.976275960743979709e+00
4.976497345284180973e+00
4.976692601215647827e+00
4.976862253208267362e+00
4.977000858547720341e+00
4.977111202149274050e+00
4.977192560542927247e+00
4.977244312350258326e+00
4.977268091278701512e+00
4.977260676301402675e+00
4.977226877562088703e+00
4.977167845783142752e+00
4.977089215400948063e+00
4.976987133338433900e+00
4.976868430781497210e+00
4.976742465920135139e+00
4.976607048749311701e+00
4.976467658733336741e+00
4.976323661669476373e+00
4.976179150916022920e+00
4.976038345429433463e+00
4.975905972398205535e+00
4.975778249916939622e+00
4.975664882618319851e+00
4.975564452684801964e+00
4.975486251241846070e+00
4.975424426300770975e+00
4.975374831925466701e+00
4.975335438079521388e+00
4.975298946739960648e+00
4.975268014727946664e+00
4.975240659399744914e+00
4.975216755899920962e+00
4.975194788461405615e+00
4.975171024622714988e+00
4.975149671417049113e+00
4.975132658005779973e+00
4.975122610349528962e+00
4.975123469384882036e+00
4.975129764776823116e+00
4.975151264966145348e+00
4.975186541730683309e+00
4.975245466388906301e+00
4.975321881028965443e+00
4.975411664250449562e+00
4.975514365931183569e+00
4.975621857403919712e+00
4.975737941556753086e+00
4.975860803418934886e+00
4.975990253401132435e+00
4.976125249670030115e+00
4.976261589567319454e+00
4.976401162131830702e+00
4.976543379084348295e+00
4.976689530315950627e+00
4.976839796736048704e+00
4.976995457981856497e+00
4.977154810310484123e+00
4.977319537599714572e+00
4.977485624806167408e+00
4.977657685459734083e+00
4.977837169350267210e+00
4.978024948326082111e+00
4.978221464746773961e+00
4.978427285843671335e+00
4.978640127399145854e+00
4.978855407473772310e+00
4.979071112026601575e+00
4.979286083963841314e+00
4.979503494159461141e+00
4.979723961626320694e+00
4.979939976235061572e+00
4.980151016780316908e+00
4.980357009575842930e+00
4.980563093696862786e+00
4.980771788166045155e+00
4.980979313527375218e+00
4.981194943369508188e+00
4.981417248838722500e+00
4.981638109845253126e+00
4.981862431255313695e+00
4.982085463640425260e+00
4.982313945827219648e+00
4.982544667956565476e+00
4.982768940490815979e+00
4.982991786909435561e+00
4.983207715538477522e+00
4.983422449131643894e+00
4.983634317715800677e+00
4.983838840996063446e+00
4.984038226914739411e+00
4.984226715334838076e+00
4.984409893614389020e+00
4.984589435470438978e+00
4.984762156990504955e+00
4.984922105924374236e+00
4.985060787008290362e+00
4.985182443161642496e+00
4.985282453087305221e+00
4.985362757028227954e+00
4.985419032497479641e+00
4.985449646742231344e+00
4.985458267899261386e+00
4.985447052205012497e+00
4.985417658833350529e+00
4.985375128996122562e+00
4.985313076714548153e+00
4.985230058387414509e+00
4.985126043001682383e+00
4.985002961263552912e+00
4.984856137840569801e+00
4.984685996959479226e+00
4.984497958088787151e+00
4.984294008801254172e+00
4.984077423440786525e+00
4.983838538175943356e+00
4.983581238000216906e+00
4.983308019863934568e+00
4.983026965672642916e+00
4.982750272138535941e+00
4.982475519797323393e+00
4.982211222501963022e+00
4.981953325981764102e+00
4.981698115526256743e+00
4.981454769189027409e+00
4.981217905750987995e+00
4.980996134078619519e+00
4.980785718618450986e+00
4.980582725687442647e+00
4.980394841732946887e+00
4.980216612110405450e+00
4.980055150727302760e+00
4.979907372158511869e+00
4.979774170306071390e+00
4.979661172062649577e+00
4.979560383895901055e+00
4.979476985067618600e+00
4.979406345535559275e+00
4.979350801927527215e+00
4.979313008510532157e+00
4.979282757614297950e+00
4.979256669823103998e+00
4.979232306017098431e+00
4.979210611209298420e+00
4.979189381157072880e+00
4.979166299412051799e+00
4.979143324012428984e+00
4.979120648806008909e+00
4.979100421578648294e+00
4.979081295478414937e+00
4.979064818945504456e+00
4.979048393786675852e+00
4.979029733858794771e+00
4.979011084877446258e+00
4.978992522741927829e+00
4.978976533722625497e+00
4.978964633065070977e+00
4.978945984931223201e+00
4.978920793104944842e+00
4.978884018729468508e+00
4.978837942597482247e+00
4.978777778130051068e+00
4.978699311697881491e+00
4.978609663397098650e+00
4.978506155051315218e+00
4.978393262745837156e+00
4.978271364411364530e+00
4.978139812657635055e+00
4.978000704925531927e+00
4.977851091688523688e+00
4.977695560343589065e+00
4.977532627917851116e+00
4.977364773284669752e+00
4.977189363762762220e+00
4.977014428172286564e+00
4.976846083980079882e+00
4.976689748540545466e+00
4.976552802464018654e+00
4.976427094861890055e+00
4.976331905685389856e+00
4.976262525087247646e+00
4.976224572521195988e+00
4.976217967500006445e+00
4.976243133863928136e+00
4.976317781622085157e+00
4.976428457901377556e+00
4.976579537217070026e+00
4.976763316907484302e+00
4.976986902460951434e+00
4.977267952032883080e+00
4.977586663172146153e+00
4.977949044622977937e+00
4.978345039889712886e+00
4.978788718350728004e+00
4.979262586303551785e+00
4.979775906533498997e+00
4.980331252508360507e+00
4.980917515561480435e+00
4.981539906032880438e+00
4.982193069972594479e+00
4.982873896055420637e+00
4.983590926446518132e+00
4.984330962069830839e+00
4.985091651224099252e+00
4.985868178226554370e+00
4.986660584055386813e+00
4.987473140799007609e+00
4.988297349133095970e+00
4.989130489223203568e+00
4.989970801391204525e+00
4.990817197405298167e+00
4.991670068868001131e+00
4.992522640295824488e+00
4.993382532887657987e+00
4.994248542629679655e+00
4.995119924091299346e+00
4.995998019569118931e+00
4.996881849758824323e+00
4.997774468429883932e+00
4.998671510212620461e+00
4.999570293494066675e+00
5.000471232973536573e+00
5.001372875564295661e+00
5.002275520705182998e+00
5.003177475251753492e+00
5.004076389365394562e+00
5.004970165782172131e+00
5.005852283381421408e+00
5.006719804920752637e+00
5.007571489356954508e+00
5.008408642925818555e+00
5.009235986240703653e+00
5.010050525509314845e+00
5.010856201939777321e+00
5.011652209453777651e+00
5.012435548522072182e+00
5.013207602046923839e+00
5.013963148810463011e+00
5.014705157123998447e+00
5.015432500385239578e+00
5.016138601668670205e+00
5.016831775002673410e+00
5.017502893575028544e+00
5.018152801163986432e+00
5.018773235932485477e+00
5.019362722218528639e+00
5.019924227402103867e+00
5.020451650687049572e+00
5.020933530025671665e+00
5.021356679194163952e+00
5.021725117519986625e+00
5.022034624994288876e+00
5.022277706482003445e+00
5.022465294573944306e+00
5.022576281784590257e+00
5.022613771609052868e+00
5.022572546615288402e+00
5.022459885352314579e+00
5.022260872204811655e+00
5.021960801393748675e+00
5.021571830646157863e+00
5.021092059449316025e+00
5.020532782361867064e+00
5.019880542592170869e+00
5.019142327741744403e+00
5.018321057022573584e+00
5.017407138482692375e+00
5.016433223844531497e+00
5.015383638502124874e+00
5.014246179969076955e+00
5.013027731613282967e+00
5.011732815937165242e+00
5.010370488748910667e+00
5.008953289673690357e+00
5.007451780126457308e+00
5.005894522503977484e+00
5.004272790686255412e+00
5.002607088224058529e+00
5.000887654558782813e+00
4.999123270050651158e+00
4.997327014193897909e+00
4.995495964572793213e+00
4.993641955391531440e+00
4.991767732636098742e+00
4.989881306574705633e+00
4.987995244697693842e+00
4.986108088479403122e+00
4.984218836859826141e+00
4.982337063835027280e+00
4.980467380122306054e+00
4.978618195490004616e+00
4.976794542209270311e+00
4.974984988854291856e+00
4.973206081227424136e+00
4.971462006405950262e+00
4.969751546219944416e+00
4.968092995421049984e+00
4.966464662239905792e+00
4.964891369328852555e+00
4.963361447141523719e+00
4.961889989064093953e+00
4.960480342046377444e+00
4.959112098948118330e+00
4.957807301715967618e+00
4.956550956652518991e+00
4.955358619675990894e+00
4.954230475262757949e+00
4.953156610638854040e+00
4.952152198837157293e+00
4.951212947801705511e+00
4.950343749509211300e+00
4.949537997008318868e+00
4.948808367834445221e+00
4.948160070390458465e+00
4.947580775120314023e+00
4.947072225534377310e+00
4.946626249500569728e+00
4.946247195587512024e+00
4.945943371378834996e+00
4.945719156605209221e+00
4.945571776875311798e+00
4.945489389435403282e+00
4.945474858534304019e+00
4.945525513308835386e+00
4.945666471979360601e+00
4.945869708674741183e+00
4.946142217702013788e+00
4.946466041392429069e+00
4.946850331759793384e+00
4.947299152797801192e+00
4.947804740703447557e+00
4.948365450165017165e+00
4.948971526025576217e+00
4.949627226664466306e+00
4.950337444170160417e+00
4.951107437907499964e+00
4.951925397737664269e+00
4.952796807362480180e+00
4.953723012058778075e+00
4.954693475215476539e+00
4.955728519930286069e+00
4.956809915005012002e+00
4.957934061585707042e+00
4.959099129213732304e+00
4.960292086302083625e+00
4.961520334108514341e+00
4.962775275631589267e+00
4.964047993345899634e+00
4.965332430674477493e+00
4.966621249838516050e+00
4.967912514134093627e+00
4.969194861127778751e+00
4.970458613409444837e+00
4.971708194239780276e+00
4.972935299797697439e+00
4.974145390911740350e+00
4.975321586875958602e+00
4.976468332855744414e+00
4.977579452170772356e+00
4.978658564536615039e+00
4.979719660877031551e+00
4.980758887900752718e+00
4.981783578245682520e+00
4.982787992133540733e+00
4.983765454961700314e+00
4.984721219091459155e+00
4.985646763964338923e+00
4.986550747453017962e+00
4.987426447941704311e+00
4.988269102199717864e+00
4.989080956875129758e+00
4.989861573501273462e+00
4.990616057588502130e+00
4.991342062948986857e+00
4.992043196632309332e+00
4.992719596027179740e+00
4.993373130782289948e+00
4.994004809855266735e+00
4.994606367422981918e+00
4.995186263768715662e+00
4.995742070338470953e+00
4.996284071578426911e+00
4.996797624378248592e+00
4.997284519894763299e+00
4.997736696748777518e+00
4.998160104266151649e+00
4.998558106272264823e+00
4.998924857712134795e+00
4.999271190612359028e+00
4.999588528721376157e+00
4.999886825344307617e+00
5.000167684181376693e+00
5.000433691422237814e+00
5.000694105027956304e+00
5.000941138769282368e+00
5.001175029872699795e+00
5.001396178154989158e+00
5.001606787479266458e+00
5.001808874550059514e+00
5.002004425021604028e+00
5.002194474394217494e+00
5.002383277768986503e+00
5.002570277339565941e+00
5.002756681143093687e+00
5.002952513078946950e+00
5.003161681982477127e+00
5.003387122991283853e+00
5.003628815951545405e+00
5.003890913518866057e+00
5.004169069583316976e+00
5.004461343026508580e+00
5.004767524282235591e+00
5.005086141357918628e+00
5.005417136269409539e+00
5.005755026506980343e+00
5.006098144742448852e+00
5.006444855275353767e+00
5.006795550788542215e+00
5.007148060257335942e+00
5.007499160523315673e+00
5.007852834331592895e+00
5.008199423084757740e+00
5.008539501334331234e+00
5.008866944889328821e+00
5.009183737131558622e+00
5.009485873485706620e+00
5.009771736598366054e+00
5.010048439985865798e+00
5.010312962661290115e+00
5.010567412226254014e+00
5.010809681656562375e+00
5.011043564843737030e+00
5.011275393049023918e+00
5.011499135213695055e+00
5.011713621130935437e+00
5.011916385273240238e+00
5.012110974564008004e+00
5.012303362115077654e+00
5.012486768214755806e+00
5.012661250940316116e+00
5.012824657930784689e+00
5.012980697004846498e+00
5.013125555067113659e+00
5.013259301417297920e+00
5.013387428651355116e+00
5.013510561854369385e+00
5.013631585211283159e+00
5.013752064079766591e+00
5.013874031965409372e+00
5.014003966114272792e+00
5.014138841022525384e+00
5.014276829388712109e+00
5.014418774124954403e+00
5.014566201575820337e+00
5.014722162651619186e+00
5.014877358152319609e+00
5.015030197295147651e+00
5.015177832747597542e+00
5.015320742799686649e+00
5.015458578913258414e+00
5.015585234406190196e+00
5.015703149846540754e+00
5.015810872948514465e+00
5.015907436319412049e+00
5.015995262338565297e+00
5.016072971954727677e+00
5.016145042137959642e+00
5.016212978175627946e+00
5.016283095673444770e+00
5.016356033425565464e+00
5.016439630001571892e+00
5.016531867602629369e+00
5.016635986421046134e+00
5.016756993684705179e+00
5.016899208513806663e+00
5.017065721539568202e+00
5.017246663192075573e+00
5.017442459570032653e+00
5.017655559008731281e+00
5.017888140132440888e+00
5.018140653217002090e+00
5.018402595719112291e+00
5.018676200298382462e+00
5.018957912245556763e+00
5.019255444606557148e+00
5.019561921631707335e+00
5.019882574653043328e+00
5.020209664789749837e+00
5.020538780702067605e+00
5.020869272997392052e+00
5.021205241506707218e+00
5.021550162074874812e+00
5.021901716751766109e+00
5.022254783598494754e+00
5.022609589708758371e+00
5.022963236843955848e+00
5.023314917659175372e+00
5.023656230395447508e+00
5.023986812172245742e+00
5.024304544528733985e+00
5.024604767555159945e+00
5.024892697533382524e+00
5.025155145408375823e+00
5.025396940907254084e+00
5.025614497096999145e+00
5.025813805566890835e+00
5.025990524565590256e+00
5.026128993680489820e+00
5.026239302497146788e+00
5.026317241064994334e+00
5.026371446748986394e+00
5.026395673149989030e+00
5.026382277809339882e+00
5.026333699977281633e+00
5.026250606734562254e+00
5.026150883842515960e+00
5.026031719004993903e+00
5.025897108983506278e+00
5.025741364551966406e+00
5.025570984823886533e+00
5.025396261165177236e+00
5.025216999264693563e+00
5.025037811143583610e+00
5.024855012284851874e+00
5.024668756542987502e+00
5.024489010988064663e+00
5.024311825154610389e+00
5.024145006245264611e+00
5.023984020842501508e+00
5.023829451982193994e+00
5.023682190576831630e+00
5.023540188694637365e+00
5.023403562257329646e+00
5.023265569765383631e+00
5.023118902739400760e+00
5.022963413760328066e+00
5.022792888112627807e+00
5.022611699138099794e+00
5.022405724652374559e+00
5.022169196769858956e+00
5.021905632537123410e+00
5.021610850297178352e+00
5.021287938297058773e+00
5.020926490403975428e+00
5.020525039300586911e+00
5.020067087166276920e+00
5.019553548857834002e+00
5.018993513711061283e+00
5.018375531412925028e+00
5.017701318763459817e+00
5.016953168489303394e+00
5.016148516886199893e+00
5.015276447065438070e+00
5.014335889794197421e+00
5.013337410517302750e+00
5.012274347149102027e+00
5.011166010700432771e+00
5.010007142029968996e+00
5.008805155508485818e+00
5.007562972806659296e+00
5.006274012528624695e+00
5.004953728072609742e+00
5.003599633924928014e+00
5.002224170170989304e+00
5.000821641437975806e+00
4.999399633311001345e+00
4.997969750069348294e+00
4.996530955635275717e+00
4.995089325361218080e+00
4.993647138081755088e+00
4.992214043788876232e+00
4.990793868802751554e+00
4.989385044031109828e+00
4.987988161646092600e+00
4.986608069144450539e+00
4.985253154538832554e+00
4.983932458810768296e+00
4.982645778410397241e+00
4.981387977801524869e+00
4.980166895292961193e+00
4.978989848993981226e+00
4.977855684586132590e+00
4.976779285721743662e+00
4.975745154671632697e+00
4.974756098442040475e+00
4.973805781878790633e+00
4.972901588805279438e+00
4.972056713082157131e+00
4.971267338000497915e+00
4.970533100717030806e+00
4.969843142010531345e+00
4.969204262100419989e+00
4.968627818763516224e+00
4.968106845669709060e+00
4.967638264797888503e+00
4.967211165517828597e+00
4.966831968814394926e+00
4.966512162737807934e+00
4.966235209886242785e+00
4.966017798908313630e+00
4.965841430235911957e+00
4.965705324985344227e+00
4.965604652703065724e+00
4.965543754893612771e+00
4.965528897541833686e+00
4.965550681635530594e+00
4.965613732322843532e+00
4.965710986409128225e+00
4.965845411898359707e+00
4.966014158105269694e+00
4.966214608842299150e+00
4.966441062068359003e+00
4.966688948007093707e+00
4.966965154198721422e+00
4.967255586826963665e+00
4.967567627666307217e+00
4.967895710592878267e+00
4.968235862975729056e+00
4.968594435503494999e+00
4.968962483642411776e+00
4.969346960795832935e+00
4.969741607730997934e+00
4.970149669660046676e+00
4.970569535990968291e+00
4.970993545478000541e+00
4.971422817980661435e+00
4.971853922990874253e+00
4.972286962879614691e+00
4.972716342558877400e+00
4.973135911760644845e+00
4.973553003122822780e+00
4.973969127027110915e+00
4.974387599466163046e+00
4.974807277669924588e+00
4.975227827666122593e+00
4.975648369801956683e+00
4.976071175573188121e+00
4.976496515100617302e+00
4.976926175480503645e+00
4.977359791932423505e+00
4.977799422381242067e+00
4.978241411013324402e+00
4.978681401734966983e+00
4.979120284219998638e+00
4.979555763913112720e+00
4.979986640227751948e+00
4.980405318973378570e+00
4.980816520055547869e+00
4.981225447667554818e+00
4.981632392344787164e+00
4.982038393666758935e+00
4.982438544271305503e+00
4.982839580079332364e+00
4.983240518247500361e+00
4.983638237727596731e+00
4.984033449565783869e+00
4.984422774253205013e+00
4.984802719777241542e+00
4.985170436737851318e+00
4.985521800456361063e+00
4.985858201136605494e+00
4.986176553530411226e+00
4.986472500892149107e+00
4.986739631717817645e+00
4.986977638503328869e+00
4.987195825179830955e+00
4.987395392073111111e+00
4.987575980959253030e+00
4.987737758507744701e+00
4.987881211278752502e+00
4.988009298372807265e+00
4.988120278235319560e+00
4.988210515523124222e+00
4.988280293074231153e+00
4.988330254246275963e+00
4.988364618074874635e+00
4.988381204013739634e+00
4.988385600392093444e+00
4.988384569900980559e+00
4.988379281636031948e+00
4.988374615693925485e+00
4.988369914203529376e+00
4.988370343563500064e+00
4.988378839129936182e+00
4.988388351197126092e+00
4.988399493483365532e+00
4.988411635893633900e+00
4.988431135860507126e+00
4.988460237176392198e+00
4.988500094872202695e+00
4.988545214885149903e+00
4.988592897981639851e+00
4.988647714790189980e+00
4.988712249907898411e+00
4.988786684006687011e+00
4.988866021141645568e+00
4.988947017856178334e+00
4.989031363075834058e+00
4.989116718389329463e+00
4.989205206867543652e+00
4.989293632379036225e+00
4.989376101188595314e+00
4.989455404777312530e+00
4.989527248816798100e+00
4.989589139346267466e+00
4.989640902408633671e+00
4.989675250826171471e+00
4.989697340400659265e+00
4.989702278912070632e+00
4.989690507303227385e+00
4.989661027283643691e+00
4.989616553534059307e+00
4.989564650461314699e+00
4.989506337765840627e+00
4.989444103867052505e+00
4.989377085689691071e+00
4.989299790018472791e+00
4.989213143817385010e+00
4.989114428215896346e+00
4.989006565341030708e+00
4.988887623201360810e+00
4.988751014533688632e+00
4.988601684297670147e+00
4.988439281645467460e+00
4.988268134414454380e+00
4.988088447886754651e+00
4.987897656939227709e+00
4.987699988696027376e+00
4.987497271790403808e+00
4.987292119215477548e+00
4.987087007302093866e+00
4.986881622399436331e+00
4.986679273962276504e+00
4.986472241531359373e+00
4.986259994010674212e+00
4.986039170927601738e+00
4.985811714201466849e+00
4.985586312457219726e+00
4.985359606842743041e+00
4.985133152499095388e+00
4.984909658364252039e+00
4.984692303377435074e+00
4.984492266818180362e+00
4.984304798047288543e+00
4.984135694491906854e+00
4.983976524255467666e+00
4.983841700560642352e+00
4.983727697308403926e+00
4.983630037500751619e+00
4.983548634273229361e+00
4.983473523605844058e+00
4.983413160948312992e+00
4.983368057019307074e+00
4.983337072008054314e+00
4.983323254423213555e+00
4.983331086084710648e+00
4.983364604782312135e+00
4.983414186379871325e+00
4.983480111375451216e+00
4.983560276744888107e+00
4.983655350390822747e+00
4.983760409817100445e+00
4.983874754361809600e+00
4.984004268707709073e+00
4.984149223152549268e+00
4.984307430177928211e+00
4.984478299781681443e+00
4.984652998127044654e+00
4.984832562055439453e+00
4.985018801573664504e+00
4.985213321126998665e+00
4.985415750905874077e+00
4.985625954136255089e+00
4.985836646459999244e+00
4.986056939080360628e+00
4.986286268230530894e+00
4.986522801365707025e+00
4.986767563555394744e+00
4.987019932135944522e+00
4.987285456337039236e+00
4.987560147620742512e+00
4.987841870967304914e+00
4.988130941294138587e+00
4.988425749480729365e+00
4.988728212933992268e+00
4.989032949950550133e+00
4.989334515124563829e+00
4.989633138902489939e+00
4.989924267489467269e+00
4.990208296325062243e+00
4.990475867405539390e+00
4.990729803271598541e+00
4.990975462399429574e+00
4.991210922893143831e+00
4.991441455312079611e+00
4.991658122479921467e+00
4.991858815193182863e+00
4.992047287482775708e+00
4.992220901321625881e+00
4.992385984189815495e+00
4.992538438472903906e+00
4.992675653683027903e+00
4.992795382296672635e+00
4.992893026625743857e+00
4.992970449459744664e+00
4.993021028508437098e+00
4.993045842045458649e+00
4.993033236235852712e+00
4.992987536078792310e+00
4.992916628633168763e+00
4.992817122683402609e+00
4.992699651306967468e+00
4.992549362563068804e+00
4.992366333816671720e+00
4.992156359859282411e+00
4.991916170128161134e+00
4.991656941816683180e+00
4.991374225978280954e+00
4.991066129643944471e+00
4.990734132368591425e+00
4.990375875819949236e+00
4.989995706554977595e+00
4.989589349952070485e+00
4.989159891520170476e+00
4.988699724067477526e+00
4.988219052803246178e+00
4.987717527140406837e+00
4.987202744883028949e+00
4.986684994314341424e+00
4.986161146972802882e+00
4.985631700184670834e+00
4.985096604664353670e+00
4.984564057130842940e+00
4.984039798144726419e+00
4.983529488098351834e+00
4.983032053065030276e+00
4.982550223198263240e+00
4.982096516702799072e+00
4.981670659732548856e+00
4.981279933479159538e+00
4.980924657349019569e+00
4.980610116411475552e+00
4.980336815480616686e+00
4.980095340617475941e+00
4.979887467276780555e+00
4.979709402163056353e+00
4.979564461110633999e+00
4.979449663514745161e+00
4.979362922067296360e+00
4.979303552562845070e+00
4.979282851557721656e+00
4.979294541947087538e+00
4.979352151815322536e+00
4.979443333464216970e+00
4.979567922100897270e+00
4.979729274314370180e+00
4.979924777810003533e+00
4.980153076619382446e+00
4.980415352795746209e+00
4.980701943792875674e+00
4.981006129969384411e+00
4.981327399638023401e+00
4.981668469261851584e+00
4.982032064076986622e+00
4.982410261843827293e+00
4.982799362194267445e+00
4.983198677253453113e+00
4.983611670386522086e+00
4.984041703556209235e+00
4.984481680941312831e+00
4.984934989128737115e+00
4.985395509776203937e+00
4.985874769751459823e+00
4.986365464058251540e+00
4.986870152790577215e+00
4.987380125474662584e+00
4.987883240011067087e+00
4.988380333547026702e+00
4.988867658328741683e+00
4.989344524059921682e+00
4.989807941642134814e+00
4.990251311798124867e+00
4.990680191841453173e+00
4.991091421124071559e+00
4.991489402045042212e+00
4.991876530673833301e+00
4.992249090400070699e+00
4.992613836702436636e+00
4.992967203956575339e+00
4.993313333716721480e+00
4.993650965642661532e+00
4.993975052040547702e+00
4.994291062083573429e+00
4.994596161775769261e+00
4.994895792779058930e+00
4.995191805333376145e+00
4.995481683750183421e+00
4.995764111362876569e+00
4.996030151293160415e+00
4.996277343787731695e+00
4.996510625750303802e+00
4.996726948533684265e+00
4.996922455288946630e+00
4.997089360792667634e+00
4.997225721290813105e+00
4.997341012087197498e+00
4.997429992396862808e+00
4.997494129830518439e+00
4.997529420960707291e+00
4.997534888139123943e+00
4.997518587814771429e+00
4.997471283720003044e+00
4.997384164006578366e+00
4.997270233481319046e+00
4.997119447178334894e+00
4.996947520970494772e+00
4.996743300127924670e+00
4.996497335116506733e+00
4.996223542279691010e+00
4.995911873056681607e+00
4.995578441023023508e+00
4.995213177352340495e+00
4.994822236037941288e+00
4.994399738534482935e+00
4.993943991213234845e+00
4.993467805459294695e+00
4.992968337125275546e+00
4.992448375745806466e+00
4.991906060761903241e+00
4.991347859091256112e+00
4.990771500802729577e+00
4.990180400162134156e+00
4.989578302613589145e+00
4.988963902219328617e+00
4.988343295752199147e+00
4.987715808897408287e+00
4.987086262031586337e+00
4.986455581559926742e+00
4.985822587235957393e+00
4.985192408039361922e+00
4.984567308350595027e+00
4.983957385680767516e+00
4.983359636291059047e+00
4.982781326509209130e+00
4.982220609187275606e+00
4.981675835511773620e+00
4.981151226944415811e+00
4.980646314508407002e+00
4.980167046300261191e+00
4.979702100268690756e+00
4.979260243586390189e+00
4.978837757817594856e+00
4.978434731810478908e+00
4.978059404603332183e+00
4.977703604548364247e+00
4.977372934221414802e+00
4.977067490666297722e+00
4.976788269820747068e+00
4.976544971614269564e+00
4.976325925327030220e+00
4.976143475472120770e+00
4.975994738078800772e+00
4.975891260010315342e+00
4.975826805656900831e+00
4.975800453204787033e+00
4.975810397580857192e+00
4.975862699436615522e+00
4.975956535839135775e+00
4.976090045391242001e+00
4.976262048600832877e+00
4.976460116455923455e+00
4.976678090306591251e+00
4.976913147071969412e+00
4.977164218208413260e+00
4.977431296358476587e+00
4.977707188023845930e+00
4.977990991553883582e+00
4.978277502140623589e+00
4.978559738608669960e+00
4.978831377128732250e+00
4.979092910947871431e+00
4.979337058390153281e+00
4.979561308405024533e+00
4.979757912593556490e+00
4.979926281335425031e+00
4.980064474536698427e+00
4.980173917540009931e+00
4.980263457490723411e+00
4.980325291898693330e+00
4.980365769915874985e+00
4.980381865288723731e+00
4.980380231171071870e+00
4.980368092899367660e+00
4.980339574847527651e+00
4.980297250208600701e+00
4.980237492240189745e+00
4.980166097368270428e+00
4.980089122323475337e+00
4.980005364423774950e+00
4.979917621730053590e+00
4.979824995367015283e+00
4.979724167581806249e+00
4.979610621459941378e+00
4.979492512518698177e+00
4.979373341543758436e+00
4.979257796663948632e+00
4.979145081505335746e+00
4.979030534370028072e+00
4.978926132215343081e+00
4.978830690203391640e+00
4.978753287420765616e+00
4.978690140914328488e+00
4.978640720491455340e+00
4.978617957773311176e+00
4.978610581927275902e+00
4.978629942497279082e+00
4.978665587399659920e+00
4.978725303994065321e+00
4.978799406909888425e+00
4.978893795596009753e+00
4.979010983142575952e+00
4.979138597301711933e+00
4.979283381295895872e+00
4.979438259904776842e+00
4.979610509523694439e+00
4.979802249023262739e+00
4.980010651448314007e+00
4.980237922114824300e+00
4.980475018700157186e+00
4.980729170335028044e+00
4.981003329312001071e+00
4.981295355284157012e+00
4.981607392901124420e+00
4.981937660375178822e+00
4.982283178815186453e+00
4.982649246329009962e+00
4.983026916184963184e+00
4.983413907015264321e+00
4.983811021955251164e+00
4.984217305281697818e+00
4.984636869938610104e+00
4.985070523457168612e+00
4.985507225641547357e+00
4.985944610150097489e+00
4.986379636363624357e+00
4.986810930879354231e+00
4.987238712483583747e+00
4.987650431120335348e+00
4.988048908324478781e+00
4.988428451293647647e+00
4.988791003213763453e+00
4.989139347398221958e+00
4.989468568400980075e+00
4.989782380895257496e+00
4.990082318471312561e+00
4.990362185524344518e+00
4.990623236843884314e+00
4.990861144909203517e+00
4.991077057351858137e+00
4.991272441694081685e+00
4.991442992040455273e+00
4.991583586908444836e+00
4.991692505996242701e+00
4.991776783406304041e+00
4.991831624159158487e+00
4.991856472353020102e+00
4.991856965193028906e+00
4.991832691897607255e+00
4.991789741079292853e+00
4.991728498857438190e+00
4.991650610296956891e+00
4.991550167343548061e+00
4.991425435357695228e+00
4.991266118382071681e+00
4.991081924234484823e+00
4.990861264132862907e+00
4.990602965355819265e+00
4.990292588640904192e+00
4.989933498223280139e+00
4.989536463861321991e+00
4.989096462187325720e+00
4.988618821484005927e+00
4.988100732807970950e+00
4.987542290595328609e+00
4.986958069411075556e+00
4.986339590047455417e+00
4.985686747823812048e+00
4.984999615793086036e+00
4.984285153095579624e+00
4.983546619211293383e+00
4.982793302481032249e+00
4.982022378091668813e+00
4.981240154896831029e+00
4.980453027506327679e+00
4.979660128821588039e+00
4.978871248905515579e+00
4.978084937875126847e+00
4.977313840483283514e+00
4.976561671216940042e+00
4.975819344987128190e+00
4.975097011272761272e+00
4.974390631188604139e+00
4.973712526132318068e+00
4.973064710815402911e+00
4.972435625885577970e+00
4.971836422738583394e+00
4.971258681361527820e+00
4.970725698974879592e+00
4.970228465368005111e+00
4.969771887083503259e+00
4.969360155818018043e+00
4.968975743931682842e+00
4.968639576193841556e+00
4.968339788150938574e+00
4.968079837915452046e+00
4.967862091773153743e+00
4.967670126930775254e+00
4.967514263736980240e+00
4.967382430975290752e+00
4.967296470302122735e+00
4.967257050788927764e+00
4.967245269480360825e+00
4.967270800624706162e+00
4.967321169604279163e+00
4.967419826141290073e+00
4.967561007304779785e+00
4.967740526585569860e+00
4.967963213729402305e+00
4.968212586003086351e+00
4.968509734323908411e+00
4.968842047801901529e+00
4.969213130487788455e+00
4.969620492621052321e+00
4.970052596605111894e+00
4.970517252026786181e+00
4.971007610051621839e+00
4.971529565131952211e+00
4.972077091759730116e+00
4.972651589638283021e+00
4.973252161009898309e+00
4.973867515600016276e+00
4.974499981230785295e+00
4.975148807516981186e+00
4.975810893675972402e+00
4.976485487497140703e+00
4.977163110277344593e+00
4.977845497182299184e+00
4.978533415770819204e+00
4.979225104055097439e+00
4.979918109751037214e+00
4.980605382225205879e+00
4.981289204260995085e+00
4.981963049894860163e+00
4.982626680112175244e+00
4.983279655030659505e+00
4.983919412842682917e+00
4.984547170451575582e+00
4.985157593092613304e+00
4.985751257701508621e+00
4.986333379610171868e+00
4.986898766397231064e+00
4.987452368749970333e+00
4.987983777685755626e+00
4.988495342000121013e+00
4.988988209455007095e+00
4.989453550702624973e+00
4.989892991571419856e+00
4.990297978310577420e+00
4.990678112036280645e+00
4.991014378345304259e+00
4.991303742150509315e+00
4.991554032913142258e+00
4.991757359686039841e+00
4.991928526865982541e+00
4.992045232695260459e+00
4.992106481990509437e+00
4.992122795282363690e+00
4.992093141992542726e+00
4.992025107933173445e+00
4.991909224377909737e+00
4.991748268125544286e+00
4.991543378295343558e+00
4.991295566992801191e+00
4.991014275593650851e+00
4.990697742855144448e+00
4.990358243441177066e+00
4.989992611004007372e+00
4.989598937822473879e+00
4.989182437552106997e+00
4.988738982086970530e+00
4.988277719845965130e+00
4.987788782609596794e+00
4.987265060400560834e+00
4.986717971159116303e+00
4.986144084265426102e+00
4.985552471956210319e+00
4.984942039554912441e+00
4.984315372412997824e+00
4.983670897042353332e+00
4.983016272863348917e+00
4.982357518007955122e+00
4.981700964799127718e+00
4.981049089139303554e+00
4.980404043128690006e+00
4.979778878545364051e+00
4.979169732635815748e+00
4.978589665373761797e+00
4.978030928788681031e+00
4.977512921957273129e+00
4.977047455837925405e+00
4.976617957694430494e+00
4.976242035483916304e+00
4.975904054870802895e+00
4.975624075854170769e+00
4.975408426230747416e+00
4.975251859841843149e+00
4.975166296265995491e+00
4.975139524781587497e+00
4.975164646570082283e+00
4.975247926775808516e+00
4.975382191015849997e+00
4.975575815344673636e+00
4.975830969175768281e+00
4.976131328566443912e+00
4.976485530509127564e+00
4.976885225771439991e+00
4.977338897472693979e+00
4.977846505975796809e+00
4.978415364584400038e+00
4.979033641664757148e+00
4.979691482706440908e+00
4.980386225505246678e+00
4.981122138200772653e+00
4.981900806202067322e+00
4.982707668317927663e+00
4.983534619657767450e+00
4.984378188698066481e+00
4.985239821522009507e+00
4.986120394913923448e+00
4.987008769361746197e+00
4.987907762824069557e+00
4.988808171896707222e+00
4.989706179572712230e+00
4.990600984393131156e+00
4.991483762560855020e+00
4.992353453858267009e+00
4.993200663997302335e+00
4.994025776608356892e+00
4.994825174807080437e+00
4.995594900249013648e+00
4.996331894843349275e+00
4.997027359528907198e+00
4.997683892993697086e+00
4.998297664111921002e+00
4.998863298444518044e+00
4.999380749462613238e+00
4.999837200863728626e+00
5.000248386523197475e+00
5.000604080779919691e+00
5.000911543703148610e+00
5.001153753975847494e+00
5.001350714358010485e+00
5.001493270237439503e+00
5.001596394999394235e+00
5.001637947273882112e+00
5.001629323875855349e+00
5.001579353409211670e+00
5.001478236290018309e+00
5.001331139859135355e+00
5.001147188768115370e+00
5.000923445802507139e+00
5.000653005428936204e+00
5.000322740041044156e+00
4.999948648959721353e+00
4.999523605183090247e+00
4.999053566195393650e+00
4.998539195172811311e+00
4.997972715311076009e+00
4.997371137589539991e+00
4.996730116680587308e+00
4.996056820899571704e+00
4.995359183624709765e+00
4.994628567546929965e+00
4.993878438845600343e+00
4.993103829622592471e+00
4.992313039154138821e+00
4.991506033391085673e+00
4.990680569112626586e+00
4.989844723791208914e+00
4.989001183137623308e+00
4.988153650909987746e+00
4.987307367325154672e+00
4.986465255990949252e+00
4.985627524704066893e+00
4.984796213060942449e+00
4.983967298046079186e+00
4.983146909475650865e+00
4.982337456122364117e+00
4.981536798552001599e+00
4.980749934539521639e+00
4.979970046431148489e+00
4.979206177071059614e+00
4.978459761590088739e+00
4.977731986344183568e+00
4.977026468664730530e+00
4.976337864697302216e+00
4.975672200471485951e+00
4.975022518709624642e+00
4.974389095679248030e+00
4.973774516135776480e+00
4.973176613301362181e+00
4.972609663457001616e+00
4.972063805573013084e+00
4.971541199907985487e+00
4.971041045859780461e+00
4.970561645068553247e+00
4.970098625459101527e+00
4.969648678414847254e+00
4.969213618748212546e+00
4.968802522309446523e+00
4.968417334370637484e+00
4.968057609051790280e+00
4.967720664888945592e+00
4.967413586005893222e+00
4.967144995220329484e+00
4.966925705764765553e+00
4.966746797468836405e+00
4.966612518430078893e+00
4.966527957050452358e+00
4.966497013685615691e+00
4.966516829226487850e+00
4.966592802773551085e+00
4.966718458193676078e+00
4.966889748159187157e+00
4.967106666951762506e+00
4.967365002907203397e+00
4.967668354432420941e+00
4.968005046616630338e+00
4.968379097651081544e+00
4.968793510641293487e+00
4.969235739070313684e+00
4.969699977333979390e+00
4.970178504693643973e+00
4.970667713205651594e+00
4.971164004723863883e+00
4.971657306733862747e+00
4.972148566576974460e+00
4.972637128453093247e+00
4.973118898640710661e+00
4.973582450072605354e+00
4.974023115332562028e+00
4.974439818109708256e+00
4.974829928609865171e+00
4.975195327098802522e+00
4.975537559981779268e+00
4.975853055971995786e+00
4.976137428484246783e+00
4.976387779540703882e+00
4.976603906411067868e+00
4.976788917812841717e+00
4.976941113812241468e+00
4.977054827432471740e+00
4.977133442419906295e+00
4.977170540266995680e+00
4.977171872772776062e+00
4.977139060646329050e+00
4.977074785050970007e+00
4.976983925965648758e+00
4.976867575407993627e+00
4.976727210902643250e+00
4.976566247032057966e+00
4.976391002186608681e+00
4.976203488060307656e+00
4.976011871346307736e+00
4.975819401186925006e+00
4.975625026472878076e+00
4.975428966921787044e+00
4.975227097612838101e+00
4.975027352464418406e+00
4.974831111901473868e+00
4.974638429326040168e+00
4.974450630196405321e+00
4.974268009220285336e+00
4.974093192168545841e+00
4.973921335754019957e+00
4.973755356618237755e+00
4.973593301721882298e+00
4.973435886804979056e+00
4.973276938316445239e+00
4.973113373373668544e+00
4.972941875145803436e+00
4.972762670149127651e+00
4.972570787058243624e+00
4.972367285438843432e+00
4.972156027019986269e+00
4.971939851851233882e+00
4.971721292906472023e+00
4.971501781870641956e+00
4.971287742503948337e+00
4.971084433686949744e+00
4.970892802947230571e+00
4.970707074482954901e+00
4.970532302861132123e+00
4.970366695844598226e+00
4.970210895477823243e+00
4.970060412525229232e+00
4.969910318856157083e+00
4.969759974419170057e+00
4.969607428698830986e+00
4.969449481214429198e+00
4.969288935712570243e+00
4.969128416138731907e+00
4.968969733598672889e+00
4.968811426661007502e+00
4.968653616695696051e+00
4.968500658008299986e+00
4.968357986812510951e+00
4.968223915887096886e+00
4.968092651800283477e+00
4.967963387132653175e+00
4.967839041394211286e+00
4.967723960257164784e+00
4.967614672617085780e+00
4.967506425031491091e+00
4.967398842605791565e+00
4.967289006258389428e+00
4.967174049620544984e+00
4.967053340128651406e+00
4.966928565925947225e+00
4.966801500278553938e+00
4.966672658254421613e+00
4.966542074433558440e+00
4.966417444017746874e+00
4.966297044935668481e+00
4.966190628916989702e+00
4.966095854784395414e+00
4.966018402203950188e+00
4.965970689510029068e+00
4.965940660282537777e+00
4.965940984210317488e+00
4.965963390294781732e+00
4.966009060961513732e+00
4.966082311549544492e+00
4.966171921666100886e+00
4.966282745904609719e+00
4.966406957430154812e+00
4.966543045497821218e+00
4.966689190880716254e+00
4.966838638854533805e+00
4.966999023200334484e+00
4.967172928058861459e+00
4.967366608602314493e+00
4.967575177957622934e+00
4.967804196586220300e+00
4.968051182625202955e+00
4.968316609000175355e+00
4.968601985031126489e+00
4.968898937569319330e+00
4.969210922007768261e+00
4.969531849210469865e+00
4.969859256816415716e+00
4.970193604936212317e+00
4.970531372388213853e+00
4.970876605582743579e+00
4.971230405827371968e+00
4.971592854705958686e+00
4.971963676435261270e+00
4.972339210209756999e+00
4.972722382729262591e+00
4.973111993109196050e+00
4.973503385668010424e+00
4.973898950104922889e+00
4.974296291989594998e+00
4.974697495845466833e+00
4.975100104806333690e+00
4.975500873399285595e+00
4.975904084180799991e+00
4.976308651452271192e+00
4.976717512120812259e+00
4.977127973844615916e+00
4.977538020645586592e+00
4.977951696326344155e+00
4.978367229101569258e+00
4.978787268472224525e+00
4.979208684598416035e+00
4.979629035962132910e+00
4.980050268617776332e+00
4.980471870896725051e+00
4.980898285505681145e+00
4.981327546012906282e+00
4.981759506387024139e+00
4.982190929723291362e+00
4.982614432980626340e+00
4.983027300943940752e+00
4.983433266205103074e+00
4.983826078136772253e+00
4.984205538702518368e+00
4.984563041177898945e+00
4.984895241071790828e+00
4.985207362861693525e+00
4.985496099868179876e+00
4.985753833518685951e+00
4.985991435104372371e+00
4.986193944827975955e+00
4.986372850218178776e+00
4.986519251332940605e+00
4.986634589654715732e+00
4.986726799753816941e+00
4.986787467489341985e+00
4.986829039316947210e+00
4.986846661876046305e+00
4.986844738364455409e+00
4.986826886386846347e+00
4.986790641798875434e+00
4.986742166668413745e+00
4.986672864394499527e+00
4.986588531533493018e+00
4.986478734217821618e+00
4.986346521551026534e+00
4.986201596964388472e+00
4.986037118580431304e+00
4.985859485246479927e+00
4.985665047258377669e+00
4.985457485649973819e+00
4.985242279447853697e+00
4.985013238243996447e+00
4.984768034942686832e+00
4.984502842776716847e+00
4.984219393018872069e+00
4.983923421368242401e+00
4.983607760235906348e+00
4.983271236621082956e+00
4.982911180645467120e+00
4.982533570468666184e+00
4.982138232380393106e+00
4.981730524167659269e+00
4.981314622029902495e+00
4.980885614022851016e+00
4.980449160017311527e+00
4.980005182564497979e+00
4.979560956523061854e+00
4.979120421760022452e+00
4.978678122140706819e+00
4.978237868339064676e+00
4.977799861297254047e+00
4.977373893760387524e+00
4.976963366881256512e+00
