0.000000000000000000e+00
0.000000000000000000e+00
-1.249461661245732738e-08
-7.432517236338755095e-08
-2.216157383827522651e-07
-4.851996175148089608e-07
-9.210197652009814027e-07
-1.374185941358519233e-06
-2.101582705336114288e-06
2.508186097429642049e-06
1.635561516991402057e-05
4.126086185237910406e-05
8.452600619307304225e-05
1.500332337479904103e-04
2.464187592875077978e-04
3.794350457053498392e-04
5.575713310997800582e-04
7.824327033620193496e-04
1.057780457721264672e-03
1.387705465839417316e-03
1.780042124972851638e-03
2.240341676459820311e-03
2.776340914950879354e-03
3.400325661585839980e-03
4.113445317433388898e-03
4.925435444400819672e-03
5.834459399865182805e-03
6.851270383284600689e-03
7.975100984857591904e-03
9.218847861574206576e-03
1.057850401668361182e-02
1.205476041703036801e-02
1.365814920334628563e-02
1.538764249353221682e-02
1.725680958299449438e-02
1.925829242734721641e-02
2.139106031327060037e-02
2.366535927920154422e-02
2.607939015893748907e-02
2.864216308860590907e-02
3.135154794721415478e-02
3.420205693511774864e-02
3.720721136598399009e-02
4.036007027892878768e-02
4.367283444671442999e-02
4.713898133306314991e-02
5.077149521379282354e-02
5.456349473266413480e-02
5.850744228629878307e-02
6.261984508304407893e-02
6.689148615865518621e-02
7.133583407668879495e-02
7.594672690896800415e-02
8.073793720273783614e-02
8.570188414125254339e-02
9.085066210298348155e-02
9.619161139993476217e-02
1.017187495139102726e-01
1.074409122374515441e-01
1.133420629408817271e-01
1.194334096816043744e-01
1.257067234423618063e-01
1.321519536879520729e-01
1.387718768027286775e-01
1.455583507922154074e-01
1.525117177870731755e-01
1.596452696230870050e-01
1.669599236157399136e-01
1.744693733361226684e-01
1.821780587342244628e-01
1.900878090765935335e-01
1.982213259842855180e-01
2.065744424965840764e-01
2.151301855948430375e-01
2.238932872918111272e-01
2.328794200327855557e-01
2.420890475419026910e-01
2.515178431179982410e-01
2.611291665938358930e-01
2.709330267813663817e-01
2.809379632380466507e-01
2.911656672862034112e-01
3.016026992705325704e-01
3.122703869250277320e-01
3.231540162470796784e-01
3.342764158156374399e-01
3.456161947157839198e-01
3.571534759905794498e-01
3.689117236044863191e-01
3.808695490267733907e-01
3.930706353095034244e-01
4.054891271498659022e-01
4.181449801829316693e-01
4.310136086848236348e-01
4.440719408896423026e-01
4.573433537390686476e-01
4.708070845511413971e-01
4.845111114886261339e-01
4.984253437426544586e-01
5.125678701308229446e-01
5.269148130324342594e-01
5.414439697173097921e-01
5.561810130980471278e-01
5.711029846575715885e-01
5.862589366343474717e-01
6.016173834708189450e-01
6.171973438170408333e-01
6.329736442473388180e-01
6.489227135088895260e-01
6.650768644717193201e-01
6.814271957781767863e-01
6.979987330344177288e-01
7.147768111136414415e-01
7.317633933928467949e-01
7.489522213843324838e-01
7.663322741892791834e-01
7.839025921729064761e-01
8.016561813261962044e-01
8.196308667567231421e-01
8.378167314436890667e-01
8.562198240664460336e-01
8.748357612994173138e-01
8.936542196181277431e-01
9.126758379843694646e-01
9.318938047793368096e-01
9.513510079291322974e-01
9.710372550394990032e-01
9.909812993910765977e-01
1.011159808149621586e+00
1.031544057836816686e+00
1.052172064295099574e+00
1.073012797346399427e+00
1.094098174085901265e+00
1.115404214372919478e+00
1.136900941839502632e+00
1.158629943838404230e+00
1.180568556299494309e+00
1.202754728308008669e+00
1.225166913976953875e+00
1.247822420110986874e+00
1.270676235666559517e+00
1.293756429662988872e+00
1.317070288172052628e+00
1.340569231024073105e+00
1.364283854475306423e+00
1.388144702425287980e+00
1.412201258650110924e+00
1.436475507726954204e+00
1.460992972364710596e+00
1.485758296957301106e+00
1.510720436086939733e+00
1.535907566061304852e+00
1.561313552370356295e+00
1.586954121103571591e+00
1.612825042715357426e+00
1.638909594526575697e+00
1.665217504015253702e+00
1.691743812074945952e+00
1.718497058859155713e+00
1.745477244367883651e+00
1.772708289137170601e+00
1.800148756017968976e+00
1.827835795393274010e+00
1.855783504953668395e+00
1.884016808977410751e+00
1.912525939455315793e+00
1.941268448343560715e+00
1.970271837225244127e+00
1.999542314520166064e+00
2.029082765093133567e+00
2.058890156259820081e+00
2.088898427000329239e+00
2.119098703375146719e+00
2.149488954057978241e+00
2.180054594984339289e+00
2.210794777384088583e+00
2.241719219198511137e+00
2.272785496225641300e+00
2.303998803606317480e+00
2.335328359117792463e+00
2.366759378423975324e+00
2.398278512468622559e+00
2.429875971784876132e+00
2.461523022165582830e+00
2.493219012728022044e+00
2.524940113535211861e+00
2.556668893804834752e+00
2.588387443533227916e+00
2.620090333929346205e+00
2.651757139673517560e+00
2.683378915300654199e+00
2.714943425169276114e+00
2.746438066473292139e+00
2.777849299421595308e+00
2.809158293714808075e+00
2.840360238066004239e+00
2.871443812361048398e+00
2.902409574499414724e+00
2.933243555536554137e+00
2.963950247278497763e+00
2.994532479753778453e+00
3.024971875658319487e+00
3.055275382509516024e+00
3.085422250738428573e+00
3.115419885626123708e+00
3.145246395578668697e+00
3.174913205614374068e+00
3.204391798486993626e+00
3.233672351351068119e+00
3.262732619753167640e+00
3.291562821378991366e+00
3.320197257509515332e+00
3.348621701708123677e+00
3.376866187563225985e+00
3.404905690660759987e+00
3.432736482134148837e+00
3.460347666254326882e+00
3.487739912977501522e+00
3.514899923315331520e+00
3.541824366560265780e+00
3.568505212774560231e+00
3.594944364538476211e+00
3.621189648618981849e+00
3.647242147436425608e+00
3.673117925634667991e+00
3.698816539755152011e+00
3.724309064855860107e+00
3.749604227056787753e+00
3.774714984407709029e+00
3.799606775751397603e+00
3.824291555395410214e+00
3.848783084860131876e+00
3.873078042974756219e+00
3.897178611269281667e+00
3.921043326368616633e+00
3.944676317682550781e+00
3.968100428095147958e+00
3.991314069738671755e+00
4.014360248556420707e+00
4.037191018572137580e+00
4.059807404985711798e+00
4.082176677694604905e+00
4.104306785574244110e+00
4.126252400389002872e+00
4.147969595899867024e+00
4.169506222715662958e+00
4.190822655668543284e+00
4.211921345701502339e+00
4.232798552027032812e+00
4.253421070089624223e+00
4.273846618643090345e+00
4.294039191713617143e+00
4.314041444769189937e+00
4.333843360653207633e+00
4.353409562816904277e+00
4.372766932955073571e+00
4.391916702499674585e+00
4.410871816387460953e+00
4.429653250685023025e+00
4.448239558449076370e+00
4.466650658359812454e+00
4.484833578577326563e+00
4.502807758560465778e+00
4.520599725952433978e+00
4.538192772379206374e+00
4.555608262529657004e+00
4.572796456327721693e+00
4.589776460638328892e+00
4.606574153414055850e+00
4.623174042215630664e+00
4.639596549978539208e+00
4.655794283857629168e+00
4.671785311212823366e+00
4.687594044914529690e+00
4.703205915203377607e+00
4.718640186300559591e+00
4.733851856699272886e+00
4.748857961406990569e+00
4.763681402912422591e+00
4.778308581819817213e+00
4.792757640590950885e+00
4.806986038198755473e+00
4.821009811868952610e+00
4.834850401392267294e+00
4.848495221844004277e+00
4.861961341610239629e+00
4.875208696832942223e+00
4.888252329340266655e+00
4.901112278213787476e+00
4.913776987304974142e+00
4.926262483110714463e+00
4.938531176557828140e+00
4.950597099771787413e+00
4.962479621877958103e+00
4.974168706646254101e+00
4.985679703464796830e+00
4.996977830639174556e+00
5.008076720943740234e+00
5.018977270832350790e+00
5.029675656070997647e+00
5.040190464964201311e+00
5.050491073837569012e+00
5.060591613760283103e+00
5.070481445303251178e+00
5.080162319054892350e+00
5.089623088350584190e+00
5.098879999628354476e+00
5.107948563804913356e+00
5.116814206948566479e+00
5.125493942609119280e+00
5.133970970025348635e+00
5.142257270922946155e+00
5.150335226168917480e+00
5.158193449487971982e+00
5.165850624552059678e+00
5.173291683903026517e+00
5.180530112495708828e+00
5.187549812903690771e+00
5.194338372459698761e+00
5.200914889087965065e+00
5.207265563717176526e+00
5.213403239360144603e+00
5.219312828889181688e+00
5.224996262898732979e+00
5.230461803188610759e+00
5.235708847155857271e+00
5.240742345562267701e+00
5.245559849551010068e+00
5.250163107028293474e+00
5.254555604269790514e+00
5.258736943414497489e+00
5.262703539243030804e+00
5.266456960251617581e+00
5.270001196375178942e+00
5.273339468350697778e+00
5.276471220066835777e+00
5.279400314500620084e+00
5.282126040568639880e+00
5.284650475790789059e+00
5.286975500097563341e+00
5.289100801309635003e+00
5.291028942128707335e+00
5.292759621998360586e+00
5.294294513573936101e+00
5.295635408124020671e+00
5.296782590707829641e+00
5.297738918921044871e+00
5.298504810592224779e+00
5.299081537535479391e+00
5.299470708331158519e+00
5.299672593565722956e+00
5.299689737961693403e+00
5.299523422264559969e+00
5.299175266542538232e+00
5.298644610860450577e+00
5.297932865911229250e+00
5.297042198770745891e+00
5.295982612812026424e+00
5.294758225225909776e+00
5.293369025730594757e+00
5.291819873743757618e+00
5.290114439570412053e+00
5.288258267336591878e+00
5.286258469366535984e+00
5.284115113758548254e+00
5.281834232949718988e+00
5.279415491365895718e+00
5.276863346242414821e+00
5.274186948084341964e+00
5.271388503455627372e+00
5.268476027094830982e+00
5.265451166772354696e+00
5.262318393730629040e+00
5.259086231135833067e+00
5.255758980655182100e+00
5.252343973361958795e+00
5.248847009086120785e+00
5.245272585296143042e+00
5.241632852696884726e+00
5.237935885631550548e+00
5.234197332703579342e+00
5.230427430712689230e+00
5.226633283638466132e+00
5.222823640548694968e+00
5.219006034874428046e+00
5.215185879313456674e+00
5.211371884488570139e+00
5.207568577670561361e+00
5.203783527159201228e+00
5.200021491789327044e+00
5.196290051483617667e+00
5.192595598542200541e+00
5.188942988061414852e+00
5.185339066230760352e+00
5.181787099086748505e+00
5.178292030536638002e+00
5.174856786572442857e+00
5.171487046622739392e+00
5.168185756647096341e+00
5.164954609417424791e+00
5.161794575297342647e+00
5.158708845817553623e+00
5.155696437501418039e+00
5.152764024281012212e+00
5.149911350452409664e+00
5.147145444893346244e+00
5.144466137134537931e+00
5.141875778281197462e+00
5.139378346347317716e+00
5.136975132220491957e+00
5.134676417552934247e+00
5.132477511310085561e+00
5.130378758155807795e+00
5.128378799104198471e+00
5.126473696821435944e+00
5.124662008726105000e+00
5.122942445271715606e+00
5.121317600601419606e+00
5.119787120514616596e+00
5.118350069069371067e+00
5.117003391080603869e+00
5.115741888129219817e+00
5.114567784958586216e+00
5.113474719815954472e+00
5.112461191260322835e+00
5.111519748040541877e+00
5.110647575178250079e+00
5.109842262261612866e+00
5.109099609100325345e+00
5.108418153219921543e+00
5.107792281725508587e+00
5.107218486213189301e+00
5.106693949506682983e+00
5.106214681931835919e+00
5.105777480744821517e+00
5.105378299870593217e+00
5.105014440857869928e+00
5.104682459601265876e+00
5.104378177442652209e+00
5.104098258403194421e+00
5.103838935487967632e+00
5.103597075485687640e+00
5.103369148274014222e+00
5.103151147377739782e+00
5.102939732776086146e+00
5.102731351641069502e+00
5.102522511364025348e+00
5.102309970327717714e+00
5.102092817531032054e+00
5.101867484052730717e+00
5.101632563688857758e+00
5.101384027072294103e+00
5.101120425456267427e+00
5.100838719152910983e+00
5.100536784076197705e+00
5.100212657966716634e+00
5.099864629612369527e+00
5.099491213516398780e+00
5.099091508493823532e+00
5.098664171391232180e+00
5.098208237134916665e+00
5.097722678401573226e+00
5.097208386355146281e+00
5.096666463681564174e+00
5.096094923683510025e+00
5.095492488176630808e+00
5.094855633930371219e+00
5.094184005216763289e+00
5.093478918851420900e+00
5.092742343575761943e+00
5.091975705430911603e+00
5.091177213818833813e+00
5.090348085046811910e+00
5.089489711702866792e+00
5.088604793728394249e+00
5.087695574418706457e+00
5.086760516421003686e+00
5.085800856084627952e+00
5.084818205715222916e+00
5.083815505535406842e+00
5.082795895443362966e+00
5.081762359247607996e+00
5.080717663572234422e+00
5.079664454863470624e+00
5.078605648384491467e+00
5.077543626905481666e+00
5.076480945156018443e+00
5.075419911102455828e+00
5.074363097132247979e+00
5.073313183964293316e+00
5.072268166349333640e+00
5.071228200451535884e+00
5.070190121189755317e+00
5.069153868512314531e+00
5.068121643916767560e+00
5.067093887285393450e+00
5.066073176146548285e+00
5.065058295161526836e+00
5.064050197781127416e+00
5.063051597059767595e+00
5.062066517875592808e+00
5.061100324795644312e+00
5.060153238804143250e+00
5.059228016243380921e+00
5.058322602243227273e+00
5.057438039065403679e+00
5.056578002230327940e+00
5.055741170973581333e+00
5.054929505691927005e+00
5.054140675620238277e+00
5.053375189037124571e+00
5.052635246322552121e+00
5.051918931410709135e+00
5.051228105382124411e+00
5.050560480759540560e+00
5.049916788519421829e+00
5.049300877892474837e+00
5.048711601154010964e+00
5.048151792914670644e+00
5.047619492740435199e+00
5.047116583467524897e+00
5.046641906940442901e+00
5.046190421723824926e+00
5.045762604803842422e+00
5.045354782150190509e+00
5.044967804060380701e+00
5.044598562114935625e+00
5.044247490459184746e+00
5.043918161162238789e+00
5.043609274488937366e+00
5.043323141274105303e+00
5.043057928619037789e+00
5.042815300778547893e+00
5.042594069198767848e+00
5.042389491380253830e+00
5.042201636576154833e+00
5.042027165063717398e+00
5.041866611384847374e+00
5.041717864948386030e+00
5.041575833319748234e+00
5.041440067946041381e+00
5.041307264951120359e+00
5.041177657696481518e+00
5.041048677492016239e+00
5.040920865343014867e+00
5.040794551142554702e+00
5.040669779137771478e+00
5.040546688207489190e+00
5.040425197000677926e+00
5.040305299910779802e+00
5.040187018497909399e+00
5.040070203582819097e+00
5.039954806662227504e+00
5.039840682840969421e+00
5.039727752043928533e+00
5.039615815368543750e+00
5.039502846731867436e+00
5.039385214581218797e+00
5.039263449761150149e+00
5.039135991319147578e+00
5.039004353986187290e+00
5.038867579887686077e+00
5.038722861970840405e+00
5.038571242013079932e+00
5.038411562603963390e+00
5.038245662071805242e+00
5.038073035900544561e+00
5.037895544462899444e+00
5.037712881856658775e+00
5.037522665851809300e+00
5.037326149896777849e+00
5.037122347404307199e+00
5.036912971784419213e+00
5.036697384801751554e+00
5.036473076914496971e+00
5.036241076433158881e+00
5.036000429348147733e+00
5.035752864045150545e+00
5.035497685422248182e+00
5.035233690694965958e+00
5.034963682250180206e+00
5.034688917280234932e+00
5.034413649023570692e+00
5.034140091233947345e+00
5.033868332778163257e+00
5.033597541854775592e+00
5.033326062944776247e+00
5.033056676101930194e+00
5.032790488389380812e+00
5.032526668937007841e+00
5.032263760038714118e+00
5.031999634088081486e+00
5.031736822382610441e+00
5.031476071880262246e+00
5.031221184277039349e+00
5.030973998022328253e+00
5.030733531148235294e+00
5.030497908324996104e+00
5.030264228277901317e+00
5.030034103368470788e+00
5.029807403099784580e+00
5.029585356705882582e+00
5.029364661325760544e+00
5.029144527607658510e+00
5.028925678295144586e+00
5.028709905420490678e+00
5.028499828291187690e+00
5.028293102507541690e+00
5.028089469981440907e+00
5.027884782956043352e+00
5.027677662422012084e+00
5.027468321987490718e+00
5.027258249719690042e+00
5.027049672224622512e+00
5.026840119374048399e+00
5.026629345689963557e+00
5.026418368232500988e+00
5.026209224288415989e+00
5.026004700784636903e+00
5.025802564092977320e+00
5.025602706217272342e+00
5.025404845302057666e+00
5.025208948471647119e+00
5.025015102674316836e+00
5.024821446270745895e+00
5.024625309736531875e+00
5.024423476469768168e+00
5.024217175015313508e+00
5.024006092616421171e+00
5.023793104359014272e+00
5.023578922835243432e+00
5.023362408478808661e+00
5.023146418270719060e+00
5.022931462631623489e+00
5.022721314349273491e+00
5.022517409727971227e+00
5.022318784420441773e+00
5.022123495799551307e+00
5.021928560857721990e+00
5.021735660129287737e+00
5.021544449416050604e+00
5.021358058297137106e+00
5.021177468852202175e+00
5.021001343534389427e+00
5.020832787298657784e+00
5.020672106289366887e+00
5.020523309282089564e+00
5.020387999911857690e+00
5.020265357227129854e+00
5.020153559486447037e+00
5.020049299544719013e+00
5.019954412060853244e+00
5.019868780368072159e+00
5.019790482831252731e+00
5.019716767937008939e+00
5.019644060561498478e+00
5.019573762014572615e+00
5.019505294526991790e+00
5.019441726154711958e+00
5.019384049259191016e+00
5.019331068017583775e+00
5.019280582632001497e+00
5.019229478946018119e+00
5.019179375533076026e+00
5.019129934514001690e+00
5.019079205289543211e+00
5.019024355675153259e+00
5.018962151387764692e+00
5.018893839757016195e+00
5.018818954041285529e+00
5.018737937191558807e+00
5.018647044038458738e+00
5.018544652590587241e+00
5.018430853465631003e+00
5.018306510521157726e+00
5.018173111684679277e+00
5.018031607501267644e+00
5.017882526068075499e+00
5.017726122455729687e+00
5.017562402019335011e+00
5.017391221465601348e+00
5.017212347852126442e+00
5.017025495616779018e+00
5.016830322070106263e+00
5.016626525631233235e+00
5.016414812540693546e+00
5.016196370476914801e+00
5.015972789226157857e+00
5.015745892150385465e+00
5.015517598779930530e+00
5.015284904575032954e+00
5.015046536138338951e+00
5.014802597871107714e+00
5.014553810039592108e+00
5.014301316289288657e+00
5.014041551703643407e+00
5.013772917127291784e+00
5.013495292438249429e+00
5.013209269529262713e+00
5.012916071916052374e+00
5.012617207801023156e+00
5.012314452452638847e+00
5.012007621096500110e+00
5.011700254099495488e+00
5.011393515447204017e+00
5.011091831808959007e+00
5.010797251554254927e+00
5.010509452613119308e+00
5.010227093247745067e+00
5.009947644377175102e+00
5.009673291498842218e+00
5.009404391868087281e+00
5.009140181148473481e+00
5.008879569022033351e+00
5.008620988519909112e+00
5.008367748202802616e+00
5.008121785668701698e+00
5.007883323149802557e+00
5.007652050944091826e+00
5.007426772283436911e+00
5.007209225444169576e+00
5.006998408546717627e+00
5.006790486162575604e+00
5.006585754582705938e+00
5.006381786612839058e+00
5.006179308312058929e+00
5.005976375041575110e+00
5.005774112602741077e+00
5.005576119793624379e+00
5.005382031125993336e+00
5.005194235907914013e+00
5.005011835189582037e+00
5.004836669301660379e+00
5.004667801538528416e+00
5.004501453636260422e+00
5.004337890276731038e+00
5.004174724238040994e+00
5.004012721980037881e+00
5.003850008415104966e+00
5.003682811556430465e+00
5.003511320779147731e+00
5.003333634136291508e+00
5.003150805400731649e+00
5.002961574306758585e+00
5.002766952103050002e+00
5.002569622060331511e+00
5.002373157383923186e+00
5.002182167524521716e+00
5.001996372191285012e+00
5.001817744707738100e+00
5.001644265128350142e+00
5.001476348990625098e+00
5.001316813284581109e+00
5.001163787066984945e+00
5.001018301274676503e+00
5.000877571970272939e+00
5.000741513229955082e+00
5.000612188203308328e+00
5.000492637183564959e+00
5.000387621520133941e+00
5.000296468211383960e+00
5.000221348277339217e+00
5.000160008061722117e+00
5.000112524794459112e+00
5.000082086329857844e+00
5.000066540267362747e+00
5.000067185086227717e+00
5.000081057347853353e+00
5.000107874294773325e+00
5.000150353961653416e+00
5.000206264142907031e+00
5.000276601539955124e+00
5.000358449772030589e+00
5.000451513921873037e+00
5.000558387238563718e+00
5.000676849085867737e+00
5.000807870963619450e+00
5.000948494423212765e+00
5.001098879624191085e+00
5.001255698233874725e+00
5.001418533615800577e+00
5.001589581549200858e+00
5.001766561113331733e+00
5.001950185235621404e+00
5.002137563053551617e+00
5.002328597430173218e+00
5.002525564685496917e+00
5.002726433549108620e+00
5.002931878782841402e+00
5.003139168929341629e+00
5.003348244663360589e+00
5.003557651761951774e+00
5.003765309538723116e+00
5.003968883503259413e+00
5.004165983118148198e+00
5.004356280241192501e+00
5.004540762092950068e+00
5.004716558244111546e+00
5.004882651057125820e+00
5.005035209136115881e+00
5.005173026436971817e+00
5.005296951115163040e+00
5.005408764138850941e+00
5.005510528545859650e+00
5.005600512048261841e+00
5.005678924603419233e+00
5.005747522480817224e+00
5.005808763007664197e+00
5.005865481474467416e+00
5.005916136155866170e+00
5.005960856384628066e+00
5.005998545246693965e+00
5.006031609999044285e+00
5.006060352578788120e+00
5.006083125068835571e+00
5.006097331322526323e+00
5.006100162017247612e+00
5.006092803325011609e+00
5.006075184889343888e+00
5.006050055163652424e+00
5.006017995562143774e+00
5.005978088999838427e+00
5.005933038724323936e+00
5.005883505602104044e+00
5.005833095350970652e+00
5.005783068134186387e+00
5.005732411641364621e+00
5.005680456819681545e+00
5.005626656619570625e+00
5.005570625357068870e+00
5.005512027173974587e+00
5.005450312385075762e+00
5.005384679158891181e+00
5.005314266632051812e+00
5.005238388363943969e+00
5.005161054061468384e+00
5.005084781233896329e+00
5.005010840759356761e+00
5.004939862933684758e+00
5.004871854164381517e+00
5.004806572978129253e+00
5.004743461619806766e+00
5.004681777462106851e+00
5.004620658049102389e+00
5.004559126362878807e+00
5.004496208668430590e+00
5.004430867584166442e+00
5.004363217914221451e+00
5.004293903211807226e+00
5.004224046577443907e+00
5.004154985008505641e+00
5.004088369469834596e+00
5.004021835743194480e+00
5.003955769149332156e+00
5.003887349154545916e+00
5.003816512335768962e+00
5.003745321465402185e+00
5.003671879960902125e+00
5.003596773903563388e+00
5.003517423720776236e+00
5.003433938884852772e+00
5.003348511030641710e+00
5.003264344028872657e+00
5.003185812674207256e+00
5.003112547110511343e+00
5.003046481950884861e+00
5.002985676053658182e+00
5.002930572830817546e+00
5.002884052062153586e+00
5.002844323312610975e+00
5.002812529624652171e+00
5.002786096228963864e+00
5.002765088036402297e+00
5.002752080301734239e+00
5.002745116684682358e+00
5.002745195834076952e+00
5.002749639066396803e+00
5.002758672607824586e+00
5.002769296582783021e+00
5.002781283388840095e+00
5.002796811483793959e+00
5.002813937477994521e+00
5.002833423292258885e+00
5.002852667677442966e+00
5.002871715415030174e+00
5.002892947902664034e+00
5.002914517168183473e+00
5.002937292626821630e+00
5.002958739393154275e+00
5.002978949216423388e+00
5.002996915091291186e+00
5.003015515203816044e+00
5.003035837311991862e+00
5.003057081445815513e+00
5.003077741833632963e+00
5.003095486124741420e+00
5.003112650595370248e+00
5.003129687156992134e+00
5.003145521977215182e+00
5.003158368222877961e+00
5.003165745709205581e+00
5.003169977428854942e+00
5.003171516910599692e+00
5.003172842406868881e+00
5.003172922494325547e+00
5.003172967032936569e+00
5.003171344167116175e+00
5.003168846765098543e+00
5.003168461522824906e+00
5.003169187799309192e+00
5.003172503835910057e+00
5.003176729009526369e+00
5.003182628074234195e+00
5.003193513954563798e+00
5.003208270950515235e+00
5.003228560748782527e+00
5.003252537003525902e+00
5.003281168711645854e+00
5.003312403629342597e+00
5.003343714754837634e+00
5.003377447451739179e+00
5.003414411339717205e+00
5.003453823216067242e+00
5.003494252571642598e+00
5.003533652787835351e+00
5.003574699242407497e+00
5.003618404823163779e+00
5.003664134703384114e+00
5.003710556658723441e+00
5.003755593434714655e+00
5.003798899887867080e+00
5.003841399135804835e+00
5.003884763521879719e+00
5.003931392435720937e+00
5.003978745657755134e+00
5.004026202671032486e+00
5.004074632543872525e+00
5.004125632522430145e+00
5.004181692814256621e+00
5.004240156896214486e+00
5.004300363971652565e+00
5.004362404900404293e+00
5.004426771397503693e+00
5.004494325700017399e+00
5.004563813996302457e+00
5.004632070264579013e+00
5.004700178960137968e+00
5.004766890816189751e+00
5.004834263995088683e+00
5.004901819927416007e+00
5.004966941540858194e+00
5.005031062168797895e+00
5.005093221021615690e+00
5.005155599969238089e+00
5.005217917472854161e+00
5.005280304872230523e+00
5.005338022676095733e+00
5.005388356908023084e+00
5.005429941979034680e+00
5.005462433707231540e+00
5.005485792523046484e+00
5.005500466668541648e+00
5.005507210573210131e+00
5.005506775929184471e+00
5.005500417603704122e+00
5.005489093782904853e+00
5.005474092376477557e+00
5.005456475156186080e+00
5.005433097718575475e+00
5.005402929984791527e+00
5.005361747235817838e+00
5.005308168397111679e+00
5.005242656084535113e+00
5.005166725657706372e+00
5.005082237880503548e+00
5.004987160062245088e+00
5.004881332387975057e+00
5.004766260415142831e+00
5.004644081324165938e+00
5.004517331646581191e+00
5.004384341753845611e+00
5.004244906233449086e+00
5.004100776055654620e+00
5.003954001946199881e+00
5.003807716129172078e+00
5.003660062171343625e+00
5.003510945021932166e+00
5.003360947325650621e+00
5.003210500731888999e+00
5.003060614207583967e+00
5.002908897578539182e+00
5.002755504894825123e+00
5.002602859467091712e+00
5.002449048731298475e+00
5.002294975502239005e+00
5.002138162722633119e+00
5.001978728363112303e+00
5.001819042453364617e+00
5.001662312896742790e+00
5.001513271957457540e+00
5.001371607269913255e+00
5.001239324083374349e+00
5.001114582188250779e+00
5.000997909737574076e+00
5.000892464613365007e+00
5.000796494075850696e+00
5.000711324738159824e+00
5.000634305227369403e+00
5.000565605249077450e+00
5.000507629953146349e+00
5.000462090458540843e+00
5.000429681324684239e+00
5.000410849523548862e+00
5.000405660894401194e+00
5.000413913607998140e+00
5.000435422894014437e+00
5.000469734144799006e+00
5.000516365470766722e+00
5.000574803680583713e+00
5.000644464988662996e+00
5.000724739108635575e+00
5.000815005965931981e+00
5.000914683083473200e+00
5.001023102302506906e+00
5.001139615962683749e+00
5.001263660604535310e+00
5.001394435439659780e+00
5.001531090394062851e+00
5.001672611434413440e+00
5.001817963619186180e+00
5.001966161674289424e+00
5.002116079342020960e+00
5.002266665308207294e+00
5.002417664036556744e+00
5.002569315761729918e+00
5.002722168855771478e+00
5.002876921279758804e+00
5.003034699151696074e+00
5.003191142401128388e+00
5.003343817072390287e+00
5.003491602346701761e+00
5.003634061051934978e+00
5.003771252382948731e+00
5.003900624832539279e+00
5.004022638110844134e+00
5.004139680613232777e+00
5.004250707861435998e+00
5.004356897363839707e+00
5.004456509465752490e+00
5.004550300494237547e+00
5.004638960196105657e+00
5.004722864276199168e+00
5.004802470507501155e+00
5.004877915207698535e+00
5.004949517950817217e+00
5.005017379952998446e+00
5.005081706561552046e+00
5.005142778626117561e+00
5.005200748934815813e+00
5.005255850620973668e+00
5.005308220575038547e+00
5.005357990770075816e+00
5.005405402572301377e+00
5.005450577980314897e+00
5.005493761191552871e+00
5.005535020891054288e+00
5.005574535548164228e+00
5.005612315153646463e+00
5.005645987025871158e+00
5.005671325812525829e+00
5.005687745112171072e+00
5.005692679362200082e+00
5.005686121261621935e+00
5.005665713895520952e+00
5.005628169767968316e+00
5.005573761577197800e+00
5.005501315926613515e+00
5.005412148057895472e+00
5.005304996936994932e+00
5.005177701420563174e+00
5.005030879236240793e+00
5.004864046226670027e+00
5.004678674328554067e+00
5.004474558464663936e+00
5.004254455480205976e+00
5.004022552415209546e+00
5.003780264600591998e+00
5.003531101967619854e+00
5.003275615784751551e+00
5.003016904357301620e+00
5.002755288600401862e+00
5.002488777141498311e+00
5.002219009648488424e+00
5.001945310130193612e+00
5.001669752045943440e+00
5.001391960389388380e+00
5.001112466182036087e+00
5.000832490238769523e+00
5.000553652334434496e+00
5.000277664351685303e+00
5.000006535954249820e+00
4.999742708697391791e+00
4.999483209520054316e+00
4.999226800713164387e+00
4.998973459124043117e+00
4.998723923142478043e+00
4.998479521486387966e+00
4.998240525748059326e+00
4.998005842703804547e+00
4.997779305509701508e+00
4.997562315415068568e+00
4.997359310004336308e+00
4.997170898865384459e+00
4.997000995359790920e+00
4.996850930002925573e+00
4.996718068446441841e+00
4.996604989606365343e+00
4.996510402585789379e+00
4.996437156249246669e+00
4.996385666152870719e+00
4.996352765378484939e+00
4.996340565275112056e+00
4.996347526094122138e+00
4.996376448400496884e+00
4.996426367309123151e+00
4.996500612251638884e+00
4.996599703464835507e+00
4.996720546238303307e+00
4.996865451229916211e+00
4.997032900793658250e+00
4.997225784646529334e+00
4.997444452407020066e+00
4.997685920024471429e+00
4.997951072534727146e+00
4.998236044800090205e+00
4.998540748885082152e+00
4.998861889919447243e+00
4.999192589527176267e+00
4.999530785164044033e+00
4.999871277516887424e+00
5.000212367480800779e+00
5.000549646770762635e+00
5.000881824387418462e+00
5.001209823122429121e+00
5.001531018024492958e+00
5.001845072103847656e+00
5.002148857029338203e+00
5.002441504957339191e+00
5.002719721445998857e+00
5.002983078124185745e+00
5.003232435105552156e+00
5.003465685365904747e+00
5.003682502215911931e+00
5.003880089992842173e+00
5.004058546932599327e+00
5.004219398429802901e+00
5.004363804418779260e+00
5.004492571080288776e+00
5.004606230376474230e+00
5.004705595743096147e+00
5.004793706234729633e+00
5.004873889196848502e+00
5.004945489979533590e+00
5.005009331359712377e+00
5.005063122702947176e+00
5.005106996080091797e+00
5.005142442731838059e+00
5.005167332662919577e+00
5.005181445821605735e+00
5.005181879232938336e+00
5.005168286205104344e+00
5.005142410639043860e+00
5.005106520915240331e+00
5.005063133749016124e+00
5.005010591891431382e+00
5.004948918453253626e+00
5.004879767593762629e+00
5.004805486050269536e+00
5.004728806691080223e+00
5.004647860975771856e+00
5.004562510207130721e+00
5.004469229226767624e+00
5.004366911092608561e+00
5.004256298953503546e+00
5.004139007592411481e+00
5.004017288826243082e+00
5.003889137992473479e+00
5.003754497945147151e+00
5.003614823903727249e+00
5.003472261458473902e+00
5.003329646011652088e+00
5.003185108147398807e+00
5.003038661528215414e+00
5.002889694647701724e+00
5.002737593633891144e+00
5.002581209225417602e+00
5.002419347634377012e+00
5.002250717507514821e+00
5.002073863578798907e+00
5.001887464208367717e+00
5.001690581722023410e+00
5.001486680881889413e+00
5.001277720836760032e+00
5.001064512787224636e+00
5.000847317280085136e+00
5.000625897032977996e+00
5.000404563063592711e+00
5.000185902418405881e+00
4.999971147367566537e+00
4.999760794790297780e+00
4.999554560614586585e+00
4.999352032450794070e+00
4.999152253756134812e+00
4.998956110386012952e+00
4.998765281738549504e+00
4.998582652026622775e+00
4.998405923472552637e+00
4.998234648892490917e+00
4.998070028314202773e+00
4.997914005724548581e+00
4.997769844403325834e+00
4.997635217590093326e+00
4.997510184898809271e+00
4.997390977462591088e+00
4.997276716522709883e+00
4.997168805293576987e+00
4.997068614160480315e+00
4.996977379314439638e+00
4.996896329169931761e+00
4.996827177751648641e+00
4.996766366061595299e+00
4.996712943899287218e+00
4.996661990626556360e+00
4.996611351651911725e+00
4.996560929358777159e+00
4.996511643837975747e+00
4.996465455667886246e+00
4.996419573996057295e+00
4.996373275366452482e+00
4.996327346206483000e+00
4.996283370625998366e+00
4.996243838911716750e+00
4.996206253154045207e+00
4.996170072864583034e+00
4.996136234460238690e+00
4.996106471830819018e+00
4.996083341438163572e+00
4.996066328442497095e+00
4.996058215110054768e+00
4.996059160389443754e+00
4.996066548568517618e+00
4.996082100742816223e+00
4.996104546501620725e+00
4.996136289262532060e+00
4.996177155394425640e+00
4.996224278579784794e+00
4.996279225875941421e+00
4.996340671987592685e+00
4.996410938329383100e+00
4.996489315261452013e+00
4.996578524676470678e+00
4.996678720829395459e+00
4.996787233162059749e+00
4.996905778735264647e+00
4.997033005333824995e+00
4.997171370792520939e+00
4.997320756209401971e+00
4.997478264705596196e+00
4.997645465811101140e+00
4.997821072009709376e+00
4.998007395160701805e+00
4.998203710806873978e+00
4.998412795034555600e+00
4.998634844781218334e+00
4.998867117171493568e+00
4.999111417611447727e+00
4.999366384730993040e+00
4.999634474353252145e+00
4.999915762399643526e+00
5.000207577818394533e+00
5.000506271669029168e+00
5.000807016534119853e+00
5.001109976661712864e+00
5.001413362776250260e+00
5.001718831197679904e+00
5.002025835817070387e+00
5.002331760102273428e+00
5.002638025270165656e+00
5.002943916623801890e+00
5.003251715158433477e+00
5.003561473363399514e+00
5.003870702819287253e+00
5.004178151269763397e+00
5.004483564445138200e+00
5.004787023575366867e+00
5.005089028072865709e+00
5.005387595002861900e+00
5.005679105208577617e+00
5.005963732661069976e+00
5.006239613392714283e+00
5.006507716388765239e+00
5.006766624716433078e+00
5.007014578995616638e+00
5.007253333316507238e+00
5.007482985188576485e+00
5.007706438475612920e+00
5.007924368274721871e+00
5.008135726568612611e+00
5.008343060133370273e+00
5.008546725255761167e+00
5.008749982831392167e+00
5.008954000440749788e+00
5.009157337365063967e+00
5.009357625996086583e+00
5.009551652283732004e+00
5.009740547002618172e+00
5.009923681156103648e+00
5.010101270494375925e+00
5.010269649350409082e+00
5.010427243546907938e+00
5.010574195967381961e+00
5.010711496095500372e+00
5.010840257504351136e+00
5.010957744759835464e+00
5.011062250617287717e+00
5.011150646643108608e+00
5.011222113524890887e+00
5.011274059093883793e+00
5.011307454924426530e+00
5.011324007303082695e+00
5.011323259620148463e+00
5.011305924385704991e+00
5.011270661334893184e+00
5.011218494772363918e+00
5.011149641284172951e+00
5.011066042733762771e+00
5.010966824134265529e+00
5.010852946675767861e+00
5.010723106450785558e+00
5.010578611939597415e+00
5.010422374819789582e+00
5.010253876530950556e+00
5.010074667175686614e+00
5.009883386687762119e+00
5.009681391687518470e+00
5.009471872532195391e+00
5.009254272030123190e+00
5.009030329966373429e+00
5.008798616928435976e+00
5.008560591330207146e+00
5.008319460553503077e+00
5.008077545137531672e+00
5.007836409145422607e+00
5.007597164315558125e+00
5.007360404533722331e+00
5.007126612411270550e+00
5.006896177781204216e+00
5.006669351523200362e+00
5.006446279650013764e+00
5.006226920289376991e+00
5.006011305869946248e+00
5.005799545933879990e+00
5.005592391201683533e+00
5.005391177096791822e+00
5.005197288887031526e+00
5.005012541962243766e+00
5.004839410827882418e+00
5.004674558406151164e+00
5.004516585291749919e+00
5.004365282626279665e+00
5.004221167396211811e+00
5.004085589283533864e+00
5.003956399727068849e+00
5.003834307714752683e+00
5.003722786707260006e+00
5.003620674609593699e+00
5.003529815878175135e+00
5.003448477470702649e+00
5.003377819884953226e+00
5.003316160891591480e+00
5.003259514215789849e+00
5.003208469286947846e+00
5.003161165820820599e+00
5.003119197445375477e+00
5.003081762180117131e+00
5.003045661849355064e+00
5.003011926018552380e+00
5.002979033928750319e+00
5.002948814546144263e+00
5.002920430530248375e+00
5.002896064936102505e+00
5.002875420345843871e+00
5.002855639126535969e+00
5.002837967777776562e+00
5.002821035663982840e+00
5.002806800517173969e+00
5.002794718592814327e+00
5.002781731298347800e+00
5.002769113807627122e+00
5.002755493976330570e+00
5.002742638966921618e+00
5.002729896569547918e+00
5.002717869979718124e+00
5.002707140549940590e+00
5.002698160056064935e+00
5.002691186630439546e+00
5.002686694943734302e+00
5.002684929261925539e+00
5.002686311112668704e+00
5.002691097170939294e+00
5.002699571765736763e+00
5.002712131940538320e+00
5.002728939111587891e+00
5.002750366247968650e+00
5.002776637651735747e+00
5.002808097725977454e+00
5.002845012025685101e+00
5.002887842447274913e+00
5.002932520226353041e+00
5.002977549277024316e+00
5.003018091811576973e+00
5.003052075646596819e+00
5.003079542437812499e+00
5.003101627835317089e+00
5.003120199781155186e+00
5.003132740764890229e+00
5.003138904523115826e+00
5.003139722185773408e+00
5.003137060778138689e+00
5.003133522060855931e+00
5.003126919935497519e+00
5.003116793069096957e+00
5.003099175345892213e+00
5.003072729791787410e+00
5.003037940830730612e+00
5.002996230399044286e+00
5.002949633573921417e+00
5.002895785163897102e+00
5.002834464892554678e+00
5.002766811851220297e+00
5.002694834399776802e+00
5.002621056860121485e+00
5.002543354713167467e+00
5.002461606942859795e+00
5.002377052268756508e+00
5.002291824611647009e+00
5.002208534729478906e+00
5.002129505806414578e+00
5.002056418511827474e+00
5.001990805644353166e+00
5.001934149939378571e+00
5.001887563787212443e+00
5.001852258801270601e+00
5.001829176425277801e+00
5.001819352464559110e+00
5.001824531961506892e+00
5.001840175166766933e+00
5.001863491721491251e+00
5.001892986963542675e+00
5.001927899844051950e+00
5.001968060042747410e+00
5.002012187228576323e+00
5.002057778704949165e+00
5.002107126074881727e+00
5.002160427928940223e+00
5.002220265264661236e+00
5.002285400941075544e+00
5.002357327379324481e+00
5.002434705984816432e+00
5.002514106440394848e+00
5.002596536050587517e+00
5.002680613365990681e+00
5.002768400418607264e+00
5.002859453265589451e+00
5.002951002162916438e+00
5.003044473729131525e+00
5.003138769664836616e+00
5.003236132082564680e+00
5.003336112243158773e+00
5.003440589006094896e+00
5.003547890936059339e+00
5.003658786653574886e+00
5.003776375153134559e+00
5.003899300429071495e+00
5.004029056816394316e+00
5.004163464144836482e+00
5.004303284822996467e+00
5.004446336035650589e+00
5.004587930762242287e+00
5.004727414553088671e+00
5.004861742430402494e+00
5.004990854715034132e+00
5.005112384972198569e+00
5.005226901029272923e+00
5.005337014491705538e+00
5.005441916207819197e+00
5.005543125052971831e+00
5.005639296141489503e+00
5.005731446170283760e+00
5.005817644116503651e+00
5.005893895165098861e+00
5.005959493680892436e+00
5.006011811285316249e+00
5.006050646780097146e+00
5.006073967993764029e+00
5.006082572160561739e+00
5.006078741998103432e+00
5.006061911528854047e+00
5.006033341225160527e+00
5.005991913524379555e+00
5.005939032469798988e+00
5.005877652286473634e+00
5.005807396775964868e+00
5.005729929098781561e+00
5.005644149279144806e+00
5.005551105106173182e+00
5.005449877085088595e+00
5.005339324112904720e+00
5.005218282483441250e+00
5.005085593370643515e+00
5.004939984727573510e+00
5.004780215855611836e+00
5.004604950465187940e+00
5.004412855572924812e+00
5.004203484702781424e+00
5.003979786310271294e+00
5.003743581894711134e+00
5.003499262083247245e+00
5.003249130278750734e+00
5.002993886034859727e+00
5.002737933780922575e+00
5.002483385626151247e+00
5.002235570225789019e+00
5.001997631780728426e+00
5.001770340289845684e+00
5.001553521297797289e+00
5.001345443122015233e+00
5.001149446006791344e+00
5.000967171762065178e+00
5.000798311505393556e+00
5.000641855738983566e+00
5.000495386646985452e+00
5.000361963782383512e+00
5.000242925194947397e+00
5.000137907771318169e+00
5.000045633559970781e+00
4.999963664544669228e+00
4.999895042215396934e+00
4.999840221621017378e+00
4.999804145921410203e+00
4.999789590065522482e+00
4.999796922660937781e+00
4.999825983394440954e+00
4.999874266122970923e+00
4.999945393430571983e+00
5.000041006992143267e+00
5.000160917707290764e+00
5.000304175338278867e+00
5.000468902459870080e+00
5.000653000290076200e+00
5.000853521174321692e+00
5.001069682317355714e+00
5.001301536208520027e+00
5.001551013889292463e+00
5.001814107021818501e+00
5.002088799609372138e+00
5.002374892348925073e+00
5.002672952285537988e+00
5.002985077335068809e+00
5.003307416907080807e+00
5.003638140356668096e+00
5.003977242878206333e+00
5.004325359000394435e+00
5.004684469385574985e+00
5.005050819164645226e+00
5.005423099792134067e+00
5.005795897527170801e+00
5.006166274978352426e+00
5.006533460749817088e+00
5.006897578334939425e+00
5.007259507461021997e+00
5.007615588365625037e+00
5.007964221744369837e+00
5.008305406107139035e+00
5.008639905510972490e+00
5.008968955597412176e+00
5.009291383943091702e+00
5.009604031129311963e+00
5.009904123845082324e+00
5.010189220460635084e+00
5.010457058998327717e+00
5.010705944078546636e+00
5.010936683493238952e+00
5.011150839927179135e+00
5.011347424725574484e+00
5.011526781360191585e+00
5.011686970556659126e+00
5.011828887502235652e+00
5.011954564277586677e+00
5.012066566862669603e+00
5.012166497309265445e+00
5.012256579280403024e+00
5.012337972077112624e+00
5.012407702065575066e+00
5.012464907381253276e+00
5.012509603223334054e+00
5.012543049750420643e+00
5.012566226171366601e+00
5.012577903529200185e+00
5.012580219748524968e+00
5.012576693538323802e+00
5.012567849682274534e+00
5.012556161719006198e+00
5.012541262563649624e+00
5.012525319195451523e+00
5.012507599173445350e+00
5.012485076070628764e+00
5.012458323350040601e+00
5.012425491607612749e+00
5.012387661852738319e+00
5.012343400542488503e+00
5.012292368107339691e+00
5.012234878468191823e+00
5.012171656682952836e+00
5.012103716752357663e+00
5.012032271919638404e+00
5.011958528410509039e+00
5.011881088915147942e+00
5.011801738089748603e+00
5.011719678410194057e+00
5.011636958581259904e+00
5.011552945331535724e+00
5.011464869066005967e+00
5.011373679696447425e+00
5.011278027326667051e+00
5.011179521971249606e+00
5.011077289965802706e+00
5.010973317448848441e+00
5.010866953258268808e+00
5.010755444395223357e+00
5.010639730601438302e+00
5.010518492788874845e+00
5.010393416092597363e+00
5.010263449384697587e+00
5.010125670752355376e+00
5.009980805509591129e+00
5.009827528850041567e+00
5.009667368077537652e+00
5.009499121171286262e+00
5.009319944840719074e+00
5.009130444315124997e+00
5.008929348655839497e+00
5.008717999135007481e+00
5.008495775678056816e+00
5.008263831467228755e+00
5.008024688170152672e+00
5.007781778287935914e+00
5.007539013338137224e+00
5.007295843635549026e+00
5.007053499997456747e+00
5.006809508886981952e+00
5.006563937880892823e+00
5.006318599202532305e+00
5.006072258961248522e+00
5.005826416139352197e+00
5.005579700258421028e+00
5.005333553806739388e+00
5.005091640923963858e+00
5.004853761394368661e+00
5.004622415725934914e+00
5.004396612805176225e+00
5.004178392750072923e+00
5.003966748949933319e+00
5.003758039244312172e+00
5.003552617573040706e+00
5.003348283667909513e+00
5.003146041550534662e+00
5.002944037702727442e+00
5.002742178843218035e+00
5.002541415517080203e+00
5.002343484622287839e+00
5.002150491283136269e+00
5.001964405973302163e+00
5.001787323516652783e+00
5.001616417907968071e+00
5.001451421857669999e+00
5.001293663338617357e+00
5.001145442866579138e+00
5.001010393726496694e+00
5.000886748333319254e+00
5.000775125895484230e+00
5.000671980346410805e+00
5.000576266425520444e+00
5.000489006631865685e+00
5.000409861619442786e+00
5.000336625834785664e+00
5.000266498329907883e+00
5.000196043087958842e+00
5.000126730741790482e+00
5.000058246895528136e+00
4.999993775158976916e+00
4.999934492011409937e+00
4.999879276117164650e+00
4.999828586934919272e+00
4.999783703482564512e+00
4.999746599244272893e+00
4.999720249260162674e+00
4.999701731602280041e+00
4.999690459485018224e+00
4.999687035912384836e+00
4.999693069703380566e+00
4.999710532511553396e+00
4.999741444008858338e+00
4.999788772797645997e+00
4.999849358893433404e+00
4.999921990664176974e+00
5.000006519279874162e+00
5.000103626971564630e+00
5.000214746606967964e+00
5.000338021818050649e+00
5.000474506722262902e+00
5.000622847446671848e+00
5.000778343392036085e+00
5.000940595859161952e+00
5.001106655982754390e+00
5.001276651503018478e+00
5.001448154201230345e+00
5.001619369064888687e+00
5.001788700384519615e+00
5.001955155053607882e+00
5.002117636514326726e+00
5.002275218175222804e+00
5.002427237130198989e+00
5.002572818848733505e+00
5.002711472738032406e+00
5.002842375024649790e+00
5.002964843999090583e+00
5.003078557488935374e+00
5.003185137345882438e+00
5.003283247988167481e+00
5.003373504368084923e+00
5.003454076520593929e+00
5.003525113759988763e+00
5.003584435496906124e+00
5.003628560657108260e+00
5.003657255709133445e+00
5.003668768384689436e+00
5.003663515193351508e+00
5.003640581756792827e+00
5.003600939187182739e+00
5.003545504813975420e+00
5.003474064209459726e+00
5.003386596572545919e+00
5.003282635929953592e+00
5.003161385712173725e+00
5.003022585176821302e+00
5.002865230143959785e+00
5.002688840814824900e+00
5.002492340748157851e+00
5.002274705191101845e+00
5.002036473416682227e+00
5.001780675855424185e+00
5.001509843655819409e+00
5.001228290014858580e+00
5.000938376934224827e+00
5.000641504731918374e+00
5.000342019909019164e+00
5.000042535384142894e+00
4.999748267550910619e+00
4.999462446273263083e+00
4.999186213036026061e+00
4.998919374030973195e+00
4.998660500516142413e+00
4.998413051498080684e+00
4.998178738244767771e+00
4.997957465984818270e+00
4.997748306748417413e+00
4.997549088151155949e+00
4.997363012676088623e+00
4.997191590798049532e+00
4.997034537122547526e+00
4.996890788284092721e+00
4.996758068847432455e+00
4.996639542627110409e+00
4.996536295219287105e+00
4.996451425366997157e+00
4.996382533620075783e+00
4.996330231387132059e+00
4.996290635392965029e+00
4.996262568229308698e+00
4.996247611636960073e+00
4.996242337962928382e+00
4.996246407729364236e+00
4.996255519212595253e+00
4.996268372294166760e+00
4.996285651819221130e+00
4.996309149376486403e+00
4.996342094253653165e+00
4.996382624075651258e+00
4.996431275128290217e+00
4.996484502341500544e+00
4.996541400344014505e+00
4.996603227552861348e+00
4.996666866626494397e+00
4.996731713378705919e+00
4.996793738987200584e+00
4.996851755414994045e+00
4.996906443295905831e+00
4.996954692329184766e+00
4.996995520952063785e+00
4.997024966820049485e+00
4.997041942357924427e+00
4.997047329533986115e+00
4.997043181785580934e+00
4.997031954531290232e+00
4.997012011885841432e+00
4.996983817773603676e+00
4.996949253701337135e+00
4.996911101152387680e+00
4.996872662300908097e+00
4.996832591872395035e+00
4.996791400159442453e+00
4.996745978183777304e+00
4.996695741726751017e+00
4.996641904823215796e+00
4.996586624765503082e+00
4.996533000478254216e+00
4.996479428005137002e+00
4.996426350748830458e+00
4.996374974581145878e+00
4.996327046369867908e+00
4.996284905238741025e+00
4.996245517036610018e+00
4.996207759480189914e+00
4.996171909549471657e+00
4.996139027573831548e+00
4.996110986843437907e+00
4.996084429823991258e+00
4.996058000358484463e+00
4.996031865146674633e+00
4.996006966288866202e+00
4.995984886812245840e+00
4.995967485303725475e+00
4.995957351552522852e+00
4.995951628434438518e+00
4.995949258660572490e+00
4.995950596926147291e+00
4.995956725249877550e+00
4.995969636044343964e+00
4.995986030705850567e+00
4.996004514661496643e+00
4.996025274526206594e+00
4.996049258457374798e+00
4.996078181245707128e+00
4.996111192302654658e+00
4.996146709332118796e+00
4.996188251478474562e+00
4.996237649312119444e+00
4.996295297816273795e+00
4.996360817537521370e+00
4.996433157897434363e+00
4.996510864538020513e+00
4.996592119005388355e+00
4.996678915410182498e+00
4.996769993533259679e+00
4.996867587673358813e+00
4.996970676374502318e+00
4.997081483774698185e+00
4.997199481935120424e+00
4.997321362518585275e+00
4.997448211633479964e+00
4.997578185922346705e+00
4.997712943344257752e+00
4.997851453875072458e+00
4.997990232254259091e+00
4.998130088937349669e+00
4.998269185921988544e+00
4.998409001263669715e+00
4.998548350022054443e+00
4.998683893806180834e+00
4.998816257747701997e+00
4.998943744110754928e+00
4.999067745641687210e+00
4.999187227892571528e+00
4.999303885507279333e+00
4.999416780783676906e+00
4.999522947962278252e+00
4.999623121847280416e+00
4.999715806324847911e+00
4.999802358806946678e+00
4.999881489877470386e+00
4.999950183709032991e+00
5.000009017852017124e+00
5.000056539443204606e+00
5.000094002173165464e+00
5.000120573416236169e+00
5.000138082946534723e+00
5.000148447978893351e+00
5.000149192194470515e+00
5.000139633733445166e+00
5.000120496665725334e+00
5.000093161775397199e+00
5.000059272579051139e+00
5.000016085959172685e+00
4.999962782475300571e+00
4.999899981312588615e+00
4.999829046607151994e+00
4.999751882201193709e+00
4.999670022523162949e+00
4.999584635339808791e+00
4.999496660076213850e+00
4.999406950093938207e+00
4.999316160923002350e+00
4.999224907301498710e+00
4.999133718071637311e+00
4.999043118219955062e+00
4.998953573715073873e+00
4.998865578344222627e+00
4.998779579505455928e+00
4.998695981765297169e+00
4.998615251641850499e+00
4.998537812132519242e+00
4.998464035747703704e+00
4.998394242596943648e+00
4.998328649333808826e+00
4.998267516761217166e+00
4.998211095549296878e+00
4.998158612928484068e+00
4.998108210328166656e+00
4.998057671903763932e+00
4.998004419223537553e+00
4.997950665193743092e+00
4.997897043947263640e+00
4.997842619439720302e+00
4.997785817861690738e+00
4.997724597772716493e+00
4.997661497166513200e+00
4.997597389861144102e+00
4.997536541216209827e+00
4.997481259086302252e+00
4.997431652766784360e+00
4.997387056399268168e+00
4.997345711656046241e+00
4.997310671002736626e+00
4.997283292328607018e+00
4.997262842051820364e+00
4.997248132321653991e+00
4.997236929873142053e+00
4.997232153298064361e+00
4.997234506795465769e+00
4.997247909299147750e+00
4.997273543950685237e+00
4.997315167322338603e+00
4.997373786599890622e+00
4.997447935779161909e+00
4.997541174244651607e+00
4.997655853814030991e+00
4.997792539660404820e+00
4.997952610429893916e+00
4.998136033032607450e+00
4.998342787184339997e+00
4.998573912259709928e+00
4.998829105504374759e+00
4.999109008562337308e+00
4.999413234506320691e+00
4.999741967905830364e+00
5.000096367065380853e+00
5.000471334558496572e+00
5.000865444455810049e+00
5.001272560794420841e+00
5.001689434897667930e+00
5.002115623642272801e+00
5.002545760077005355e+00
5.002977417994802778e+00
5.003404644307262394e+00
5.003824369226163249e+00
5.004235793713991853e+00
5.004639181819324989e+00
5.005035376947885695e+00
5.005421017397707395e+00
5.005794843312864728e+00
5.006157145452266199e+00
5.006509005602961970e+00
5.006851633329458373e+00
5.007182071198292839e+00
5.007498709586031715e+00
5.007797494799412164e+00
5.008077184323735054e+00
5.008337462515152438e+00
5.008578596216209711e+00
5.008800441779710511e+00
5.008999115460134988e+00
5.009172938976951706e+00
5.009321220832460675e+00
5.009444123458632880e+00
5.009542376248681705e+00
5.009616144880236988e+00
5.009667135582820841e+00
5.009699935983917385e+00
5.009717914332687094e+00
