0.000000000000000000e+00
0.000000000000000000e+00
-1.413290738128125752e-06
-7.323859608732166278e-06
-1.834456284996123152e-05
-3.101264417637139803e-05
-4.069219867233187773e-05
-1.890828425530344112e-05
2.709491120185704557e-05
1.420318236341700175e-04
3.413316694786771958e-04
6.320775760104879910e-04
1.029249363928102156e-03
1.597625659196637250e-03
2.379519240348598741e-03
3.318894327967426838e-03
4.532260940759442330e-03
5.949625120847484849e-03
7.621567742316982287e-03
9.555872277705929410e-03
1.178793494531419142e-02
1.425333593913819669e-02
1.706436400243546703e-02
2.013809029886032623e-02
2.352505926915909179e-02
2.715214674302841510e-02
3.115580593177582486e-02
3.548251752683426186e-02
4.009564165899062727e-02
4.503767494985366771e-02
5.021194522210861710e-02
5.567498867341780927e-02
6.138165001699232709e-02
6.737029497453474181e-02
7.361004834005140107e-02
8.008612637349867003e-02
8.683860306569836374e-02
9.380424563714764852e-02
1.010561705095460311e-01
1.085574949247529591e-01
1.162917304498841814e-01
1.242366636259248508e-01
1.324216282827546942e-01
1.407943463785341354e-01
1.494453698856523793e-01
1.582455456716707343e-01
1.672921085817506981e-01
1.765509099228075029e-01
1.859973878128221569e-01
1.956877410871675493e-01
2.055416572553804277e-01
2.156064928037812745e-01
2.258423626882722357e-01
2.362695801717927258e-01
2.469038355810334318e-01
2.576909435255219649e-01
2.686807847482850509e-01
2.798200202448060669e-01
2.911603010160615512e-01
3.027181470853975154e-01
3.144318855268647406e-01
3.263687730295350975e-01
3.384120440942934849e-01
3.506447279913118553e-01
3.630088830454042403e-01
3.755285966856172220e-01
3.882243717176606101e-01
4.010992598993470271e-01
4.141964126093078957e-01
4.273995495302368997e-01
4.407756352884461548e-01
4.542340684396911632e-01
4.678675520879913563e-01
4.816810942156006248e-01
4.956488776666809759e-01
5.097798097593476685e-01
5.240563297731567483e-01
5.385323584539580821e-01
5.531877828104186934e-01
5.679745281202482898e-01
5.828966379625488692e-01
5.979471409780673374e-01
6.131364095670870373e-01
6.285533190233401069e-01
6.440851009351901135e-01
6.598259139520814553e-01
6.757249582273652244e-01
6.917651820642640725e-01
7.079334509832551081e-01
7.242280197603393477e-01
7.406738365156341208e-01
7.572365904314207752e-01
7.739993310434506446e-01
7.908584833604977993e-01
8.079073238832640280e-01
8.250517404539273736e-01
8.423890984518215275e-01
8.599272978765652997e-01
8.776170039636776998e-01
8.954886377317592405e-01
9.135001886350794242e-01
9.317314625246209125e-01
9.501145923597495990e-01
9.686392808420341005e-01
9.873460603220145515e-01
1.006189669416634125e+00
1.025211366461006524e+00
1.044371552513329027e+00
1.063743978784767785e+00
1.083269958542076861e+00
1.102937920139519523e+00
1.122758907125680050e+00
1.142730169342248248e+00
1.162901291893212452e+00
1.183195457504479853e+00
1.203721675918786538e+00
1.224415223644463868e+00
1.245259041832177616e+00
1.266262366817681784e+00
1.287414343403070038e+00
1.308760650203912412e+00
1.330260760830133115e+00
1.351849620388238415e+00
1.373568422840325542e+00
1.395438125179498057e+00
1.417451543853967211e+00
1.439625639961450210e+00
1.461995894954888797e+00
1.484548153923241909e+00
1.507224538372247125e+00
1.530001499698846246e+00
1.552843530224054192e+00
1.575768649624078366e+00
1.598811388061731176e+00
1.622027335212914867e+00
1.645422275112359500e+00
1.668867580936639561e+00
1.692414343403070287e+00
1.716039023445337319e+00
1.739769308613031473e+00
1.763620026157587173e+00
1.787550239608973079e+00
1.811572723434656584e+00
1.835676033542841257e+00
1.859737558410852865e+00
1.883781445072382210e+00
1.907820611046045833e+00
1.931841344879358768e+00
1.955849423454493419e+00
1.979821217106073838e+00
2.003754732654779769e+00
2.027620456264703996e+00
2.051437158630578850e+00
2.075163426445214565e+00
2.098819549129693041e+00
2.122347857998101439e+00
2.145744762466637923e+00
2.169000663803307472e+00
2.192097413585869514e+00
2.215012600467888060e+00
2.237717325733391327e+00
2.260134756611076767e+00
2.282333569572655652e+00
2.304208304928032636e+00
2.325757489250389387e+00
2.347127571151940373e+00
2.368193242595880044e+00
2.389047761009424065e+00
2.409559252308099531e+00
2.429789788768975889e+00
2.449786376999109283e+00
2.469524709032266507e+00
2.489176207826822029e+00
2.508668116377084090e+00
2.528064497755258433e+00
2.547401425884455062e+00
2.566678243921488356e+00
2.585842979000300357e+00
2.605105187938899114e+00
2.624406354473322711e+00
2.643793475673884341e+00
2.663341431663722059e+00
2.683077123211115467e+00
2.702979780481546523e+00
2.723225120351999262e+00
2.743699930952280042e+00
2.764541608141153795e+00
2.785642143533914705e+00
2.807035647676675794e+00
2.828733907983987272e+00
2.850763236330239536e+00
2.873115202234475252e+00
2.895820652292458774e+00
2.918811405943123827e+00
2.942156647489755361e+00
2.965785201833932572e+00
2.989772912309854203e+00
3.014041146085946643e+00
3.038669964121072820e+00
3.063571571157662987e+00
3.088787840650765393e+00
3.114287272737709777e+00
3.140104635999886540e+00
3.166216665552346043e+00
3.192498229788033548e+00
3.218966676042763542e+00
3.245512868211953172e+00
3.272167636202065744e+00
3.298846281812874981e+00
3.325496982382027955e+00
3.352123071001260168e+00
3.378697589681832980e+00
3.405116187380044845e+00
3.431491147325723468e+00
3.457703565405100044e+00
3.483877140329569411e+00
3.509878927515238445e+00
3.535830377386301571e+00
3.561590906427591907e+00
3.587275413320750062e+00
3.612749623106211505e+00
3.638140820310801882e+00
3.663310722158641397e+00
3.688330839918345649e+00
3.713210736559123593e+00
3.738000751779765984e+00
3.762689276979656050e+00
3.787296620653362034e+00
3.811753929899425408e+00
3.836061962888927201e+00
3.860182632253856383e+00
3.884142192648143421e+00
3.907830799864024485e+00
3.931185153768748108e+00
3.954234718130320125e+00
3.976946154878824302e+00
3.999356147096841507e+00
4.021367994592873529e+00
4.043164507196634005e+00
4.064631081865518247e+00
4.085914415167063218e+00
4.106851884172647793e+00
4.127422169492930060e+00
4.147683945940225492e+00
4.167544740484444787e+00
4.187194229410379442e+00
4.206466257618157734e+00
4.225401672170845835e+00
4.243901091860024621e+00
4.262015970991342328e+00
4.279829577253549289e+00
4.297217313097207558e+00
4.314238027380198126e+00
4.330895032928675725e+00
4.347294926689356132e+00
4.363300963686197242e+00
4.379043343113154130e+00
4.394423463390558560e+00
4.409467394397943885e+00
4.424295176313608913e+00
4.438786988304346259e+00
4.453051526592463283e+00
4.467093517826289606e+00
4.480787010238856283e+00
4.494266488598078091e+00
4.507438281820506099e+00
4.520410958574504257e+00
4.533188242958278380e+00
4.545657091186732224e+00
4.557956551359384711e+00
4.569982348726480126e+00
4.581732173011988429e+00
4.593312047765939710e+00
4.604601258085458504e+00
4.615665289209572641e+00
4.626398366735664069e+00
4.636824019001212882e+00
4.647022943542686413e+00
4.656874803350652847e+00
4.666433258698668318e+00
4.675719187901701268e+00
4.684724841163840026e+00
4.693447800324645591e+00
4.701901080058302540e+00
4.710094457314695227e+00
4.717999947713102493e+00
4.725605227993215252e+00
4.732935003684247910e+00
4.740009624407972133e+00
4.746830036090101679e+00
4.753411551759924691e+00
4.759799488232816955e+00
4.765918709085669391e+00
4.771859303162778509e+00
4.777555807278836220e+00
4.783025178359234353e+00
4.788315455959522460e+00
4.793340109632694634e+00
4.798136551426135377e+00
4.802639621542178716e+00
4.806886463211261784e+00
4.810927287684165776e+00
4.814740429268562494e+00
4.818258155928337061e+00
4.821523212538444625e+00
4.824526720689022774e+00
4.827234398172581820e+00
4.829747516558850151e+00
4.831996366278613841e+00
4.834001308427537502e+00
4.835782395200217465e+00
4.837349430666649575e+00
4.838717143432582191e+00
4.839948913575494949e+00
4.840985756040895538e+00
4.841877740667546171e+00
4.842636009128177044e+00
4.843236807966017743e+00
4.843711240970874243e+00
4.844091532313609783e+00
4.844346055453057076e+00
4.844449240797545464e+00
4.844457185840580493e+00
4.844401729492816777e+00
4.844259471860128841e+00
4.844120465195151937e+00
4.844003622461456438e+00
4.843909962833274463e+00
4.843844556328255280e+00
4.843825599481930588e+00
4.843908756902088442e+00
4.844042048496772779e+00
4.844308098373581117e+00
4.844700992410649221e+00
4.845236398918200571e+00
4.845896275011468468e+00
4.846761394856143212e+00
4.847766984296608683e+00
4.848972200793791210e+00
4.850362797570991980e+00
4.851964313877391355e+00
4.853731871140765541e+00
4.855742902947234541e+00
4.857921627206372328e+00
4.860306173456476309e+00
4.862878569854067301e+00
4.865644998443888092e+00
4.868564922107027293e+00
4.871690904689596202e+00
4.874958769274519099e+00
4.878397453320787669e+00
4.881989186895655308e+00
4.885774451983737166e+00
4.889694088590906595e+00
4.893767705751225883e+00
4.897978636813923536e+00
4.902326113177106315e+00
4.906779881013200395e+00
4.911370403660104245e+00
4.916054634345338847e+00
4.920844376576709145e+00
4.925724405837821784e+00
4.930688900543021447e+00
4.935715420437621681e+00
4.940805332852171716e+00
4.945929323030280322e+00
4.951079479647445325e+00
4.956240999294089455e+00
4.961395839048194034e+00
4.966535911751555510e+00
4.971647834969329161e+00
4.976713985396194140e+00
4.981734674168395216e+00
4.986697035325335925e+00
4.991602121187018959e+00
4.996415373278427552e+00
5.001159288478659981e+00
5.005796385598944909e+00
5.010301498366163564e+00
5.014699475658701999e+00
5.018928041649626692e+00
5.023035685015486251e+00
5.026977035892771006e+00
5.030762753976152801e+00
5.034390823436544871e+00
5.037792917681501947e+00
5.041044210983084639e+00
5.044094217015075543e+00
5.046962726009654787e+00
5.049651233149337948e+00
5.052175336671639982e+00
5.054505746258070253e+00
5.056685685408880637e+00
5.058631700021793520e+00
5.060349853677322152e+00
5.061875954312850645e+00
5.063180478555728392e+00
5.064312738073636133e+00
5.065186374751498022e+00
5.065914959428477360e+00
5.066408415218461414e+00
5.066636547581870431e+00
5.066673493921402205e+00
5.066492449525389574e+00
5.066152674775216802e+00
5.065585579234753055e+00
5.064828599501046469e+00
5.063892749953660122e+00
5.062760541099700973e+00
5.061484954911862566e+00
5.060048328745756940e+00
5.058446140098962651e+00
5.056691190112029055e+00
5.054777753460800938e+00
5.052710674065745700e+00
5.050530032325183605e+00
5.048234997648394007e+00
5.045856544036065650e+00
5.043359541404640822e+00
5.040776358056461959e+00
5.038114666748440662e+00
5.035392863858140444e+00
5.032613742161191617e+00
5.029764134693539113e+00
5.026873872387802145e+00
5.023957664180194627e+00
5.021026429939661639e+00
5.018085996020232642e+00
5.015158662903701270e+00
5.012244919348155747e+00
5.009352073479091949e+00
5.006489958274757512e+00
5.003683845806513375e+00
5.000923534441385598e+00
4.998213244784269094e+00
4.995587927210722867e+00
4.993009348619375842e+00
4.990517356801424498e+00
4.988082969594394456e+00
4.985717492956315944e+00
4.983462634939348490e+00
4.981265775818026320e+00
4.979174492019808440e+00
4.977140938449299945e+00
4.975215191650784519e+00
4.973390571582711139e+00
4.971650424260294798e+00
4.970052121240294163e+00
4.968532575178539190e+00
4.967147445190346566e+00
4.965852198112405524e+00
4.964667127761639875e+00
4.963608313236036018e+00
4.962636157009401749e+00
4.961806074488561258e+00
4.961070627454322590e+00
4.960454211827022952e+00
4.959943996961814427e+00
4.959536318998436499e+00
4.959246397014361207e+00
4.959050985291254321e+00
4.958949356596570546e+00
4.958952729876330068e+00
4.959036523697143650e+00
4.959216714033102491e+00
4.959510141124193083e+00
4.959906971414748789e+00
4.960408903283243021e+00
4.960987107117835748e+00
4.961651089896624178e+00
4.962392976318662718e+00
4.963206928407019269e+00
4.964126871709890310e+00
4.965120952909059859e+00
4.966191568930812039e+00
4.967330637459821396e+00
4.968531695564454509e+00
4.969824119319385503e+00
4.971165371795362553e+00
4.972580466975634828e+00
4.974049045850698292e+00
4.975570613105957385e+00
4.977152756412690060e+00
4.978778000732129172e+00
4.980456005742019521e+00
4.982165933658546209e+00
4.983900724758571599e+00
4.985658846010631251e+00
4.987436614890761177e+00
4.989229200293488375e+00
4.991028183211751568e+00
4.992816966583199623e+00
4.994590917934843333e+00
4.996350236495205266e+00
4.998088094701238937e+00
4.999794358571241659e+00
5.001454504092404996e+00
5.003066843857238766e+00
5.004635322352119609e+00
5.006134519239135550e+00
5.007564924468466572e+00
5.008919285495946561e+00
5.010186118145654177e+00
5.011362142373988249e+00
5.012462148179480437e+00
5.013472219218679804e+00
5.014358462129900218e+00
5.015154030953715036e+00
5.015831351687381812e+00
5.016430261356007669e+00
5.016912129146229304e+00
5.017255182189117590e+00
5.017510276806722125e+00
5.017656174690643844e+00
5.017731250140064603e+00
5.017699728586889840e+00
5.017584994069478554e+00
5.017379326044760113e+00
5.017066145732246518e+00
5.016687415770433311e+00
5.016216071180244818e+00
5.015673314116142478e+00
5.015054429850719586e+00
5.014363396174453591e+00
5.013611647120857384e+00
5.012787582508468454e+00
5.011924986398958559e+00
5.011010361097001820e+00
5.010057409486913471e+00
5.009066568545247122e+00
5.008030874735857729e+00
5.006969531408692831e+00
5.005874333835388157e+00
5.004753763235355812e+00
5.003612087822700616e+00
5.002450483969594686e+00
5.001281135461475458e+00
5.000107805810119821e+00
4.998935491523888608e+00
4.997762792415167965e+00
4.996597573242332224e+00
4.995436341918255252e+00
4.994287237233664634e+00
4.993149925328039807e+00
4.992025786123419628e+00
4.990920010513807625e+00
4.989834603003408198e+00
4.988773727423692961e+00
4.987728571525955168e+00
4.986707053340220241e+00
4.985699287063622087e+00
4.984718035540724124e+00
4.983763448528192974e+00
4.982835323742770939e+00
4.981956176168465866e+00
4.981106538183237120e+00
4.980306684307002740e+00
4.979545856944465498e+00
4.978827571503066984e+00
4.978173672712588704e+00
4.977567945837223284e+00
4.977021252929413109e+00
4.976530229493223878e+00
4.976087080656729889e+00
4.975711474946878710e+00
4.975393951616428723e+00
4.975145189470788765e+00
4.974957540004691481e+00
4.974823351956151107e+00
4.974760422550319916e+00
4.974753328396184671e+00
4.974810626038528305e+00
4.974911358372487769e+00
4.975074131746955786e+00
4.975277986002334174e+00
4.975520859842367472e+00
4.975809546445674414e+00
4.976130272072920135e+00
4.976495041993627133e+00
4.976888345291087923e+00
4.977308226299652638e+00
4.977758366611965357e+00
4.978237723556524941e+00
4.978755982664591961e+00
4.979294438732035921e+00
4.979864194763073293e+00
4.980460359079011745e+00
4.981077163477608316e+00
4.981712368016311565e+00
4.982359891270466967e+00
4.983016303439804950e+00
4.983673315455387609e+00
4.984328102504085756e+00
4.984975385775039847e+00
4.985614621897410892e+00
4.986235168089342196e+00
4.986832387556504820e+00
4.987398804907869909e+00
4.987938545716178673e+00
4.988456862230967737e+00
4.988950465616952101e+00
4.989412821305166723e+00
4.989835304764282498e+00
4.990221226510774599e+00
4.990564081256461115e+00
4.990870002375168646e+00
4.991136812769993547e+00
4.991359363940730987e+00
4.991543751281872332e+00
4.991685871162636623e+00
4.991793584420531893e+00
4.991866964043304655e+00
4.991910548105089163e+00
4.991925474669270280e+00
4.991907805236705187e+00
4.991863049119428020e+00
4.991782379997610875e+00
4.991677132341727052e+00
4.991555788172124863e+00
4.991417903070986206e+00
4.991270217206045245e+00
4.991114742755604183e+00
4.990959287890878393e+00
4.990809476766450814e+00
4.990660142237034691e+00
4.990513583020951494e+00
4.990370900910061636e+00
4.990238104983879097e+00
4.990120610063609519e+00
4.990011514946533389e+00
4.989917167508689744e+00
4.989833529647154542e+00
4.989772714669530096e+00
4.989729224885528502e+00
4.989708923543517471e+00
4.989709927254522448e+00
4.989719897273396043e+00
4.989746748662952314e+00
4.989785878064509461e+00
4.989841958556722190e+00
4.989916198847280882e+00
4.990003783355864364e+00
4.990118417821290286e+00
4.990256861082674966e+00
4.990423745613011164e+00
4.990616767916294272e+00
4.990848404995563037e+00
4.991115009754361509e+00
4.991416881538393469e+00
4.991753718859913036e+00
4.992131508260432504e+00
4.992556377283696278e+00
4.993019333041672780e+00
4.993518242731158630e+00
4.994051553502147023e+00
4.994624755836492014e+00
4.995243470899229266e+00
4.995893876634006858e+00
4.996581686220531004e+00
4.997299892164234869e+00
4.998046874187354049e+00
4.998824333331945979e+00
4.999621050737267147e+00
5.000439514077668512e+00
5.001272101260191505e+00
5.002120145119196337e+00
5.002974536351329604e+00
5.003829108632571021e+00
5.004678795046574535e+00
5.005523768819338137e+00
5.006358508176571576e+00
5.007175502113468291e+00
5.007970502979524063e+00
5.008744976378448399e+00
5.009507090828784648e+00
5.010252851999767998e+00
5.010978408313760291e+00
5.011683129600652542e+00
5.012371694154508894e+00
5.013052265501983129e+00
5.013724510453111627e+00
5.014392314411169060e+00
5.015053426034218553e+00
5.015701634220249616e+00
5.016340732730394159e+00
5.016963288492924278e+00
5.017575462877220893e+00
5.018166591047710234e+00
5.018724812648660105e+00
5.019259041889972295e+00
5.019756664417153402e+00
5.020233073353236541e+00
5.020675744011466435e+00
5.021079861230616004e+00
5.021452916494968832e+00
5.021789859875503303e+00
5.022102760977508851e+00
5.022386369022937558e+00
5.022639510601223378e+00
5.022867878067702740e+00
5.023068674157768143e+00
5.023248118765114789e+00
5.023404843814134324e+00
5.023537849092320151e+00
5.023642275927052481e+00
5.023724426941409860e+00
5.023794377001398637e+00
5.023852184761711470e+00
5.023902873189584284e+00
5.023938918297575107e+00
5.023959202966581827e+00
5.023970013743893404e+00
5.023969981014593245e+00
5.023962702203058406e+00
5.023940852369627841e+00
5.023904684350339878e+00
5.023860783946215491e+00
5.023809214869028317e+00
5.023754404752030389e+00
5.023693245129175367e+00
5.023626930924579348e+00
5.023556179973743596e+00
5.023476906606443748e+00
5.023393440257273745e+00
5.023312029076255847e+00
5.023233081429712144e+00
5.023159502778649532e+00
5.023087596158943846e+00
5.023012218779397742e+00
5.022935567266752166e+00
5.022853818015641458e+00
5.022768628067783681e+00
5.022673935025445680e+00
5.022567856965101996e+00
5.022449840252734887e+00
5.022320866399891948e+00
5.022184623984135676e+00
5.022037451315187973e+00
5.021881260323786123e+00
5.021714741076789501e+00
5.021543700444960123e+00
5.021371203522646987e+00
5.021196028731282901e+00
5.021021840303656170e+00
5.020844610083367243e+00
5.020675825207944420e+00
5.020514134179320465e+00
5.020365105542804685e+00
5.020224006196002620e+00
5.020081290417800268e+00
5.019942510175968486e+00
5.019803301609570667e+00
5.019676203915369506e+00
5.019559925768043662e+00
5.019451787054058478e+00
5.019352900806334894e+00
5.019255700187278180e+00
5.019171587621313435e+00
5.019097464574952205e+00
5.019037251450571446e+00
5.018985014079588858e+00
5.018930739626738635e+00
5.018880789989123237e+00
5.018833839121724871e+00
5.018791634381267741e+00
5.018748389432656332e+00
5.018697690941842815e+00
5.018642844447383844e+00
5.018585844791012107e+00
5.018526122194232109e+00
5.018460339290538030e+00
5.018383058227115612e+00
5.018299557130301736e+00
5.018203743595146982e+00
5.018097712352388662e+00
5.017988342448585826e+00
5.017871235945709607e+00
5.017746778923534379e+00
5.017604686880001275e+00
5.017446995751448924e+00
5.017275783514121734e+00
5.017095231303462910e+00
5.016904652008304488e+00
5.016706758329162241e+00
5.016508527473995116e+00
5.016315464695432880e+00
5.016129745041469690e+00
5.015955995900075237e+00
5.015800002805408830e+00
5.015669617225867682e+00
5.015556514236595653e+00
5.015465417729211062e+00
5.015393851209884346e+00
5.015340503585979270e+00
5.015310602846077437e+00
5.015295939456193786e+00
5.015300503637921459e+00
5.015322584721075394e+00
5.015362067787723532e+00
5.015420810912551985e+00
5.015496582153069483e+00
5.015593685225399057e+00
5.015701140758396903e+00
5.015829380794245118e+00
5.015972572534161955e+00
5.016121749325473722e+00
5.016273695143689260e+00
5.016420103969800870e+00
5.016563343598325453e+00
5.016695199084287182e+00
5.016816812499246936e+00
5.016931139916933624e+00
5.017035721993825526e+00
5.017133760784572516e+00
5.017219276723271726e+00
5.017295310047274803e+00
5.017366495529942405e+00
5.017431442967437150e+00
5.017495196374885502e+00
5.017554855185382578e+00
5.017617916429235159e+00
5.017683679207047831e+00
5.017746227850956586e+00
5.017804395637294412e+00
5.017853382180263999e+00
5.017894740064448911e+00
5.017920453980851292e+00
5.017932472569455626e+00
5.017935137528922063e+00
5.017927344563878123e+00
5.017914111220971307e+00
5.017892655271799285e+00
5.017869860728033871e+00
5.017845370164369712e+00
5.017813309193817517e+00
5.017779461473920399e+00
5.017740664268140804e+00
5.017702734479910553e+00
5.017663870470362220e+00
5.017616440251233989e+00
5.017560112856093824e+00
5.017497502875278848e+00
5.017425279228712398e+00
5.017343584599670336e+00
5.017247065140631790e+00
5.017138240153666828e+00
5.017019548530456952e+00
5.016885801304829862e+00
5.016735707756830642e+00
5.016563879375113721e+00
5.016374012299580798e+00
5.016163255789085618e+00
5.015931004316313668e+00
5.015682205849095077e+00
5.015407834027661771e+00
5.015113990709883396e+00
5.014792899966937334e+00
5.014436365433734721e+00
5.014046035886508434e+00
5.013612855777842547e+00
5.013149100013774451e+00
5.012644206055205665e+00
5.012097830616634830e+00
5.011507557064991403e+00
5.010864695862632168e+00
5.010185054794649595e+00
5.009458780691724122e+00
5.008687483698825993e+00
5.007870603085259553e+00
5.007005838111738605e+00
5.006102057055333177e+00
5.005158944234946006e+00
5.004173915863732169e+00
5.003148702562550731e+00
5.002091126099925233e+00
5.000996875718932699e+00
4.999878934950333864e+00
4.998730338842372944e+00
4.997559163898925405e+00
4.996378493339518556e+00
4.995186997235516735e+00
4.993991450995902248e+00
4.992795128405789207e+00
4.991607165292601067e+00
4.990432277873853906e+00
4.989276182831029693e+00
4.988132830143670482e+00
4.987011968076926038e+00
4.985922261432509828e+00
4.984860568598609376e+00
4.983837480799061304e+00
4.982842590913873160e+00
4.981895863295298099e+00
4.980986689285140656e+00
4.980125735432605616e+00
4.979315376386740155e+00
4.978538225547172402e+00
4.977807747454146003e+00
4.977123535976509139e+00
4.976495942503908587e+00
4.975915680371918448e+00
4.975373353914117835e+00
4.974876350045895457e+00
4.974410722286200404e+00
4.973994943269287816e+00
4.973618688278589772e+00
4.973292113088759514e+00
4.973008711554798289e+00
4.972767872580083903e+00
4.972582803101035509e+00
4.972440397117974697e+00
4.972355438268500016e+00
4.972311237028555375e+00
4.972321327600152330e+00
4.972397651240684446e+00
4.972521000668862712e+00
4.972705046251871153e+00
4.972933006134339529e+00
4.973218816105732465e+00
4.973566086698779642e+00
4.973968898538957184e+00
4.974418089125762776e+00
4.974911763329517456e+00
4.975444682423483478e+00
4.976027362343382165e+00
4.976635584976982329e+00
4.977281289767933714e+00
4.977954360019875679e+00
4.978652657416178684e+00
4.979379275214387057e+00
4.980120157670689274e+00
4.980887052562548156e+00
4.981672031578136206e+00
4.982470634874416326e+00
4.983282408487510473e+00
4.984098769274067919e+00
4.984925016459535563e+00
4.985755497064898734e+00
4.986591458317350067e+00
4.987435491975856117e+00
4.988286763798904566e+00
4.989147493537974043e+00
4.990009557452510514e+00
4.990877091434311019e+00
4.991747168001245072e+00
4.992612339701961055e+00
4.993471626114557971e+00
4.994316406842778555e+00
4.995145615708540099e+00
4.995961542498778662e+00
4.996754350137424083e+00
4.997529733773779625e+00
4.998278195631217891e+00
4.998993949365329037e+00
4.999669908430885990e+00
5.000301535573315803e+00
5.000903501656365435e+00
5.001467711475205746e+00
5.001994037513149749e+00
5.002467762638343807e+00
5.002894963879597867e+00
5.003283189718139568e+00
5.003627418462645693e+00
5.003935097583097402e+00
5.004182296503794092e+00
5.004391413681666734e+00
5.004548615232567776e+00
5.004662500178898021e+00
5.004747556854495905e+00
5.004791905848765765e+00
5.004808226969550411e+00
5.004779297699212037e+00
5.004710106848730966e+00
5.004613035813897604e+00
5.004475723522706865e+00
5.004310671891079032e+00
5.004101642946705120e+00
5.003859065099612202e+00
5.003586733005002785e+00
5.003280843458131955e+00
5.002948251440184180e+00
5.002590644880190673e+00
5.002209587245240563e+00
5.001808456442310202e+00
5.001382577381087380e+00
5.000935759506179856e+00
5.000468117482019359e+00
4.999984667710020148e+00
4.999480356982901164e+00
4.998961026444091793e+00
4.998431803732171552e+00
4.997888005449429016e+00
4.997332276961758524e+00
4.996763035505071393e+00
4.996182260177090662e+00
4.995596432498649264e+00
4.995000850035801854e+00
4.994397880918338473e+00
4.993791151008561080e+00
4.993186168110920420e+00
4.992587866856705858e+00
4.992000887691033562e+00
4.991420204824758677e+00
4.990855561158610953e+00
4.990306923239482551e+00
4.989781653097821845e+00
4.989277671909883694e+00
4.988781985788598661e+00
4.988299715778782506e+00
4.987827281764701581e+00
4.987373528330579120e+00
4.986933270729140055e+00
4.986497718467369111e+00
4.986073426826849619e+00
4.985655886939719394e+00
4.985254993810311674e+00
4.984868757053272148e+00
4.984491173735812630e+00
4.984131878725245990e+00
4.983787419422522014e+00
4.983463257997288842e+00
4.983158994595512148e+00
4.982875937986180226e+00
4.982619304954067019e+00
4.982381817809299562e+00
4.982168628870502936e+00
4.981977622061029898e+00
4.981811597383574153e+00
4.981674364385187737e+00
4.981558408745557998e+00
4.981483836033375745e+00
4.981440715658472129e+00
4.981428337396581085e+00
4.981447100488229474e+00
4.981487927481293099e+00
4.981568417006864813e+00
4.981674234343453911e+00
4.981814502084390028e+00
4.981977224198862686e+00
4.982163652216777372e+00
4.982377023452655429e+00
4.982617575431004475e+00
4.982884232213482534e+00
4.983165838753566668e+00
4.983464812168613811e+00
4.983779070170359482e+00
4.984106853583591068e+00
4.984441616328196822e+00
4.984777969771761796e+00
4.985114793905752961e+00
4.985449444332855862e+00
4.985783582942324266e+00
4.986113563792544667e+00
4.986439702601868085e+00
4.986765968592602682e+00
4.987098155485229611e+00
4.987440161647038295e+00
4.987793624790147540e+00
4.988161109627918144e+00
4.988541202673450137e+00
4.988932004661992714e+00
4.989337880329924424e+00
4.989752925986187471e+00
4.990179592163996425e+00
4.990604901479319899e+00
4.991023470328883604e+00
4.991437353359297724e+00
4.991841128708554898e+00
4.992235902117324819e+00
4.992603010775281902e+00
4.992947555163636864e+00
4.993264560157196108e+00
4.993557240327583635e+00
4.993832714499668590e+00
4.994076791403577964e+00
4.994299345386910005e+00
4.994498958045380910e+00
4.994681922083485937e+00
4.994856488553573115e+00
4.995017786433687768e+00
4.995167461845791301e+00
4.995301180880283631e+00
4.995423295095330118e+00
4.995533930508186948e+00
4.995636551443254803e+00
4.995736895499518937e+00
4.995836513589835270e+00
4.995936043604976895e+00
4.996041003482186049e+00
4.996158262107289971e+00
4.996287971332437294e+00
4.996436854589497933e+00
4.996605415928875971e+00
4.996798450153087323e+00
4.997019149668282090e+00
4.997261853914475083e+00
4.997533503256504694e+00
4.997832971948897196e+00
4.998168482098495069e+00
4.998537075508153293e+00
4.998942140999948158e+00
4.999382152545964075e+00
4.999849847208476028e+00
5.000343129511689355e+00
5.000866307493065932e+00
5.001418561775003546e+00
5.001991452898597146e+00
5.002577426049626297e+00
5.003174954417860754e+00
5.003782834958051318e+00
5.004400515395914795e+00
5.005023547623073554e+00
5.005654722440754156e+00
5.006287746641550740e+00
5.006928672928127710e+00
5.007572330895575519e+00
5.008226224619658495e+00
5.008884940508516515e+00
5.009538801301033573e+00
5.010188712987811321e+00
5.010828663695366281e+00
5.011464366081864519e+00
5.012080265607447238e+00
5.012677684452146565e+00
5.013261377166718269e+00
5.013829554680495626e+00
5.014390354703873065e+00
5.014935393880814551e+00
5.015467751089245141e+00
5.015986875023454417e+00
5.016488772582023969e+00
5.016978182334213443e+00
5.017442464146523839e+00
5.017885902177303237e+00
5.018304921786993056e+00
5.018702010314672890e+00
5.019087942827253457e+00
5.019459014151006926e+00
5.019820593993871150e+00
5.020164764586596995e+00
5.020490479048103083e+00
5.020806503917784269e+00
5.021108366686611646e+00
5.021402389153597490e+00
5.021679474271593335e+00
5.021940879624096077e+00
5.022191695764420594e+00
5.022426184348520728e+00
5.022649811457601032e+00
5.022851193126048663e+00
5.023034533101824017e+00
5.023197881363092421e+00
5.023344311358167502e+00
5.023485107065870814e+00
5.023616874821245304e+00
5.023747413323953026e+00
5.023870737308397061e+00
5.023988469548283042e+00
5.024110284007845095e+00
5.024233247868475694e+00
5.024364815529194672e+00
5.024502509560194952e+00
5.024649467140195114e+00
5.024812155727055085e+00
5.024982821035888669e+00
5.025169219363237794e+00
5.025364581912512563e+00
5.025582224901521400e+00
5.025818560354168518e+00
5.026063391759748811e+00
5.026320421665663396e+00
5.026583121035004709e+00
5.026861170369889997e+00
5.027149304270502661e+00
5.027443711895254630e+00
5.027741133913156801e+00
5.028032708324252198e+00
5.028320481430499811e+00
5.028604915614932835e+00
5.028877648886054708e+00
5.029136677521973908e+00
5.029373914960532765e+00
5.029592001110076538e+00
5.029793257441133036e+00
5.029964160367607739e+00
5.030108337428182530e+00
5.030219427736239091e+00
5.030300300137834135e+00
5.030362654126012245e+00
5.030395911946190068e+00
5.030409992977739719e+00
5.030396364199924975e+00
5.030361217492256287e+00
5.030309641844589841e+00
5.030235322279851928e+00
5.030140406241637052e+00
5.030013498788695969e+00
5.029863758724177458e+00
5.029686906006181957e+00
5.029480558190489781e+00
5.029254349101330845e+00
5.029001660592851586e+00
5.028733772359785803e+00
5.028449250575152796e+00
5.028150912526991867e+00
5.027845098435875570e+00
5.027531861983235650e+00
5.027214061230417919e+00
5.026890285298224903e+00
5.026561210550362979e+00
5.026226596482094244e+00
5.025896332174534464e+00
5.025573719389730520e+00
5.025268176164471079e+00
5.024975279331199474e+00
5.024701882511368289e+00
5.024452185690394757e+00
5.024220497500144766e+00
5.024016660418354263e+00
5.023828469462686463e+00
5.023669398002319042e+00
5.023539578890420465e+00
5.023436679350203882e+00
5.023368092564856724e+00
5.023317061726924493e+00
5.023293384193898703e+00
5.023290221888679241e+00
5.023311192793413760e+00
5.023345103473044304e+00
5.023386341314403758e+00
5.023425285212803182e+00
5.023457601561318597e+00
5.023479814305543911e+00
5.023487511384526094e+00
5.023484277824689315e+00
5.023463602223716684e+00
5.023428411788124492e+00
5.023376877006892727e+00
5.023308274715025945e+00
5.023230316649940796e+00
5.023137516278592507e+00
5.023034018326368866e+00
5.022922285871397996e+00
5.022804375963103141e+00
5.022683970287257438e+00
5.022563606167027572e+00
5.022447805965136070e+00
5.022336148863476346e+00
5.022226838452558795e+00
5.022123595692034925e+00
5.022025434311296443e+00
5.021928889678608066e+00
5.021839384745622858e+00
5.021753619296292825e+00
5.021677990678514725e+00
5.021613577694450825e+00
5.021562191338097669e+00
5.021525520360382799e+00
5.021495502744155459e+00
5.021479401698389466e+00
5.021473813092390159e+00
5.021486082104322790e+00
5.021508184572969213e+00
5.021531865069930767e+00
5.021557910404456315e+00
5.021584169640493478e+00
5.021612887216554633e+00
5.021642697462169735e+00
5.021672046060498218e+00
5.021704202072520218e+00
5.021737673905970922e+00
5.021775656700426360e+00
5.021818204777607875e+00
5.021866013253400318e+00
5.021915299072223782e+00
5.021963282506274773e+00
5.022009152294429235e+00
5.022051871567326131e+00
5.022094299140680285e+00
5.022131893152199211e+00
5.022165153372860402e+00
5.022194709537378010e+00
5.022221723894416456e+00
5.022247778078836156e+00
5.022271176443263485e+00
5.022292211364781878e+00
5.022312682905992531e+00
5.022332392408805468e+00
5.022355825343927549e+00
5.022384610305832275e+00
5.022419776291878080e+00
5.022458422888827378e+00
5.022496903249355604e+00
5.022537068160544571e+00
5.022578175677280932e+00
5.022619977504309219e+00
5.022668594447257995e+00
5.022721714255693470e+00
5.022787981740492569e+00
5.022863714307840510e+00
5.022954846578011612e+00
5.023064898582466853e+00
5.023183894701593211e+00
5.023317424426146260e+00
5.023459832504682865e+00
5.023615479156667618e+00
5.023784385010891640e+00
5.023964444272512431e+00
5.024150888178788854e+00
5.024337491061829475e+00
5.024521239534311512e+00
5.024698321171396032e+00
5.024864903506181868e+00
5.025016740937076065e+00
5.025158443492196092e+00
5.025285483854181834e+00
5.025404117577068064e+00
5.025506660439364559e+00
5.025583022888107543e+00
5.025638813250055570e+00
5.025664441873607835e+00
5.025673156844507439e+00
5.025653295645545526e+00
5.025600353552084343e+00
5.025515746081302915e+00
5.025397482149357664e+00
5.025252506824266163e+00
5.025082491019796649e+00
5.024889303928297579e+00
5.024678599925769262e+00
5.024442672466916449e+00
5.024183892475499569e+00
5.023905028289242125e+00
5.023609128704352500e+00
5.023303590117079942e+00
5.022980993835313157e+00
5.022641365898831367e+00
5.022284732608181201e+00
5.021914770601374478e+00
5.021532330213172024e+00
5.021141384726446333e+00
5.020747333800476220e+00
5.020345106979888783e+00
5.019936144722682236e+00
5.019521206839066885e+00
5.019105863420350921e+00
5.018696820696873395e+00
5.018290817363245004e+00
5.017890078684371424e+00
5.017496768644136296e+00
5.017118163069766545e+00
5.016756147405190269e+00
5.016414233071786022e+00
5.016093656120878208e+00
5.015784145070295352e+00
5.015502582283746236e+00
5.015238354502302265e+00
5.015006802918445139e+00
5.014804462397525420e+00
5.014628859756568247e+00
5.014493615560286166e+00
5.014380135525072113e+00
5.014301741503233600e+00
5.014244442757273212e+00
5.014220819974372745e+00
5.014225615312109419e+00
5.014253602149195466e+00
5.014323891070902484e+00
5.014418756985335790e+00
5.014557177066101268e+00
5.014725930332437187e+00
5.014936378798679151e+00
5.015200324519769381e+00
5.015493754404829474e+00
5.015833929102169186e+00
5.016212683874415212e+00
5.016624413351761902e+00
5.017079178611981938e+00
5.017558081406402692e+00
5.018073525536108193e+00
5.018619165751385225e+00
5.019183277185306657e+00
5.019778961646601978e+00
5.020391998025820257e+00
5.021029115054055580e+00
5.021680759149834472e+00
5.022343493881867182e+00
5.023016890171215110e+00
5.023690974521681341e+00
5.024364933031843172e+00
5.025041804570006931e+00
5.025717853117036782e+00
5.026393256369281026e+00
5.027062193635154053e+00
5.027727152961539936e+00
5.028388078767108915e+00
5.029036548841046894e+00
5.029671818125295069e+00
5.030287793646799344e+00
5.030883165109202082e+00
5.031462023030266906e+00
5.032016537818356561e+00
5.032553970474048732e+00
5.033064850080057440e+00
5.033543465840859987e+00
5.033983173291428415e+00
5.034381479504747681e+00
5.034752635690614042e+00
5.035088669280751716e+00
5.035384898237182938e+00
5.035636836416319539e+00
5.035842601224080894e+00
5.036015840894775053e+00
5.036149836746275810e+00
5.036247693100244227e+00
5.036300397925309369e+00
5.036312885125164840e+00
5.036302812150909247e+00
5.036268512658073959e+00
5.036219715471609959e+00
5.036150078471049341e+00
5.036061501926972106e+00
5.035964444861976474e+00
5.035859174183800135e+00
5.035751521759896931e+00
5.035642010816604675e+00
5.035537379500687472e+00
5.035436614803269428e+00
5.035338291381715514e+00
5.035244811070382021e+00
5.035157519770085521e+00
5.035085375285937914e+00
5.035023692795306260e+00
5.034976195818974709e+00
5.034938018948534655e+00
5.034904852034753020e+00
5.034878913858202409e+00
5.034861050060945864e+00
5.034852591883618445e+00
5.034844139137649499e+00
5.034835142541205677e+00
5.034824731212800941e+00
5.034816921067184481e+00
5.034816260400192256e+00
5.034815837319299270e+00
5.034815187514148249e+00
5.034815434795407718e+00
5.034821546349511401e+00
5.034839311974891096e+00
5.034862047079321279e+00
5.034895081118982318e+00
5.034932164884474481e+00
5.034971627457369259e+00
5.035012457812507947e+00
5.035055840731902599e+00
5.035098284291406046e+00
5.035135577855934130e+00
5.035168813526932574e+00
5.035195799050223187e+00
5.035217198780108205e+00
5.035224247988615787e+00
5.035216500119958916e+00
5.035190584534966263e+00
5.035153864977136351e+00
5.035103926487452419e+00
5.035043660268373245e+00
5.034969600379652022e+00
5.034885479040627665e+00
5.034790906921213782e+00
5.034687551563789221e+00
5.034570021541973084e+00
5.034437633358125552e+00
5.034289621669982395e+00
5.034134759135727499e+00
5.033979472570304203e+00
5.033826022563683722e+00
5.033677725555556925e+00
5.033536904320302874e+00
5.033402012229148959e+00
5.033273659829234248e+00
5.033151896946316484e+00
5.033038353646357876e+00
5.032936189366687962e+00
5.032846573801894152e+00
5.032768508248214090e+00
5.032704614187772485e+00
5.032653258928278639e+00
5.032621911916598023e+00
5.032613343889191349e+00
5.032623827963199403e+00
5.032659031693420992e+00
5.032714094128988513e+00
5.032798550120152647e+00
5.032909801649458004e+00
5.033051351989216826e+00
5.033220171230441409e+00
5.033406267380868826e+00
5.033612164529568389e+00
5.033830178501611741e+00
5.034067098638570492e+00
5.034315703334815595e+00
5.034570398470916253e+00
5.034829431949710887e+00
5.035088877575999433e+00
5.035351293860531818e+00
5.035616743295050490e+00
5.035890827598578312e+00
5.036167220892913576e+00
5.036442191834159310e+00
5.036719473777868217e+00
5.037001248179534763e+00
5.037295309128771770e+00
5.037598400032680779e+00
5.037914388431769197e+00
5.038236900074942071e+00
5.038563141441507298e+00
5.038892272292240015e+00
5.039216049453778545e+00
5.039535607575043485e+00
5.039840576397789818e+00
5.040130654192133797e+00
5.040400581686361292e+00
5.040651923614158036e+00
5.040892235441668312e+00
5.041114376476568459e+00
5.041321061561419015e+00
5.041508551603717692e+00
5.041679991214139456e+00
5.041843688739999330e+00
5.041994986562594150e+00
5.042137631606846249e+00
5.042270659879385164e+00
5.042396210888934860e+00
5.042519885665339707e+00
5.042632552134406865e+00
5.042732958980438163e+00
5.042817508075920330e+00
5.042890375410740589e+00
5.042952904007931281e+00
5.043007798824060472e+00
5.043060334013376611e+00
5.043104668334660090e+00
5.043143346871317156e+00
5.043177575588293493e+00
5.043212733327478325e+00
5.043254159184241026e+00
5.043297423015417280e+00
5.043337616099112353e+00
5.043372074098392943e+00
5.043403706893391458e+00
5.043437542133563767e+00
5.043469890864164640e+00
5.043497491686668610e+00
5.043515133988641708e+00
5.043523678248695852e+00
5.043524205332635901e+00
5.043515240262042454e+00
5.043489438663948832e+00
5.043452762331127381e+00
5.043401225375256480e+00
5.043339974194080533e+00
5.043267869035028106e+00
5.043185303461052094e+00
5.043096216840913470e+00
5.042995314382260119e+00
5.042886209467669190e+00
5.042765487887208131e+00
5.042631933147331935e+00
5.042488771656773672e+00
5.042328396512441024e+00
5.042156901972614236e+00
5.041968473380677551e+00
5.041767804993562585e+00
5.041549332196139765e+00
5.041315418331199893e+00
5.041075598614539466e+00
5.040824929828072953e+00
5.040567273812617266e+00
5.040292434970166546e+00
5.040001841744659039e+00
5.039699491055934288e+00
5.039379523413507478e+00
5.039042994732287006e+00
5.038676094653333770e+00
5.038283555785444179e+00
5.037861976268019681e+00
5.037418322468426801e+00
5.036942727918055418e+00
5.036432288417841185e+00
5.035884709598745346e+00
5.035304938236500938e+00
5.034692271629597649e+00
5.034041855464008286e+00
5.033365316892291830e+00
5.032659731487060029e+00
5.031936124393964427e+00
5.031194828877474379e+00
5.030444360727693187e+00
5.029693057293322056e+00
5.028937596211459748e+00
5.028178064802911962e+00
5.027415597791102364e+00
5.026651096621777448e+00
5.025892062837506558e+00
5.025132218504572812e+00
5.024368934760118144e+00
5.023607656637454788e+00
5.022851172739888348e+00
5.022108086327338405e+00
5.021374408507966791e+00
5.020647696087383594e+00
5.019930699447416877e+00
5.019222244078540562e+00
5.018529454076910312e+00
5.017848806286478336e+00
5.017177292609836137e+00
5.016518734375263300e+00
5.015867468917991623e+00
5.015235030705358810e+00
5.014619917439547159e+00
5.014019939543929993e+00
5.013438122140493114e+00
5.012874276394273743e+00
5.012343496138480070e+00
5.011835229190317875e+00
5.011354945617046752e+00
5.010895938182498455e+00
5.010452364513899859e+00
5.010028487162913713e+00
5.009617228152479562e+00
5.009230763891961757e+00
5.008867040293541351e+00
5.008523659723128851e+00
5.008203075470651022e+00
5.007907189632084588e+00
5.007653463872397737e+00
5.007422762101763958e+00
5.007228007612996912e+00
5.007058675119901103e+00
5.006912786707530927e+00
5.006799407078202258e+00
5.006707220634694089e+00
5.006646114078598941e+00
5.006605368678705759e+00
5.006581186084789969e+00
5.006579913067965570e+00
5.006593830502227505e+00
5.006629620167061923e+00
5.006681866422861837e+00
5.006745575476073462e+00
5.006826859624692538e+00
5.006917298785979575e+00
5.007020227783927524e+00
5.007130024680503944e+00
5.007241420080521088e+00
5.007355398336060581e+00
5.007467303523429614e+00
5.007575825010994741e+00
5.007679278464624240e+00
5.007771634008371109e+00
5.007856159625210246e+00
5.007929738052755653e+00
5.007990088794014305e+00
5.008041352881684283e+00
5.008075722458871226e+00
5.008097552278177211e+00
5.008102313780672610e+00
5.008090356941082177e+00
5.008059306171470659e+00
5.008003253036858560e+00
5.007932799839164062e+00
5.007840528468351593e+00
5.007732358406046025e+00
5.007601891866632293e+00
5.007439899741419786e+00
5.007247015590528427e+00
5.007018614857206451e+00
5.006768642644146006e+00
5.006489879394631082e+00
5.006174120994965726e+00
5.005824257674375666e+00
5.005437583642761368e+00
5.005026322471657352e+00
5.004588137435474593e+00
5.004118937308648540e+00
5.003629165085711428e+00
5.003106910790064532e+00
5.002561156990685376e+00
5.001988822537221324e+00
5.001387932616032650e+00
5.000766724663534113e+00
5.000118394884029094e+00
4.999450815635481327e+00
4.998774843903938780e+00
4.998091451543133168e+00
4.997407093512575393e+00
4.996717341634194121e+00
4.996022918912331079e+00
4.995335467177191902e+00
4.994652060138740524e+00
4.993981761800802666e+00
4.993321879672565800e+00
4.992676692249932380e+00
4.992051359134475064e+00
4.991438992599706026e+00
4.990844284238974637e+00
4.990263546461918942e+00
4.989694741385735988e+00
4.989148035066880205e+00
4.988616733903741718e+00
4.988112858625805224e+00
4.987642133551394963e+00
4.987197996395386745e+00
4.986787371094085763e+00
4.986409190463581886e+00
4.986073941494086448e+00
4.985780339388856675e+00
4.985531850958921929e+00
4.985318590457299415e+00
4.985151971875438015e+00
4.985027161416345720e+00
4.984952111722649626e+00
4.984926257230090307e+00
4.984937121602688315e+00
4.984995485842208751e+00
4.985096006924266909e+00
4.985247094705680837e+00
4.985437487307915028e+00
4.985671797394731541e+00
4.985948584210105672e+00
4.986260757837422730e+00
4.986614908818133962e+00
4.987001264486439212e+00
4.987423948366172866e+00
4.987875972073502417e+00
4.988343585636443756e+00
4.988837130200095338e+00
4.989344686437374499e+00
4.989870179165130537e+00
4.990405087005323814e+00
4.990938406828767882e+00
4.991473907213634043e+00
4.992010695058827885e+00
4.992547426130597543e+00
4.993080286961023795e+00
4.993601753953818445e+00
4.994109419677380757e+00
4.994597506541732734e+00
4.995065726209405810e+00
4.995521459188285718e+00
4.995957432184341407e+00
4.996377178113880824e+00
4.996776771154228136e+00
4.997162307556692440e+00
4.997540993969861844e+00
4.997912859301988142e+00
4.998279563579683504e+00
4.998640133235578986e+00
4.998993100430792147e+00
4.999341161120659294e+00
4.999682426396733881e+00
5.000016403887397765e+00
5.000341032315023249e+00
5.000654337313004127e+00
5.000954260639823623e+00
5.001243619397260254e+00
5.001519137714035779e+00
5.001785321030743248e+00
5.002042516916967330e+00
5.002286064922786046e+00
5.002517214380181265e+00
5.002732936181104151e+00
5.002935282867376543e+00
5.003125383388225877e+00
5.003294515591089286e+00
5.003444024352331709e+00
5.003568416833852339e+00
5.003675577770895444e+00
5.003752717976435171e+00
5.003799262759252464e+00
5.003822825497458382e+00
5.003821913623518469e+00
5.003805815273929980e+00
5.003771176283747124e+00
5.003716811050229474e+00
5.003645762197241886e+00
5.003556138287797772e+00
5.003455257435828862e+00
5.003341465239913077e+00
5.003218277833924255e+00
5.003088809858575736e+00
5.002944977238342084e+00
5.002788292236195034e+00
5.002618262908921309e+00
5.002434790275559706e+00
5.002240931160316428e+00
5.002027668870554500e+00
5.001797992616459965e+00
5.001552835061715108e+00
5.001295824918464916e+00
5.001026460706756716e+00
5.000748538031743351e+00
5.000471975218073517e+00
5.000194000109599024e+00
4.999916256341652598e+00
4.999639140806661608e+00
4.999365646179334099e+00
4.999099612302646989e+00
4.998833123828783975e+00
4.998565805024965947e+00
4.998297106764778341e+00
4.998029419585630073e+00
4.997763672053382678e+00
4.997499980900004246e+00
4.997240829795167372e+00
4.996988193068222728e+00
4.996744937721208757e+00
4.996514930419192702e+00
4.996308227695093862e+00
4.996114443439559238e+00
4.995945234216319086e+00
4.995789825135411810e+00
4.995662177448662256e+00
4.995566060442047984e+00
4.995495534088965073e+00
4.995455614129585165e+00
4.995430382773317746e+00
4.995427812464166450e+00
4.995443237347624965e+00
4.995474220675512278e+00
4.995531905878431544e+00
4.995604078432640982e+00
4.995702780120170772e+00
4.995819130081780024e+00
4.995962150942630409e+00
4.996136102423167635e+00
4.996334370475357112e+00
4.996555769227541077e+00
4.996797579161919245e+00
4.997057162065154934e+00
4.997327741224414588e+00
4.997606568679309191e+00
4.997887986645197955e+00
4.998170713547712474e+00
4.998446133740340969e+00
4.998711000204180799e+00
4.998958184987402298e+00
4.999189628351575543e+00
4.999408678941524187e+00
4.999603067625410624e+00
4.999780124135413395e+00
4.999922449279673664e+00
5.000034969484531189e+00
5.000119664602079794e+00
5.000168550506332465e+00
5.000185435293807323e+00
5.000152620042773499e+00
5.000085836665804528e+00
4.999973918654123217e+00
4.999826928012171656e+00
4.999636198327044312e+00
4.999398585714498466e+00
4.999123471777983774e+00
4.998810621302671287e+00
4.998465366762228967e+00
4.998084851343282509e+00
4.997669436697013801e+00
4.997224947761839786e+00
4.996756045248455180e+00
4.996266378637499450e+00
4.995761199545211362e+00
4.995244617451079172e+00
4.994716507520623239e+00
4.994185293268510684e+00
4.993650764215836979e+00
4.993122912336240837e+00
4.992602092165599359e+00
4.992087064188073242e+00
4.991582135360787653e+00
4.991081481043349477e+00
4.990595547843824420e+00
4.990118096236238365e+00
4.989657874804089843e+00
4.989216681782256302e+00
4.988787941847096619e+00
4.988371979843925885e+00
4.987966082010519386e+00
4.987571835059773306e+00
4.987191255379570087e+00
4.986818197768283056e+00
4.986458893630755007e+00
4.986112539608133609e+00
4.985784440551055852e+00
4.985484538570149837e+00
4.985200420737370131e+00
4.984942363564027978e+00
4.984704839632017936e+00
4.984483416497809571e+00
4.984279483694685986e+00
4.984083026152206664e+00
4.983909688655389303e+00
4.983758719710735363e+00
4.983628689114106614e+00
4.983519443392856907e+00
4.983431189626559288e+00
4.983376866996391819e+00
4.983349078815067834e+00
4.983346013400573149e+00
4.983366090223992018e+00
4.983409164535681057e+00
4.983486123319583960e+00
4.983586373796554447e+00
4.983710262525694823e+00
4.983855444697530501e+00
4.984019335547328566e+00
4.984203691279381232e+00
4.984401599990070153e+00
4.984620664419471048e+00
4.984863483628123149e+00
4.985130666812746192e+00
4.985421821849284285e+00
4.985743775928255239e+00
4.986099373290178605e+00
4.986484794283148503e+00
4.986901133062182190e+00
4.987347339393434886e+00
4.987828018629787863e+00
4.988348503710565929e+00
4.988898566888510189e+00
4.989474059382318138e+00
4.990072201156853460e+00
4.990691697226703027e+00
4.991336386130988068e+00
4.991998878346620039e+00
4.992682591231405453e+00
4.993380015121638316e+00
4.994104645104944673e+00
4.994851387070356807e+00
4.995626985432444656e+00
4.996421182827888607e+00
4.997234312595663752e+00
4.998069877253708881e+00
4.998929929585990806e+00
4.999814938159523159e+00
5.000725236909326910e+00
5.001653151215849746e+00
5.002596114726602927e+00
5.003553802000223705e+00
5.004522562922775641e+00
5.005500898958980649e+00
5.006478876249730092e+00
5.007455580236257475e+00
5.008432999925555684e+00
5.009406170176210260e+00
5.010376787932456999e+00
5.011330288426818491e+00
5.012265161128583557e+00
5.013172760011497253e+00
5.014052275942507464e+00
5.014914584757628191e+00
5.015742802919688437e+00
5.016541604624928929e+00
5.017303510384500953e+00
5.018029770107807153e+00
5.018733908237757113e+00
5.019407421650233125e+00
5.020055761637033598e+00
5.020666047112883668e+00
5.021241916010024120e+00
5.021771186629178096e+00
5.022257283517958193e+00
5.022710402982176525e+00
5.023117374108971411e+00
5.023489623295009920e+00
5.023807341383637493e+00
5.024078188093247022e+00
5.024314555415751116e+00
5.024507567046077483e+00
5.024670703524590998e+00
5.024795581104101849e+00
5.024881023365871613e+00
5.024931778029407603e+00
5.024934994478228667e+00
5.024903531132713930e+00
5.024827981356047246e+00
5.024711125881857754e+00
5.024551204645521629e+00
5.024338312817252294e+00
5.024087357257939424e+00
5.023791761302835113e+00
5.023465791919714540e+00
5.023092731812484502e+00
5.022672777452953596e+00
5.022224519641585339e+00
5.021747975849993217e+00
5.021255048268921328e+00
5.020742588432021591e+00
5.020217102335282178e+00
5.019687344001123819e+00
5.019148845800649461e+00
