0.000000000000000000e+00
0.000000000000000000e+00
-1.331729208686738434e-08
-8.030832532313067613e-08
-2.511731122467608720e-07
-5.553775713451613375e-07
-1.055321679359622084e-06
-1.567366177823714594e-06
-2.381093488565966711e-06
-2.374210700963885722e-06
-1.261502188754087608e-07
5.819998666538594583e-06
1.756458402041971201e-05
3.734123286221801359e-05
6.653564142425240217e-05
1.124513763784306850e-04
1.807313933818476600e-04
2.755948584376709818e-04
4.011971838622229738e-04
5.587597712724346258e-04
7.552414536326069842e-04
9.950836151688235553e-04
1.287545260026945687e-03
1.635461296871199227e-03
2.052014168336882636e-03
2.539506364598765210e-03
3.108509775236144128e-03
3.765466507509245865e-03
4.521051641538634605e-03
5.377030964925780428e-03
6.355937715604794910e-03
7.463652487829220902e-03
8.714582469299330530e-03
1.012829690797616665e-02
1.171337723357965266e-02
1.348537399990846174e-02
1.544870003683854534e-02
1.762089326603699657e-02
1.998951390011597523e-02
2.257319494707871882e-02
2.537904873116303764e-02
2.838989153130341836e-02
3.162285133822251293e-02
3.508090838415909435e-02
3.877567216379929071e-02
4.270603641493607439e-02
4.684643819554138583e-02
5.120928510649491033e-02
5.579841687901306718e-02
6.058142944796372081e-02
6.557526602967073126e-02
7.075942054016877425e-02
7.615840509159851890e-02
8.177318051083375117e-02
8.762202873451996332e-02
9.370400383694454938e-02
9.999115481598658262e-02
1.064986731074599874e-01
1.132276268265990787e-01
1.201868309043197247e-01
1.273859430812148419e-01
1.347963042519835786e-01
1.424092246554641006e-01
1.502151323817519646e-01
1.582187391780165986e-01
1.664363284371642160e-01
1.748669333718566032e-01
1.835295189879683486e-01
1.924049217961577019e-01
2.015122301839140095e-01
2.108217968009260535e-01
2.203612495921399850e-01
2.301301015876081602e-01
2.400939358733442108e-01
2.502659703753736808e-01
2.606251086257245775e-01
2.711998344920422688e-01
2.819663740657116779e-01
2.929569710753704981e-01
3.041602815650249481e-01
3.156149794123912500e-01
3.273018039725567041e-01
3.391934169791485099e-01
3.512945319674756206e-01
3.635552896521832000e-01
3.760022868178630739e-01
3.886327327750469518e-01
4.014915348552013374e-01
4.145692719481731681e-01
4.278025807402873748e-01
4.412106741927408482e-01
4.547719873450541406e-01
4.684952105544352707e-01
4.823711599372172421e-01
4.964080335162424640e-01
5.106006540320657816e-01
5.249620176814340233e-01
5.394970048926615025e-01
5.542264427207255206e-01
5.691525556109690021e-01
5.843083025477672221e-01
5.996663452647470471e-01
6.151972140334389660e-01
6.309310509227059605e-01
6.468441308997414652e-01
6.629685439131995928e-01
6.792451955340642611e-01
6.957186616919774913e-01
7.123827566169043113e-01
7.292766334079048285e-01
7.464184595607060713e-01
7.637648810408848021e-01
7.813439370654361449e-01
7.991273082755342427e-01
8.171478344462648202e-01
8.353991605304018631e-01
8.538964392207401000e-01
8.726358093283909101e-01
8.915968896411197164e-01
9.107909978888768521e-01
9.302483846209784746e-01
9.499724663756631271e-01
9.699933733008644365e-01
9.902686156295082975e-01
1.010836135294272742e+00
1.031672307398154409e+00
1.052769318964316581e+00
1.074118527319266603e+00
1.095737985517814206e+00
1.117572521116569018e+00
1.139656578447654223e+00
1.161965402510001910e+00
1.184485176946952434e+00
1.207208639528587035e+00
1.230137251760794914e+00
1.253270238783194657e+00
1.276630612757040817e+00
1.300168508436514880e+00
1.323919729139639623e+00
1.347857362177206308e+00
1.371983860876394790e+00
1.396320337202383355e+00
1.420904535200430585e+00
1.445740257646872307e+00
1.470763827707602500e+00
1.495999659445120811e+00
1.521415239717795576e+00
1.547001499082877540e+00
1.572759431745841319e+00
1.598719030763938287e+00
1.624898079778983373e+00
1.651235262300803308e+00
1.677722269441916270e+00
1.704337715055777469e+00
1.731110752966238842e+00
1.758017865564658333e+00
1.785101918127371956e+00
1.812325030710532303e+00
1.839729646589591150e+00
1.867287820722891789e+00
1.895008064653708191e+00
1.922910717871024300e+00
1.951003438379599553e+00
1.979266208555533479e+00
2.007728618528678233e+00
2.036365980055167668e+00
2.065200694944693716e+00
2.094212654974295873e+00
2.123396555330588242e+00
2.152760695364309917e+00
2.182329782392813389e+00
2.212062906172110210e+00
2.241972454931570713e+00
2.272022892381979631e+00
2.302230407144858049e+00
2.332555021192862288e+00
2.362985443022085796e+00
2.393488110449148998e+00
2.424050198938681344e+00
2.454642826464010774e+00
2.485251549627615741e+00
2.515853270437552247e+00
2.546426974680258581e+00
2.576948694135977824e+00
2.607395240213706167e+00
2.637744902517630941e+00
2.667987815286948727e+00
2.698108421709373150e+00
2.728103925134971242e+00
2.757961369898154658e+00
2.787681936170890218e+00
2.817253667261435890e+00
2.846680489923789192e+00
2.875950824167563091e+00
2.905068675424887559e+00
2.934020129587485037e+00
2.962811416532828090e+00
2.991427616026236080e+00
3.019853428747488078e+00
3.048078617002798474e+00
3.076138183023763961e+00
3.103993402864767326e+00
3.131677059080435033e+00
3.159149061586691065e+00
3.186441682722402913e+00
3.213516036417318755e+00
3.240368651296926750e+00
3.267017098810506948e+00
3.293452133085561950e+00
3.319686700250936706e+00
3.345712505724264485e+00
3.371537920381856956e+00
3.397152782823873896e+00
3.422565566446615914e+00
3.447749213125540280e+00
3.472690135385824384e+00
3.497370623495412723e+00
3.521808194067312492e+00
3.545984503176046854e+00
3.569888872053457174e+00
3.593516043569875418e+00
3.616869729902578268e+00
3.639947804357839267e+00
3.662753573801351248e+00
3.685280188467336515e+00
3.707535377886129080e+00
3.729511784460378454e+00
3.751218129541707746e+00
3.772644390013051741e+00
3.793794003870321063e+00
3.814666172411275813e+00
3.835264681722952318e+00
3.855585242655112044e+00
3.875629199888541265e+00
3.895388169433905645e+00
3.914873645450904327e+00
3.934093601848914101e+00
3.953076402094199082e+00
3.971819260265662344e+00
3.990334316637350831e+00
4.008622961189582057e+00
4.026690924312904762e+00
4.044535904075936550e+00
4.062157596494988532e+00
4.079571911241845150e+00
4.096771965172127494e+00
4.113766846802071164e+00
4.130548972036675259e+00
4.147119314815834734e+00
4.163492169525460085e+00
4.179662149097755908e+00
4.195636547949150419e+00
4.211408840563133360e+00
4.226982044126823546e+00
4.242361552860573148e+00
4.257545080330208620e+00
4.272545730020835819e+00
4.287327410127953264e+00
4.301910311128929187e+00
4.316302446272208826e+00
4.330482440140083433e+00
4.344458086635903271e+00
4.358237263109520754e+00
4.371793552782372139e+00
4.385136612799003686e+00
4.398279211666419997e+00
4.411196922209099647e+00
4.423893013145759667e+00
4.436383491899801967e+00
4.448645713474586039e+00
4.460694142725302846e+00
4.472540820982291443e+00
4.484156326200797515e+00
4.495556835081412572e+00
4.506755079176261169e+00
4.517723106291128943e+00
4.528475349094703617e+00
4.539016077663734272e+00
4.549356467869117182e+00
4.559503969099357512e+00
4.569434183981253561e+00
4.579158556010558101e+00
4.588681106712654056e+00
4.597986631538703683e+00
4.607084857370688624e+00
4.615979091074301266e+00
4.624678810980155319e+00
4.633189429786040314e+00
4.641491187360122339e+00
4.649595142748190746e+00
4.657505853321386446e+00
4.665231050994230522e+00
4.672775467779469949e+00
4.680122769620251866e+00
4.687282166030239949e+00
4.694259234812092174e+00
4.701057296540569475e+00
4.707683102037739431e+00
4.714124289896320263e+00
4.720386765148471220e+00
4.726460473682712049e+00
4.732350695874523616e+00
4.738064023997615948e+00
4.743598072674106270e+00
4.748949523117374838e+00
4.754116194989514099e+00
4.759095434989761841e+00
4.763899492170643235e+00
4.768526176061461896e+00
4.772972175624203395e+00
4.777235438372922083e+00
4.781313179280591186e+00
4.785217143740488233e+00
4.788945482220484884e+00
4.792494348432853712e+00
4.795862270440890640e+00
4.799046422388388855e+00
4.802057870175673315e+00
4.804895431246593240e+00
4.807555205967261713e+00
4.810046738382414588e+00
4.812368580397203388e+00
4.814530987139776563e+00
4.816535269316271517e+00
4.818377517607048688e+00
4.820066294070318946e+00
4.821601697947816234e+00
4.822994938787060093e+00
4.824253153797226190e+00
4.825380201708512118e+00
4.826384850662188697e+00
4.827269116859870479e+00
4.828043739866452633e+00
4.828715215917664949e+00
4.829289620738465239e+00
4.829775456447142901e+00
4.830176751349109843e+00
4.830501595173020135e+00
4.830757155526417712e+00
4.830947180926788320e+00
4.831080368688319027e+00
4.831158556180064068e+00
4.831188804782915902e+00
4.831174594388332189e+00
4.831123540882011014e+00
4.831043626047660133e+00
4.830941937450309531e+00
4.830823659110804691e+00
4.830697203703214981e+00
4.830565201785405272e+00
4.830436757594337216e+00
4.830316790059198340e+00
4.830211010664691607e+00
4.830124553745602789e+00
4.830063492391248658e+00
4.830028230874787276e+00
4.830021093675504140e+00
4.830046114385231348e+00
4.830108902141555305e+00
4.830217255469514193e+00
4.830371003434164479e+00
4.830575430490178235e+00
4.830828649088842575e+00
4.831133928749812512e+00
4.831490093585204981e+00
4.831902242455732299e+00
4.832375145707379360e+00
4.832909781638632829e+00
4.833507847789774381e+00
4.834168264199146137e+00
4.834890914786704741e+00
4.835681652281531129e+00
4.836536340642817677e+00
4.837457461584456553e+00
4.838439904231673694e+00
4.839481589499956549e+00
4.840584669713026145e+00
4.841745126549249711e+00
4.842966527570134794e+00
4.844250846136457511e+00
4.845596101660376576e+00
4.846999676007871294e+00
4.848454362977389742e+00
4.849961572963837675e+00
4.851521480757836180e+00
4.853130870390774732e+00
4.854786074388862893e+00
4.856480045247913324e+00
4.858213560808539278e+00
4.859986150343059919e+00
4.861794234294531947e+00
4.863633784879087152e+00
4.865499478507875786e+00
4.867387804914354632e+00
4.869296924252151548e+00
4.871225677657961661e+00
4.873174840588212042e+00
4.875138747621417856e+00
4.877113874930979698e+00
4.879098447639585778e+00
4.881091403294446351e+00
4.883092930097224560e+00
4.885097592998388194e+00
4.887101912725809072e+00
4.889098751921299169e+00
4.891083629358651486e+00
4.893054080087782864e+00
4.895008723367095804e+00
4.896945866126657165e+00
4.898860402781605394e+00
4.900749293048023425e+00
4.902611007619738004e+00
4.904444781918167351e+00
4.906248600859283826e+00
4.908017934490084500e+00
4.909750209678053423e+00
4.911444215703843597e+00
4.913099409420130570e+00
4.914715583402752053e+00
4.916293306727052226e+00
4.917830598432660238e+00
4.919323757518172080e+00
4.920770744610667435e+00
4.922170315910221028e+00
4.923522617895247144e+00
4.924827472049833510e+00
4.926085406322123994e+00
4.927297094766142749e+00
4.928463253606201633e+00
4.929584890905858607e+00
4.930662981648087140e+00
4.931698443297387158e+00
4.932692544985652461e+00
4.933646217290403868e+00
4.934560581747535757e+00
4.935436867777351466e+00
4.936276107136253088e+00
4.937078468728902436e+00
4.937842672024014945e+00
4.938566427085641308e+00
4.939248016331438507e+00
4.939887840453629053e+00
4.940488225113694121e+00
4.941050425175670391e+00
4.941574225280525923e+00
4.942059350092055325e+00
4.942506935674787272e+00
4.942920161452232897e+00
4.943302124183713175e+00
4.943656713444828377e+00
4.943986595202325418e+00
4.944295526672243035e+00
4.944584797252057129e+00
4.944854668866931036e+00
4.945107785150498536e+00
4.945345295019538234e+00
4.945570467751562838e+00
4.945784212019384007e+00
4.945986023344188354e+00
4.946178500674753842e+00
4.946362335294574919e+00
4.946540872458457194e+00
4.946715099219320955e+00
4.946884126462129494e+00
4.947050712093797209e+00
4.947215355284598992e+00
4.947381539106456394e+00
4.947550401095388573e+00
4.947722731571733590e+00
4.947899324245840447e+00
4.948081014346421114e+00
4.948268392052590947e+00
4.948462088782428658e+00
4.948662681955932285e+00
4.948870693784295227e+00
4.949086852394133373e+00
4.949311635572552603e+00
4.949545692823916987e+00
4.949789478037596169e+00
4.950043565113187327e+00
4.950308642298073103e+00
4.950584058933050535e+00
4.950867463801146506e+00
4.951161522496581924e+00
4.951466887503952918e+00
4.951782291181475948e+00
4.952105594299823998e+00
4.952433633715003225e+00
4.952768371537418446e+00
4.953109696120113981e+00
4.953459062934012280e+00
4.953812664695174561e+00
4.954169068545192900e+00
4.954528325855821258e+00
4.954891449198217224e+00
4.955260087907404909e+00
4.955635443799287110e+00
4.956018174685627109e+00
4.956408657528550421e+00
4.956807180292994275e+00
4.957213680617602591e+00
4.957628053225668907e+00
4.958050108611676166e+00
4.958479563430042703e+00
4.958916282117457719e+00
4.959359892591925778e+00
4.959810081295761286e+00
4.960266566522512299e+00
4.960728990495298696e+00
4.961197202861401756e+00
4.961668240599427904e+00
4.962142484173273083e+00
4.962619026996288873e+00
4.963095693796967467e+00
4.963569748498593448e+00
4.964038215711806146e+00
4.964502803146931598e+00
4.964963393718096363e+00
4.965418530613275649e+00
4.965865869619043416e+00
4.966302993990571402e+00
4.966731735825629990e+00
4.967152221784084887e+00
4.967564133167357454e+00
4.967966907270343846e+00
4.968360297590585617e+00
4.968748369127603759e+00
4.969133665062578586e+00
4.969517474942000135e+00
4.969900392800661315e+00
4.970282541722151670e+00
4.970663670510146126e+00
4.971043173879477806e+00
4.971420318879279598e+00
4.971794194415304347e+00
4.972163901276980269e+00
4.972528413221334098e+00
4.972886865459476446e+00
4.973241261117253842e+00
4.973590677514765801e+00
4.973936886884366970e+00
4.974278932347988125e+00
4.974618445918058462e+00
4.974954280763958181e+00
4.975283091724011619e+00
4.975605251476261870e+00
4.975918691367003710e+00
4.976224428512248998e+00
4.976520618949179742e+00
4.976803768187854971e+00
4.977073815506045662e+00
4.977328896973377326e+00
4.977569739095963008e+00
4.977795116011148657e+00
4.978006159294491972e+00
4.978205793541021329e+00
4.978396363709220118e+00
4.978579965479769776e+00
4.978758322227844424e+00
4.978932998705752233e+00
4.979105538617916160e+00
4.979277291338987332e+00
4.979449628166950248e+00
4.979623885549701257e+00
4.979801283501184450e+00
4.979983067125177243e+00
4.980170528240596362e+00
4.980363393150365248e+00
4.980560727365410223e+00
4.980760494567548768e+00
4.980965940341449461e+00
4.981178396012730047e+00
4.981397543702371422e+00
4.981622422061957600e+00
4.981851207319744290e+00
4.982081784106888733e+00
4.982311755385348206e+00
4.982542616710166072e+00
4.982773310210653506e+00
4.983005892712720097e+00
4.983239831313587942e+00
4.983472362015493040e+00
4.983704735286630161e+00
4.983935768216944950e+00
4.984167406730451333e+00
4.984398991413511837e+00
4.984631567154175436e+00
4.984862302135772083e+00
4.985090793710297952e+00
4.985318358469851496e+00
4.985542107656695698e+00
4.985761370718577723e+00
4.985972351603308539e+00
4.986173972193251203e+00
4.986367211233922347e+00
4.986554021503874168e+00
4.986737074446032203e+00
4.986914689153531199e+00
4.987087231598893666e+00
4.987256630271772018e+00
4.987425508614728109e+00
4.987597408503392948e+00
4.987770896930347142e+00
4.987946447938781169e+00
4.988120949961345474e+00
4.988293680589746870e+00
4.988465842366318626e+00
4.988636793255906809e+00
4.988804217580808498e+00
4.988965078950030829e+00
4.989116143811596515e+00
4.989258524388176852e+00
4.989391950000180209e+00
4.989519187942250689e+00
4.989640819490059442e+00
4.989755815066499345e+00
4.989867022115840101e+00
4.989975030705435799e+00
4.990083576072110283e+00
4.990194039963288475e+00
4.990305294221369259e+00
4.990415467782047365e+00
4.990521720046277920e+00
4.990625720819561018e+00
4.990727249993114789e+00
4.990829360656543479e+00
4.990932999583063356e+00
4.991036978675154501e+00
4.991144378095966339e+00
4.991255633127044788e+00
4.991374629618700709e+00
4.991503100771558010e+00
4.991640065940197601e+00
4.991783758647841296e+00
4.991931012220783614e+00
4.992083632977782237e+00
4.992241500778225927e+00
4.992402500243961150e+00
4.992563965519995151e+00
4.992722463639558406e+00
4.992879373611986971e+00
4.993034230502426674e+00
4.993189943380758500e+00
4.993347449995682474e+00
4.993505487427221112e+00
4.993665366754042267e+00
4.993824997194217019e+00
4.993984881494299088e+00
4.994147797789529442e+00
4.994312297798797928e+00
4.994479687478498242e+00
4.994647745661543681e+00
4.994817007411377574e+00
4.994985933438049308e+00
4.995151584655151744e+00
4.995310437981144602e+00
4.995458831222833851e+00
4.995597523091465320e+00
4.995725946299836018e+00
4.995846499422669673e+00
4.995959566062420976e+00
4.996063928421691891e+00
4.996162096228555782e+00
4.996254483688727710e+00
4.996344508169324072e+00
4.996433181366056964e+00
4.996519306343155442e+00
4.996601086579369522e+00
4.996676413620927626e+00
4.996747745568038468e+00
4.996815738453635802e+00
4.996879615321861756e+00
4.996937913614432070e+00
4.996988771361404957e+00
4.997034547533014681e+00
4.997075840159424409e+00
4.997116424468451612e+00
4.997158059397817098e+00
4.997200302150204720e+00
4.997241782959655154e+00
4.997280297867592758e+00
4.997318213844309298e+00
4.997355968623058864e+00
4.997392420439617844e+00
4.997425580305615789e+00
4.997452988381600569e+00
4.997476693144171200e+00
4.997496922865146907e+00
4.997513102681013564e+00
4.997524256061633530e+00
4.997529290291469195e+00
4.997531673814856745e+00
4.997533213696780940e+00
4.997534304783668446e+00
4.997534830814122309e+00
4.997533821821718014e+00
4.997530098589642478e+00
4.997522231548946259e+00
4.997511157193375020e+00
4.997494288878668200e+00
4.997471418848879132e+00
4.997439495318255709e+00
4.997398246072851435e+00
4.997349515610993720e+00
4.997295566417895962e+00
4.997239008278272721e+00
4.997182757130510744e+00
4.997129969189560761e+00
4.997078767491192508e+00
4.997028975722067834e+00
4.996981699692704559e+00
4.996938758676559900e+00
4.996902789338646400e+00
4.996871193156265711e+00
4.996843400632650756e+00
4.996820226400312315e+00
4.996803352822469790e+00
4.996795433017113375e+00
4.996793862689964172e+00
4.996798046957272810e+00
4.996804275803885531e+00
4.996812004530371887e+00
4.996817815724212686e+00
4.996821366499795580e+00
4.996824606784654677e+00
4.996825615754866057e+00
4.996825000081013712e+00
4.996820285154250030e+00
4.996811674711502782e+00
4.996801596910668053e+00
4.996789942585604827e+00
4.996779997627458059e+00
4.996772455542671132e+00
4.996765309406769440e+00
4.996755792134068841e+00
4.996740199485653733e+00
4.996719417855935319e+00
4.996692337698628528e+00
4.996658826579666091e+00
4.996614606028750849e+00
4.996557358496219514e+00
4.996486781106658448e+00
4.996403194989404994e+00
4.996307278394096052e+00
4.996195518632748467e+00
4.996066064534105067e+00
4.995919132407151686e+00
4.995755358009927427e+00
4.995575651645058457e+00
4.995381877373301194e+00
4.995175320866846569e+00
4.994958281281732582e+00
4.994732491511249428e+00
4.994500123809421765e+00
4.994263347859823732e+00
4.994023751790964916e+00
4.993778648346061111e+00
4.993526460069562134e+00
4.993267159599209748e+00
4.993001311446868762e+00
4.992729599333697088e+00
4.992451149343842154e+00
4.992163374021047595e+00
4.991867620989079768e+00
4.991563279691482613e+00
4.991252777769561000e+00
4.990936101756387799e+00
4.990611258714789500e+00
4.990280027098351390e+00
4.989942069768303234e+00
4.989600001505904991e+00
4.989254146485917474e+00
4.988907456144088037e+00
4.988560442782335791e+00
4.988211380175643583e+00
4.987862422510378480e+00
4.987513245015732899e+00
4.987166785790912549e+00
4.986823319203548266e+00
4.986480839892617922e+00
4.986141432083539549e+00
4.985804625458411188e+00
4.985473374880247555e+00
4.985147862478488179e+00
4.984829341291779237e+00
4.984516716941589820e+00
4.984213470897965514e+00
4.983920221782617510e+00
4.983641438956700753e+00
4.983379214934402057e+00
4.983133324354283467e+00
4.982902437492600534e+00
4.982683388430021232e+00
4.982478640850029450e+00
4.982288438945404963e+00
4.982112825389347854e+00
4.981951746053390195e+00
4.981804268199347518e+00
4.981674490978337921e+00
4.981562664962701170e+00
4.981473300966761109e+00
4.981408075324587514e+00
4.981365882216348240e+00
4.981345299763932033e+00
4.981345500629347001e+00
4.981365331406657937e+00
4.981403137778350754e+00
4.981457825975911469e+00
4.981527843524190757e+00
4.981612441216084264e+00
4.981710028697224679e+00
4.981818782950239388e+00
4.981942707870574694e+00
4.982083771212446166e+00
4.982242823059159775e+00
4.982419640070247624e+00
4.982613548880864052e+00
4.982823665498244736e+00
4.983048311492847660e+00
4.983285841068672006e+00
4.983534330485807295e+00
4.983791943660424550e+00
4.984056803102092204e+00
4.984326583670870114e+00
4.984603701180263968e+00
4.984887784088446239e+00
4.985182316082013898e+00
4.985488314742638316e+00
4.985804219918740898e+00
4.986129898282185557e+00
4.986466732474462482e+00
4.986816622319119929e+00
4.987182934957046676e+00
4.987563077846964177e+00
4.987957097107966753e+00
4.988360515760679625e+00
4.988771254534323241e+00
4.989189427609046490e+00
4.989615789281627301e+00
4.990052317010661653e+00
4.990495439732870686e+00
4.990943485277198555e+00
4.991396411026322255e+00
4.991854937674903070e+00
4.992320643889212484e+00
4.992792095767760507e+00
4.993271102386022342e+00
4.993756818140352216e+00
4.994245738650167965e+00
4.994738609867596324e+00
4.995233462864957730e+00
4.995731674099765485e+00
4.996231951417825279e+00
4.996730789917013027e+00
4.997228636781176903e+00
4.997723586338064017e+00
4.998216817791064415e+00
4.998706925029357429e+00
4.999192768263122311e+00
4.999669099824927798e+00
5.000132665450178315e+00
5.000577423574827485e+00
5.001000225509010022e+00
5.001400010066531898e+00
5.001776704306208465e+00
5.002129924709403319e+00
5.002456077488564468e+00
5.002753697785043308e+00
5.003022834679539343e+00
5.003264183050449176e+00
5.003477983551527508e+00
5.003662278449589884e+00
5.003817674147392758e+00
5.003946274400184357e+00
5.004051027132623730e+00
5.004134683248081750e+00
5.004196612972260816e+00
5.004237626290374941e+00
5.004258124118164730e+00
5.004261084055720232e+00
5.004248004021314422e+00
5.004218259180156281e+00
5.004170603203778711e+00
5.004103935823037475e+00
5.004020579807652247e+00
5.003921185821488038e+00
5.003804801084294596e+00
5.003669827940135484e+00
5.003515011087252162e+00
5.003342567678733310e+00
5.003153917711420817e+00
5.002952889256371272e+00
5.002741334174020338e+00
5.002519565146608116e+00
5.002289681952639455e+00
5.002051063958749211e+00
5.001805514875993453e+00
5.001556563895389829e+00
5.001304066065891618e+00
5.001050152383938574e+00
5.000793908197627147e+00
5.000536893844797603e+00
5.000282884981675835e+00
5.000031542532338058e+00
4.999785245318157934e+00
4.999542860496982044e+00
4.999306087620749572e+00
4.999073478929891401e+00
4.998845026415034809e+00
4.998621835053160822e+00
4.998405565094397041e+00
4.998198829047576730e+00
4.997998691328064069e+00
4.997804125935032538e+00
4.997615619037492962e+00
4.997434428349329494e+00
4.997262580111814678e+00
4.997099742308450665e+00
4.996942893635672789e+00
4.996793730860767724e+00
4.996650979776126711e+00
4.996516914801863329e+00
4.996391183134360148e+00
4.996276402060134458e+00
4.996173008183209419e+00
4.996078309441177367e+00
4.995994224926647576e+00
4.995919655208667542e+00
4.995857012487210369e+00
4.995806538473077651e+00
4.995765276855052228e+00
4.995735083954603972e+00
4.995714769953591983e+00
4.995706730859783562e+00
4.995711245410165091e+00
4.995725378606255873e+00
4.995748263558159152e+00
4.995780233189250019e+00
4.995822428569914209e+00
4.995876566947221598e+00
4.995943242649331317e+00
4.996021683023093907e+00
4.996113107421218835e+00
4.996221209478347802e+00
4.996345942665604944e+00
4.996491041167421265e+00
4.996658014583183594e+00
4.996845191421701138e+00
4.997049887071145058e+00
4.997267507335884318e+00
4.997498973889989315e+00
4.997742788812858272e+00
4.997999980768900841e+00
4.998266902866554062e+00
4.998542415874790201e+00
4.998827406990121069e+00
4.999123665134200145e+00
4.999434651455618273e+00
4.999758130221404251e+00
5.000094686059988192e+00
5.000440558253562706e+00
5.000794292970335952e+00
5.001157214327489164e+00
5.001525605602895830e+00
5.001898855699931090e+00
5.002272594853079291e+00
5.002645127980744455e+00
5.003017149477041237e+00
5.003387877627052838e+00
5.003755814379791111e+00
5.004118774554471294e+00
5.004474617636542000e+00
5.004825628011266403e+00
5.005172408914904558e+00
5.005514157919924934e+00
5.005849360509555979e+00
5.006175977832418411e+00
5.006493175013703834e+00
5.006801073777271682e+00
5.007098820454222832e+00
5.007384839377147401e+00
5.007657128724049223e+00
5.007913755069266060e+00
5.008153886536846677e+00
5.008373851499300144e+00
5.008571306637269238e+00
5.008742010894012608e+00
5.008884349868414354e+00
5.008998685872894541e+00
5.009086391118136916e+00
5.009148440554521464e+00
5.009182718363839548e+00
5.009189202627416293e+00
5.009169372201680126e+00
5.009125362646549284e+00
5.009059948597817780e+00
5.008976039572402783e+00
5.008876048114866641e+00
5.008758481901853798e+00
5.008623826459765560e+00
5.008473819990427067e+00
5.008310656112403336e+00
5.008136567336292977e+00
5.007949528724671140e+00
5.007749932606490262e+00
5.007538938757749136e+00
5.007318653867365299e+00
5.007091443904460704e+00
5.006855219782115896e+00
5.006610165082634900e+00
5.006356515095356841e+00
5.006095158078494478e+00
5.005826935370238928e+00
5.005552913036915186e+00
5.005274733763905637e+00
5.004993694492400280e+00
5.004711524278641299e+00
5.004429529619186745e+00
5.004149312724143428e+00
5.003872579422564471e+00
5.003595600698859336e+00
5.003316601861985013e+00
5.003034805723252099e+00
5.002750282318117137e+00
5.002463373553725390e+00
5.002169544839087045e+00
5.001866505083414793e+00
5.001553153519305184e+00
5.001229419235858842e+00
5.000895571124527983e+00
5.000551927883898351e+00
5.000199023422575273e+00
4.999837270800746580e+00
4.999467276048637387e+00
4.999089361217594174e+00
4.998704273153817823e+00
4.998312509444332363e+00
4.997915915821469213e+00
4.997517041389620829e+00
4.997119026903783734e+00
4.996725385387216889e+00
4.996340043370401496e+00
4.995961822432255062e+00
4.995591145728504934e+00
4.995229917329526259e+00
4.994880680118479077e+00
4.994547188070393773e+00
4.994227646340408278e+00
4.993922156964220704e+00
4.993631587263919869e+00
4.993357084256389022e+00
4.993100809727587297e+00
4.992859005269385975e+00
4.992629517868885536e+00
4.992411865268626237e+00
4.992206153061964358e+00
4.992013246577956309e+00
4.991834046163388550e+00
4.991669493534393709e+00
4.991520497112326815e+00
4.991387919842058096e+00
4.991272740245589645e+00
4.991175875563898856e+00
4.991099379940682645e+00
4.991038593899252085e+00
4.990990681716035660e+00
4.990954333979430224e+00
4.990928655769934608e+00
4.990913609252570105e+00
4.990909306178768823e+00
4.990916175578571590e+00
4.990934899617536225e+00
4.990966124202207865e+00
4.991010733463884463e+00
4.991069527885959367e+00
4.991144277866082390e+00
4.991230621303516912e+00
4.991325768794018458e+00
4.991428791017356481e+00
4.991539137384937597e+00
4.991657478104428058e+00
4.991780632038683940e+00
4.991907955671743835e+00
4.992041537019506592e+00
4.992179109512909108e+00
4.992321663054719139e+00
4.992466572069646169e+00
4.992614237259225263e+00
4.992764774051578591e+00
4.992918270633642130e+00
4.993074784924362852e+00
4.993234363843773060e+00
4.993397039522503356e+00
4.993562857744371364e+00
4.993730600544340703e+00
4.993897863042629837e+00
4.994066788529134548e+00
4.994237480324781764e+00
4.994410362274473769e+00
4.994585998405788985e+00
4.994765045822685323e+00
4.994948305462574289e+00
4.995136616838252941e+00
4.995330884655094117e+00
4.995532020081853375e+00
4.995741389312868819e+00
4.995954553720628688e+00
4.996168765288865110e+00
4.996382683248346446e+00
4.996595636059617540e+00
4.996807488811290554e+00
4.997015460033987999e+00
4.997217337110167357e+00
4.997411383886908531e+00
4.997596091249114636e+00
4.997770115410066438e+00
4.997932213389403522e+00
4.998081926343119541e+00
4.998223016283563247e+00
4.998357910647144742e+00
4.998487814891238834e+00
4.998613445342605210e+00
4.998734798005868285e+00
4.998851750831205365e+00
4.998963920029896535e+00
4.999070637964728725e+00
4.999171255438673356e+00
4.999264878642828869e+00
4.999350689829411110e+00
4.999428220608356455e+00
4.999500935210930308e+00
4.999570558441886803e+00
4.999639609845440091e+00
4.999706083632159626e+00
4.999769834590229500e+00
4.999828514045188577e+00
4.999882868405516767e+00
4.999931096400219488e+00
4.999969654402781849e+00
4.999998579982754876e+00
5.000016023709291879e+00
5.000022726767898718e+00
5.000017371787077280e+00
4.999999772372509810e+00
4.999970690165034704e+00
4.999931396548022988e+00
4.999883491093609855e+00
4.999828910286855610e+00
4.999769562677798262e+00
4.999706527720524818e+00
4.999640382420591500e+00
4.999571359585357477e+00
4.999499595984203459e+00
4.999424825682623030e+00
4.999346723532622327e+00
4.999264857130442330e+00
4.999178775701988542e+00
4.999088061577023900e+00
4.998992166560458195e+00
4.998891122205497695e+00
4.998785222707629927e+00
4.998674977137087971e+00
4.998561053727133441e+00
4.998444212194844027e+00
4.998325248737200077e+00
4.998205043612361287e+00
4.998084456039904921e+00
4.997964451857224155e+00
4.997845964445113864e+00
4.997727096839188476e+00
4.997603769781379768e+00
4.997475550942436229e+00
4.997339871194526495e+00
4.997196863456009552e+00
4.997044337377265499e+00
4.996883165654108616e+00
4.996715856105402587e+00
4.996541600119635440e+00
4.996361674204781167e+00
4.996174422748698163e+00
4.995981021881414463e+00
4.995784431904866096e+00
4.995585410561724338e+00
4.995387735743387125e+00
4.995192808438404519e+00
4.994999661561413618e+00
4.994807552121891980e+00
4.994615753446086437e+00
4.994423670754148503e+00
4.994230815027220771e+00
4.994036632649913265e+00
4.993840654645427257e+00
4.993642362919016087e+00
4.993441274710311184e+00
4.993237126920683444e+00
4.993034413982494257e+00
4.992836366579247454e+00
4.992644804794652558e+00
4.992461145114464038e+00
4.992285934131902359e+00
4.992119648982148661e+00
4.991962545667152362e+00
4.991814526425982557e+00
4.991675542652914466e+00
4.991545278294318599e+00
4.991423457743906056e+00
4.991309833735533275e+00
4.991204030247711643e+00
4.991105691207879502e+00
4.991014348477431639e+00
4.990929656340115983e+00
4.990851011690058847e+00
4.990781631804377838e+00
4.990722500858203681e+00
4.990671986350164069e+00
4.990633237766408214e+00
4.990606279493616348e+00
4.990595210826097805e+00
4.990601665512032881e+00
4.990624811529953853e+00
4.990662768147259953e+00
4.990711927362091238e+00
4.990774138415537742e+00
4.990849272375300849e+00
4.990935351959735478e+00
4.991029550404594062e+00
4.991128027662009359e+00
4.991232127313808498e+00
4.991341089056180458e+00
4.991458004852131758e+00
4.991583816948654828e+00
4.991717263431596940e+00
4.991856050425517388e+00
4.991996889896069156e+00
4.992141331247363922e+00
4.992289029554773272e+00
4.992437884862843234e+00
4.992584966299433269e+00
4.992726888460415680e+00
4.992864856486517233e+00
4.992998455957817328e+00
4.993130562546970630e+00
4.993261860925080953e+00
4.993391139366971210e+00
4.993521252180756598e+00
4.993652662513152762e+00
4.993789177908869448e+00
4.993932224381091523e+00
4.994080891282604462e+00
4.994233198314280031e+00
4.994386088903368659e+00
4.994541226475806006e+00
4.994698299448312895e+00
4.994855286459745969e+00
4.995009345914544596e+00
4.995157154686125089e+00
4.995299906636896381e+00
4.995437236707034323e+00
4.995572021239744309e+00
4.995704956994699408e+00
4.995834922268363343e+00
4.995964736043783105e+00
4.996094884890439403e+00
4.996229169880348486e+00
4.996368988518912424e+00
4.996513473018381113e+00
4.996660625831532698e+00
4.996807428346324187e+00
4.996955541362364528e+00
4.997104665738841156e+00
4.997252787546566211e+00
4.997397103765361059e+00
4.997534327301511148e+00
4.997665591826045528e+00
4.997790574812643882e+00
4.997912116981425790e+00
4.998030947641784572e+00
4.998145996024215165e+00
4.998260032040380274e+00
4.998373660574979560e+00
4.998490631374843396e+00
4.998612416060022490e+00
4.998738047796614126e+00
4.998865604008860153e+00
4.998992182527982386e+00
4.999119397987924707e+00
4.999247071537501697e+00
4.999375262734791825e+00
4.999504464044546737e+00
4.999635511347404027e+00
4.999769214921942151e+00
4.999906653081376717e+00
5.000048825274530984e+00
5.000196885959553583e+00
5.000352319515618760e+00
5.000510890706750367e+00
5.000670235249521589e+00
5.000829199328395092e+00
5.000987394376965156e+00
5.001144871487589683e+00
5.001298545300337572e+00
5.001448136567446134e+00
5.001595345436903095e+00
5.001738021652522015e+00
5.001876326193410272e+00
5.002007405505824345e+00
5.002131120263906716e+00
5.002249259417252958e+00
5.002363113127023198e+00
5.002473514917610942e+00
5.002581056178851071e+00
5.002686063395185734e+00
5.002788791311276739e+00
5.002889444222044624e+00
5.002988078360746549e+00
5.003084737033884011e+00
5.003179394397253787e+00
5.003272032150368531e+00
5.003362666870768471e+00
5.003451236429924620e+00
5.003537686950828345e+00
5.003621956817174699e+00
5.003704018489758987e+00
5.003783774412537966e+00
5.003859950545543001e+00
5.003935134149454456e+00
5.004009972465523148e+00
5.004083253717347191e+00
5.004152880440762452e+00
5.004216299033089399e+00
5.004275333587377972e+00
5.004330013873354410e+00
5.004378671263642886e+00
5.004418884855061478e+00
5.004448210803622565e+00
5.004468282551336245e+00
5.004479489643657075e+00
5.004485017596691065e+00
5.004486124687048232e+00
5.004482358322805524e+00
5.004475589064625751e+00
5.004464810873126446e+00
5.004451312201076085e+00
5.004434192750581545e+00
5.004410845161858745e+00
5.004382481253216497e+00
5.004348245437233444e+00
5.004310111759207480e+00
5.004267880084901421e+00
5.004221711193189037e+00
5.004167254648149488e+00
5.004102178757989350e+00
5.004025619585976692e+00
5.003937557048142359e+00
5.003837999046758078e+00
5.003723189595132403e+00
5.003591566269262714e+00
5.003443116514920241e+00
5.003278756148159090e+00
5.003099573782622045e+00
5.002904664023755998e+00
5.002692281964212562e+00
5.002463804750680865e+00
5.002219323764532710e+00
5.001961161500752873e+00
5.001689499679000228e+00
5.001405389855594130e+00
5.001113140757174946e+00
5.000815788271816054e+00
5.000514565992148164e+00
5.000210001400650306e+00
4.999902421261162466e+00
4.999596241290659826e+00
4.999294600623638729e+00
4.998998727953972043e+00
4.998709394621642765e+00
4.998426482199670673e+00
4.998149500812382406e+00
4.997877738314659979e+00
4.997614043007582829e+00
4.997358011535347977e+00
4.997112702677936724e+00
4.996877844079376629e+00
4.996656535982132219e+00
4.996449154957176120e+00
4.996253008923472905e+00
4.996070122539045144e+00
4.995899199197979534e+00
4.995742846249584090e+00
4.995600996470991539e+00
4.995470590253340504e+00
4.995353472723604860e+00
4.995248196364359572e+00
4.995157285581321993e+00
4.995080582287140913e+00
4.995015082119011574e+00
4.994962453159481619e+00
4.994921250629215770e+00
4.994894002933963684e+00
4.994880274469708503e+00
4.994880554286831753e+00
4.994889153212029420e+00
4.994902539043873269e+00
4.994918400348583809e+00
4.994935255646891115e+00
4.994952144979220243e+00
4.994964750578115620e+00
4.994971645061927035e+00
4.994973243956813747e+00
4.994966157039637977e+00
4.994949096331151139e+00
4.994918072730547109e+00
4.994871891484838677e+00
4.994811381696967700e+00
4.994738382910622221e+00
4.994655059677792330e+00
4.994559775990675909e+00
4.994452894878816274e+00
4.994336242218743394e+00
4.994212428963985317e+00
4.994084454336445766e+00
4.993950941096301221e+00
4.993812101808617676e+00
4.993665237211864394e+00
4.993510377136301415e+00
4.993349640974086512e+00
4.993186125838440681e+00
4.993023782381098563e+00
4.992862284657785921e+00
4.992703162291328489e+00
4.992544436202624780e+00
4.992386493896374233e+00
4.992231778753230209e+00
4.992078597638064608e+00
4.991927664223367422e+00
4.991776330293395958e+00
4.991624590884201851e+00
4.991474622179993936e+00
4.991325359967776265e+00
4.991178672471322741e+00
4.991033502099344155e+00
4.990891548608668238e+00
4.990754254375822541e+00
4.990622685550951232e+00
4.990497803529032161e+00
4.990380417331360619e+00
4.990271247000672261e+00
4.990171100552434069e+00
4.990080451275461293e+00
4.989999692318268565e+00
4.989929096479207793e+00
4.989868864057824815e+00
4.989819335247628551e+00
4.989780143084242781e+00
4.989750747537945230e+00
4.989730262252741078e+00
4.989720190070110029e+00
4.989719406806289115e+00
4.989730600949733308e+00
4.989754157140742663e+00
4.989787714832820242e+00
4.989833542771994424e+00
4.989891100090353859e+00
4.989963454238496077e+00
4.990051142598857403e+00
4.990154501923714570e+00
4.990273702356387453e+00
4.990409572718088604e+00
4.990562294579465430e+00
4.990732580243964378e+00
4.990920645322074911e+00
4.991127138032934063e+00
4.991353425911984942e+00
4.991594200271538995e+00
4.991846348892321927e+00
4.992107783860882719e+00
4.992377398151329082e+00
4.992654773506693289e+00
4.992935106705298942e+00
4.993216298881343107e+00
4.993498035508563859e+00
4.993781187354941586e+00
4.994067451420595383e+00
4.994353669609298052e+00
4.994638789452036320e+00
4.994923284638097982e+00
4.995208426907082888e+00
4.995496292195637622e+00
4.995783936425467253e+00
4.996070430714061317e+00
4.996356369804016317e+00
4.996643100220135025e+00
4.996932747911086103e+00
4.997223122033646270e+00
4.997514357648215721e+00
4.997803172308377562e+00
4.998088944859229166e+00
4.998372980567986623e+00
4.998652544065739001e+00
4.998927251666212435e+00
4.999193636875027380e+00
4.999451149746204415e+00
4.999701086438620656e+00
4.999945792264664846e+00
5.000188407681310565e+00
5.000427835404299692e+00
5.000664556312731435e+00
5.000895952645114662e+00
5.001121697600355631e+00
5.001343206565252331e+00
5.001558100699804221e+00
5.001765928331187716e+00
5.001963499698212523e+00
5.002150236132910877e+00
5.002327495578101413e+00
5.002497378706356024e+00
5.002662210005690113e+00
5.002819856374878249e+00
5.002969846322555370e+00
5.003111277285386294e+00
5.003247138939221905e+00
5.003378763457184242e+00
5.003508545157854925e+00
5.003634774812852015e+00
5.003757562681456328e+00
5.003873901085352571e+00
5.003983290109208504e+00
5.004086923596805292e+00
5.004182240345872223e+00
5.004268672044745792e+00
5.004342773610150452e+00
5.004403938043286537e+00
5.004453519934211059e+00
5.004493905797024134e+00
5.004527963071486063e+00
5.004554501979036729e+00
5.004574009399984647e+00
5.004585398168891253e+00
5.004590593139762511e+00
5.004589217245409394e+00
5.004579257287146810e+00
5.004562414978459550e+00
5.004538326073266319e+00
5.004509568741372760e+00
5.004476374164982033e+00
5.004439759092232265e+00
5.004396714219649489e+00
5.004346283535298312e+00
5.004289178173813468e+00
5.004226876004423730e+00
5.004161510240110466e+00
5.004090530207204068e+00
5.004013290718020812e+00
5.003930757619262870e+00
5.003844603389324242e+00
5.003757144376458577e+00
5.003665862032967482e+00
5.003570152628990186e+00
5.003470218289466587e+00
5.003366642571807965e+00
5.003260377911673551e+00
5.003151542391450768e+00
5.003039916274892640e+00
5.002929631206961325e+00
5.002823164105238973e+00
5.002721470683637151e+00
5.002624692698764974e+00
5.002532188078213871e+00
5.002448244379657183e+00
5.002375454083839657e+00
5.002314794460134273e+00
5.002266560169690734e+00
5.002230243355324291e+00
5.002205020683638814e+00
5.002189721199271411e+00
5.002183361576340026e+00
5.002185072264860644e+00
5.002194046298851227e+00
5.002209507920658105e+00
5.002230753605132918e+00
5.002257087239875055e+00
5.002287828021096061e+00
5.002322310546757578e+00
5.002359875948046763e+00
5.002399803870236639e+00
5.002444236208564377e+00
5.002491816691934545e+00
5.002544138585097500e+00
5.002599783879586148e+00
5.002654644288004882e+00
5.002708525173248155e+00
5.002758715683476076e+00
5.002805562969179221e+00
5.002846748549372613e+00
5.002879876287071426e+00
5.002906975916004306e+00
5.002928325978456492e+00
5.002942760810137557e+00
5.002948384020590389e+00
5.002943192229019509e+00
5.002929437606242757e+00
5.002907910282836212e+00
5.002882485551404912e+00
5.002855034357511776e+00
5.002825356869601059e+00
5.002792311626129695e+00
5.002754102485362786e+00
5.002713267748353232e+00
5.002670613048707082e+00
5.002625191794817461e+00
5.002575274720898690e+00
5.002518737331142162e+00
5.002457924625946184e+00
5.002393386891221816e+00
5.002326444123051274e+00
5.002253623154125250e+00
5.002173654005042103e+00
5.002086721375695433e+00
5.001993793683236156e+00
5.001896577920874165e+00
5.001796923061942124e+00
5.001697134511654319e+00
5.001594388527903057e+00
5.001487782864007414e+00
5.001377868369329072e+00
5.001265726365256015e+00
5.001153161363782296e+00
5.001036898657785557e+00
5.000915760943772881e+00
5.000790114902065930e+00
5.000660991832718949e+00
5.000530036786676291e+00
5.000399188889295132e+00
5.000270792977988599e+00
5.000143330680309361e+00
5.000017968682674230e+00
4.999892627462846129e+00
4.999768025852841191e+00
4.999647160224717446e+00
4.999528934039276784e+00
4.999414855862137408e+00
4.999302968220886711e+00
4.999194107312810331e+00
4.999090224864062293e+00
4.998988347776334606e+00
4.998887535870174759e+00
4.998786166846852730e+00
4.998687384804812339e+00
4.998592413278398539e+00
4.998505255501818567e+00
4.998426259407874106e+00
4.998358880180035158e+00
4.998303666032019699e+00
4.998257954685117355e+00
4.998223547137907730e+00
4.998199008443491742e+00
4.998186696983041521e+00
4.998186225513793879e+00
4.998194432252069497e+00
4.998212651106744175e+00
4.998239357840950525e+00
4.998276522657118193e+00
4.998323518940464005e+00
4.998377308230132599e+00
4.998439105259471660e+00
4.998507558944851326e+00
4.998584630572452170e+00
4.998669374929025189e+00
4.998764326171233563e+00
4.998869286309211013e+00
4.998981389737902958e+00
4.999102222900121184e+00
4.999230294245510464e+00
4.999367893011524622e+00
4.999514559627726840e+00
4.999667078963696554e+00
4.999827074761719281e+00
4.999992954525382061e+00
5.000166998132347551e+00
5.000348486080050669e+00
5.000537392477721887e+00
5.000727949700535468e+00
5.000916271935434310e+00
5.001100087016106421e+00
5.001277690212459603e+00
5.001447974554480425e+00
5.001610112934590902e+00
5.001763627630876563e+00
5.001908424942972609e+00
5.002044306834448228e+00
5.002171189430389298e+00
5.002288975463469178e+00
5.002397803970832335e+00
5.002497187516872224e+00
5.002586560509388214e+00
5.002665185853127916e+00
5.002732273558375020e+00
5.002787799452651285e+00
5.002835571304183659e+00
5.002878143865834737e+00
5.002917020254987968e+00
5.002952812816234385e+00
5.002985492466700101e+00
5.003014769257728922e+00
5.003040256308608491e+00
5.003061505809177412e+00
5.003077721836029390e+00
5.003087910091721824e+00
5.003091134231811843e+00
5.003086595753423182e+00
5.003075797618814491e+00
5.003057643721561476e+00
5.003034067244018779e+00
5.003004229452211682e+00
5.002968446022579840e+00
5.002926847489298723e+00
5.002880078844475165e+00
5.002828353547239537e+00
5.002772482332521697e+00
5.002712963276289670e+00
5.002645221093414918e+00
5.002566559456033346e+00
5.002475564211352754e+00
5.002371481584130919e+00
5.002253965913994627e+00
5.002122957158579908e+00
5.001978921398266387e+00
5.001822240158661614e+00
5.001653585649773248e+00
5.001473560772583760e+00
5.001282816502943263e+00
5.001082241434350983e+00
5.000872546165928689e+00
5.000654614057140179e+00
5.000429191209124546e+00
5.000197152543560009e+00
4.999959369610742499e+00
4.999717727854595672e+00
4.999474513318135749e+00
4.999232630293561463e+00
4.998989846437914331e+00
4.998745813380672587e+00
4.998501568987711252e+00
4.998258974097415042e+00
4.998020359996450779e+00
4.997788109436376303e+00
4.997565135724587826e+00
4.997348606224847778e+00
4.997137666150671897e+00
4.996932469691823364e+00
4.996733876403163244e+00
4.996543813004831414e+00
4.996358612712214153e+00
4.996176921810697280e+00
4.995998559586446675e+00
4.995824237383645006e+00
4.995655199225733867e+00
4.995493107672522193e+00
4.995340362872670248e+00
4.995193857859562492e+00
4.995052370421330323e+00
4.994915964120740348e+00
4.994785476701076199e+00
4.994662753289307311e+00
4.994544173890465899e+00
4.994428158143276342e+00
4.994314620645457836e+00
4.994204286254682046e+00
4.994098728319370295e+00
4.993994573086241395e+00
4.993890672839919276e+00
4.993787449199447614e+00
4.993686162700616826e+00
4.993588895752765211e+00
4.993492716841139156e+00
4.993396797219030958e+00
4.993301731088869211e+00
4.993208927541710196e+00
4.993120311807579981e+00
4.993038313874714085e+00
4.992966063508505137e+00
4.992901221948417678e+00
4.992843244594263652e+00
4.992793004323469397e+00
4.992752014134750560e+00
4.992723041059655031e+00
4.992703217118252823e+00
4.992691637701793361e+00
4.992689025626317445e+00
4.992696749142053747e+00
4.992717534825353631e+00
4.992748952023833731e+00
4.992791327773742793e+00
4.992841354319975444e+00
4.992898535328135878e+00
4.992965237978062909e+00
4.993039218234046395e+00
4.993121339827922611e+00
4.993208704954160027e+00
4.993301414372546709e+00
4.993397561181482480e+00
4.993497671680670713e+00
4.993598312121031668e+00
4.993698608856795396e+00
4.993799777878595414e+00
4.993903982695338861e+00
4.994014533544106627e+00
4.994129813388135553e+00
4.994250455442960757e+00
4.994373177411178588e+00
4.994497244982192719e+00
4.994623948596562002e+00
4.994750338224837272e+00
4.994875927819082406e+00
4.994996858434896048e+00
4.995112147443141026e+00
4.995222686082270158e+00
4.995330563616154684e+00
4.995438718618972374e+00
4.995545557867881570e+00
4.995651566647139497e+00
4.995756717752812825e+00
4.995860965885369431e+00
4.995964268939716568e+00
4.996066335113865442e+00
4.996166914841305484e+00
4.996265610112023303e+00
4.996362058082739921e+00
4.996455944152693895e+00
4.996546830749283963e+00
4.996634325040650637e+00
4.996717974674102614e+00
4.996797347422835323e+00
4.996872225157130920e+00
4.996945270714496345e+00
4.997016195482720136e+00
4.997087435526919919e+00
4.997158549390879223e+00
4.997231937288452386e+00
4.997307255426567174e+00
4.997381663266716068e+00
4.997456264286449290e+00
4.997529514003693052e+00
4.997603155644759099e+00
4.997676199888959836e+00
4.997745599453486065e+00
4.997812150237298745e+00
4.997874223124385118e+00
4.997933374657445249e+00
4.997988459668271766e+00
4.998036497258731004e+00
4.998078148802893139e+00
4.998111971828771871e+00
4.998139360617065208e+00
4.998159419207518717e+00
4.998173924763838372e+00
4.998182004596026573e+00
4.998180950535832778e+00
4.998171502968551394e+00
4.998152279286668609e+00
4.998124732804507531e+00
4.998087613346076985e+00
4.998038182813695052e+00
4.997976990422253962e+00
4.997902712115106283e+00
4.997816662249175756e+00
4.997717574686763697e+00
4.997603693344650821e+00
4.997476709933040162e+00
4.997336983877255001e+00
4.997187425076051959e+00
4.997028642530576548e+00
4.996859816025034817e+00
4.996683534896956047e+00
4.996500494956062965e+00
4.996314069042937511e+00
4.996125484119193771e+00
4.995935393787013012e+00
4.995744442577497502e+00
4.995553212176101709e+00
4.995361873126612728e+00
4.995170911337273978e+00
4.994980398575799008e+00
4.994790591924474832e+00
4.994601786724314429e+00
4.994413960157916499e+00
4.994227512116566459e+00
4.994042418553516605e+00
4.993858945324108234e+00
4.993677170827076850e+00
4.993500942728507752e+00
4.993332323032457332e+00
4.993171054954665955e+00
4.993016128745886739e+00
4.992865355006443906e+00
4.992721430790635573e+00
4.992585360511230697e+00
4.992456318895356127e+00
4.992332732082368274e+00
4.992212124542355411e+00
4.992097028075739296e+00
4.991988130855396832e+00
4.991886223760456431e+00
4.991792247817874895e+00
4.991707534707173544e+00
4.991629735628164255e+00
4.991560286629035836e+00
4.991497271681226700e+00
4.991442135717742090e+00
4.991393458578758491e+00
4.991348342016362238e+00
4.991308715363055981e+00
4.991274127518781967e+00
4.991247943778080121e+00
4.991231134533673064e+00
4.991222278307331450e+00
4.991224033142434457e+00
4.991235842292889302e+00
4.991261099206975693e+00
4.991300390118494690e+00
4.991351650452934052e+00
4.991415604416042484e+00
4.991488798007130967e+00
4.991570990595729285e+00
4.991663615608350923e+00
4.991769492968680666e+00
4.991892995944011702e+00
4.992033026998629275e+00
4.992191422113915422e+00
4.992365249244262948e+00
4.992554358092834654e+00
4.992761416675290498e+00
4.992983885982771319e+00
4.993222624713321345e+00
4.993474063871194524e+00
4.993737596122314493e+00
4.994015473721314713e+00
4.994305000750112633e+00
4.994606764575231672e+00
4.994917318204183054e+00
4.995236374528843726e+00
4.995560227611797188e+00
4.995886266024546885e+00
4.996212456503647203e+00
4.996537252792852435e+00
4.996859337182478100e+00
4.997177496904270377e+00
4.997490898238258872e+00
4.997798557353901217e+00
4.998099751079219111e+00
4.998393670467424776e+00
4.998679507093269692e+00
4.998956885559248775e+00
4.999226449018109975e+00
4.999485237987477682e+00
4.999732314103979114e+00
4.999963677933203066e+00
5.000178491638736844e+00
5.000377148220077395e+00
5.000559978035972186e+00
5.000727128458903437e+00
5.000878421997414947e+00
5.001014066988367368e+00
5.001134708717231092e+00
5.001241544930031147e+00
5.001336024978896511e+00
5.001419805379351935e+00
5.001494204837596769e+00
5.001556102021364580e+00
5.001604136766633069e+00
5.001638168101432136e+00
5.001658676350722921e+00
5.001666075372720677e+00
5.001656680909452035e+00
5.001628742426635021e+00
5.001581913171336602e+00
5.001516643519512861e+00
5.001433472688310289e+00
5.001331327165478235e+00
5.001208616084420022e+00
5.001066731399856913e+00
5.000906079354696665e+00
5.000729249286465894e+00
5.000536591279320930e+00
5.000327313615940739e+00
5.000103561076336689e+00
4.999866013097578943e+00
4.999617689195091863e+00
4.999359785317445848e+00
4.999095756168479454e+00
4.998826681411827622e+00
4.998551782052035541e+00
4.998273788149472097e+00
4.997993159032430022e+00
4.997713287658060999e+00
4.997435222807342647e+00
4.997157714440489507e+00
4.996883597838694513e+00
4.996613023932094499e+00
4.996349555010908716e+00
