0.000000000000000000e+00
0.000000000000000000e+00
-1.338689230578893065e-08
-8.082691579147650204e-08
-2.532227642859653189e-07
-5.616336545699596299e-07
-1.070687879973775066e-06
-1.587436612453529893e-06
-2.399133931021424834e-06
-3.248298065727794807e-06
-4.061012272131848516e-06
-4.952339344299617997e-06
-1.935018639187547135e-06
6.174591422904995988e-06
2.283572527289835292e-05
5.477641085803953080e-05
1.041338483867093687e-04
1.750094707188054642e-04
2.734558268514319717e-04
4.061607162532254863e-04
5.790350477275297073e-04
7.988358552631780055e-04
1.075411670195762677e-03
1.415811822104160247e-03
1.825117066788380180e-03
2.317751877295677783e-03
2.900057889806930984e-03
3.586079709517662334e-03
4.387495674478714136e-03
5.316790052044098255e-03
6.377065711009209312e-03
7.595065392839615674e-03
8.966759451019471264e-03
1.051008851109713933e-02
1.223338783560962324e-02
1.414696127949924276e-02
1.625223130761356202e-02
1.853433252154559549e-02
2.100289285956591714e-02
2.366269410430163825e-02
2.652005106984347410e-02
2.957599402247638315e-02
3.280789823113650777e-02
3.622759611188144241e-02
3.983643413363664731e-02
4.364329130231110743e-02
4.766898722230165225e-02
5.191645772038665924e-02
5.640292615472045773e-02
6.110917121945586700e-02
6.605535895405975633e-02
7.122561902581421578e-02
7.661238879739012964e-02
8.222373158513274216e-02
8.807736248551575886e-02
9.413043231545657752e-02
1.004152813631173924e-01
1.069200262504693688e-01
1.136238065439340167e-01
1.205285421091195908e-01
1.276271221119043009e-01
1.349301347213861246e-01
1.424578806835290479e-01
1.501624909120675977e-01
1.580769440609094412e-01
1.661653223711129779e-01
1.744673779684182968e-01
1.829647126871224716e-01
1.916679951625939737e-01
2.005682882743951290e-01
2.096329227167245124e-01
2.188934436517831483e-01
2.283279666381951845e-01
2.379329785781976458e-01
2.476993277746316613e-01
2.576374951082345821e-01
2.677753153520699980e-01
2.781220927911873808e-01
2.886633613782998431e-01
2.994398334699746589e-01
3.104312720972176587e-01
3.216721239763374873e-01
3.331475082117195674e-01
3.448834183889504246e-01
3.568662288862343712e-01
3.690600791650887613e-01
3.814726367670174256e-01
3.940913477617378757e-01
4.069159272390480142e-01
4.199438050466653416e-01
4.332159701067087587e-01
4.467148152071115930e-01
4.604696729856607718e-01
4.744629314619180915e-01
4.886616471487161273e-01
5.030296579080698605e-01
5.175659611898538737e-01
5.323197975832100193e-01
5.472736564355964450e-01
5.624648192602270669e-01
5.778738859373203640e-01
5.935322132784001115e-01
6.094175615984075423e-01
6.255590668398016696e-01
6.419364753442878824e-01
6.584770813661690037e-01
6.752244761663550587e-01
6.921590939241522022e-01
7.093114402967565235e-01
7.266603472906225658e-01
7.442763951498144737e-01
7.621256092268102744e-01
7.801658371168249673e-01
7.983936742025488087e-01
8.167909458356968910e-01
8.353956177908054004e-01
8.541877499300112309e-01
8.732421365457644358e-01
8.925258329588044992e-01
9.120355883318055357e-01
9.317583611684906453e-01
9.517074433046447401e-01
9.719290700632199353e-01
9.924465170580012430e-01
1.013215970106707386e+00
1.034308175154315057e+00
1.055680233545886137e+00
1.077316607542620819e+00
1.099237336226092543e+00
1.121437920637713637e+00
1.143853947229968027e+00
1.166546544142352149e+00
1.189468077726946849e+00
1.212593833513842423e+00
1.235944124765978813e+00
1.259513022013293515e+00
1.283229738779650964e+00
1.307121287890063543e+00
1.331149510450946538e+00
1.355387310095416797e+00
1.379800015993701834e+00
1.404365369387256646e+00
1.429084707804310073e+00
1.453924976893055332e+00
1.478969637461292397e+00
1.504171432562458000e+00
1.529596098967182405e+00
1.555202910013783191e+00
1.581013697691548314e+00
1.607033869333851728e+00
1.633201402731526253e+00
1.659542883940327673e+00
1.686031199999439956e+00
1.712700835772145158e+00
1.739549204416859451e+00
1.766599334784138220e+00
1.793841516085254995e+00
1.821303288050281965e+00
1.848931609697926026e+00
1.876766475744831686e+00
1.904815906591999619e+00
1.933096283980000329e+00
1.961608668871509975e+00
1.990363666124927988e+00
2.019318675108539907e+00
2.048493711062061351e+00
2.077879895277606970e+00
2.107468847342121254e+00
2.137259227343189405e+00
2.167233258791553485e+00
2.197357148237812030e+00
2.227625330992328845e+00
2.258008967943775591e+00
2.288474957056629400e+00
2.318995381899464192e+00
2.349542454786885060e+00
2.380089592047321734e+00
2.410610786982166243e+00
2.441084150381671591e+00
2.471491252489673052e+00
2.501821786470995956e+00
2.532059368200884286e+00
2.562201208181963619e+00
2.592230793543444545e+00
2.622151142664538082e+00
2.651944903441057821e+00
2.681616961069689165e+00
2.711130284376726873e+00
2.740495678492175013e+00
2.769672142572985329e+00
2.798675605364428165e+00
2.827458499975786577e+00
2.856021627493486648e+00
2.884369303293810027e+00
2.912501527376756716e+00
2.940421935625658456e+00
2.968127433367357959e+00
2.995618464060412656e+00
3.022889761038409340e+00
3.049939457483874516e+00
3.076760639258014240e+00
3.103352452822314866e+00
3.129764477320300831e+00
3.155981625624286302e+00
3.181999367781268795e+00
3.207804264135944106e+00
3.233392957754718466e+00
3.258751885004626647e+00
3.283880998201953005e+00
3.308824221201525972e+00
3.333541826315509216e+00
3.358039378233538930e+00
3.382283753462420606e+00
3.406286849089251501e+00
3.430075496740923935e+00
3.453617207117663401e+00
3.476967307634936333e+00
3.500091685362444860e+00
3.522963358469592077e+00
3.545566352911578178e+00
3.567892171450243843e+00
3.589925827093706889e+00
3.611662127085314644e+00
3.633089970656023571e+00
3.654212187834368297e+00
3.675062011786089489e+00
3.695633260317430668e+00
3.715914758749589986e+00
3.735952033110246706e+00
3.755723859377489315e+00
3.775232317753419942e+00
3.794505745478257808e+00
3.813534273214921555e+00
3.832305282660111612e+00
3.850817911930665360e+00
3.869060194798096930e+00
3.887074736662492036e+00
3.904836290188416825e+00
3.922343404598817251e+00
3.939643290348633808e+00
3.956722420759781755e+00
3.973613895483597780e+00
3.990298894949540376e+00
4.006786572046861394e+00
4.023036940403565076e+00
4.039066061087234871e+00
4.054894852944000760e+00
4.070527082987411838e+00
4.085971483297928586e+00
4.101194241352661862e+00
4.116204424210175183e+00
4.131026226587875883e+00
4.145657766171081171e+00
4.160108449764831740e+00
4.174349406071289792e+00
4.188389379091843168e+00
4.202249423571212894e+00
4.215928368874176435e+00
4.229436691113098057e+00
4.242743150301559574e+00
4.255856854029281600e+00
4.268795247383697422e+00
4.281531492777451042e+00
4.294078512497528699e+00
4.306450940676315398e+00
4.318625167914017737e+00
4.330597552366837633e+00
4.342388183184250572e+00
4.353963308640106611e+00
4.365341656513795243e+00
4.376543784447298080e+00
4.387544281788454015e+00
4.398366296597108871e+00
4.409003404684648686e+00
4.419466016598329716e+00
4.429746672220812087e+00
4.439853971310244063e+00
4.449785288878070233e+00
4.459535460777866334e+00
4.469116840072262953e+00
4.478526507325757855e+00
4.487772086568464047e+00
4.496855138846028943e+00
4.505770782538045971e+00
4.514521625943769934e+00
4.523112453528036703e+00
4.531533852525343242e+00
4.539785471268285910e+00
4.547865116901983917e+00
4.555767001815428152e+00
4.563484282799352698e+00
4.571022292085279659e+00
4.578394848414053087e+00
4.585595630713094728e+00
4.592628672428716641e+00
4.599488133497823483e+00
4.606169390388119567e+00
4.612688064880955174e+00
4.619041987963306894e+00
4.625227859325993229e+00
4.631243067689526427e+00
4.637086000152219611e+00
4.642753477998365241e+00
4.648243415065397066e+00
4.653570258923162228e+00
4.658733476706136578e+00
4.663744430251706596e+00
4.668600344069589347e+00
4.673319394000161608e+00
4.677893942304242714e+00
4.682320830233681619e+00
4.686618078358757877e+00
4.690779792674173443e+00
4.694817766852964702e+00
4.698726394482244828e+00
4.702515034087289436e+00
4.706185033329118639e+00
4.709733200975050771e+00
4.713169788129916604e+00
4.716491028972259691e+00
4.719704699524036151e+00
4.722812186487307606e+00
4.725810845502008917e+00
4.728708952971090618e+00
4.731504477568258871e+00
4.734204945572009215e+00
4.736809358008494897e+00
4.739316425331225879e+00
4.741733346440186736e+00
4.744059972323765528e+00
4.746302789904465413e+00
4.748462274380316650e+00
4.750537371345153304e+00
4.752533750988831684e+00
4.754452467419495676e+00
4.756297958948006332e+00
4.758077836938490179e+00
4.759795131393064871e+00
4.761455828853239147e+00
4.763063091047396114e+00
4.764620970793356669e+00
4.766136632867445933e+00
4.767614989139427273e+00
4.769061191536774658e+00
4.770479647077908503e+00
4.771872831441750229e+00
4.773242824085344616e+00
4.774593199201217608e+00
4.775926323391788131e+00
4.777245856680267799e+00
4.778553769149177732e+00
4.779850489355915499e+00
4.781139635898465023e+00
4.782422636308067077e+00
4.783703436263196274e+00
4.784984165437809800e+00
4.786264773913017301e+00
4.787549263693682278e+00
4.788838397719256790e+00
4.790136731274717619e+00
4.791446559883945078e+00
4.792767765976779337e+00
4.794102807201736205e+00
4.795450781591528155e+00
4.796813339598767989e+00
4.798188366301650021e+00
4.799576114870900412e+00
4.800976311721201206e+00
4.802390424914952050e+00
4.803818854846355180e+00
4.805263699747915673e+00
4.806727082290048081e+00
4.808204109378452884e+00
4.809693723477716176e+00
4.811194705523842430e+00
4.812708181448573264e+00
4.814235451378221953e+00
4.815772625811693075e+00
4.817317869969007127e+00
4.818869510598775996e+00
4.820428432829973353e+00
4.821994856901762105e+00
4.823569028683301951e+00
4.825149291314479782e+00
4.826739408232567641e+00
4.828340156235095826e+00
4.829956884540913542e+00
4.831593238421080017e+00
4.833247743554708542e+00
4.834920459695455364e+00
4.836608979262706498e+00
4.838316737421152425e+00
4.840046406396028900e+00
4.841795455225108569e+00
4.843563888676761131e+00
4.845347795047162620e+00
4.847145163573622462e+00
4.848952335574030492e+00
4.850771193214058030e+00
4.852603265948890687e+00
4.854446627803444159e+00
4.856300969727635142e+00
4.858162875779271417e+00
4.860030205406546955e+00
4.861899925329089989e+00
4.863773411073089470e+00
4.865652238734365476e+00
4.867534686632753349e+00
4.869419905849100338e+00
4.871304684438110044e+00
4.873186619885563786e+00
4.875063761629461645e+00
4.876933926053642843e+00
4.878796133704780935e+00
4.880649079688190284e+00
4.882492571778892732e+00
4.884325764634011691e+00
4.886143600650427743e+00
4.887943321772215910e+00
4.889722312994598141e+00
4.891479567446110899e+00
4.893213702895043760e+00
4.894923453338740238e+00
4.896608567841646220e+00
4.898270658113357712e+00
4.899911363281605148e+00
4.901529699124691497e+00
4.903125449426767091e+00
4.904696710564491191e+00
4.906242446162101700e+00
4.907761500783559327e+00
4.909248412259217709e+00
4.910701844699975283e+00
4.912119435377713117e+00
4.913500359066125256e+00
4.914844851799603731e+00
4.916151700325604779e+00
4.917422324873801820e+00
4.918656112186904572e+00
4.919853986583944128e+00
4.921017332829828561e+00
4.922146610476369588e+00
4.923240848265880487e+00
4.924295277603262022e+00
4.925308203034393983e+00
4.926279106743924885e+00
4.927207605250471190e+00
4.928093246229285462e+00
4.928935010068411060e+00
4.929734467871780268e+00
4.930491174616212113e+00
4.931206249900454530e+00
4.931880975596898864e+00
4.932515778921836791e+00
4.933112088561350639e+00
4.933669833846683339e+00
4.934190298065836089e+00
4.934674655467564897e+00
4.935123873919541104e+00
4.935539197482460949e+00
4.935921707868867969e+00
4.936272455163591921e+00
4.936591647163325547e+00
4.936880611617411319e+00
4.937140280109193036e+00
4.937372030623552455e+00
4.937576687511352702e+00
4.937755698643921498e+00
4.937910146963148783e+00
4.938040580086706655e+00
4.938148276087193977e+00
4.938233965782745649e+00
4.938298990431538193e+00
4.938344318911730646e+00
4.938370905707887282e+00
4.938382223842962659e+00
4.938382281955154163e+00
4.938375926488832945e+00
4.938363882539150929e+00
4.938348216124166967e+00
4.938328015134493043e+00
4.938304734086440106e+00
4.938281739892726563e+00
4.938258393272580093e+00
4.938236116611685489e+00
4.938213150599793266e+00
4.938190469644786695e+00
4.938170987449876037e+00
4.938158876333209157e+00
4.938159412678059468e+00
4.938173198582799017e+00
4.938203120212265596e+00
4.938247499344135427e+00
4.938307783989433375e+00
4.938387945819844305e+00
4.938487042574409180e+00
4.938607259769189461e+00
4.938746033128547097e+00
4.938904269080805598e+00
4.939085627947198631e+00
4.939288782257780674e+00
4.939515760563508273e+00
4.939763673901751417e+00
4.940033827875003780e+00
4.940323412515416734e+00
4.940631920512958075e+00
4.940959613587899923e+00
4.941307965595468588e+00
4.941679837819383359e+00
4.942071440559074880e+00
4.942481522415027584e+00
4.942910007652089099e+00
4.943358029503568396e+00
4.943828219998822604e+00
4.944316735234306037e+00
4.944822820093676796e+00
4.945341778401479260e+00
4.945873150196120172e+00
4.946413091797575490e+00
4.946961071122630393e+00
4.947519240681274688e+00
4.948085167188390088e+00
4.948659763042076776e+00
4.949240254353925117e+00
4.949826812152012145e+00
4.950422016721413243e+00
4.951023820568071443e+00
4.951633324776040013e+00
4.952247831452834426e+00
4.952867733728337996e+00
4.953490345481980306e+00
4.954112086709786311e+00
4.954733798396040001e+00
4.955354747664380888e+00
4.955972233865606924e+00
4.956583100933778852e+00
4.957183803808140610e+00
4.957774847228276549e+00
4.958355732154297257e+00
4.958928717155206556e+00
4.959494123164761348e+00
4.960050529990541079e+00
4.960598750900673259e+00
4.961137189496504618e+00
4.961666339900540734e+00
4.962184040662096507e+00
4.962686318684564668e+00
4.963172043863878891e+00
4.963638674099192905e+00
4.964085686844037504e+00
4.964511234093651915e+00
4.964916164431914858e+00
4.965302451182350474e+00
4.965669792521939740e+00
4.966019205529437208e+00
4.966349489767298842e+00
4.966662272926614108e+00
4.966960131194637640e+00
4.967242912952051448e+00
4.967511975992666251e+00
4.967766136754499406e+00
4.968006395738767900e+00
4.968232078481661596e+00
4.968443612087715344e+00
4.968638251278746587e+00
4.968815384473848518e+00
4.968976397816290635e+00
4.969123349948053381e+00
4.969258621934999454e+00
4.969380757738101728e+00
4.969489910168770841e+00
4.969587999390635780e+00
4.969677524812716740e+00
4.969761571850825455e+00
4.969838516604352385e+00
4.969908616011226243e+00
4.969968724580676067e+00
4.970017963311829767e+00
4.970057553587676757e+00
4.970089398076954268e+00
4.970116169496170855e+00
4.970136193553182480e+00
4.970149702479096376e+00
4.970158550205373338e+00
4.970165204908548517e+00
4.970172976478201221e+00
4.970180319155764970e+00
4.970187588399126000e+00
4.970193090216340259e+00
4.970198583190645003e+00
4.970203576119815558e+00
4.970210452338065465e+00
4.970219017959749408e+00
4.970226654339782613e+00
4.970234771055253020e+00
4.970242300735404406e+00
4.970251200722847429e+00
4.970261133892779348e+00
4.970269250892304314e+00
4.970276808105262845e+00
4.970282674941555179e+00
4.970288723375851703e+00
4.970294566955853810e+00
4.970300563880445388e+00
4.970308052180770986e+00
4.970318673978764146e+00
4.970334534673456872e+00
4.970357910332241502e+00
4.970391675588182068e+00
4.970433105477570557e+00
4.970481098620660454e+00
4.970536066517672324e+00
4.970599060599198538e+00
4.970672134343041115e+00
4.970751966699465285e+00
4.970837056641904894e+00
4.970927559216944402e+00
4.971024349374202345e+00
4.971128897364687660e+00
4.971243064585578075e+00
4.971369578266021882e+00
4.971505521242943537e+00
4.971649672580388035e+00
4.971802384346228898e+00
4.971964683714760191e+00
4.972138711079460371e+00
4.972321064151328684e+00
4.972510230276238730e+00
4.972706383089971816e+00
4.972910427521417986e+00
4.973124345536778179e+00
4.973344697668651726e+00
4.973570017754535222e+00
4.973800459369520865e+00
4.974036891102293190e+00
4.974280784666041733e+00
4.974534033514061981e+00
4.974799383036295986e+00
4.975074011772373517e+00
4.975356758214035224e+00
4.975648045796401853e+00
4.975948910150176374e+00
4.976261567357427751e+00
4.976582671734937513e+00
4.976910840752968745e+00
4.977246267791339385e+00
4.977589927907534850e+00
4.977943322691566586e+00
4.978308257009333104e+00
4.978687422457580780e+00
4.979077478643004540e+00
4.979476894173269663e+00
4.979885428431874317e+00
4.980303633693105247e+00
4.980733179334052352e+00
4.981170154954738472e+00
4.981612563874072919e+00
4.982060068543501252e+00
4.982513052071875670e+00
4.982972574378795372e+00
4.983438693578786882e+00
4.983910313095398337e+00
4.984385909992702146e+00
4.984863382536418364e+00
4.985345025021083565e+00
4.985830695289619641e+00
4.986323791216559442e+00
4.986825447488076435e+00
4.987334045502787916e+00
4.987852691929286486e+00
4.988381355698651376e+00
4.988923895503824646e+00
4.989481797772890026e+00
4.990054015662019893e+00
4.990638457867746958e+00
4.991231399286037096e+00
4.991834414299076705e+00
4.992447142969316687e+00
4.993067326317971677e+00
4.993691921937710276e+00
4.994317005980260404e+00
4.994943705159670344e+00
4.995571196112281953e+00
4.996197763639933065e+00
4.996821302953606825e+00
4.997439350630586752e+00
4.998050142075364910e+00
4.998651898163800844e+00
4.999238509345299342e+00
4.999805925074464419e+00
5.000351586076862809e+00
5.000873688231653347e+00
5.001370805087931082e+00
5.001842122371741972e+00
5.002287071678289898e+00
5.002705274816102943e+00
5.003096451531597211e+00
5.003460383895286689e+00
5.003796991329142685e+00
5.004106157548227962e+00
5.004387812088676668e+00
5.004641905217864561e+00
5.004868390015759338e+00
5.005067276764163076e+00
5.005238532140352525e+00
5.005382170943044606e+00
5.005498171118519579e+00
5.005586462286733429e+00
5.005647117863841089e+00
5.005680719209334661e+00
5.005690148594289290e+00
5.005678432990530169e+00
5.005646600629401810e+00
5.005596378472831454e+00
5.005527523406048118e+00
5.005442358417635518e+00
5.005343410283525252e+00
5.005230429912183254e+00
5.005104034062672902e+00
5.004962369766284169e+00
5.004806450730387546e+00
5.004638518406276049e+00
5.004462403388892255e+00
5.004281983910327192e+00
5.004097436214064665e+00
5.003910301620338785e+00
5.003718743747298525e+00
5.003523747692082857e+00
5.003327788295422351e+00
5.003129534213070606e+00
5.002929812384968145e+00
5.002726224934881394e+00
5.002519119804924586e+00
5.002310810959166965e+00
5.002100088814473544e+00
5.001888347709752658e+00
5.001673979101904699e+00
5.001458111642130611e+00
5.001244011292436120e+00
5.001030977642366260e+00
5.000820942869613539e+00
5.000612502763251754e+00
5.000406963093410262e+00
5.000202589625696525e+00
5.000000208573619709e+00
4.999803014001082069e+00
4.999609886737744979e+00
4.999422431489656482e+00
4.999238713396915834e+00
4.999059553848783644e+00
4.998888071397523447e+00
4.998725051446090362e+00
4.998575021889264391e+00
4.998440543500911382e+00
4.998321905615012994e+00
4.998218415653536972e+00
4.998127833068574333e+00
4.998053203103335562e+00
4.997995901265385399e+00
4.997955249067599581e+00
4.997929982088245460e+00
4.997917337092077084e+00
4.997920146317192724e+00
4.997939078887431386e+00
4.997976757917059309e+00
4.998030273998594453e+00
4.998099498716621625e+00
4.998179878830416811e+00
4.998269727467996582e+00
4.998369159740833290e+00
4.998479563356815092e+00
4.998603756023078049e+00
4.998739133230849063e+00
4.998885526494562193e+00
4.999040935836238653e+00
4.999208311806871308e+00
4.999388613976044837e+00
4.999580734461052778e+00
4.999782879832638471e+00
4.999992033201707820e+00
5.000210449411971680e+00
5.000438020616276624e+00
5.000677916589631344e+00
5.000929452139391884e+00
5.001195320389673071e+00
5.001475264705224966e+00
5.001765727955356233e+00
5.002067767377451624e+00
5.002379240110025549e+00
5.002701673373088909e+00
5.003034013859436691e+00
5.003372247419760832e+00
5.003716976396249017e+00
5.004065983756887270e+00
5.004420555769906187e+00
5.004779160931215110e+00
5.005143237612650786e+00
5.005511872969077736e+00
5.005881472616898087e+00
5.006252618409202881e+00
5.006623346149432052e+00
5.006994754202173326e+00
5.007365558310851839e+00
5.007732171877727900e+00
5.008094977341101206e+00
5.008452162868784363e+00
5.008804814792678251e+00
5.009151792093621047e+00
5.009494304410623045e+00
5.009831176414595966e+00
5.010159443594026207e+00
5.010479521095263067e+00
5.010789895276979600e+00
5.011091367598131896e+00
5.011382453307018814e+00
5.011660261932270544e+00
5.011925020064668779e+00
5.012175344094143448e+00
5.012411945066855168e+00
5.012634116984412636e+00
5.012842985741303714e+00
5.013037266876056997e+00
5.013214387051270648e+00
5.013374465886013098e+00
5.013516345727698109e+00
5.013640814065443152e+00
5.013746249205873973e+00
5.013829975654813254e+00
5.013892064318503650e+00
5.013931251536565270e+00
5.013948406584535888e+00
5.013941742185710204e+00
5.013908651118840432e+00
5.013849129808808591e+00
5.013762019501740497e+00
5.013648154187689165e+00
5.013507133584211850e+00
5.013341117474924502e+00
5.013153380706648399e+00
5.012944779295214204e+00
5.012717949926592809e+00
5.012473068564869294e+00
5.012212458114811753e+00
5.011935263845809452e+00
5.011639419749118751e+00
5.011325435779729887e+00
5.010992427274326921e+00
5.010641477770846564e+00
5.010271936498326362e+00
5.009886140219611761e+00
5.009487706191584344e+00
5.009077557205901421e+00
5.008658243559047207e+00
5.008229895822450040e+00
5.007794744513674345e+00
5.007352311566217296e+00
5.006900266401213884e+00
5.006439215980214463e+00
5.005968003228050911e+00
5.005487810365600865e+00
5.004997668891891571e+00
5.004499832756565070e+00
5.003998120642945580e+00
5.003493273883804271e+00
5.002988178200766356e+00
5.002482931159183188e+00
5.001979882299647073e+00
5.001478797897443762e+00
5.000977014071986915e+00
5.000475389688953776e+00
4.999972555853174683e+00
4.999469922251747356e+00
4.998966258123267004e+00
4.998463638193655356e+00
4.997966327436018652e+00
4.997474968574691978e+00
4.996992725610484243e+00
4.996519394956279392e+00
4.996057817220438402e+00
4.995607838697481817e+00
4.995166684269656265e+00
4.994735491789628945e+00
4.994312526389707685e+00
4.993899714268493994e+00
4.993495602190244576e+00
4.993102296806621432e+00
4.992724388420331394e+00
4.992362086616203953e+00
4.992019253067419449e+00
4.991695465400562526e+00
4.991393902275460093e+00
4.991114532623187827e+00
4.990854104544714787e+00
4.990614467553541544e+00
4.990393645364538777e+00
4.990193927112714256e+00
4.990013413365677941e+00
4.989854287739591499e+00
4.989716609187171414e+00
4.989596827478826491e+00
4.989496419654906312e+00
4.989412956323222126e+00
4.989348285707393416e+00
4.989302086077378462e+00
4.989270605132197112e+00
4.989255114992128703e+00
4.989253493025761266e+00
4.989267409291213262e+00
4.989296240314005537e+00
4.989336279240533578e+00
4.989388641534468150e+00
4.989451297750792769e+00
4.989526042413062079e+00
4.989611513564458534e+00
4.989708747105769504e+00
4.989814143726698070e+00
4.989926659433266742e+00
4.990047064811086841e+00
4.990177094988620610e+00
4.990319905789665000e+00
4.990473246915361649e+00
4.990636932892821953e+00
4.990812363946907304e+00
4.991001705644747766e+00
4.991208736864945372e+00
4.991431319458506266e+00
4.991670206362477380e+00
4.991921866690836040e+00
4.992186765844098595e+00
4.992462036820224824e+00
4.992741839220843580e+00
4.993024997754117678e+00
4.993307345962247012e+00
4.993588237824013731e+00
4.993864434367140781e+00
4.994135597558788220e+00
4.994403788993230897e+00
4.994667470665744347e+00
4.994927515355965575e+00
4.995181849492809079e+00
4.995430748170337054e+00
4.995671396074912174e+00
4.995899246620110645e+00
4.996112826304606180e+00
4.996309045726529341e+00
4.996486882330945178e+00
4.996643580446114896e+00
4.996779754651806016e+00
4.996896810285843316e+00
4.996993898037917603e+00
4.997071373575463049e+00
4.997127492568552043e+00
4.997163614098544926e+00
4.997182426274384248e+00
4.997187152581327396e+00
4.997180987698531140e+00
4.997167305849298913e+00
4.997149451117302910e+00
4.997126080047610053e+00
4.997097492109323191e+00
4.997065186373228052e+00
4.997031296091889452e+00
4.996998557293126808e+00
4.996964848470679676e+00
4.996929920886915788e+00
4.996894988672149651e+00
4.996861986737506811e+00
4.996833707085619913e+00
4.996807856520914193e+00
4.996784106158462357e+00
4.996762329603821939e+00
4.996742620189484896e+00
4.996725099748742238e+00
4.996709607498065253e+00
4.996695692009103240e+00
4.996682560659988503e+00
4.996669322013199022e+00
4.996654899712461351e+00
4.996638223563364178e+00
4.996618369598451181e+00
4.996598747726110012e+00
4.996580917813861156e+00
4.996565214369490526e+00
4.996551512345482671e+00
4.996539089814339363e+00
4.996528630698610307e+00
4.996522045134494938e+00
4.996516544862112497e+00
4.996511401332843327e+00
4.996502337805737604e+00
4.996487661314471751e+00
4.996467583594653483e+00
4.996440685294378348e+00
4.996408555086978787e+00
4.996370716596297612e+00
4.996324809885860141e+00
4.996272460826017614e+00
4.996213080951289243e+00
4.996148973916000990e+00
4.996080085042207131e+00
4.996004401029361830e+00
4.995923803712516431e+00
4.995837761082960959e+00
4.995748714668020618e+00
4.995656782121673523e+00
4.995564465963557410e+00
4.995471417925596569e+00
4.995374486589149399e+00
4.995274232284442562e+00
4.995168769083262461e+00
4.995059122651159811e+00
4.994944008778125166e+00
4.994824523658766502e+00
4.994703412506073192e+00
4.994580493665575993e+00
4.994458500950872626e+00
4.994337299329504098e+00
4.994219753298253295e+00
4.994105869646460860e+00
4.993993033462480469e+00
4.993882754178064154e+00
4.993773797762858457e+00
4.993668484821263576e+00
4.993566155511233617e+00
4.993464072768856177e+00
4.993363478065748318e+00
4.993262966464554253e+00
4.993164597259184490e+00
4.993067798859721407e+00
4.992969778071440601e+00
4.992871655880755988e+00
4.992772084216869466e+00
4.992672987536810325e+00
4.992573694291807307e+00
4.992476604658461881e+00
4.992381389414243920e+00
4.992285319811949229e+00
4.992189705579826331e+00
4.992093276151741144e+00
4.991998090188303649e+00
4.991903707816550018e+00
4.991807166192034018e+00
4.991709620154747284e+00
4.991609743994945170e+00
4.991509518756815922e+00
4.991408343402023107e+00
4.991303416419129668e+00
4.991195690215851855e+00
4.991084035153787291e+00
4.990970186184446433e+00
4.990853724929789514e+00
4.990736939900839886e+00
4.990621741417149870e+00
4.990510216907883212e+00
4.990404035042325326e+00
4.990305154242838270e+00
4.990215354089910349e+00
4.990136685504864111e+00
4.990067752034689441e+00
4.990011345044064406e+00
4.989966918200540391e+00
4.989937758690963676e+00
4.989924385837101184e+00
4.989924002026479677e+00
4.989938861435318174e+00
4.989967798694075363e+00
4.990013774643690780e+00
4.990076311161780964e+00
4.990158218085805508e+00
4.990257986081802599e+00
4.990376588521565182e+00
4.990518504358868235e+00
4.990682614609640133e+00
4.990871784534345323e+00
4.991084063738623122e+00
4.991321572937110318e+00
4.991583329733498609e+00
4.991864249832967282e+00
4.992164548557290082e+00
4.992480653148182235e+00
4.992813312258610914e+00
4.993160316456147108e+00
4.993516353402323027e+00
4.993880978520996550e+00
4.994250707361883812e+00
4.994625725369937541e+00
4.995003397908098997e+00
4.995384060103484458e+00
4.995769188959189755e+00
4.996155337017067488e+00
4.996540976759083819e+00
4.996926340345329898e+00
4.997312368523365578e+00
4.997700833190268810e+00
4.998088499974495669e+00
4.998474119897969636e+00
4.998857133682854226e+00
4.999237372051961614e+00
4.999614901427216651e+00
4.999987110342868135e+00
5.000349610928484623e+00
5.000701543722340325e+00
5.001040223684199759e+00
5.001365478295871192e+00
5.001674924489149632e+00
5.001967198174485318e+00
5.002241359479764782e+00
5.002497001547405731e+00
5.002733741883228724e+00
5.002951331619212461e+00
5.003149924926498571e+00
5.003329084772654589e+00
5.003488522112407466e+00
5.003627708494701842e+00
5.003746033139565341e+00
5.003844295745754067e+00
5.003926438434088908e+00
5.003995336243922232e+00
5.004052491645367695e+00
5.004098966192493947e+00
5.004135215804950576e+00
5.004161328380966722e+00
5.004177442426831490e+00
5.004183172812142644e+00
5.004178236467222263e+00
5.004162152319141299e+00
5.004134414948449461e+00
5.004094982378109790e+00
5.004046354324482415e+00
5.003988775757997942e+00
5.003924914149493475e+00
5.003855085035712413e+00
5.003781992674731782e+00
5.003705715292992018e+00
5.003624326212260165e+00
5.003539400899710721e+00
5.003450250632988983e+00
5.003359114563020960e+00
5.003265677399861389e+00
5.003167627349424329e+00
5.003066407049002962e+00
5.002961181782115574e+00
5.002854137567733339e+00
5.002744935860787834e+00
5.002631431322474675e+00
5.002515417447243706e+00
5.002396465882588572e+00
5.002277252709423472e+00
5.002158034898270600e+00
5.002039714220841482e+00
5.001918474657390590e+00
5.001792595207620096e+00
5.001661755571070067e+00
5.001526474280210799e+00
5.001387655109094332e+00
5.001241602532493502e+00
5.001086642730908416e+00
5.000922519851403791e+00
5.000749827835637262e+00
5.000569673467356147e+00
5.000383523765878024e+00
5.000193195294516002e+00
5.000000253233986669e+00
4.999806197442043576e+00
4.999612449172813555e+00
4.999420433107693462e+00
4.999231549862702018e+00
4.999047082632710470e+00
4.998868355050612777e+00
4.998696654520858651e+00
4.998533288303692146e+00
4.998380070010129295e+00
4.998232885345744947e+00
4.998089354781362736e+00
4.997948429359052369e+00
4.997809759013283504e+00
4.997673525873500999e+00
4.997540207037633131e+00
4.997410586474394734e+00
4.997285553941433811e+00
4.997166210904647521e+00
4.997053634317522253e+00
4.996949041232397803e+00
4.996854104118352069e+00
4.996764880491351590e+00
4.996679488446493345e+00
4.996597512176190747e+00
4.996519319049944841e+00
4.996446019367246194e+00
4.996376514214023956e+00
4.996307640120320137e+00
4.996240615232780513e+00
4.996174253274619836e+00
4.996110713940979053e+00
4.996049657909134467e+00
4.995989410367728922e+00
4.995931419835360821e+00
4.995874252969334073e+00
4.995819360802816078e+00
4.995765447330594355e+00
4.995708789991147647e+00
4.995649593819797118e+00
4.995585590813242050e+00
4.995517600651762535e+00
4.995443795093266637e+00
4.995362593059359035e+00
4.995276916756224317e+00
4.995187994328257552e+00
4.995095860280956757e+00
4.994999749588709292e+00
4.994898671138029655e+00
4.994796048675593347e+00
4.994693585646268197e+00
4.994593078925203322e+00
4.994496290109049497e+00
4.994405262621978814e+00
4.994318570283169834e+00
4.994237377813945500e+00
4.994165396273996471e+00
4.994101827524532133e+00
4.994048927121726322e+00
4.994005103551713454e+00
4.993971943091998433e+00
4.993948032868026132e+00
4.993928794888011780e+00
4.993914048576657549e+00
4.993900591262312894e+00
4.993888737491027463e+00
4.993876014842347111e+00
4.993860073661593901e+00
4.993838999559333303e+00
4.993810808064112372e+00
4.993773821740572494e+00
4.993726299413641101e+00
4.993667079465625491e+00
4.993599569731554055e+00
4.993525552013119650e+00
4.993445841399183571e+00
4.993360493107861231e+00
4.993269096733234491e+00
4.993172808754422043e+00
4.993073679142794319e+00
4.992970080216578843e+00
4.992862333812913889e+00
4.992747934702015833e+00
4.992626814515493727e+00
4.992500548278144379e+00
4.992367167816660789e+00
4.992226728703059280e+00
4.992076547545546639e+00
4.991916515034788837e+00
4.991748464414085262e+00
4.991575362541878391e+00
4.991400924389416183e+00
4.991224566483103864e+00
4.991047560786062931e+00
4.990867675812149962e+00
4.990685176243240484e+00
4.990502189331853522e+00
4.990316774127237842e+00
4.990129347657016545e+00
4.989937059329054847e+00
4.989739877832284343e+00
4.989539668251921967e+00
4.989338652108957106e+00
4.989139448487361683e+00
4.988944810134520402e+00
4.988758137309154961e+00
4.988577301510772166e+00
4.988401794199995187e+00
4.988232583505263662e+00
4.988071167701086495e+00
4.987920328973955542e+00
4.987777244000859866e+00
4.987641044956796499e+00
4.987512413597832150e+00
4.987392651410009314e+00
4.987284238337704956e+00
4.987185843707228727e+00
4.987099487911144102e+00
4.987024277219713753e+00
4.986956060383631595e+00
4.986895278523838293e+00
4.986839241426600289e+00
4.986788841499178560e+00
4.986742150638415971e+00
4.986698177740141347e+00
4.986656737717964027e+00
4.986617834904860658e+00
4.986581964450120807e+00
4.986549711263901230e+00
4.986521837230934118e+00
4.986499160902270411e+00
4.986482582698038790e+00
4.986473013399911558e+00
4.986471431199999138e+00
4.986479098184457115e+00
4.986493885866323694e+00
4.986515742242294102e+00
4.986546138895167068e+00
4.986587397444484537e+00
4.986643244142135778e+00
4.986711742563596061e+00
4.986792993547816799e+00
4.986888611011629280e+00
4.987000994302754009e+00
4.987134331150401501e+00
4.987286626205270856e+00
4.987458911028181952e+00
4.987647383690302583e+00
4.987850640539500446e+00
4.988070418958042040e+00
4.988303005520677402e+00
4.988548022240821389e+00
4.988801071376030016e+00
4.989060244292442547e+00
4.989326211691325952e+00
4.989600506399250790e+00
4.989886251140809748e+00
4.990181249391712370e+00
4.990485871687956099e+00
4.990796382867224601e+00
4.991111541085370362e+00
4.991432449810632832e+00
4.991755618781277271e+00
4.992080243185587740e+00
4.992402078539556420e+00
4.992719578773207267e+00
4.993033381618983135e+00
4.993345180780119463e+00
4.993657585878348293e+00
4.993968634821897012e+00
4.994278363503938500e+00
4.994583616435949835e+00
4.994884002890859875e+00
4.995181103956376489e+00
4.995472693305885059e+00
4.995758845184421482e+00
4.996036664668893401e+00
4.996305897452359979e+00
4.996567944020454455e+00
4.996824930433605871e+00
4.997079651944760670e+00
4.997330320582215712e+00
4.997577184711073706e+00
4.997821941182438721e+00
4.998066945702258401e+00
4.998315559469586056e+00
4.998566013846967415e+00
4.998818628408435494e+00
4.999069914158853933e+00
4.999318914033892725e+00
4.999566530429246924e+00
4.999814569663676878e+00
5.000065889928908547e+00
5.000318584975273595e+00
5.000572750952513523e+00
5.000825688030989369e+00
5.001077655677170775e+00
5.001326205928296353e+00
5.001566847350865430e+00
5.001798736334263751e+00
5.002019005112765093e+00
5.002227408543645559e+00
5.002421721268860644e+00
5.002602748640296859e+00
5.002772869535205835e+00
5.002931455124585369e+00
5.003079894224597979e+00
5.003217039352697348e+00
5.003344246356231650e+00
5.003464175809589243e+00
5.003575806340617049e+00
5.003680113509712868e+00
5.003775186960069732e+00
5.003861693956373813e+00
5.003941862445740796e+00
5.004014809911557116e+00
5.004082073543639098e+00
5.004142465291032238e+00
5.004197258737356435e+00
5.004244751322502793e+00
5.004281251209276249e+00
5.004306435717687407e+00
5.004317977020935615e+00
5.004316136433724083e+00
5.004299192486310943e+00
5.004268345466796220e+00
5.004226246301066716e+00
5.004172722675821028e+00
5.004109498618153573e+00
5.004035822303948500e+00
5.003953476438281811e+00
5.003865788497013689e+00
5.003772745264678079e+00
5.003676396675392546e+00
5.003576072689128296e+00
5.003473480494676551e+00
5.003370734678564524e+00
5.003265484498796489e+00
5.003156883364527019e+00
5.003046012746153792e+00
5.002934404687940706e+00
5.002824359463511783e+00
5.002717088369637466e+00
5.002612702541039624e+00
5.002511005636292474e+00
5.002411054728540307e+00
5.002316010363386134e+00
5.002226017631577371e+00
5.002144767448291951e+00
5.002073336394489367e+00
5.002009849564156951e+00
5.001957164762525387e+00
5.001915046839958912e+00
5.001887122075522996e+00
5.001874383959902026e+00
5.001875498260296204e+00
5.001887925656437694e+00
5.001907633305918921e+00
5.001935804896447735e+00
5.001971183969099677e+00
5.002016500970741575e+00
5.002072065305357640e+00
5.002135432986935193e+00
5.002209079228734367e+00
5.002292336523926686e+00
5.002388531146963579e+00
5.002498411434164183e+00
5.002620268958082761e+00
5.002751577757691415e+00
5.002888503484820504e+00
5.003032605126893628e+00
5.003183174739053385e+00
5.003342905426790388e+00
5.003511104686578115e+00
5.003690355318059169e+00
5.003880433226396640e+00
5.004077990977486401e+00
5.004284278611114800e+00
5.004497416606565885e+00
5.004719361802955291e+00
5.004949228549766538e+00
5.005183392828721267e+00
5.005422764504719346e+00
5.005665415106732574e+00
5.005912973909097730e+00
5.006164369965361516e+00
5.006416112138348140e+00
5.006668937215972726e+00
5.006921024518478092e+00
5.007173817968387119e+00
5.007426130054910551e+00
5.007677158648538018e+00
5.007923223236964816e+00
5.008163787862676131e+00
5.008395825727300910e+00
5.008618809199350430e+00
5.008829679293947734e+00
5.009026109157519002e+00
5.009209605502354279e+00
5.009379954459536322e+00
5.009535400085540324e+00
5.009673482375609055e+00
5.009792142315227181e+00
5.009892837526666476e+00
5.009976261686923671e+00
5.010045483350212159e+00
5.010101616345734143e+00
5.010143791479447550e+00
5.010171572883073132e+00
5.010184228344977342e+00
5.010181153595429926e+00
5.010162059425590897e+00
5.010126139124139399e+00
5.010073138911493196e+00
5.010002341566822892e+00
5.009913288381166119e+00
5.009806506669363557e+00
5.009686148062562516e+00
5.009555146580774831e+00
5.009415251098785049e+00
5.009267626701134901e+00
5.009112928619820160e+00
5.008953636398749687e+00
5.008793256970332841e+00
5.008631142469333497e+00
5.008468700776087523e+00
5.008303847423033694e+00
5.008137225209014609e+00
5.007971392458514970e+00
5.007804831059858408e+00
5.007638475297228275e+00
5.007469881827220526e+00
5.007299369534685241e+00
5.007129254413976049e+00
5.006961685287042663e+00
5.006798289882227415e+00
5.006640696952327829e+00
5.006490313809574211e+00
5.006346816092938745e+00
5.006208011310757655e+00
5.006076182898343774e+00
5.005951037060680342e+00
5.005835913175928908e+00
5.005731868183452171e+00
5.005637313423890511e+00
5.005555258689661002e+00
5.005485586852977953e+00
5.005432120261926521e+00
5.005396448188209391e+00
5.005377470732879530e+00
5.005373036271000942e+00
5.005379388800163198e+00
5.005397980237418665e+00
5.005428243753073936e+00
5.005471505889242501e+00
5.005524247282687966e+00
5.005585267528463334e+00
5.005655195688401449e+00
5.005735629278738941e+00
5.005829521020447537e+00
5.005934485116546817e+00
5.006050463210364398e+00
5.006173244243059983e+00
5.006301085803230855e+00
5.006434554442336093e+00
5.006569828981106696e+00
5.006705475480801582e+00
5.006836766436270736e+00
5.006961706963872771e+00
5.007080344290978147e+00
5.007194121231830941e+00
5.007304879569954181e+00
5.007410372349940353e+00
5.007509790094144542e+00
5.007599119165486279e+00
5.007677221068687068e+00
5.007744465706444714e+00
5.007802397490986657e+00
5.007852910983883632e+00
5.007893692942843700e+00
5.007924803030719296e+00
5.007947414078325998e+00
5.007963723758976471e+00
5.007976114674048240e+00
5.007982561980997893e+00
5.007982915812781322e+00
5.007974509981023559e+00
5.007957579807873039e+00
5.007929953490413588e+00
5.007892128869455561e+00
5.007846082171922397e+00
5.007790329640296356e+00
5.007725293661964727e+00
5.007648551499037204e+00
5.007560572463584769e+00
5.007463642430988848e+00
5.007361108881918987e+00
5.007257012769145810e+00
5.007151087278066903e+00
5.007045095048410666e+00
5.006937174999653628e+00
5.006827922097905947e+00
5.006719901196226452e+00
5.006611511695697736e+00
5.006503641919731962e+00
5.006393796035586874e+00
5.006282187474459633e+00
5.006171099019734783e+00
5.006062974554985168e+00
5.005960298597379676e+00
5.005865608525960297e+00
5.005782073165788049e+00
5.005707020417354158e+00
5.005639442631542479e+00
5.005579697380341031e+00
5.005528801979996167e+00
5.005488855738692067e+00
5.005456432746756334e+00
5.005429932370348389e+00
5.005409478773395371e+00
5.005395835089762713e+00
5.005390832921291278e+00
5.005391149119239991e+00
5.005395656127364035e+00
5.005404232043074053e+00
5.005417273708153481e+00
5.005435997107997359e+00
5.005456145962233094e+00
5.005475565005324867e+00
5.005493432485962124e+00
5.005509754267985834e+00
5.005525056876939161e+00
5.005539966609792835e+00
5.005555251373442260e+00
5.005571613678474918e+00
5.005589843800988703e+00
5.005610630529699456e+00
5.005634766839211380e+00
5.005663225044262532e+00
5.005691466428103809e+00
5.005716631183165788e+00
5.005737199742578802e+00
5.005752279803854066e+00
5.005761591172776193e+00
5.005765214905549598e+00
5.005763240385568302e+00
5.005756230019032138e+00
5.005744656432652206e+00
5.005729155552108622e+00
5.005710497872206233e+00
5.005689231714931964e+00
5.005666208470938017e+00
5.005642120648406745e+00
5.005617725694317066e+00
5.005593836504266037e+00
5.005571153854251776e+00
5.005546544123208541e+00
5.005518766018794530e+00
5.005488725538598693e+00
5.005458033353789027e+00
5.005428917695533997e+00
5.005399214174828693e+00
5.005368279748361182e+00
5.005337495949349957e+00
5.005308694412230253e+00
5.005284672648408595e+00
5.005263255835738612e+00
5.005244104476874512e+00
5.005223379858065869e+00
5.005199463897146650e+00
5.005172806113253436e+00
5.005144802409914107e+00
5.005117580859214321e+00
5.005088821906821472e+00
5.005058042915763394e+00
5.005026399545596583e+00
5.004995814919232622e+00
5.004968971948831502e+00
5.004943679053097227e+00
5.004919614131789096e+00
5.004894753043766187e+00
5.004870927137083036e+00
5.004847681930979952e+00
5.004825396427178497e+00
5.004799585499561054e+00
5.004767858945990078e+00
5.004729345134683705e+00
5.004684028077162949e+00
5.004632148315423912e+00
5.004569447912501801e+00
5.004493720406892443e+00
5.004404232805820030e+00
5.004301045989842933e+00
5.004184787698316761e+00
5.004056428658071987e+00
5.003917241605225996e+00
5.003768693242449217e+00
5.003612389281618889e+00
5.003450011048692581e+00
5.003283323809730732e+00
5.003113951977567808e+00
5.002938565179930741e+00
5.002755528927075090e+00
5.002564455677049438e+00
5.002365651741849106e+00
5.002159917574601877e+00
5.001948326003032186e+00
5.001732303552556047e+00
5.001513279654313138e+00
5.001292977702100018e+00
5.001073065676022722e+00
5.000855337303359960e+00
5.000641771160295512e+00
5.000428880449613089e+00
5.000215022802580123e+00
4.999999757889885821e+00
4.999783377662528672e+00
4.999566649288166076e+00
4.999349921453971390e+00
4.999133193023729937e+00
4.998921186063665090e+00
4.998717157595086391e+00
4.998522797353793123e+00
4.998339201748597915e+00
4.998166708532948199e+00
4.998005788583534503e+00
4.997857189147027590e+00
4.997721452411489906e+00
4.997599331090452068e+00
4.997491514139102975e+00
4.997398783561068925e+00
4.997322795792709549e+00
4.997258639709317940e+00
4.997203540109322439e+00
4.997155812798291130e+00
4.997114680568910394e+00
4.997079801814388489e+00
4.997051180455591712e+00
4.997029346212502610e+00
4.997014641948036129e+00
4.997007762740825143e+00
4.997009319482597078e+00
4.997020084370153548e+00
4.997041341649594237e+00
4.997069487817346278e+00
4.997103891196887915e+00
4.997140316272845162e+00
4.997177517026423210e+00
4.997216302746667616e+00
4.997257136743275652e+00
4.997299826199880002e+00
4.997344165745881917e+00
4.997389725086969214e+00
4.997441026688312249e+00
4.997501241437849018e+00
4.997571998409685357e+00
4.997654441691693705e+00
4.997748763750998080e+00
4.997855155154822704e+00
4.997973596950754605e+00
4.998103645801305284e+00
4.998244892287759811e+00
4.998396541144459526e+00
4.998558000404147883e+00
4.998728682737557882e+00
4.998907858174054475e+00
4.999094844724742970e+00
4.999288736734299299e+00
4.999488776664940737e+00
4.999694178592173799e+00
4.999903701621798646e+00
5.000115670136867863e+00
5.000332797582951905e+00
5.000555831458179945e+00
5.000783657844869445e+00
5.001014153495192183e+00
5.001244566295055982e+00
5.001476809255538392e+00
5.001711127612499475e+00
5.001946027915685988e+00
5.002179069690168234e+00
5.002407530754566345e+00
5.002633134744823629e+00
5.002856024097412480e+00
5.003076974101126062e+00
5.003292058225481398e+00
5.003499397825209805e+00
5.003697073500363857e+00
5.003883342001348211e+00
5.004056976403801649e+00
5.004220950886367092e+00
5.004376443227511295e+00
5.004523168023433222e+00
5.004660220484939082e+00
5.004786567589027513e+00
5.004905317131190579e+00
5.005017813233419766e+00
5.005123925929650497e+00
5.005222819143666513e+00
5.005312950577348374e+00
5.005392414232475495e+00
5.005459719829953080e+00
5.005517471082268521e+00
5.005566699983310386e+00
5.005607021165769055e+00
5.005637436778043181e+00
5.005657011162248260e+00
5.005668731488977841e+00
5.005673999084384818e+00
5.005673292042112976e+00
5.005666934563553383e+00
5.005654558684684119e+00
5.005635612794205436e+00
5.005609507997062835e+00
5.005575398389257913e+00
5.005532686632134798e+00
5.005480344487361677e+00
5.005417418210774905e+00
5.005343403542422465e+00
5.005261623902255153e+00
5.005173702888198406e+00
5.005084030950449403e+00
5.004994755476720236e+00
5.004906226905069921e+00
5.004822792099795414e+00
5.004746156699032333e+00
5.004681514893666971e+00
5.004631800191485347e+00
5.004597722805114834e+00
5.004578694799924676e+00
5.004572696041210023e+00
5.004582809156633338e+00
5.004610392565735921e+00
5.004655076230773325e+00
5.004715473337927989e+00
5.004788840262118121e+00
5.004878029728208055e+00
5.004984164440903882e+00
5.005106585778196226e+00
5.005243849770998565e+00
5.005393728518758856e+00
5.005553942842309034e+00
5.005722025798533537e+00
5.005899897308920821e+00
5.006086097581213146e+00
5.006282865980541175e+00
5.006489160748100353e+00
5.006707330269641432e+00
5.006937123050817284e+00
5.007175206018517066e+00
5.007422853091638260e+00
5.007678222319018602e+00
5.007943262698035802e+00
5.008217197095881978e+00
5.008496524931770111e+00
5.008782230911683619e+00
5.009072523711156855e+00
5.009369179492723312e+00
5.009671307278703800e+00
5.009975495206099083e+00
5.010282655728887313e+00
5.010591073183248589e+00
5.010902403963635621e+00
5.011215586399566213e+00
5.011532501725386446e+00
5.011852273231279575e+00
5.012171511722636197e+00
5.012490800915193390e+00
5.012808135671448007e+00
5.013124709760677256e+00
5.013439027441572549e+00
5.013747555071394579e+00
5.014050525275896675e+00
5.014345960652361711e+00
5.014634836034756127e+00
5.014915437063109493e+00
5.015184355897736701e+00
5.015441713685077296e+00
5.015685796102415495e+00
5.015917362196278262e+00
5.016135369500053010e+00
5.016340910585504353e+00
5.016532477697265513e+00
5.016707223987115327e+00
5.016865235434755377e+00
5.017005136122837605e+00
5.017127610275433192e+00
5.017231123184695107e+00
5.017314655341117202e+00
5.017377073208708183e+00
5.017417579486872725e+00
5.017435113472537900e+00
5.017428660904779569e+00
5.017398792917164840e+00
5.017349206132138306e+00
5.017282513926992316e+00
5.017199970080772786e+00
5.017102381621742602e+00
5.016990417770365696e+00
5.016867004593158264e+00
5.016736407417128341e+00
5.016599512330513377e+00
5.016459198423918409e+00
5.016315421208065395e+00
5.016170464220714109e+00
5.016023766749795776e+00
5.015872371622617898e+00
5.015716904678638066e+00
5.015555645262145923e+00
5.015389676892453075e+00
5.015217602250420903e+00
5.015039061622017513e+00
5.014854279567741102e+00
5.014663984977893563e+00
5.014469001812182469e+00
5.014270472244613863e+00
5.014069477317177892e+00
5.013862106592648082e+00
5.013646349773996924e+00
5.013421297480607386e+00
5.013186892436142905e+00
5.012943478894677618e+00
5.012691764773126835e+00
5.012432830238040538e+00
5.012167772983458391e+00
5.011897901983258130e+00
5.011624552679506017e+00
5.011349143476483192e+00
5.011073189505633962e+00
5.010795111541895608e+00
5.010516576969324731e+00
5.010236487069426481e+00
5.009956630689350376e+00
5.009676077903507441e+00
5.009393950511960902e+00
5.009109312684533855e+00
5.008821292330770447e+00
5.008528968670664661e+00
5.008231457730081715e+00
5.007928226010200490e+00
5.007623323125090842e+00
5.007319456802005853e+00
5.007018022665078227e+00
5.006719838583165938e+00
5.006425027639861192e+00
5.006138490137900021e+00
5.005863588747823556e+00
5.005601890606130588e+00
5.005354545430536817e+00
5.005121660546656415e+00
5.004903216024185753e+00
5.004698887055065271e+00
5.004507852957840619e+00
5.004329565705058158e+00
5.004162978061732936e+00
5.004007237728011148e+00
5.003860803625805431e+00
5.003727753346113083e+00
5.003611017062586264e+00
5.003511853709142976e+00
5.003431055636403002e+00
5.003368666774850482e+00
5.003324544767175475e+00
5.003298066567886337e+00
5.003288617121662618e+00
5.003295305696457085e+00
5.003317300099089593e+00
5.003353611521097477e+00
5.003403129872540767e+00
5.003464954455057345e+00
5.003537883052278090e+00
5.003620987265978037e+00
5.003713065405984040e+00
5.003812966376219862e+00
5.003921758841398670e+00
5.004043316879916325e+00
5.004176709727991224e+00
5.004324269771251998e+00
5.004484186648998190e+00
5.004658091954563126e+00
5.004844395715419836e+00
5.005038243785175922e+00
5.005239329479310939e+00
5.005444224524919328e+00
5.005653085868482677e+00
5.005863167654401202e+00
5.006074615019982410e+00
5.006290263544445729e+00
5.006508921637808918e+00
5.006732276800696546e+00
5.006958557434057155e+00
5.007188898428952761e+00
5.007421402755802831e+00
5.007651527385837298e+00
5.007878753944910777e+00
5.008099998693591459e+00
5.008315217747961512e+00
5.008521901286815847e+00
5.008720526799237405e+00
5.008913719832574607e+00
5.009100543569451780e+00
5.009282469164258345e+00
5.009457962467945613e+00
5.009628077681786529e+00
5.009794424112565814e+00
5.009953884008951697e+00
5.010105427216418050e+00
5.010249407749302719e+00
5.010386967083119814e+00
5.010519611464494538e+00
5.010644255328604579e+00
5.010759915012546806e+00
5.010866929480486398e+00
5.010966543836199882e+00
5.011060444360280641e+00
5.011150656213665400e+00
5.011239527865924082e+00
5.011324472047067324e+00
5.011404875229723110e+00
5.011481262544780435e+00
5.011554867528991153e+00
5.011627550862411518e+00
5.011696256950179951e+00
5.011760050274113532e+00
5.011819301207232513e+00
5.011875219258162595e+00
5.011929511252471769e+00
5.011983537847788384e+00
5.012038174487330799e+00
5.012094163016097781e+00
5.012152130642586911e+00
5.012212466478028539e+00
5.012275496708840983e+00
5.012341394775228665e+00
5.012410390276142991e+00
5.012482747721167087e+00
5.012558622212762494e+00
5.012638184997865842e+00
