0.7 34.97516894405437 49.01848909182261
0.7999999999999999 97.2300436738311 8.769519393446847
0.8999999999999999 29.12941600609029 1.8387348519564655
1.0 81.19689496596428 18.746602103596068
1.1 38.93629286158357 90.19942579742931
1.2 22.540085835387337 10.300406625706549
1.3 76.17654308455413 56.45586258853861
1.4 77.90402583949782 101.999315556009
1.5 141.91649380257786 96.61269039342237
1.6 431.3658353300539 33.32592223342002
1.7 456.4199154569217 98.70230971855311
1.8 804.5930811360934 310.8421258835728
1.9000000000000001 1028.5184524626425 55.31631526233944
