0.000000000000000000e+00
0.000000000000000000e+00
-1.433967845514417389e-06
-7.460240740329028396e-06
-1.881918171420693492e-05
-3.235997515730560585e-05
-4.374676849693061331e-05
-2.144270576536656131e-05
2.155490685254335295e-05
1.182594196870923237e-04
3.031745972111821673e-04
5.789927812293173097e-04
9.547278331592681886e-04
1.521832537837326631e-03
2.238024291582405706e-03
3.142528948374092700e-03
4.291050848551095087e-03
5.694201258011163079e-03
7.378281024284662377e-03
9.345613685436550411e-03
1.163180809933692800e-02
1.416444492060691708e-02
1.698504250962287743e-02
2.013845783192665800e-02
2.365402441937477368e-02
2.746693831402809843e-02
3.157389741856606036e-02
3.593638342339546682e-02
4.056466382462532022e-02
4.542772602755576483e-02
5.060987543780357673e-02
5.613857340533287554e-02
6.194040012080222896e-02
6.801547658164056043e-02
7.432009350974114192e-02
8.087020706851036356e-02
8.769197296816853837e-02
9.475250136572865856e-02
1.020415730448439723e-01
1.095439769001677333e-01
1.173154593678191054e-01
1.252531195851042944e-01
1.334582723351195876e-01
1.419118757219985927e-01
1.505803437205031903e-01
1.594614316197112691e-01
1.685359836788848653e-01
1.778334934683517277e-01
1.873592139454559324e-01
1.970859540672973420e-01
2.069706393452362125e-01
2.170371402474120803e-01
2.273216427536681461e-01
2.377936507435515767e-01
2.484194184513763004e-01
2.591929877968505713e-01
2.701439465256408878e-01
2.812573899002747679e-01
2.925494946213441083e-01
3.039948822231965941e-01
3.155970574589448407e-01
3.273418856831269985e-01
3.392856789799409412e-01
3.514335859986023602e-01
3.637292696209625253e-01
3.761937416763976860e-01
3.887854350777343870e-01
4.015287758084015168e-01
4.145252765389160765e-01
4.276461173268035765e-01
4.409949363442138281e-01
4.544639695854857386e-01
4.681580365868284188e-01
4.820285547943785054e-01
4.960714019509031569e-01
5.103731847973539404e-01
5.248076618881895028e-01
5.394813181133939484e-01
5.542840005131437486e-01
5.693179763527584925e-01
5.845353747578335701e-01
5.999218429299069122e-01
6.155518163414669397e-01
6.312970532150935510e-01
6.472694612713526530e-01
6.633662666054438439e-01
6.796914042206477768e-01
6.962003768654535518e-01
7.128725160332392008e-01
7.297723926277827067e-01
7.467800332279871389e-01
7.640113593311976814e-01
7.813736380310725149e-01
7.989673758717249497e-01
8.167509747715662183e-01
8.346916235657405592e-01
8.528374315472317946e-01
8.711291385861112957e-01
8.896663321228698296e-01
9.083998180599882621e-01
9.272899891110135684e-01
9.463190270634366241e-01
9.654691244335842359e-01
9.847974563809109849e-01
1.004302822467870726e+00
1.023955278513021039e+00
1.043737084981984697e+00
1.063633289453572717e+00
1.083684463617391236e+00
1.103806498167104078e+00
1.124105556127614536e+00
1.144467568513936495e+00
1.165006559011525722e+00
1.185694835302419259e+00
1.206578085538930312e+00
1.227670264360494201e+00
1.248880341169423591e+00
1.270298082944936180e+00
1.291816375371999115e+00
1.313525049802846123e+00
1.335318038580006972e+00
1.357287566778249133e+00
1.379455111143178314e+00
1.401825893041676929e+00
1.424451055643147779e+00
1.447191009637898818e+00
1.470120337125844223e+00
1.493130793687886593e+00
1.516304595586842607e+00
1.539670252916401694e+00
1.563222437021321021e+00
1.586932053682392763e+00
1.610808043596333228e+00
1.634851830122059591e+00
1.659007384893482762e+00
1.683379876730031199e+00
1.707883017179555152e+00
1.732577524301594840e+00
1.757416124460286611e+00
1.782316610929555178e+00
1.807348570940083610e+00
1.832434830782002422e+00
1.857646689531392337e+00
1.883023827192372490e+00
1.908464045641011797e+00
1.934010253068989993e+00
1.959591980096883068e+00
1.985123989698475588e+00
2.010686600324695927e+00
2.036197245237415299e+00
2.061607651826923071e+00
2.086987364408557699e+00
2.112281251070087684e+00
2.137529065725392030e+00
2.162662053224628789e+00
2.187604274866169263e+00
2.212450645086354140e+00
2.237106006261891267e+00
2.261614208337849430e+00
2.285975978490895510e+00
2.310206818697041697e+00
2.334304483053273760e+00
2.358276267168111229e+00
2.382080612299031230e+00
2.405633001443929331e+00
2.428973868009633552e+00
2.452124745962209751e+00
2.475106611368246057e+00
2.497918887254781950e+00
2.520566818830557221e+00
2.542960455534049036e+00
2.565195524808950633e+00
2.587174074766225740e+00
2.608915689107961899e+00
2.630633771535940912e+00
2.652249069330282705e+00
2.673872604486533078e+00
2.695461804983206644e+00
2.717133402940817621e+00
2.738784036752768269e+00
2.760461278078147007e+00
2.782267296430655179e+00
2.804292574045248454e+00
2.826527786371298312e+00
2.849019703981467089e+00
2.871707947370596870e+00
2.894766283151694264e+00
2.918107197401114572e+00
2.941828379747458477e+00
2.965839035627432896e+00
2.990237007257529278e+00
3.014937422391958943e+00
3.039985568639822500e+00
3.065361285326070995e+00
3.090970456716604087e+00
3.116818540212697997e+00
3.142838819143362272e+00
3.169050099966115752e+00
3.195402526971883539e+00
3.221916403886861069e+00
3.248551242467946132e+00
3.275326309320515161e+00
3.302240777132099403e+00
3.329283173200672241e+00
3.356457188245838719e+00
3.383745467779224914e+00
3.411155548212116528e+00
3.438673365232533197e+00
3.466303994772022889e+00
3.494048719522541369e+00
3.521931083318775357e+00
3.549942717668598480e+00
3.578109123823231208e+00
3.606405508634632273e+00
3.634776382562702413e+00
3.663135960218494525e+00
3.691469338056629468e+00
3.719714880106037569e+00
3.747856576559132069e+00
3.775965223428791706e+00
3.804000549432820399e+00
3.832010464784688430e+00
3.859951489088124799e+00
3.887839982626027702e+00
3.915580470678395653e+00
3.943174376604146047e+00
3.970670180437154251e+00
3.998055117246694046e+00
4.025353841898030360e+00
4.052538826582021692e+00
4.079553611394948653e+00
4.106477236864156666e+00
4.133239355203695453e+00
4.159905970213002568e+00
4.186402764436786939e+00
4.212700016614979504e+00
4.238843033430164553e+00
4.264798984644000868e+00
4.290599346277302217e+00
4.316221556779926694e+00
4.341634698030537365e+00
4.366785590765065450e+00
4.391628644582814545e+00
4.416248562452382842e+00
4.440526788351125909e+00
4.464593091127461832e+00
4.488337879297322530e+00
4.511810834524220937e+00
4.534988141176289567e+00
4.557800667402332806e+00
4.580250029680317247e+00
4.602309177038257815e+00
4.623973741647786184e+00
4.645288667795247406e+00
4.666253085252827226e+00
4.686877415296619276e+00
4.707261610147541298e+00
4.727273538229053607e+00
4.747033125278537824e+00
4.766396745559757342e+00
4.785357595798556574e+00
4.803976743337695865e+00
4.822211217996661858e+00
4.840199012872760775e+00
4.857904785987918750e+00
4.875272423145359468e+00
4.892299782154147181e+00
4.909042877075258993e+00
4.925536407348696244e+00
4.941694562551562697e+00
4.957655059215610116e+00
4.973311780807559757e+00
4.988643741724079206e+00
5.003828749773090223e+00
5.018770883199756838e+00
5.033534138319080142e+00
5.048152320501392509e+00
5.062571379062717369e+00
5.076772240516726598e+00
5.090745920059267959e+00
5.104618575689380044e+00
5.118279410717074818e+00
5.131724344608371347e+00
5.144950194475238270e+00
5.157933234092777042e+00
5.170685564395969713e+00
5.183145541069096751e+00
5.195399309513157426e+00
5.207453085300510764e+00
5.219249010202473116e+00
5.230797232505864258e+00
5.242059170124119483e+00
5.253126353141850835e+00
5.264010045644827329e+00
5.274657868263311400e+00
5.285086574670858184e+00
5.295251708147115544e+00
5.305237438199109867e+00
5.315037865159100150e+00
5.324595018145626746e+00
5.333902978417461860e+00
5.342954852697437751e+00
5.351745711085384549e+00
5.360254564997738669e+00
5.368529771682804430e+00
5.376591326710767227e+00
5.384410208580083790e+00
5.391957588908262267e+00
5.399235873338766645e+00
5.406181469676085705e+00
5.412837412473746390e+00
5.419244384285994975e+00
5.425365508315155516e+00
5.431206944701263417e+00
5.436698885080406107e+00
5.441887056943962797e+00
5.446804921743462202e+00
5.451421371814797467e+00
5.455751010295936787e+00
5.459726914879867721e+00
5.463397884187290998e+00
5.466795590338299426e+00
5.469890545723031572e+00
5.472707722303460365e+00
5.475199515935967653e+00
5.477318015960046971e+00
5.479181911763737922e+00
5.480672544059347118e+00
5.481898545962761382e+00
5.482765043345282585e+00
5.483352510598490603e+00
5.483644072045574802e+00
5.483540096054787760e+00
5.483139413329775280e+00
5.482422031271274143e+00
5.481404879870826363e+00
5.480078174504453337e+00
5.478416634085590431e+00
5.476428272309714629e+00
5.474113207790071378e+00
5.471511185797864663e+00
5.468595789703543097e+00
5.465448598894292687e+00
5.461977282795126065e+00
5.458232215079480198e+00
5.454179277750665911e+00
5.449855646821673005e+00
5.445279122325594301e+00
5.440438420507128114e+00
5.435333108040507177e+00
5.429995394083673155e+00
5.424408607813532512e+00
5.418615032169039836e+00
5.412638534638102961e+00
5.406508830520327713e+00
5.400243037077602004e+00
5.393873925539670822e+00
5.387412751051604332e+00
5.380887486669241326e+00
5.374319183561026669e+00
5.367739460202871626e+00
5.361180042955099090e+00
5.354644619557079821e+00
5.348167984220204119e+00
5.341785478922544073e+00
5.335487599703489181e+00
5.329308495852171035e+00
5.323292442890822151e+00
5.317410647007643654e+00
5.311711245509802559e+00
5.306158625218092340e+00
5.300802435013471481e+00
5.295710212322889632e+00
5.290835068258463281e+00
5.286234376165091398e+00
5.281859861644923271e+00
5.277771916124045504e+00
5.274033111664474305e+00
5.270554601582706056e+00
5.267402986618697547e+00
5.264624244901359162e+00
5.262128646853387437e+00
5.259970684382140327e+00
5.258205372425734936e+00
5.256726698610008519e+00
5.255600558402956146e+00
5.254759919005453916e+00
5.254231489221573348e+00
5.254015927142471121e+00
5.254125983831480440e+00
5.254561304342939998e+00
5.255327229392721122e+00
5.256338285920216791e+00
5.257680046227767079e+00
5.259225373980595641e+00
5.261049458202912810e+00
5.263069249209954670e+00
5.265289317485883913e+00
5.267711893436506365e+00
5.270266649243429136e+00
5.272969419774606870e+00
5.275805054721430132e+00
5.278755993959500792e+00
5.281805614051416242e+00
5.284945626077250047e+00
5.288131768223838236e+00
5.291363138672903865e+00
5.294614279088572850e+00
5.297854902860716919e+00
5.301070172009065828e+00
5.304224553820684918e+00
5.307315862295225450e+00
5.310320241567686672e+00
5.313226481196479334e+00
5.316036628899173166e+00
5.318727614698008921e+00
5.321285173413352609e+00
5.323716640737848671e+00
5.326015994367199191e+00
5.328136291322308260e+00
5.330146682527858282e+00
5.331984137711126337e+00
5.333667971757251713e+00
5.335202190694411151e+00
5.336560149011214449e+00
5.337751090941031507e+00
5.338789182645281350e+00
5.339637995478709875e+00
5.340318712485035313e+00
5.340838461150426930e+00
5.341210800227721656e+00
5.341379782841552348e+00
5.341366294034535223e+00
5.341185786601863938e+00
5.340791758474669138e+00
5.340201642353794576e+00
5.339442295123598470e+00
5.338451102440020080e+00
5.337307373274822631e+00
5.335953256924409693e+00
5.334343050260800467e+00
5.332558460523147303e+00
5.330494196702499465e+00
5.328193550099390663e+00
5.325629311789529474e+00
5.322866458882348439e+00
5.319870954145446973e+00
5.316692607392325520e+00
5.313250012685314161e+00
5.309558428217425963e+00
5.305662821520821026e+00
5.301567214716928156e+00
5.297302183498398875e+00
5.292810912121788114e+00
5.288153420080201172e+00
5.283317754556195567e+00
5.278323732604042640e+00
5.273210703124061816e+00
5.267985055436151143e+00
5.262655425657289499e+00
5.257222480763452666e+00
5.251707321990984667e+00
5.246139665831583088e+00
5.240525127042787723e+00
5.234883926500337736e+00
5.229214977015511856e+00
5.223535020340934310e+00
5.217866014827742482e+00
5.212212668050780096e+00
5.206590171445860449e+00
5.201011372198117932e+00
5.195488457073223820e+00
5.190031650055896506e+00
5.184665184606564559e+00
5.179390579451572663e+00
5.174213797439586315e+00
5.169159599532138216e+00
5.164195922602663913e+00
5.159344815005312945e+00
5.154606783677587956e+00
5.149997411061773889e+00
5.145500710596095040e+00
5.141169124831210802e+00
5.136952578116904533e+00
5.132878530611049150e+00
5.128942215432177321e+00
5.125141960968027099e+00
5.121509492982873724e+00
5.118036901344308554e+00
5.114713783551702697e+00
5.111554728735932862e+00
5.108547930706985873e+00
5.105714841474540577e+00
5.103044973601348566e+00
5.100525086511618511e+00
5.098151865740067734e+00
5.095918153066881118e+00
5.093879447419888074e+00
5.092017724503523191e+00
5.090312789668088200e+00
5.088759072710518971e+00
5.087345643927102756e+00
5.086088179041390767e+00
5.084994965557698698e+00
5.084076564748530203e+00
5.083279630829338203e+00
5.082624603722933010e+00
5.082088468064311471e+00
5.081691156056466596e+00
5.081387772437872208e+00
5.081206529167237029e+00
5.081157524514700263e+00
5.081211471719424999e+00
5.081376135026793861e+00
5.081609492147097562e+00
5.081927695454785621e+00
5.082331804739067316e+00
5.082793410153816360e+00
5.083315159896145907e+00
5.083883523190151799e+00
5.084495099516342265e+00
5.085136948035785309e+00
5.085794895322747422e+00
5.086460733817643742e+00
5.087129617513842739e+00
5.087791107849901628e+00
5.088429676176732031e+00
5.089043714100247584e+00
5.089602992566055306e+00
5.090111536564057459e+00
5.090549916842703304e+00
5.090913080604497765e+00
5.091210479562854552e+00
5.091409187888479515e+00
5.091510984109466342e+00
5.091510091273141470e+00
5.091389211675179993e+00
5.091145745867891925e+00
5.090806711928948403e+00
5.090356521623238706e+00
5.089754397215350501e+00
5.089046578126057874e+00
5.088202378245100910e+00
5.087238058911667693e+00
5.086153653727875756e+00
5.084921537952528325e+00
5.083590756522523790e+00
5.082139069156753841e+00
5.080606681721317130e+00
5.078965563045846565e+00
5.077207302914965581e+00
5.075377608703481869e+00
5.073467026071656782e+00
5.071507350223173560e+00
5.069487872587550292e+00
5.067420579807866865e+00
5.065321571396698808e+00
5.063191963003982110e+00
5.061048784868825479e+00
5.058898630606043945e+00
5.056753603832829569e+00
5.054622538255561182e+00
5.052520069645750844e+00
5.050452463196624997e+00
5.048443077819455560e+00
5.046516871320116948e+00
5.044660092012990482e+00
5.042899709956755849e+00
5.041230260001530183e+00
5.039653959291091390e+00
5.038221762644162105e+00
5.036871189044823893e+00
5.035659695135465519e+00
5.034569322632661326e+00
5.033622799681535476e+00
5.032833067344537170e+00
5.032151510583272369e+00
5.031602297442068661e+00
5.031180789226702643e+00
5.030904396100004838e+00
5.030749006362666975e+00
5.030705250946840401e+00
5.030781627570314107e+00
5.030944221423041540e+00
5.031233838436228289e+00
5.031606113289518234e+00
5.032085259531658750e+00
5.032660751429421708e+00
5.033333541465026428e+00
5.034110552010160333e+00
5.034969914046149242e+00
5.035921400574070006e+00
5.036946695310097866e+00
5.038044105482321733e+00
5.039198789236168707e+00
5.040410689723709758e+00
5.041672961425999411e+00
5.042975229931094816e+00
5.044304058712937078e+00
5.045648573500134404e+00
5.046999195826272100e+00
5.048333249998311345e+00
5.049641868037205050e+00
5.050923109066705941e+00
5.052153148886780798e+00
5.053342471209387732e+00
5.054463477221350587e+00
5.055511731666546105e+00
5.056494192493180329e+00
5.057384348002295305e+00
5.058207404774646143e+00
5.058937233773091791e+00
5.059578213256815005e+00
5.060125099134662463e+00
5.060541517187871818e+00
5.060864919734219036e+00
5.061065077570296999e+00
5.061167483770319997e+00
5.061142395523407167e+00
5.060969472353377796e+00
5.060661546916731979e+00
5.060226373889513241e+00
5.059672113166219454e+00
5.059006002650625611e+00
5.058171497316129361e+00
5.057194840193755425e+00
5.056096062318450990e+00
5.054887586713797454e+00
5.053581755043034640e+00
5.052159087241653523e+00
5.050650403530363874e+00
5.049022617817884750e+00
5.047298522473339766e+00
5.045499441207414115e+00
5.043620114953284883e+00
5.041686185182099322e+00
5.039686479450231182e+00
5.037643548429972640e+00
5.035572135628228807e+00
5.033475365669494828e+00
5.031364428133731970e+00
5.029245374233489940e+00
5.027126987309222805e+00
5.025020207048420673e+00
5.022930360020165352e+00
5.020857977152829221e+00
5.018811292083029230e+00
5.016795700968268434e+00
5.014816121489767298e+00
5.012883401692871388e+00
5.010982183248761324e+00
5.009136939228537422e+00
5.007349369258645488e+00
5.005618415058615156e+00
5.003958390385868427e+00
5.002345280678035522e+00
5.000810301036598737e+00
4.999354439408542738e+00
4.997972430021525803e+00
4.996682478369237401e+00
4.995453648076416897e+00
4.994323959455849504e+00
4.993293517337204612e+00
4.992355848060013201e+00
4.991514023722174009e+00
4.990763659433485877e+00
4.990144300789595810e+00
4.989647326313915165e+00
4.989258761026921896e+00
4.988975383129927721e+00
4.988789062791529005e+00
4.988712435046235960e+00
4.988743686692814094e+00
4.988880284668903542e+00
4.989122887643079984e+00
4.989461336823207027e+00
4.989926126504343529e+00
4.990476342344681626e+00
4.991120111474793397e+00
4.991856159323852182e+00
4.992675306106012734e+00
4.993574949333470236e+00
4.994548699835340777e+00
4.995614851320188343e+00
4.996756483370464075e+00
4.997959373349348589e+00
4.999213043207327622e+00
5.000509324723878990e+00
5.001848707253137682e+00
5.003216470981040942e+00
5.004604348892369714e+00
5.006004210317531289e+00
5.007411978745857084e+00
5.008820454830327229e+00
5.010220957452454549e+00
5.011605406010546382e+00
5.012963612580695560e+00
5.014294099563756824e+00
5.015588460320629771e+00
5.016818052062787636e+00
5.017990291396179359e+00
5.019083698669471794e+00
5.020101649815240208e+00
5.021038184890547207e+00
5.021871976757445566e+00
5.022592517117061561e+00
5.023184639977314347e+00
5.023665297122694717e+00
5.024036605300404190e+00
5.024276541246122996e+00
5.024377907233334994e+00
5.024356515005252710e+00
5.024193576917074466e+00
5.023900150477909499e+00
5.023493382155917786e+00
5.022939776301406312e+00
5.022274327248356762e+00
5.021447416588686430e+00
5.020531244993232001e+00
5.019476663440488373e+00
5.018314225122354699e+00
5.017030094161651910e+00
5.015595913276098550e+00
5.014080725505970726e+00
5.012455191954994227e+00
5.010769664689921576e+00
5.008996011510514990e+00
5.007130001381064233e+00
5.005194106593753745e+00
5.003184759363556999e+00
5.001137121066475899e+00
4.999048592492962406e+00
4.996931404367112250e+00
4.994792364731454271e+00
4.992641370639228526e+00
4.990488535955571514e+00
4.988348078027390109e+00
4.986230401590489691e+00
4.984145073637389345e+00
4.982113560631894700e+00
4.980145142719173634e+00
4.978239888444566219e+00
4.976407885447168056e+00
4.974667881920956880e+00
4.973035332456253954e+00
4.971489268139027473e+00
4.970045731857442028e+00
4.968706876978300713e+00
4.967488792732380531e+00
4.966393389523052093e+00
4.965416206017158274e+00
4.964555716484807313e+00
4.963809921190164509e+00
4.963222267635188700e+00
4.962778806060574865e+00
4.962467307418606310e+00
4.962284462794683826e+00
4.962224713967203549e+00
4.962302840103417267e+00
4.962513978232650835e+00
4.962868560713737054e+00
4.963349582863060938e+00
4.963944199246374644e+00
4.964657984760610709e+00
4.965491130289642285e+00
4.966428538647501334e+00
4.967490832147210433e+00
4.968655928832500734e+00
4.969919767689911616e+00
4.971267211151330301e+00
4.972685650301186477e+00
4.974170647722689687e+00
4.975738236618250099e+00
4.977363646191567348e+00
4.979032389086693655e+00
4.980733359915226366e+00
4.982458994102686667e+00
4.984203438621968019e+00
4.985958191764564340e+00
4.987709972572536898e+00
4.989453628671379981e+00
4.991181274515600563e+00
4.992890839141818304e+00
4.994568551194877415e+00
4.996212809694022816e+00
4.997801541996210517e+00
4.999330099684208051e+00
5.000804797423094250e+00
5.002217349422187986e+00
5.003550705176802005e+00
5.004804860216589546e+00
5.005965985593411993e+00
5.007024266955467873e+00
5.007978924823019540e+00
5.008839961153480402e+00
5.009599270683737338e+00
5.010221229468496240e+00
5.010718486134917882e+00
5.011109880146594975e+00
5.011329633009644624e+00
5.011450814281614541e+00
5.011416361802748298e+00
5.011283536269819372e+00
5.011002535238421096e+00
5.010604967154121958e+00
5.010075343861735142e+00
5.009418714582479559e+00
5.008642137661134974e+00
5.007717207237637247e+00
5.006689384370601736e+00
5.005547867357290848e+00
5.004301423444903030e+00
5.002958476110852537e+00
5.001526342197813335e+00
4.999999879911102063e+00
4.998400835111297624e+00
4.996739831283249167e+00
4.995035043224253180e+00
4.993299045428194916e+00
4.991541475370086189e+00
4.989780604704773914e+00
4.988026910438692063e+00
4.986286403253232358e+00
4.984571410879052422e+00
4.982875996842540900e+00
4.981219635471262563e+00
4.979615571960367859e+00
4.978075040593305189e+00
4.976601241543451515e+00
4.975202184184948528e+00
4.973898780658402963e+00
4.972667702376406318e+00
4.971562712430516839e+00
4.970573142334382410e+00
4.969695371478358936e+00
4.968949348941009703e+00
4.968300232603709787e+00
4.967810597843984155e+00
4.967416859209099478e+00
4.967180965128846992e+00
4.967121139774590688e+00
4.967177627678520224e+00
4.967402106910504322e+00
4.967720938898183114e+00
4.968188937209106371e+00
4.968784737191653811e+00
4.969524277425862557e+00
4.970381616331197350e+00
4.971350851483204103e+00
4.972437662384965762e+00
4.973635741225936435e+00
4.974948033593156183e+00
4.976344704232671390e+00
4.977815351239898156e+00
4.979354604534366402e+00
4.980945620290496478e+00
4.982588284663417966e+00
4.984272892824867185e+00
4.985991537175634036e+00
4.987728631548145941e+00
4.989476634315709092e+00
4.991232000045040529e+00
4.992991866968134573e+00
4.994741684101083656e+00
4.996470934651354057e+00
4.998169991872766893e+00
4.999828301421859855e+00
5.001448793462970777e+00
5.003009621403672114e+00
5.004521031729437297e+00
5.005960221789337972e+00
5.007345773778416387e+00
5.008652068726278550e+00
5.009855160392381102e+00
5.010972584239699046e+00
5.011973836995223586e+00
5.012893441594698629e+00
5.013699800274827645e+00
5.014367004833678365e+00
5.014938041545014435e+00
5.015381577029386584e+00
5.015685133911230942e+00
5.015846628114142725e+00
5.015846020368718960e+00
5.015729654239351021e+00
5.015469938101107417e+00
5.015053180562193624e+00
5.014490442531044145e+00
5.013796238558227536e+00
5.012972292633588900e+00
5.012002993332083101e+00
5.010902824433381753e+00
5.009653588788445688e+00
5.008279463605817661e+00
5.006791653292116173e+00
5.005206195967135230e+00
5.003504694508252193e+00
5.001691298739848079e+00
4.999804124789174686e+00
4.997842850493129596e+00
4.995828246878322609e+00
4.993760611073908784e+00
4.991652332054314911e+00
4.989526156144081348e+00
4.987389767574010868e+00
4.985254350857674766e+00
4.983134934412181138e+00
4.981040173577009789e+00
4.978982967244327540e+00
4.976977104203642810e+00
4.975016732470931125e+00
4.973135682003439584e+00
4.971323318587483442e+00
4.969606824623288510e+00
4.967981504009904015e+00
4.966482019977511264e+00
4.965098513470827868e+00
4.963820740537582488e+00
4.962671983199058445e+00
4.961619861530004449e+00
4.960726283075152843e+00
4.959973437594114465e+00
4.959349716188252266e+00
4.958848662370683336e+00
4.958468049535395217e+00
4.958271638484538890e+00
4.958206929633260707e+00
4.958300137793512086e+00
4.958497320072591030e+00
4.958834112392604077e+00
4.959296924652398353e+00
4.959900854298710193e+00
4.960657882237671679e+00
4.961509200775861217e+00
4.962477112630247156e+00
4.963544053355096963e+00
4.964709713676810132e+00
4.965994439640878610e+00
4.967350622484324241e+00
4.968794237891076548e+00
4.970311524787783597e+00
4.971901822009920480e+00
4.973550403186915325e+00
4.975257456967470127e+00
4.977018917420742206e+00
4.978811091253398047e+00
4.980628321388599566e+00
4.982454087952015165e+00
4.984285289564963861e+00
4.986100435921784424e+00
4.987889326581593785e+00
4.989635496357318623e+00
4.991310685047743334e+00
4.992929878750680395e+00
4.994469877997277152e+00
4.995927844265338535e+00
4.997309871086713429e+00
4.998578820446369697e+00
4.999737131366369880e+00
5.000758017370340092e+00
5.001678087035055675e+00
5.002467114472623599e+00
5.003090095551546490e+00
5.003565583037073772e+00
5.003880727657909588e+00
5.004033422138403964e+00
5.004059792870051204e+00
5.003941823506123932e+00
5.003666285091407318e+00
5.003219354377455907e+00
5.002629034110673167e+00
5.001904541963107853e+00
5.001025252231725560e+00
4.999987346121439025e+00
4.998812096082933643e+00
4.997494395041234938e+00
4.996055234038597526e+00
4.994468424880272650e+00
4.992729098313813729e+00
4.990883053654198598e+00
4.988924802952769966e+00
4.986889371090891032e+00
4.984768447839977412e+00
4.982559159213068689e+00
4.980296043717624244e+00
4.977978324556113776e+00
4.975619451516630320e+00
4.973223993593217429e+00
4.970803854429484581e+00
4.968372491562128346e+00
4.965940970742465765e+00
4.963512652033331030e+00
4.961105476581813001e+00
4.958737671190263541e+00
4.956401097589493432e+00
4.954119198286295322e+00
4.951878858768701264e+00
4.949716071897506176e+00
4.947634744012117558e+00
4.945630706363679074e+00
4.943728478663922843e+00
4.941896272563697678e+00
4.940179491007090640e+00
4.938580601328373731e+00
4.937090707683325697e+00
4.935712841564179776e+00
4.934441336804391121e+00
4.933321553060175724e+00
4.932310790905120257e+00
4.931431314685705836e+00
4.930688410067324057e+00
4.930074254685407276e+00
4.929598982186383260e+00
4.929289700259780638e+00
4.929107195270572284e+00
4.929121084878081760e+00
4.929248405493657614e+00
4.929553810138118664e+00
4.930013339485836532e+00
4.930606734644485734e+00
4.931386227127029009e+00
4.932266586836290934e+00
4.933296545784783937e+00
4.934444751407813357e+00
4.935695836063336728e+00
4.937087165977668057e+00
4.938555603887748724e+00
4.940133129473638363e+00
4.941788484420489347e+00
4.943517679687451150e+00
4.945309764709183931e+00
4.947151594873378855e+00
4.949053018655487968e+00
4.950990943129965238e+00
4.952955699231336162e+00
4.954940495308348680e+00
4.956936521198461065e+00
4.958938915844868234e+00
4.960942071791599517e+00
4.962932091023634307e+00
4.964900744374703301e+00
4.966837053563307514e+00
4.968714242990921903e+00
4.970545408245036434e+00
4.972308677103231211e+00
4.974000088687848375e+00
4.975612540509414927e+00
4.977147284414482620e+00
4.978584061231327240e+00
4.979895111288738185e+00
4.981086275543880504e+00
4.982153012867879482e+00
4.983102322336149470e+00
4.983927506919814121e+00
4.984598484527184681e+00
4.985085612278296274e+00
4.985426052700593580e+00
4.985593563899263891e+00
4.985636289998755188e+00
4.985522077459706658e+00
4.985233109783245631e+00
4.984777576554430212e+00
4.984171770293129633e+00
4.983416491675986215e+00
4.982492833141103361e+00
4.981416765678539527e+00
4.980167106095566787e+00
4.978771448884024231e+00
4.977239250395314230e+00
4.975590114597097546e+00
4.973803502026810541e+00
4.971881135556711406e+00
4.969855335656418127e+00
4.967738227102771909e+00
4.965548633936660572e+00
4.963277869973198086e+00
4.960929339829699636e+00
4.958532599065318180e+00
4.956089982393993232e+00
4.953618288341773201e+00
4.951122077558053114e+00
4.948614415082944085e+00
4.946110116693986036e+00
4.943621341738712260e+00
4.941157830510150006e+00
4.938723158094893151e+00
4.936334812495720037e+00
4.933996617946636576e+00
4.931715287122738545e+00
4.929482720646871208e+00
4.927312594357741382e+00
4.925210836384309232e+00
4.923197750005734008e+00
4.921246251765502677e+00
4.919382057491554328e+00
4.917624648365987561e+00
4.915965415689959706e+00
4.914423233125223334e+00
4.912961312387002621e+00
4.911612651500714577e+00
4.910399874303354117e+00
4.909293658513441017e+00
4.908343586552753379e+00
4.907498811710491182e+00
4.906786612573877271e+00
4.906165039505676617e+00
4.905670411366838124e+00
4.905358157571273914e+00
4.905166793469209807e+00
4.905132406434380421e+00
4.905206021113657222e+00
4.905427891766988679e+00
4.905825348912143724e+00
4.906363816900515928e+00
4.907070114506745462e+00
4.907906320361756336e+00
4.908903101502323452e+00
4.910072172774338384e+00
4.911389107747340610e+00
4.912865933074022529e+00
4.914455590738320723e+00
4.916172246678137014e+00
4.918030917985698913e+00
4.919999370171091790e+00
4.922074037237428534e+00
4.924221983446144257e+00
4.926445480032230151e+00
4.928745611204171873e+00
4.931097801966929595e+00
4.933488008274103720e+00
4.935904017282987333e+00
4.938335390283132398e+00
4.940771768881346837e+00
4.943198098732497492e+00
4.945606050385502606e+00
4.947987731440332659e+00
4.950329924417999017e+00
4.952611783339049722e+00
4.954826734407212996e+00
4.956974897725847207e+00
4.959028819097547114e+00
4.960982210977344486e+00
4.962814807487992752e+00
4.964532216681508459e+00
4.966137975050477493e+00
4.967631679220465557e+00
4.969015586568382936e+00
4.970216106741097484e+00
4.971284381641413397e+00
4.972196123121644717e+00
4.972963938607241730e+00
4.973562229505147592e+00
4.974009187190200798e+00
4.974312151173467811e+00
4.974444485666567495e+00
4.974439902481496034e+00
4.974275068872481498e+00
4.973923045256047892e+00
4.973434536763339686e+00
4.972784219615965284e+00
4.971999774657994031e+00
4.971056707435158373e+00
4.969949411907102821e+00
4.968703634672667846e+00
4.967335814171340402e+00
4.965863103800323586e+00
4.964270074450282344e+00
4.962587259345560220e+00
4.960790035509377915e+00
4.958913854145317934e+00
4.956973062836437904e+00
4.954972784899979388e+00
4.952938851647883389e+00
4.950876106553583789e+00
4.948800140404014947e+00
4.946724917524367271e+00
4.944663296424657517e+00
4.942612109565049927e+00
4.940597177230626968e+00
4.938617815458089311e+00
4.936695439153226062e+00
4.934844853215725635e+00
4.933050916426688914e+00
4.931330978357106432e+00
4.929694021873981313e+00
4.928156840585977250e+00
4.926716684334784269e+00
4.925371898644475444e+00
4.924139717676547789e+00
4.923023642533329358e+00
4.922012880154755798e+00
4.921137970992234045e+00
4.920386883103158304e+00
4.919757159509565270e+00
4.919276342027690596e+00
4.918908350401427931e+00
4.918678167414721969e+00
4.918594846826848332e+00
4.918635977277403093e+00
4.918820652713868924e+00
4.919111661253367629e+00
4.919529786309098540e+00
4.920052425091956394e+00
4.920678983753417945e+00
4.921421788534020791e+00
4.922276156222319621e+00
4.923234104042745862e+00
4.924281567385293101e+00
4.925415057366587135e+00
4.926641716262199822e+00
4.927954412897921799e+00
4.929345427056647466e+00
4.930803084125614966e+00
4.932323656579352900e+00
4.933899137725926920e+00
4.935531431486703369e+00
4.937220476617908638e+00
4.938947650244330134e+00
4.940701449116563282e+00
4.942473074247931919e+00
4.944253265758847604e+00
4.946034038862086035e+00
4.947798260500526624e+00
4.949539805104828716e+00
4.951258227130271194e+00
4.952940162321425532e+00
4.954580497046805476e+00
4.956172220459081679e+00
4.957716073294976766e+00
4.959184235980608868e+00
4.960560525854923242e+00
4.961874127885199215e+00
4.963101786723233211e+00
4.964242687424516021e+00
4.965296395173168342e+00
4.966239869644737404e+00
4.967053883200383879e+00
4.967758745824790267e+00
4.968341469963885260e+00
4.968830438157416651e+00
4.969193796677388697e+00
4.969457192322112249e+00
4.969602875592060265e+00
4.969593038261043816e+00
4.969497291846307618e+00
4.969273467166456015e+00
4.968952302215726924e+00
4.968518459228905115e+00
4.967990797376366174e+00
4.967329718982906428e+00
4.966570354541868682e+00
4.965719516193598082e+00
4.964790026685328428e+00
4.963800546815723358e+00
4.962729300027818091e+00
4.961607759362191672e+00
4.960433670645684856e+00
4.959229656895728588e+00
4.958004792546959472e+00
4.956767588695617732e+00
4.955527302613586649e+00
4.954297999730438384e+00
4.953081602072447964e+00
4.951902623316376761e+00
4.950765140643446749e+00
4.949673739587992394e+00
4.948630074327915906e+00
4.947642448237270507e+00
4.946746883904665992e+00
4.945923460042209285e+00
4.945190474232764366e+00
4.944539666762683083e+00
4.943977875029775149e+00
4.943544264352055961e+00
4.943201088374586050e+00
4.942971381051570745e+00
4.942867677640274238e+00
4.942852771765424258e+00
4.942979843578172883e+00
4.943190334363712246e+00
4.943535906447900530e+00
4.943974428697361034e+00
4.944530186428561791e+00
4.945238355322615575e+00
4.946027351840275976e+00
4.946935375182765604e+00
4.947920785619752237e+00
4.949001393317119302e+00
4.950187929271594456e+00
4.951451501398222987e+00
4.952794839440720409e+00
4.954200507997410519e+00
4.955680905281441007e+00
4.957210569827692481e+00
4.958793255387680787e+00
4.960415657161610703e+00
4.962061539738315652e+00
4.963719977735418176e+00
4.965379942207474251e+00
4.967033994643826667e+00
4.968672050534626017e+00
4.970296289919753363e+00
4.971894644050737000e+00
4.973471188246151087e+00
4.974996926336427983e+00
4.976480953394315065e+00
4.977905284612318404e+00
4.979254195093055557e+00
4.980544571279425625e+00
4.981729387714405988e+00
4.982837727217813040e+00
4.983847616537352643e+00
4.984740074946422794e+00
4.985546150728004555e+00
4.986215303911703423e+00
4.986803217603700489e+00
4.987261357120113203e+00
4.987600051685110891e+00
4.987832393961833866e+00
4.987916587739126939e+00
4.987917953571413321e+00
4.987795180976498877e+00
4.987571862880248119e+00
4.987240191940325751e+00
4.986825632993239665e+00
4.986320301126796473e+00
4.985733281802493089e+00
4.985048748981315114e+00
4.984286881070691066e+00
4.983456420358377770e+00
4.982558606173950189e+00
4.981607178803640679e+00
4.980603833105522682e+00
4.979555059354860092e+00
4.978471183013278178e+00
4.977353043314177938e+00
4.976205871682722659e+00
4.975029051210840159e+00
4.973833440896231473e+00
4.972621512543518030e+00
4.971409711893755912e+00
4.970205909889299889e+00
4.969017692562300859e+00
4.967851458471375992e+00
4.966704384442526710e+00
4.965596657823879490e+00
4.964529312383491266e+00
4.963513584714490001e+00
4.962538462113696980e+00
4.961618387829621390e+00
4.960757136102875720e+00
4.959969318639597446e+00
4.959248508568962599e+00
4.958586783316095925e+00
4.957994058597942733e+00
4.957466039527318458e+00
4.957014312464854022e+00
4.956631270516774102e+00
4.956308570634683441e+00
4.956048402488341331e+00
4.955857717767468529e+00
4.955741018662339847e+00
4.955703054331353385e+00
4.955736776027007906e+00
4.955845575058012820e+00
4.956024705697894994e+00
4.956279617031219331e+00
4.956621134919228844e+00
4.957053393689098364e+00
4.957570993532541159e+00
4.958162993718985057e+00
4.958831790094376579e+00
4.959573592101336637e+00
4.960419132043720758e+00
4.961321699475050195e+00
4.962309106071591813e+00
4.963367416565418466e+00
4.964481500988006779e+00
4.965672754724621107e+00
4.966903573726415999e+00
4.968186647002697853e+00
4.969503662292956925e+00
4.970843689297438139e+00
4.972199619119166414e+00
4.973562651281356217e+00
4.974931659703254461e+00
4.976299719070196304e+00
4.977654649471044301e+00
4.978993112151622213e+00
4.980312470649481682e+00
4.981609034990071905e+00
4.982861648951767641e+00
4.984066194747684975e+00
4.985219883252975492e+00
4.986331312139627769e+00
4.987393166725634153e+00
4.988389875670073970e+00
4.989323187624215450e+00
4.990187576790451551e+00
4.990973903839588388e+00
4.991696143527628138e+00
4.992339234580398966e+00
4.992927868743540998e+00
4.993448551376464373e+00
4.993885734048786773e+00
4.994262784500721253e+00
4.994541484494809502e+00
4.994752096277777831e+00
4.994881782601704678e+00
4.994936473202078453e+00
4.994932111261122465e+00
4.994820782469295395e+00
4.994644446598075049e+00
4.994364922960929931e+00
4.993972283286684188e+00
4.993507592064971412e+00
4.992937120927209094e+00
4.992306921241516982e+00
4.991589260084268176e+00
4.990819340033169738e+00
4.989976481256718444e+00
4.989047574681872987e+00
4.988071016652221523e+00
4.987039440257186484e+00
4.985976696742409509e+00
4.984880783466332232e+00
4.983755797577732238e+00
4.982617003155582758e+00
4.981473195610278459e+00
4.980328085032933672e+00
4.979198563677900147e+00
4.978098534924619400e+00
4.977029340846173433e+00
4.976015029979578230e+00
4.975041943473448747e+00
4.974129137826789560e+00
4.973277785611976753e+00
4.972494829876055178e+00
4.971812238601674316e+00
4.971188816485631712e+00
4.970669626949060671e+00
4.970251518992413686e+00
4.969934413863052569e+00
4.969710407631177773e+00
4.969585116665517610e+00
4.969599802239506481e+00
4.969721212747213457e+00
4.969972418012735815e+00
4.970337111453233980e+00
4.970815247061371345e+00
4.971420369210362011e+00
4.972140283274174344e+00
4.972970601382374234e+00
4.973917300092695726e+00
4.974955827879428583e+00
4.976096198322890629e+00
4.977334982814905828e+00
4.978669800224420960e+00
4.980089461120483563e+00
4.981583795460579722e+00
4.983149403544781642e+00
4.984767615261194607e+00
4.986438725205776024e+00
4.988139198186511969e+00
4.989868846001740188e+00
4.991609599354382532e+00
4.993353188398000242e+00
4.995078120144721190e+00
4.996780081602451240e+00
4.998450771781323354e+00
5.000083904924509604e+00
5.001663653465628023e+00
5.003161986979364428e+00
5.004576183321595373e+00
5.005910965266347823e+00
5.007160154196144575e+00
5.008294521110774333e+00
5.009295520546556801e+00
5.010172258007050239e+00
5.010894741031051147e+00
5.011433796758473669e+00
5.011850401597739868e+00
5.012104286185175894e+00
5.012209072584928649e+00
5.012158413521656364e+00
5.011927709143320087e+00
5.011536145742693904e+00
5.010965789008595905e+00
5.010243032920816297e+00
5.009369908023335149e+00
5.008332992020704033e+00
5.007168537500954919e+00
5.005868453506088223e+00
5.004443604323720152e+00
5.002888446721885707e+00
5.001228301498746198e+00
4.999473717931365080e+00
4.997623798969839548e+00
4.995692348751876288e+00
4.993685822907540484e+00
4.991625744376036344e+00
4.989520628723952633e+00
4.987382188711021236e+00
4.985221683654639691e+00
4.983059286299798885e+00
4.980904674354646566e+00
4.978769375059458824e+00
4.976663007858845411e+00
4.974578815821263156e+00
4.972549858066888540e+00
4.970558623794170572e+00
4.968637479815335212e+00
4.966783414754718073e+00
4.964987744811624637e+00
4.963290451291651806e+00
4.961651685211510454e+00
4.960114275041670240e+00
4.958659623089880952e+00
4.957301167819351484e+00
4.956064732718913568e+00
4.954917903888670594e+00
4.953910839456765913e+00
4.953009195673910625e+00
4.952226951468435168e+00
4.951589853513683970e+00
4.951058432731477055e+00
4.950663132119622389e+00
4.950370504159178786e+00
4.950209874950047606e+00
4.950213247104071179e+00
4.950323808327771857e+00
4.950588991944201211e+00
4.950962396342762695e+00
4.951456310566969776e+00
4.952067072432943640e+00
4.952782441866109053e+00
4.953627948057364172e+00
4.954559944909523672e+00
4.955581993651103190e+00
4.956685667228411418e+00
4.957860422026823422e+00
4.959111056369255088e+00
4.960418283086728053e+00
4.961779922586392111e+00
4.963190749627066189e+00
4.964644864839029559e+00
4.966134812277269717e+00
4.967655343603801121e+00
4.969196977954815964e+00
4.970742111694526066e+00
4.972282163840246128e+00
4.973804955821942819e+00
4.975306170028162001e+00
4.976760124307583411e+00
4.978159263473461493e+00
4.979483970296094242e+00
4.980733529370733770e+00
4.981914431717702207e+00
4.982994853523084799e+00
4.984001442905970691e+00
4.984887925651379170e+00
4.985681570809790131e+00
4.986353752654500759e+00
4.986869888496109127e+00
4.987279305424996423e+00
4.987543662269123601e+00
4.987634978689709619e+00
4.987571751186149704e+00
4.987367934314058004e+00
4.987034017135846042e+00
4.986547310268031552e+00
4.985928450403259937e+00
4.985179400918529957e+00
4.984288889495180896e+00
4.983288585645603952e+00
4.982170267132567609e+00
4.980924805579232562e+00
4.979572508064554981e+00
4.978115768907116490e+00
4.976578755704210266e+00
4.974964242456005437e+00
4.973269915757223991e+00
4.971515787271306053e+00
4.969721933928771485e+00
4.967895758030457465e+00
4.966044630584759645e+00
4.964170426157754612e+00
4.962286819247048619e+00
4.960405127433579864e+00
4.958531120446962426e+00
4.956671516028683833e+00
4.954837010232250982e+00
4.953028714088243412e+00
4.951260277507346430e+00
4.949544434574883134e+00
4.947886634794512517e+00
4.946310400096215254e+00
4.944790090349949985e+00
4.943370426324643852e+00
4.942057624486722922e+00
4.940846324739493589e+00
4.939742186096943932e+00
4.938741691885030427e+00
4.937895278436577051e+00
4.937192976725732763e+00
4.936620090780293957e+00
4.936178174977636779e+00
4.935860156928634446e+00
4.935688247633612136e+00
4.935701278874862652e+00
4.935837724579711150e+00
4.936135809196370516e+00
4.936542876659173018e+00
4.937098336888688266e+00
4.937851783482568813e+00
4.938730403704778560e+00
4.939756375624076767e+00
4.940878770275252130e+00
4.942125985844271874e+00
4.943509942067998431e+00
4.944996278507846732e+00
4.946616453899281396e+00
4.948321357740300463e+00
4.950124025715726184e+00
4.952026535792487749e+00
4.954000833256381853e+00
4.956048430575270558e+00
4.958156726433176509e+00
4.960312480105300459e+00
4.962515991999048914e+00
4.964742547346491897e+00
4.966986241562504567e+00
4.969231257362504373e+00
4.971461124493022687e+00
4.973662754072089243e+00
4.975834547801155416e+00
4.977955404592888655e+00
4.980037846042053573e+00
4.982057493401902626e+00
4.983987725896971810e+00
4.985839247478382141e+00
4.987591823710340044e+00
4.989246759785548768e+00
4.990803207678929709e+00
4.992201112730637824e+00
4.993502273930446655e+00
4.994653533844487292e+00
4.995670708192722742e+00
4.996569218708412308e+00
4.997287437094585449e+00
4.997898334486619909e+00
4.998346560223239088e+00
4.998681706784504186e+00
4.998877979478078437e+00
4.998947088539812178e+00
4.998895557455931282e+00
4.998683781016832306e+00
4.998366579141682919e+00
4.997929075833624779e+00
4.997384404827124982e+00
4.996739364851481291e+00
4.996006758723623875e+00
4.995181006033191373e+00
4.994258247006901463e+00
4.993256701369055861e+00
4.992186720658309262e+00
4.991060644600755936e+00
4.989878767345317101e+00
4.988647481415638296e+00
4.987386648718485915e+00
4.986098635856279770e+00
4.984788812611470554e+00
4.983459652129778483e+00
4.982122025404343901e+00
4.980780830893882793e+00
4.979444532159932990e+00
4.978111871246464482e+00
4.976793333355552740e+00
4.975490963820583978e+00
4.974197995726235000e+00
4.972932886544831455e+00
4.971697030578025256e+00
4.970500136155852289e+00
4.969337781358727391e+00
4.968223188732036277e+00
4.967156805459626234e+00
4.966159924406774451e+00
4.965240580652124258e+00
4.964377523873215736e+00
4.963587324086789820e+00
4.962874386448626218e+00
4.962257419664626745e+00
4.961719970245128231e+00
4.961267955590253464e+00
4.960904604781632088e+00
4.960660053964917715e+00
4.960502733018461896e+00
4.960447536621454212e+00
4.960486149609300455e+00
4.960603523262056669e+00
4.960820090238216018e+00
4.961124422688248714e+00
4.961514794890049096e+00
4.961996455852153431e+00
4.962542834904255962e+00
4.963179028433027717e+00
4.963878579836549676e+00
4.964651275228919580e+00
4.965492558654608146e+00
4.966402199443642473e+00
4.967381404590073046e+00
4.968413959022822013e+00
4.969502741050186856e+00
4.970640328552786258e+00
4.971827021267477775e+00
4.973053126957481140e+00
4.974320066895550063e+00
4.975613282796209624e+00
4.976918369706933909e+00
4.978231488343541677e+00
4.979547718193594541e+00
4.980863332774703167e+00
4.982168017652099046e+00
4.983460521426265721e+00
4.984733979132240478e+00
4.985989928420847761e+00
4.987215937253302478e+00
4.988415662225550662e+00
4.989568494137589738e+00
4.990674100097482579e+00
4.991729223977988461e+00
4.992735635590022980e+00
4.993685270723171143e+00
4.994584688272541761e+00
4.995433345388836877e+00
4.996227033462591116e+00
4.996971561860508615e+00
4.997654904898470640e+00
4.998283257063692808e+00
4.998857472043699346e+00
4.999377144675916540e+00
4.999860161792700985e+00
5.000293258268600383e+00
5.000641756903595692e+00
5.000933254927612204e+00
5.001156690109736402e+00
5.001334137048789152e+00
5.001452772578440786e+00
5.001502065438061528e+00
5.001486496089009748e+00
5.001392872819660163e+00
5.001221308076737593e+00
5.000984722005186178e+00
5.000657241234537587e+00
5.000247270354984508e+00
4.999743973614631187e+00
4.999163849169371510e+00
4.998496215606090587e+00
4.997727972531673224e+00
4.996863744745011715e+00
4.995911511370893621e+00
4.994874123373979735e+00
4.993748892286771657e+00
4.992550267690773147e+00
4.991279827618951614e+00
4.989948847258443898e+00
4.988561251277083386e+00
4.987127342039697098e+00
4.985657966697567112e+00
4.984164018893593173e+00
4.982657142097109748e+00
4.981143054926748803e+00
4.979629574084635912e+00
4.978127579802628766e+00
4.976644750649090732e+00
4.975195558929796924e+00
4.973771130705231691e+00
4.972387710476273703e+00
4.971046010220403488e+00
4.969757371211403374e+00
4.968535364383809494e+00
4.967361076736800385e+00
4.966250703448407577e+00
4.965203525910132143e+00
4.964232721740357235e+00
4.963340075725666267e+00
4.962523326391331757e+00
4.961799041593423887e+00
4.961167003551475219e+00
4.960640377366893006e+00
4.960201656633965506e+00
4.959867880346232383e+00
4.959623236676657498e+00
4.959510114641839884e+00
4.959514746066802537e+00
4.959630624658116993e+00
4.959872137239823786e+00
4.960242016396174236e+00
4.960753788768003325e+00
4.961370079709837455e+00
4.962112665815898715e+00
4.962963407008596839e+00
4.963945816053696447e+00
4.965020854442067311e+00
4.966206240473933775e+00
4.967501863508172022e+00
4.968875429301209401e+00
4.970319985716291633e+00
4.971819470046708211e+00
4.973386303900429795e+00
4.975005623220154938e+00
4.976668346046159819e+00
4.978358481048296369e+00
4.980057207612941461e+00
4.981759007840106612e+00
4.983449903248498458e+00
4.985119577615210851e+00
4.986762602000186284e+00
4.988368077098081166e+00
4.989906045316407024e+00
4.991384866057583913e+00
4.992780377982804829e+00
4.994071946560095121e+00
4.995285948111366281e+00
4.996403393192839104e+00
4.997447349249077853e+00
4.998364802567912157e+00
4.999203715516878255e+00
4.999912933527184578e+00
5.000518943375601211e+00
5.001007970763994948e+00
5.001373129046214672e+00
5.001620721674217229e+00
5.001708684262513138e+00
5.001680302246632515e+00
5.001486817746581437e+00
5.001153763457359958e+00
5.000706178135398083e+00
5.000136337950053189e+00
4.999431268870057288e+00
4.998634166791263489e+00
4.997694463878099569e+00
4.996634124665682464e+00
4.995458686127489223e+00
4.994176229610269857e+00
4.992795679046934332e+00
4.991315271332090298e+00
4.989729499294583093e+00
4.988064396306102211e+00
4.986313437297170026e+00
4.984488797112528680e+00
4.982596641852680364e+00
4.980652476324859634e+00
4.978668232037844810e+00
4.976662912740530409e+00
4.974648346974672286e+00
4.972646219506086318e+00
4.970665143951000786e+00
4.968707984461606664e+00
4.966796063854515886e+00
4.964921763762058404e+00
4.963135800882400694e+00
4.961419651582063217e+00
4.959800999089301499e+00
4.958295739515842904e+00
4.956880824192584356e+00
4.955624068453133191e+00
4.954499432965337569e+00
4.953530703931271262e+00
4.952730031534253285e+00
4.952081203906951501e+00
4.951613453290579336e+00
4.951314778979090114e+00
4.951200917800110624e+00
4.951272357994843887e+00
4.951510400431383907e+00
4.951922387847830009e+00
4.952579070398736683e+00
4.953380648860859381e+00
4.954400386581347959e+00
4.955571599075721423e+00
4.956924454638885535e+00
4.958452896842884705e+00
4.960145828643964805e+00
4.962009908775019795e+00
4.964014826188016372e+00
4.966147896120478578e+00
4.968425339827467369e+00
4.970841016689469427e+00
4.973360588172604402e+00
4.975964274922538344e+00
4.978634920040297729e+00
4.981361913899113425e+00
4.984138705054451002e+00
4.986941808680224852e+00
4.989761058012174288e+00
4.992584676066565308e+00
4.995399033645319342e+00
4.998199272671866922e+00
5.000987122574973576e+00
5.003748082736659164e+00
5.006464239875006328e+00
5.009139371136355656e+00
5.011752424756217295e+00
5.014329070368933827e+00
5.016840340415167354e+00
5.019285677740501939e+00
5.021669773826526573e+00
5.023952166358159666e+00
5.026177949676440271e+00
5.028300197193548371e+00
5.030337678412124092e+00
5.032268756101055729e+00
5.034086586306019129e+00
5.035772581616565269e+00
5.037339701721593954e+00
5.038798004457875734e+00
5.040149597296639250e+00
5.041364251965805288e+00
5.042410285839959982e+00
5.043322246292754940e+00
5.044069832483455862e+00
5.044643406415507236e+00
5.045022441813871161e+00
5.045257151903733472e+00
5.045270335273034590e+00
5.045157647234538523e+00
5.044846115679630039e+00
5.044335058116504733e+00
5.043654337161371792e+00
5.042769672134110870e+00
5.041743251391836544e+00
5.040539319747278313e+00
5.039209452503511599e+00
5.037706471466610658e+00
5.036012145363876868e+00
5.034190834545681170e+00
5.032223772936650796e+00
5.030156943136045555e+00
5.027962528997250935e+00
5.025676363938637259e+00
5.023289428138323132e+00
5.020799069934674286e+00
5.018230026298352797e+00
5.015591406458207224e+00
5.012910185986346079e+00
5.010196606152838683e+00
5.007465956741160795e+00
5.004738485151118965e+00
5.002020028763598525e+00
4.999332962864225571e+00
4.996676457756345613e+00
4.994061035745923860e+00
4.991516191297356464e+00
4.989033814602676031e+00
4.986653091096462376e+00
4.984356618755640511e+00
4.982160706305088560e+00
4.980080820107044559e+00
4.978111830883803712e+00
4.976264673703493457e+00
4.974597336285890847e+00
4.973035955661119445e+00
4.971640343451084298e+00
4.970394097575129955e+00
4.969277419381917582e+00
4.968357985922277287e+00
4.967551336296975428e+00
4.966927068912565524e+00
4.966487856739342455e+00
4.966205931612432067e+00
4.966091022015691081e+00
4.966124246713382817e+00
4.966310914192958670e+00
4.966713792231543856e+00
4.967256949578090719e+00
4.967969302196665105e+00
4.968827289973064332e+00
4.969824152548474316e+00
4.971008397970957837e+00
4.972309586439890516e+00
4.973745571558040979e+00
4.975267213766138674e+00
4.976897745464605727e+00
4.978619943295283790e+00
4.980434031073612822e+00
4.982330870960517188e+00
4.984296578053993620e+00
4.986329476122421056e+00
4.988398548696798329e+00
4.990502728108925368e+00
4.992625433389706657e+00
4.994747874174875868e+00
4.996851169650121882e+00
4.998932556097074986e+00
5.000969420556590883e+00
5.002949158285425746e+00
5.004852629338072845e+00
5.006677106653021347e+00
5.008402374420927394e+00
