0.000000000000000000e+00
0.000000000000000000e+00
-1.425448572263122689e-06
-7.403857307508590548e-06
-1.862210221588611427e-05
-3.179799998179077994e-05
-4.246603581123053702e-05
-2.045269007794558541e-05
2.179480274207891985e-05
1.179898448754102046e-04
3.284269676078110847e-04
6.166683055926114494e-04
1.037160522537306255e-03
1.641407638089732203e-03
2.424782394664362281e-03
3.446782036917283697e-03
4.666344552533700438e-03
6.200593441026285707e-03
7.981652348535137054e-03
1.014529216219671112e-02
1.261137220193632100e-02
1.540748658706433960e-02
1.854537460138089983e-02
2.199843349982983851e-02
2.573780867387540430e-02
2.983075979282148044e-02
3.425855013658292425e-02
3.896357658435591065e-02
4.398656013538130433e-02
4.929751875926741134e-02
5.486474457313308267e-02
6.067920330096968073e-02
6.672260466148147162e-02
7.302311721374281361e-02
7.958034160663372825e-02
8.634112420608290595e-02
9.334915760089641801e-02
1.005246520333457627e-01
1.079158944182563445e-01
1.155341202311683385e-01
1.233133942179847620e-01
1.312758893065620047e-01
1.394420802884269450e-01
1.477374750666786141e-01
1.561920172267128037e-01
1.647898817353416479e-01
1.734882021241355987e-01
1.822759527259040779e-01
1.911456322961021803e-01
2.000905704789329720e-01
2.091485435061622988e-01
2.182555318169762393e-01
2.274525434069802343e-01
2.367128444008995691e-01
2.460435015254189561e-01
2.554727322154213831e-01
2.649318111233879836e-01
2.744637519412209681e-01
2.840472340874840573e-01
2.936941033892799813e-01
3.034112900786568034e-01
3.131882131390739676e-01
3.230307060771157035e-01
3.329500222497154827e-01
3.429197585873771659e-01
3.529781115346122822e-01
3.631199348263908222e-01
3.732902515225578477e-01
3.835069799714255767e-01
3.937372923188376950e-01
4.040288937382865431e-01
4.143417227559256788e-01
4.246949458413291634e-01
4.350865638547110614e-01
4.455367136292624486e-01
4.560047197632956517e-01
4.665559232525992583e-01
4.771456909470724872e-01
4.877618134312795561e-01
4.984864938550161440e-01
5.092898750596213109e-01
5.201954877667595012e-01
5.312211442284752172e-01
5.423870253853966261e-01
5.536480009846854733e-01
5.650904631905724340e-01
5.766627776913811898e-01
5.883857786946465884e-01
6.002158248715571132e-01
6.121853900246790881e-01
6.243124079995324704e-01
6.366236901574304774e-01
6.490860414796045808e-01
6.617670154862573817e-01
6.746283507638146659e-01
6.877857089333703211e-01
7.011839759640863257e-01
7.148843729787042189e-01
7.289281773858238278e-01
7.432317281060386582e-01
7.578529727749991896e-01
7.727244293980765066e-01
7.879384184174705874e-01
8.035219145112206807e-01
8.194047916226557815e-01
8.356358027749232198e-01
8.522101676755122757e-01
8.690388119511774923e-01
8.862058067612819112e-01
9.036353123479059501e-01
9.214642501168421873e-01
9.396763646893671051e-01
9.581638706021478047e-01
9.770061993889975760e-01
9.961150789551902474e-01
1.015623003273503855e+00
1.035458081989782064e+00
1.055581320553319769e+00
1.075997999935643712e+00
1.096717427998082472e+00
1.117762726574437426e+00
1.139145211010472281e+00
1.160723882942692908e+00
1.182553390293614282e+00
1.204609922199742167e+00
1.226889227657811388e+00
1.249383021622197054e+00
1.271948577194706553e+00
1.294620844154851014e+00
1.317400385170476085e+00
1.340286461143986640e+00
1.363273588448064011e+00
1.386351457863347347e+00
1.409509040146367465e+00
1.432621732979314055e+00
1.455712181358830737e+00
1.478804384499089464e+00
1.501896649628178926e+00
1.525003391533391373e+00
1.548090025215642207e+00
1.571171728401677292e+00
1.594131158619420008e+00
1.616996589928166417e+00
1.639688166409031922e+00
1.662197734146611428e+00
1.684625011711613718e+00
1.706931146412388633e+00
1.729196702271000641e+00
1.751366692810551351e+00
1.773511253624455275e+00
1.795564986496464677e+00
1.817561830311314575e+00
1.839487403660313714e+00
1.861334716110722765e+00
1.883117364674107730e+00
1.904825645714299132e+00
1.926466525822178699e+00
1.948028584747807379e+00
1.969483751087681700e+00
1.990869509010807725e+00
2.012142592697636623e+00
2.033343948154942460e+00
2.054428502350346353e+00
2.075378836422459017e+00
2.096216472416416288e+00
2.116926163464084354e+00
2.137523230343356229e+00
2.157998327045931752e+00
2.178364197044863282e+00
2.198580418854251040e+00
2.218559852867617810e+00
2.238333517342105505e+00
2.257781049042239641e+00
2.276999793081774914e+00
2.295884895353808464e+00
2.314531041412844825e+00
2.332843740015520861e+00
2.350892232685580119e+00
2.368730101614489492e+00
2.386389644175067382e+00
2.403888405590548949e+00
2.421127954750552203e+00
2.438116039066805740e+00
2.454824020891680725e+00
2.471246894627108670e+00
2.487501565247073110e+00
2.503553950815691653e+00
2.519445160656466065e+00
2.535115654497637205e+00
2.550536460905565850e+00
2.565817797213091556e+00
2.580911893873705232e+00
2.595844572811617290e+00
2.610546371965899226e+00
2.625013771086230019e+00
2.639208800821795542e+00
2.653064303427233206e+00
2.666743166475787241e+00
2.680161634712710406e+00
2.693443952827944798e+00
2.706454232960238127e+00
2.719132660656466527e+00
2.731641161470904411e+00
2.743906807928576885e+00
2.756054767399325645e+00
2.767968970566287101e+00
2.779636328249468491e+00
2.791126048594011699e+00
2.802390512257113109e+00
2.813394809990419798e+00
2.824233601122393189e+00
2.834904207020296774e+00
2.845374323158754937e+00
2.855755579500689478e+00
2.865978087215915071e+00
2.876030992298617583e+00
2.886038318901553268e+00
2.895972375898852480e+00
2.905808840423121708e+00
2.915651159911647472e+00
2.925477854638591779e+00
2.935290114312663956e+00
2.945177395968929357e+00
2.955080515175357636e+00
2.965025267034068879e+00
2.974917634754672857e+00
2.984851058154597947e+00
2.994813850551143464e+00
3.004901929526821114e+00
3.015150457053676458e+00
3.025494728713527426e+00
3.035999550252452384e+00
3.046619083314433762e+00
3.057403286128535846e+00
3.068370630174174440e+00
3.079453611999049212e+00
3.090672892957225137e+00
3.102008236079707437e+00
3.113443790107264686e+00
3.124967938094630249e+00
3.136576972632899363e+00
3.148245469956889142e+00
3.159967146544948147e+00
3.171721790462032065e+00
3.183500400214687165e+00
3.195284604459300848e+00
3.207037144332423928e+00
3.218778968482509217e+00
3.230461954503550892e+00
3.242059447198405664e+00
3.253578692107692127e+00
3.264998483090892023e+00
3.276280798345103662e+00
3.287442553668514122e+00
3.298405092387691528e+00
3.309204027085796529e+00
3.319798151879802983e+00
3.330233431487575668e+00
3.340405535130992920e+00
3.350415127902522716e+00
3.360164724021449612e+00
3.369645048409000143e+00
3.378813272147670688e+00
3.387672821312442739e+00
3.396292387276187874e+00
3.404668301969066224e+00
3.412804534464374040e+00
3.420674486785426183e+00
3.428288369803920155e+00
3.435717239408984547e+00
3.442960588961139212e+00
3.450045580893053909e+00
3.456991219549670369e+00
3.463828676372065818e+00
3.470560698538317723e+00
3.477213753490939308e+00
3.483799293666376862e+00
3.490358421831622149e+00
3.496866857438579057e+00
3.503380019693866032e+00
3.509915115266338148e+00
3.516467932491794457e+00
3.523119642167583443e+00
3.529906182914272161e+00
3.536837917595401670e+00
3.543845006256595376e+00
3.551060660510554801e+00
3.558463674812808453e+00
3.566041133432880095e+00
3.573855534821048341e+00
3.581931612520709685e+00
3.590225080876841890e+00
3.598733382254138302e+00
3.607412999897494643e+00
3.616318063169016828e+00
3.625384771852983690e+00
3.634641200929178417e+00
3.644084973364367208e+00
3.653625742822184552e+00
3.663277250557436915e+00
3.672996478705897516e+00
3.682781755357279252e+00
3.692600982814325139e+00
3.702466966538918935e+00
3.712324394612801282e+00
3.722198495297921017e+00
3.732088323264611152e+00
3.742006146936905253e+00
3.751938385396492492e+00
3.761851619511139333e+00
3.771764311819565840e+00
3.781618452101243033e+00
3.791408979325784134e+00
3.801095722942841704e+00
3.810685187011254360e+00
3.820190041094315703e+00
3.829593887358200721e+00
3.838917933135521654e+00
3.848102683454048822e+00
3.857182438998711493e+00
3.866105875998032015e+00
3.874878553777229229e+00
3.883532270222198157e+00
3.892057735353004144e+00
3.900478459625731809e+00
3.908750180631171300e+00
3.916863038568984212e+00
3.924818363814841504e+00
3.932649146943580032e+00
3.940340305595885440e+00
3.947905485063086584e+00
3.955300871758948400e+00
3.962587046056281537e+00
3.969707562356482811e+00
3.976678629546653188e+00
3.983494799762259841e+00
3.990118441610824185e+00
3.996592320232879025e+00
4.002855471997748715e+00
4.008972662120354080e+00
4.014879130750190761e+00
4.020593177109252458e+00
4.026112920074950807e+00
4.031453637509834209e+00
4.036607766776572959e+00
4.041527129142772345e+00
4.046243434279452877e+00
4.050757087796222677e+00
4.055098009436618689e+00
4.059258917003166545e+00
4.063256954877864757e+00
4.067020531921874849e+00
4.070643194942962673e+00
4.074073948293220226e+00
4.077359399824630692e+00
4.080456470578205597e+00
4.083408215373051320e+00
4.086242053239834249e+00
4.088976766794216289e+00
4.091636836259852750e+00
4.094222949772369446e+00
4.096748256116401699e+00
4.099226459740888728e+00
4.101666186182987062e+00
4.104122693865788207e+00
4.106599282353413649e+00
4.109102513521207811e+00
4.111636700361265717e+00
4.114219340413107773e+00
4.116868190794481741e+00
4.119611666231645764e+00
4.122424226134313585e+00
4.125362332194342230e+00
4.128384161322607326e+00
4.131550612776771381e+00
4.134904059796824072e+00
4.138355370491042073e+00
4.141959616868986949e+00
4.145646491973892012e+00
4.149478119044795577e+00
4.153473145096793218e+00
4.157606202989115651e+00
4.161928076177134450e+00
4.166384370654119707e+00
4.170998207657827805e+00
4.175725916057124287e+00
4.180594353406920760e+00
4.185606641500489111e+00
4.190767670600907380e+00
4.196081041424767122e+00
4.201491803854003670e+00
4.207012433736815993e+00
4.212624258130089672e+00
4.218324718206421409e+00
4.224100660412804409e+00
4.229960965841308429e+00
4.235899311035171699e+00
4.241886877744689421e+00
4.247911401718154956e+00
4.253959932654398202e+00
4.260022279351252550e+00
4.266091263621348162e+00
4.272173185079592095e+00
4.278240961163539247e+00
4.284289145200746773e+00
4.290295661418930706e+00
4.296262770622268690e+00
4.302150000660911466e+00
4.307953573792472568e+00
4.313695406048789316e+00
4.319325113027587371e+00
4.324856442540183643e+00
4.330261377423300750e+00
4.335560518234267136e+00
4.340726117222800440e+00
4.345731726615920110e+00
4.350602113335623855e+00
4.355299504428401747e+00
4.359859208791747598e+00
4.364246394067301971e+00
4.368493462234035007e+00
4.372523588567271524e+00
4.376359756021991565e+00
4.380037656753555275e+00
4.383516958683030040e+00
4.386843733816640167e+00
4.389933202891843855e+00
4.392856859295862115e+00
4.395595244794385792e+00
4.398159744470612864e+00
4.400547398357884887e+00
4.402733788966433082e+00
4.404756570338502542e+00
4.406579409270778847e+00
4.408272801368729787e+00
4.409805942355887964e+00
4.411201875238912606e+00
4.412464373587863697e+00
4.413607648938195460e+00
4.414652062013047384e+00
4.415591843306320818e+00
4.416463245108025681e+00
4.417266756399767402e+00
4.418028737857238930e+00
4.418766640900866349e+00
4.419480991020098948e+00
4.420197738810673904e+00
4.420908314093247249e+00
4.421643513246670487e+00
4.422404873102203204e+00
4.423234504788413624e+00
4.424141521110430020e+00
4.425100895120992917e+00
4.426143914341226449e+00
4.427254675730362798e+00
4.428492243319049670e+00
4.429836711316601061e+00
4.431295541703001106e+00
4.432892083256737337e+00
4.434585339754121058e+00
4.436442101328866627e+00
4.438445226281183764e+00
4.440592655121583299e+00
4.442875078349609375e+00
4.445298114150064706e+00
4.447893280118004888e+00
4.450650876789586263e+00
4.453577892511384917e+00
4.456651801496046339e+00
4.459874333768386379e+00
4.463267914681930293e+00
4.466827925174732705e+00
4.470514422684211731e+00
4.474367649584313433e+00
4.478350312142868717e+00
4.482461496918697108e+00
4.486675823061962554e+00
4.490991289644737705e+00
4.495396361976166766e+00
4.499882892995377581e+00
4.504421438901921704e+00
4.508987900643846913e+00
4.513574333220025103e+00
4.518176298170585525e+00
4.522775872676868758e+00
4.527358038156529929e+00
4.531904895930787269e+00
4.536407240062256818e+00
4.540857056706448347e+00
4.545233593314190301e+00
4.549520865111846391e+00
4.553708566158313431e+00
4.557810712783831875e+00
4.561803021460074881e+00
4.565667367010611599e+00
4.569412173657912746e+00
4.572969113617438630e+00
4.576376858680743176e+00
4.579611656992930158e+00
4.582664811640279723e+00
4.585554363160627922e+00
4.588196782200831159e+00
4.590694703488845008e+00
4.592962787478465536e+00
4.595047775089044606e+00
4.596922802805205599e+00
4.598632461010714323e+00
4.600096315323611407e+00
4.601349356203575880e+00
4.602409475474854794e+00
4.603264486148258783e+00
4.603973883866569139e+00
4.604481715104778772e+00
4.604824971399506417e+00
4.605020825035175847e+00
4.605096394476717592e+00
4.605061596102317800e+00
4.604901411283067070e+00
4.604662901471606062e+00
4.604357495672306122e+00
4.604007572896083644e+00
4.603623474641937996e+00
4.603212726443310032e+00
4.602789364225466251e+00
4.602370910599131726e+00
4.601963175899583369e+00
4.601586383088725363e+00
4.601250893912510520e+00
4.600959704323903665e+00
4.600723556774900302e+00
4.600541157360419575e+00
4.600421977426157660e+00
4.600385187630307904e+00
4.600436369896631739e+00
4.600587744199437168e+00
4.600835005053085069e+00
4.601184317664008816e+00
4.601659375772577221e+00
4.602241138675015719e+00
4.602974386297864484e+00
4.603841154285474246e+00
4.604834332101747307e+00
4.605976952993080076e+00
4.607230493657992199e+00
4.608664769463942434e+00
4.610203454130100020e+00
4.611914215468572387e+00
4.613809440814661045e+00
4.615827964477944079e+00
4.618037801467584913e+00
4.620356437646555570e+00
4.622851269774842287e+00
4.625466084413933920e+00
4.628264219992566098e+00
4.631220770411896837e+00
4.634313105576444158e+00
4.637519015007424805e+00
4.640829331808496327e+00
4.644266658657002722e+00
4.647774455182957176e+00
4.651368167930053588e+00
4.655017327003883487e+00
4.658707626395631074e+00
4.662426623337674769e+00
4.666152271264005336e+00
4.669867339067864442e+00
4.673562667303491125e+00
4.677213043802191272e+00
4.680806707077432627e+00
4.684333975844790388e+00
4.687761234276701217e+00
4.691118683450627991e+00
4.694368932478833578e+00
4.697501827710081734e+00
4.700516797833850013e+00
4.703393039040973278e+00
4.706127360396793691e+00
4.708691626720836965e+00
4.711093512260129401e+00
4.713341943406274659e+00
4.715428292088916784e+00
4.717363041125944179e+00
4.719153627984931987e+00
4.720718877845218486e+00
4.722156773590257650e+00
4.723392947771361428e+00
4.724452394031695590e+00
4.725359847702793381e+00
4.726044617973975903e+00
4.726602203779629363e+00
4.726970974513104551e+00
4.727230254457108316e+00
4.727325671509614580e+00
4.727277818134760778e+00
4.727108172382001428e+00
4.726781982573453611e+00
4.726369015182141808e+00
4.725839841197017499e+00
4.725216599757554370e+00
4.724516442621828460e+00
4.723733538369419449e+00
4.722909174467208260e+00
4.722039780149938082e+00
4.721143784577729541e+00
4.720231866071704196e+00
4.719314966703537451e+00
4.718398649747255647e+00
4.717501941527013187e+00
4.716623380313399672e+00
4.715782424266222961e+00
4.714982408488872956e+00
4.714229352826957431e+00
4.713546311463002070e+00
4.712933895679895180e+00
4.712413681837502644e+00
4.711975592168752058e+00
4.711619746292715405e+00
4.711354757229572421e+00
4.711204050815438471e+00
4.711140014244016960e+00
4.711212484285940860e+00
4.711389658626874422e+00
4.711687312860747490e+00
4.712116040837726061e+00
4.712664338116308471e+00
4.713387040783424631e+00
4.714205869276781868e+00
4.715179501761456393e+00
4.716306045938988944e+00
4.717562671591303491e+00
4.718978539992829901e+00
4.720507317323942686e+00
4.722169087071677041e+00
4.723961953510302791e+00
4.725875445891874804e+00
4.727904873032827027e+00
4.730066929300089207e+00
4.732356420297881172e+00
4.734751612831613166e+00
4.737238564629813631e+00
4.739804463823100278e+00
4.742455259402056811e+00
4.745176192362567491e+00
4.747961423833628736e+00
4.750791955430766045e+00
4.753663102526922479e+00
4.756565765877027729e+00
4.759494383473652057e+00
4.762436221678512105e+00
4.765387693484084863e+00
4.768339298506037771e+00
4.771288079757944445e+00
4.774210164983525573e+00
4.777103691239610761e+00
4.779963258047358110e+00
4.782784345586553520e+00
4.785564030249372713e+00
4.788281002183214063e+00
4.790946152944816738e+00
4.793518316288245984e+00
4.796002834428800377e+00
4.798403144617331861e+00
4.800692239095226022e+00
4.802892427582994728e+00
4.804948273886695098e+00
4.806901769776597000e+00
4.808723368336214499e+00
4.810419696260943567e+00
4.811996185918107294e+00
4.813420938093916135e+00
4.814713360358731542e+00
4.815836799879328112e+00
4.816841729272858252e+00
4.817685851518765716e+00
4.818378724519864598e+00
4.818915386226730213e+00
4.819275221329884396e+00
4.819505413275914307e+00
4.819557072151224197e+00
4.819477423107024983e+00
4.819253977643098708e+00
4.818910047294344245e+00
4.818457432346190394e+00
4.817871579000498450e+00
4.817186452144529341e+00
4.816395189234759400e+00
4.815512068116809985e+00
4.814561692991999209e+00
4.813530196988727639e+00
4.812444613644626834e+00
4.811306528964785834e+00
4.810132922375350617e+00
4.808941256100088601e+00
4.807741782212406001e+00
4.806540684992224755e+00
4.805355247998385870e+00
4.804195801609902006e+00
4.803066252240687284e+00
4.801977332228571704e+00
4.800930285895019800e+00
4.799945237332732262e+00
4.799037120336443252e+00
4.798190516898184654e+00
4.797425470644385292e+00
4.796736761921795100e+00
4.796147557602973954e+00
4.795651299239845677e+00
4.795253363543899638e+00
4.794970093847961579e+00
4.794778129732014449e+00
4.794724704598785969e+00
4.794775580967553630e+00
4.794954032691904899e+00
4.795229775029012487e+00
4.795629524047263281e+00
4.796196629310734316e+00
4.796886890212780585e+00
4.797723343427067633e+00
4.798666784818058417e+00
4.799743836651330753e+00
4.800931064168697304e+00
4.802286254892832673e+00
4.803737403134591410e+00
4.805335056016929229e+00
4.807067089508064051e+00
4.808902953843362305e+00
4.810878978202826950e+00
4.812930567542799132e+00
4.815086529533155080e+00
4.817315881977565439e+00
4.819616954753883853e+00
4.821994636635073661e+00
4.824409667531736723e+00
4.826863799373396269e+00
4.829337553511151349e+00
4.831817578206548447e+00
4.834290176312217469e+00
4.836746501604804571e+00
4.839174515436181601e+00
4.841575398425350230e+00
4.843933307806739919e+00
4.846233827749977685e+00
4.848485532830247635e+00
4.850677658448703689e+00
4.852809964696652933e+00
4.854869942943341954e+00
4.856868663112408058e+00
4.858780386875158896e+00
4.860604325811153537e+00
4.862338638732914831e+00
4.863961505274062347e+00
4.865501435975319033e+00
4.866899421642309598e+00
4.868169499764923636e+00
4.869292098636512911e+00
4.870306435207609752e+00
4.871188160235767839e+00
4.871902405003791792e+00
4.872465728874091795e+00
4.872880729789618393e+00
4.873159966132376120e+00
4.873251409957888747e+00
4.873240732481940007e+00
4.873078114135427796e+00
4.872801949629796958e+00
4.872394887047125422e+00
4.871835087077928783e+00
4.871198176579785155e+00
4.870461276756835822e+00
4.869667817862942449e+00
4.868802400665596330e+00
4.867878734084085224e+00
4.866917671175913007e+00
4.865923406543450014e+00
4.864914003597811565e+00
4.863903058605508534e+00
4.862898946168142444e+00
4.861919726195054636e+00
4.860982855918127399e+00
4.860071537481862158e+00
4.859217920514064204e+00
4.858417232843356359e+00
4.857692709328847336e+00
4.857042618455605698e+00
4.856473258162158579e+00
4.855995355608182074e+00
4.855611135015503343e+00
4.855339185694471205e+00
4.855163744321332686e+00
4.855091718650663246e+00
4.855111960292568085e+00
4.855260369376052765e+00
4.855521282450070863e+00
4.855900174089483379e+00
4.856391195104234448e+00
4.856972818382791601e+00
4.857676268526129881e+00
4.858460387372189437e+00
4.859358568646723775e+00
4.860361389972979396e+00
4.861441439025813160e+00
4.862631904640013047e+00
4.863881945171171672e+00
4.865218087442928940e+00
4.866615804441983606e+00
4.868072701253708168e+00
4.869596993335303381e+00
4.871159533717451140e+00
4.872763441213187718e+00
4.874390462645111555e+00
4.876041419216213590e+00
4.877702064224301637e+00
4.879361403890667859e+00
4.881006263651667787e+00
4.882635115840253448e+00
4.884238255628166492e+00
4.885782793619452669e+00
4.887286902376232867e+00
4.888718776711045599e+00
4.890095449396191896e+00
4.891398456849871401e+00
4.892616863854941656e+00
4.893745360233600294e+00
4.894764429711515596e+00
4.895702942841466232e+00
4.896534113296088009e+00
4.897240226351437187e+00
4.897821207874235583e+00
4.898283190996167491e+00
4.898623971909997543e+00
4.898850906611199818e+00
4.898914017024229572e+00
4.898825970756599091e+00
4.898608871976622758e+00
4.898269975500892492e+00
4.897821427377651027e+00
4.897220275233277853e+00
4.896521868164428248e+00
4.895685478652604949e+00
4.894752920920738326e+00
4.893723457659373111e+00
4.892600461820848956e+00
4.891402498016840461e+00
4.890128374079949936e+00
4.888798995594269670e+00
4.887423109094386042e+00
4.886005004475598490e+00
4.884558402429107993e+00
4.883092675636295787e+00
4.881626644710785001e+00
4.880178043822533951e+00
4.878752164224868793e+00
4.877354570160395753e+00
4.875997230092771417e+00
4.874705212096460016e+00
4.873484073037988473e+00
4.872340134436970338e+00
4.871297375912552852e+00
4.870352877358680388e+00
4.869527386630659649e+00
4.868808269257431931e+00
4.868216955492980169e+00
4.867758819217569588e+00
4.867419216464050180e+00
4.867242902702428431e+00
4.867213275983240273e+00
4.867326916261818681e+00
4.867615945088919815e+00
4.868057549159285458e+00
4.868703653673884801e+00
4.869491006444452097e+00
4.870472002933976974e+00
4.871647261764166181e+00
4.872995455052015146e+00
4.874504232789633740e+00
4.876198629672883200e+00
4.878064144934771029e+00
4.880099115903732354e+00
4.882273521657344517e+00
4.884594412531014562e+00
4.887036255832071241e+00
4.889597726102227426e+00
4.892229728634711172e+00
4.894938517744895634e+00
4.897711904282925133e+00
4.900526336963531904e+00
4.903368647928593838e+00
4.906217428977845074e+00
4.909059242244122601e+00
4.911879908676503703e+00
4.914665903087018783e+00
4.917385555441735612e+00
4.920052902634498793e+00
4.922645982439872725e+00
4.925173868472931815e+00
4.927605349059460238e+00
4.929937183643934517e+00
4.932151519592162359e+00
4.934248978878613023e+00
4.936244455362911232e+00
4.938100545491332483e+00
4.939821417118662517e+00
4.941405105675810816e+00
4.942859452749841509e+00
4.944164615060440582e+00
4.945290553952805368e+00
4.946257148321025809e+00
4.947069711323134555e+00
4.947741929228655522e+00
4.948256108659557562e+00
4.948657109487108130e+00
4.948883604790321300e+00
4.948977182257225493e+00
4.948913992071759971e+00
4.948688636204463087e+00
4.948355637608331747e+00
4.947866798123579102e+00
4.947263826733689918e+00
4.946531495755773555e+00
4.945704832902412917e+00
4.944773718422514008e+00
4.943736669203500966e+00
4.942633067896823995e+00
4.941453878512839459e+00
4.940226713350276633e+00
4.938949969789247163e+00
4.937633261313897570e+00
4.936294685384495118e+00
4.934945337405665100e+00
4.933596141120655254e+00
4.932256201138955021e+00
4.930940701445799768e+00
4.929657229861479806e+00
4.928427607869965144e+00
4.927236456802350340e+00
4.926105445927244197e+00
4.925051069488984190e+00
4.924059652244906715e+00
4.923148091813784433e+00
4.922313313490015219e+00
4.921577084964376070e+00
4.920951768240194646e+00
4.920411734475056420e+00
4.919973906135418851e+00
4.919631274348358119e+00
4.919382286748151145e+00
4.919274800369750622e+00
4.919244772739476801e+00
4.919336983471877645e+00
4.919527536112584087e+00
4.919820022288479144e+00
4.920236297216035837e+00
4.920732797387756818e+00
4.921330801177540515e+00
4.921995581913509277e+00
4.922749557200589265e+00
4.923617560717977959e+00
4.924556137922921017e+00
4.925579084384956730e+00
4.926657495353142124e+00
4.927805096510568639e+00
4.929024430665889689e+00
4.930300824496666401e+00
4.931633547696987030e+00
4.932999593917050341e+00
4.934404510710159286e+00
4.935832868072907331e+00
4.937282890382927114e+00
4.938737618032616794e+00
4.940188747945946091e+00
4.941616649184148891e+00
4.943019088957232299e+00
4.944388830814284042e+00
4.945721879306955060e+00
4.947003919485731593e+00
4.948207744586987644e+00
4.949330654818338893e+00
4.950353332165403408e+00
4.951275752190274382e+00
4.952109579968971609e+00
4.952827138233703685e+00
4.953431316468638101e+00
4.953900622207445537e+00
4.954236439581734430e+00
4.954445811569463842e+00
4.954528405083116205e+00
4.954455256251391937e+00
4.954249262505916462e+00
4.953881635436562014e+00
4.953375263655331651e+00
4.952750424885895342e+00
4.951988331446196767e+00
4.951120301553753933e+00
4.950147366964962714e+00
4.949069537216570502e+00
4.947883254954364318e+00
4.946609716186072703e+00
4.945274302730108928e+00
4.943886645355965115e+00
4.942452389964604897e+00
4.940975075432801233e+00
4.939474619695686464e+00
4.937968538621210435e+00
4.936467174658321966e+00
4.934986186692259302e+00
4.933521779993316869e+00
4.932112288096687891e+00
4.930762892136118403e+00
4.929481625476620721e+00
4.928271149167560594e+00
4.927139592686438085e+00
4.926138148450994514e+00
4.925241908350728615e+00
4.924453145557785128e+00
4.923762895235562986e+00
4.923209030510628637e+00
4.922783624561274607e+00
4.922504925684775934e+00
4.922372503619414807e+00
4.922368293649348914e+00
4.922553501392545883e+00
4.922878759580495256e+00
4.923371087576093430e+00
4.923990164364519195e+00
4.924806716332973622e+00
4.925777007455768519e+00
4.926917446444571524e+00
4.928209655324758742e+00
4.929630710224450318e+00
4.931224365721286418e+00
4.932910618076862264e+00
4.934721992353738429e+00
4.936635023544372558e+00
4.938617216239512331e+00
4.940667407850564352e+00
4.942757006178440271e+00
4.944892853538335409e+00
4.947054561118426008e+00
4.949221988807263273e+00
4.951384697596373563e+00
4.953531135807576646e+00
4.955647018144668792e+00
4.957714925895277958e+00
4.959714496920650362e+00
4.961637334863488569e+00
4.963477562407796917e+00
4.965217244068925062e+00
4.966875614861790744e+00
4.968430019954984012e+00
4.969831124286000268e+00
4.971086903254334999e+00
4.972182052175348588e+00
4.973152551467364013e+00
4.973973045239990398e+00
4.974587522710507415e+00
4.975055824483580302e+00
4.975328531081623318e+00
4.975417220054960232e+00
4.975307961332447348e+00
4.975016909076667382e+00
4.974576999007558342e+00
4.973945993839596014e+00
4.973142877130602102e+00
4.972174500508998563e+00
4.971058482809757706e+00
4.969748877121900499e+00
4.968305809332823841e+00
4.966732884629463385e+00
4.965038043840621640e+00
4.963242177947258860e+00
4.961329606010414395e+00
4.959342248274780651e+00
4.957284099443652003e+00
4.955173642321326177e+00
4.953034445627428006e+00
4.950872569068168971e+00
4.948703179194426482e+00
4.946542902274823739e+00
4.944402453585363233e+00
4.942300494446254966e+00
4.940253690167165423e+00
4.938266872449613487e+00
4.936346266253686110e+00
4.934519187643026328e+00
4.932793098523115205e+00
4.931186638607477413e+00
4.929695436044430501e+00
4.928324647082781063e+00
4.927110956667755559e+00
4.926015408842657095e+00
4.925111626817678889e+00
4.924337204157207992e+00
4.923740832752381280e+00
4.923354748583232521e+00
4.923123164440339039e+00
4.923128904701743913e+00
4.923297165186678370e+00
4.923673051112864130e+00
4.924240719602975602e+00
4.924999608398946904e+00
4.925936127157482858e+00
4.927103651614459068e+00
4.928471445591720013e+00
4.930050275476249411e+00
4.931814386995108990e+00
4.933725929708750790e+00
4.935813607276947401e+00
4.938016704620393327e+00
4.940369344802172158e+00
4.942823195309907547e+00
4.945372229965000699e+00
4.948009491117267622e+00
4.950694466085700185e+00
4.953417840154437535e+00
4.956156396420268173e+00
4.958886162491110916e+00
4.961591531188754622e+00
4.964259495587615589e+00
4.966867335887222623e+00
4.969408612699775851e+00
4.971872007848292085e+00
4.974249773623019344e+00
4.976484003366500986e+00
4.978606222422391703e+00
4.980597956778079372e+00
4.982448295952349504e+00
4.984166967274218152e+00
4.985707194508581352e+00
4.987122225315838264e+00
4.988350567297606730e+00
4.989425946028499759e+00
4.990330787526040091e+00
4.991059054733781863e+00
4.991633907297223338e+00
4.992028225028484201e+00
4.992296610923080635e+00
4.992366207611344642e+00
4.992271335950650091e+00
4.991994726999260834e+00
4.991569117090262075e+00
4.990999627603748046e+00
4.990271129726031596e+00
4.989380924819568186e+00
4.988359435467579317e+00
4.987220457984665067e+00
4.985965313507773722e+00
4.984615447415569278e+00
4.983185530497291182e+00
4.981685450865485976e+00
4.980124990089394466e+00
4.978517177595355392e+00
4.976882822854973298e+00
4.975233633263564492e+00
4.973585932149148015e+00
4.971950438214992829e+00
4.970352800829862083e+00
4.968790481282923999e+00
4.967294171942923775e+00
4.965836445583556191e+00
4.964456776870940224e+00
4.963195886953328362e+00
4.962003583504412063e+00
4.960931035174581893e+00
4.959926915212127696e+00
4.959048868237587726e+00
4.958323626040074039e+00
4.957705264991672856e+00
4.957255305653961663e+00
4.956962564910354807e+00
4.956813881440611524e+00
4.956809594511868866e+00
4.956943588817374291e+00
4.957238661350563014e+00
4.957730866337075604e+00
4.958356880361094454e+00
4.959150529989853062e+00
4.960127848202242618e+00
4.961233282277239809e+00
4.962486400345221149e+00
4.963861043790236849e+00
4.965372167864696706e+00
4.966995774844544798e+00
4.968722490707295769e+00
4.970545242169754019e+00
4.972435061672583423e+00
4.974381570855037182e+00
4.976358116904156859e+00
4.978359041998046131e+00
4.980369808116811292e+00
4.982378514895100530e+00
4.984365010151525333e+00
4.986328596064707241e+00
4.988250910976788965e+00
4.990124654808900218e+00
4.991933825204036168e+00
4.993657701352498535e+00
4.995320478418729948e+00
4.996897339859866172e+00
4.998389232197665066e+00
4.999783287236355456e+00
5.001103370675704873e+00
5.002329587826393364e+00
5.003433560917041945e+00
5.004428617918751598e+00
5.005298070276045230e+00
5.006073511505388929e+00
5.006733674296998338e+00
5.007279634328448026e+00
5.007683913709484180e+00
5.007938781419656316e+00
5.008087812999150401e+00
5.008113344653396304e+00
5.008050107580495514e+00
5.007845524490696754e+00
5.007531287723105073e+00
5.007086341843823618e+00
5.006506484390118139e+00
5.005835131273487448e+00
5.005032813341239617e+00
5.004136209801655077e+00
5.003129977003553996e+00
5.002020881564238408e+00
5.000833992675761230e+00
4.999562041477182639e+00
4.998241115377166643e+00
4.996873285786129770e+00
4.995461958364463939e+00
4.994016493127562129e+00
4.992550066874243520e+00
4.991076202557302111e+00
4.989607751385189083e+00
4.988148663506724034e+00
4.986701614723422438e+00
4.985291108355738743e+00
4.983904623404957768e+00
4.982569576666572075e+00
4.981278751806236471e+00
4.980041850373960521e+00
4.978880195856906887e+00
4.977776948154786218e+00
4.976764960304718599e+00
4.975822909862618104e+00
4.974961121470552250e+00
4.974201266110758191e+00
4.973518898949842892e+00
4.972949526139419874e+00
4.972445902430336240e+00
4.972053887748042911e+00
4.971809031997690198e+00
4.971643090152064737e+00
4.971602627287501797e+00
4.971633104024803629e+00
4.971785485869621546e+00
4.972049067015175794e+00
4.972424874225979785e+00
4.972947410600609075e+00
4.973546258280403087e+00
4.974264465267188129e+00
4.975086105237132905e+00
4.976011326754814057e+00
4.977046771044260964e+00
4.978184637198574514e+00
4.979408565009362242e+00
4.980710799539810552e+00
4.982088572228676071e+00
4.983520709121949110e+00
4.984991772616630179e+00
4.986492067868238287e+00
4.988008555317644976e+00
4.989513016933922351e+00
4.990999629492287148e+00
4.992447313214068316e+00
4.993854311848407335e+00
4.995209167594438782e+00
4.996470013255602360e+00
4.997674459064728403e+00
4.998771977717404447e+00
4.999762114951734837e+00
5.000636048088199281e+00
5.001363651374703956e+00
5.001972610647206885e+00
5.002436808007186819e+00
5.002686584717012330e+00
5.002780545804999868e+00
5.002705401926651696e+00
5.002498481477960723e+00
5.002141228299006315e+00
5.001612303237780388e+00
5.000931113566621455e+00
5.000078965480788895e+00
4.999110547135934723e+00
4.998003263752326397e+00
4.996741958986388177e+00
4.995354644338952710e+00
4.993835863302813038e+00
4.992230646889076695e+00
4.990530963073835480e+00
4.988748988787995664e+00
4.986885602753029723e+00
4.984967614691123927e+00
4.983007602970466188e+00
4.981020671557052637e+00
4.979020484219653930e+00
4.977022070716483171e+00
4.975047993789774026e+00
4.973105077426295928e+00
4.971196762155156712e+00
4.969352816622120805e+00
4.967564635257584627e+00
4.965856701116424965e+00
4.964235150198800461e+00
4.962698276768786165e+00
4.961280769835574311e+00
4.959977020453077756e+00
4.958813955243094540e+00
4.957756839449866781e+00
4.956835174913867270e+00
4.956052217166289076e+00
4.955436629559262229e+00
4.955000742170377670e+00
4.954699549953801352e+00
4.954565424369065774e+00
4.954579356975737703e+00
4.954781101319823300e+00
4.955146856505306729e+00
4.955672091666492030e+00
4.956404619265231126e+00
4.957252324644360719e+00
4.958278252530726071e+00
4.959458369884521822e+00
4.960780686411888851e+00
4.962251398090155696e+00
4.963829920414716490e+00
4.965546657416848753e+00
4.967369604233531355e+00
4.969288879904774525e+00
4.971297026250389273e+00
4.973364672485616644e+00
4.975497423086193471e+00
4.977669559989002401e+00
4.979882178131369130e+00
4.982118418190505160e+00
4.984376394126440957e+00
4.986634868059183212e+00
4.988884084943558506e+00
4.991108522835996375e+00
4.993311880055691709e+00
4.995477004323031878e+00
4.997577523860956994e+00
4.999606827024247302e+00
5.001566876891877733e+00
5.003454364661005016e+00
5.005248846683529429e+00
5.006952476028231125e+00
5.008548836830883033e+00
5.010037496361760212e+00
5.011419945035009427e+00
5.012688585195570923e+00
5.013812299270064443e+00
5.014830827016265147e+00
5.015678643856078089e+00
5.016405429888396661e+00
5.016980832267433854e+00
5.017414464030297339e+00
5.017714231956633242e+00
5.017859162056701905e+00
5.017880298937089201e+00
5.017750356955804847e+00
5.017481486084291120e+00
5.017079051690528146e+00
5.016556132318803485e+00
5.015910230236480416e+00
5.015103693785498251e+00
5.014181379111835923e+00
5.013134425016470885e+00
5.011998841049501330e+00
5.010763469891974076e+00
5.009427241491503757e+00
5.008006961452192485e+00
5.006496552186436411e+00
5.004938044207518644e+00
5.003325571524326776e+00
5.001676884400075629e+00
5.000005188541835288e+00
4.998329740273183219e+00
4.996663199769680652e+00
4.995026338802998289e+00
4.993411436336463005e+00
4.991842900472108546e+00
4.990343771236364745e+00
4.988917435514156118e+00
4.987566678332512993e+00
4.986292263226931532e+00
4.985122382672851238e+00
4.984077720674102707e+00
4.983151367711252888e+00
4.982344256224459755e+00
4.981653654234831308e+00
4.981079353237872098e+00
4.980678804772322721e+00
4.980414878609006557e+00
4.980306326108400405e+00
4.980419546118353580e+00
4.980659289820468238e+00
4.981094216382478734e+00
4.981638380749500605e+00
4.982358689247048389e+00
4.983235139189637231e+00
4.984256990788852981e+00
4.985464063523686207e+00
4.986795857785618402e+00
4.988261720626034013e+00
4.989821851639428374e+00
4.991488287983814942e+00
4.993254954306761917e+00
4.995099923102538142e+00
4.997018887041488000e+00
4.998980162082592216e+00
5.000982492206970775e+00
5.003009300468841403e+00
5.005046229599396490e+00
5.007082049189487627e+00
5.009112328378836132e+00
5.011121246306578847e+00
5.013114657787960837e+00
5.015069247274083430e+00
5.016977437226458392e+00
5.018830262063427305e+00
5.020589832155391008e+00
5.022294152764960273e+00
5.023896223692579710e+00
5.025395905016346809e+00
5.026789635805770651e+00
5.028020821376130378e+00
5.029157545803473184e+00
5.030134647352979549e+00
5.030979243455814043e+00
5.031662532253550424e+00
5.032191090075658124e+00
5.032563691636907421e+00
5.032790692629652618e+00
5.032825537165055430e+00
5.032638898873128319e+00
5.032262837038732783e+00
5.031653947429158613e+00
5.030888097481229337e+00
5.029925414891341262e+00
5.028784589142897943e+00
5.027464943499664329e+00
5.025946832866766023e+00
5.024257687003710338e+00
5.022386770070889739e+00
5.020379554153778123e+00
5.018244546921351024e+00
5.015980764002897274e+00
5.013593044401504883e+00
5.011116041959621903e+00
5.008553629042007849e+00
5.005931724132397065e+00
5.003251628996231659e+00
5.000535064162114018e+00
4.997786374510625684e+00
4.995023830653527952e+00
4.992266951323847124e+00
4.989525985242226902e+00
4.986814023972849341e+00
4.984148986162047379e+00
4.981546603859761113e+00
4.979028779388765535e+00
4.976576100559333860e+00
4.974213972957234553e+00
4.971958109111885626e+00
4.969821646632056833e+00
4.967800086410146143e+00
4.965920192719798898e+00
4.964174587549071482e+00
4.962583586098056720e+00
4.961156416804890945e+00
4.959880587132077245e+00
4.958767518670658347e+00
4.957849833415251872e+00
4.957104303063254669e+00
4.956575039037864450e+00
4.956239768871467000e+00
4.956102916579123274e+00
4.956199670899089860e+00
4.956484474595066025e+00
4.956989476400789130e+00
4.957665073964175662e+00
4.958587046060141112e+00
4.959758174884494331e+00
4.961106458473381942e+00
4.962651239353594868e+00
4.964346293527065690e+00
4.966212654131829218e+00
4.968304124641597319e+00
4.970518441665352505e+00
4.972903823423567182e+00
4.975411434638682628e+00
4.978037553298655382e+00
4.980763400066080315e+00
4.983567840922059844e+00
4.986466981935682163e+00
4.989425356555165614e+00
4.992430694568337657e+00
4.995468059945288530e+00
4.998528514373484555e+00
5.001601720917406624e+00
5.004671872127237187e+00
5.007720653879823125e+00
5.010747502911271134e+00
5.013736000824154715e+00
5.016684176492871572e+00
5.019566534030617255e+00
5.022363895642937059e+00
5.025093589890182955e+00
5.027733932304562003e+00
5.030304913985908399e+00
5.032753931749046394e+00
5.035072143542946854e+00
5.037292206007423445e+00
5.039389393794718508e+00
5.041357761788550107e+00
5.043164203781071109e+00
5.044846531617823260e+00
5.046372948903027122e+00
5.047726095783892752e+00
5.048925432729902241e+00
5.049937198180142417e+00
5.050810390579883347e+00
5.051509409266892625e+00
5.052065037954034388e+00
5.052429104465427478e+00
5.052582342791737346e+00
5.052556093444017904e+00
5.052352067974297256e+00
5.051992657665996589e+00
5.051431915235607306e+00
5.050688927692263519e+00
5.049764585194081334e+00
5.048649932068675739e+00
5.047369558435767622e+00
5.045944876146405633e+00
5.044394700300782297e+00
5.042728876096100876e+00
5.040937168520779998e+00
5.039008304101319169e+00
5.036992339265435881e+00
5.034881264489977859e+00
5.032708561641066503e+00
5.030470545810548977e+00
5.028164344948617526e+00
5.025820760351506600e+00
5.023449867141334124e+00
5.021065118831482543e+00
5.018678182733145476e+00
5.016304782998648015e+00
5.013949798566188498e+00
5.011638304215756179e+00
5.009355650317756314e+00
5.007135741037217258e+00
5.004999516677943738e+00
5.002927398902264677e+00
5.000940622162906024e+00
4.999020883512583779e+00
4.997215163034288921e+00
4.995534726452916630e+00
4.993966462683766316e+00
4.992513237071125154e+00
4.991166314852325314e+00
4.989934642312017665e+00
4.988879991692392935e+00
4.987977957573621168e+00
4.987228229042975691e+00
4.986618496996252148e+00
4.986152063828794390e+00
4.985860852726637482e+00
4.985727092322796317e+00
4.985777845258727581e+00
4.985969125206485941e+00
4.986336397069410786e+00
4.986894376116708827e+00
4.987593116450027786e+00
4.988491513344363248e+00
4.989519966754036417e+00
4.990701952340917735e+00
4.992040531250554913e+00
4.993486619057971865e+00
4.995069183322507378e+00
4.996734542312938565e+00
4.998494622024614920e+00
5.000330589028914474e+00
5.002232636722643733e+00
5.004177919539531061e+00
5.006161681624968551e+00
5.008158679517825895e+00
5.010146740141232513e+00
5.012119238140900990e+00
5.014056106719097627e+00
5.015941778632719839e+00
5.017765928867180314e+00
5.019526080104429688e+00
5.021155448171217728e+00
5.022684009733517030e+00
5.024079313340504171e+00
5.025353232088405342e+00
5.026505249353963478e+00
5.027491205620488124e+00
5.028312098893245263e+00
5.028936343851407642e+00
5.029332753929218747e+00
5.029558244223617081e+00
5.029567851381752774e+00
5.029361302512143972e+00
5.028955407584463799e+00
5.028328038895880425e+00
5.027491040001069500e+00
5.026462682256851444e+00
5.025197329590472606e+00
5.023766616652163286e+00
5.022113445917520735e+00
5.020303611526642840e+00
5.018337667504702004e+00
5.016185772786293740e+00
5.013908318797502872e+00
5.011474720159921681e+00
5.008934302250298565e+00
5.006299575785551070e+00
5.003578126946840676e+00
5.000788016239557265e+00
4.997929111341391284e+00
4.995020665446673114e+00
4.992058928827201036e+00
4.989059314648067733e+00
4.986036774138367100e+00
4.983000549594318151e+00
4.979967479030047883e+00
4.976942107597743359e+00
4.973938359836492573e+00
4.970968419531737403e+00
4.968051734486972570e+00
4.965193099597846604e+00
4.962387404660139723e+00
4.959643480101976643e+00
4.956978502491864447e+00
4.954415450612458471e+00
4.951931236306579720e+00
4.949547595451027959e+00
4.947261070827394747e+00
4.945085375378281078e+00
4.943021208117158949e+00
4.941072881589086307e+00
4.939237941870839421e+00
4.937535141328722510e+00
4.935960488090663567e+00
4.934535565743594532e+00
4.933258766303209697e+00
4.932124311620740720e+00
4.931133811468629169e+00
4.930320649439840608e+00
4.929671059245615439e+00
4.929222460048643839e+00
4.928956093056497068e+00
4.928859739018975006e+00
4.928927628322876231e+00
4.929158005825613920e+00
4.929634838029181232e+00
4.930275334566270651e+00
4.931124393864902977e+00
4.932181871830854547e+00
4.933452538400326048e+00
4.934876577555569632e+00
4.936468395143184473e+00
4.938259108513030959e+00
4.940184471904668584e+00
4.942270788847837437e+00
4.944494799225960691e+00
4.946845470964347236e+00
4.949302949904833326e+00
4.951845614909563764e+00
4.954481382071410422e+00
4.957183142303859036e+00
4.959948590993319861e+00
4.962744838892851895e+00
4.965559170841610026e+00
4.968378140031731505e+00
4.971188290416633571e+00
4.973968969880974811e+00
4.976700842081940301e+00
4.979368847608006021e+00
4.981983303129113416e+00
4.984521830975449319e+00
4.986959554403461503e+00
4.989287230669892992e+00
4.991509381979144955e+00
4.993617977797426555e+00
4.995619078874029562e+00
4.997455540596881463e+00
4.999133192598261388e+00
5.000672872810997482e+00
5.002076391428150970e+00
5.003355150818267205e+00
5.004450318365731398e+00
5.005407607629337008e+00
5.006214603781141470e+00
5.006869989931025167e+00
5.007387868798710784e+00
5.007723586335220745e+00
5.007933185900935946e+00
5.007958493811919709e+00
5.007861568482502967e+00
5.007624371929004781e+00
5.007206122448577545e+00
5.006629994681015106e+00
5.005915357341899963e+00
5.005037863200438863e+00
5.004030344655643781e+00
5.002900190001260405e+00
5.001669744273554485e+00
5.000319635888468284e+00
4.998847767135035092e+00
4.997298377623689447e+00
4.995667103549373600e+00
4.993976715376510889e+00
4.992228347083464968e+00
4.990435579141513145e+00
4.988619368841783697e+00
4.986784200092689190e+00
4.984947873821393927e+00
4.983115531077521254e+00
4.981306445469992461e+00
4.979520451595919717e+00
4.977767950167792499e+00
4.976068860312838460e+00
4.974425914158958406e+00
4.972853097340004247e+00
4.971360399445431177e+00
4.969942500015633868e+00
4.968636547049420038e+00
4.967409705167547429e+00
4.966313906332389116e+00
4.965327259546056915e+00
4.964469447752371423e+00
4.963745344003572590e+00
4.963145332841112811e+00
4.962672186588778622e+00
4.962345732992424985e+00
4.962177076453253122e+00
4.962151972695163060e+00
4.962255291898643783e+00
4.962482307773923296e+00
4.962853097167704952e+00
4.963343193751667215e+00
4.963977950510476411e+00
4.964734080058430088e+00
4.965598081570957056e+00
4.966571521681641954e+00
4.967646563795303116e+00
4.968835289475416417e+00
4.970120642927382981e+00
4.971494215127919780e+00
4.972957511243319750e+00
4.974476249066090539e+00
4.976065673229193465e+00
4.977705340978598514e+00
4.979380999800657293e+00
4.981084736135696467e+00
4.982798331675027725e+00
4.984519563910458473e+00
4.986237451729271797e+00
4.987940823730919071e+00
4.989617414322587763e+00
4.991264723685476135e+00
4.992872492817136632e+00
4.994410153624507132e+00
4.995876035538407756e+00
4.997263527509661962e+00
4.998587587472889560e+00
4.999835000035259824e+00
5.000994000730011990e+00
5.002058952149842419e+00
5.003012021926138253e+00
5.003876475316378247e+00
5.004610985514612587e+00
5.005247249153347511e+00
5.005764731463881567e+00
5.006160805334244124e+00
5.006438995969388017e+00
5.006586807758453439e+00
5.006603999686800144e+00
5.006482559134624921e+00
5.006263791741244695e+00
5.005928608709388605e+00
5.005464451917821300e+00
5.004871671804602684e+00
5.004169222870285871e+00
5.003359797084148575e+00
5.002445276164825927e+00
5.001425765090998787e+00
5.000290154972491408e+00
4.999060912886081454e+00
4.997760168322738394e+00
4.996396804311689976e+00
4.994974588760552336e+00
4.993495488175567765e+00
4.991981821068939063e+00
4.990451388963875523e+00
4.988914891937194618e+00
4.987388634243428598e+00
4.985877745607317557e+00
4.984411137410820203e+00
4.982984460452021480e+00
4.981620218911588793e+00
4.980317173012912768e+00
4.979090251186311988e+00
4.977949787908614532e+00
4.976894737639845800e+00
4.975953510933937451e+00
4.975090050110043016e+00
4.974352193185508142e+00
4.973735916921316225e+00
4.973229529866397769e+00
4.972833717921197660e+00
4.972542332549959809e+00
4.972395427952901237e+00
4.972381791831606890e+00
4.972486963389124881e+00
4.972709244085158353e+00
4.973041750682199336e+00
4.973498336789812235e+00
4.974101569993103489e+00
4.974827284035887587e+00
4.975664125276411554e+00
4.976603512061442025e+00
4.977642209423388309e+00
4.978800758910978175e+00
4.980061072749699669e+00
4.981433575940932279e+00
4.982895181966628506e+00
4.984430289460028973e+00
4.986045443607175720e+00
4.987723675859772499e+00
4.989461357487045667e+00
4.991238504988753100e+00
4.993041385901771712e+00
4.994868194950425000e+00
4.996710326267086444e+00
4.998558877600035366e+00
5.000408551288447079e+00
5.002235484165748147e+00
5.004033399266798909e+00
5.005780499173004827e+00
5.007459400338728273e+00
5.009086870295602623e+00
5.010615026844340569e+00
5.012055144948559970e+00
5.013381802929241182e+00
5.014601020557482691e+00
5.015714465571244673e+00
5.016670303983290502e+00
5.017500774828392629e+00
5.018180007902580897e+00
5.018739782651561399e+00
5.019121668418543791e+00
5.019341052049445473e+00
5.019402810261257564e+00
5.019280872727416742e+00
5.019017202994459304e+00
5.018557468085223405e+00
5.017968277959757195e+00
5.017222872777514553e+00
5.016301362915569051e+00
5.015248586265974140e+00
5.014049471049242257e+00
5.012734661577874284e+00
5.011268281667167201e+00
5.009652048377923883e+00
5.007925565420322300e+00
5.006090075700216246e+00
5.004173961310319996e+00
5.002178539364272147e+00
5.000101045845681824e+00
4.997963386951619569e+00
4.995781295626098739e+00
4.993568953751260864e+00
4.991342467843229436e+00
4.989108860372239995e+00
4.986890337942772256e+00
4.984694534568721025e+00
4.982534709750348512e+00
4.980418387828999371e+00
4.978344978271657340e+00
4.976347249625855618e+00
4.974428448705608297e+00
4.972600587783986725e+00
4.970844740300113251e+00
4.969178631483250896e+00
4.967639189242059494e+00
4.966188156633313255e+00
4.964877648233111174e+00
4.963644994227821350e+00
4.962544318242605890e+00
4.961605347423488688e+00
4.960772873117263337e+00
4.960084873242909254e+00
4.959497001721198117e+00
4.959064797117049395e+00
4.958779681036853404e+00
4.958623827677824281e+00
4.958624703803528710e+00
4.958729831747208827e+00
4.958989624775442806e+00
4.959395431115719788e+00
4.959930142260584596e+00
4.960586312435063761e+00
4.961354157424959332e+00
4.962237832195552478e+00
4.963248142025861398e+00
4.964388854972514586e+00
4.965628882891926388e+00
4.966960199422631561e+00
4.968365009523425080e+00
4.969854979611429968e+00
4.971421056933198024e+00
4.973035315073524032e+00
4.974686979598793357e+00
4.976361427850518382e+00
4.978054651118313245e+00
4.979754573501144144e+00
4.981452900416647012e+00
4.983139255739246209e+00
4.984800973034893445e+00
4.986432576573883502e+00
4.988009193337952674e+00
4.989528748042378226e+00
4.990962118900809763e+00
4.992309338397773466e+00
4.993571219242604720e+00
4.994717539570720177e+00
4.995771019033583116e+00
4.996669541097673140e+00
4.997457216552885662e+00
4.998103501744063593e+00
4.998616546116264381e+00
4.999004569820555410e+00
4.999190904836597227e+00
4.999256206782029643e+00
4.999128012790770903e+00
4.998822288441898465e+00
4.998354605253282124e+00
4.997727663557473221e+00
4.996942197497430627e+00
4.995981420095506387e+00
4.994845138977709098e+00
4.993579820136967662e+00
4.992177397202197220e+00
4.990639443885033444e+00
4.988985743861144684e+00
4.987190706174320809e+00
4.985279774706310896e+00
4.983279025744146828e+00
4.981180596392100313e+00
4.979007805626339156e+00
4.976769512485212488e+00
4.974473521153875311e+00
4.972135791222997092e+00
4.969755985032269230e+00
4.967350110899159787e+00
4.964925008754677904e+00
4.962491808723158648e+00
4.960058783780284308e+00
4.957642662267632616e+00
4.955256764780229695e+00
4.952908535938209234e+00
4.950605990629142639e+00
4.948368860374636746e+00
4.946202128570027057e+00
4.944124361764139053e+00
4.942117200683302514e+00
4.940206591825432980e+00
4.938411018888898774e+00
4.936731396954007423e+00
4.935187320451684734e+00
4.933745046894497222e+00
4.932433411370462650e+00
4.931273993219680740e+00
4.930269450511284290e+00
4.929406188021846269e+00
4.928685173134750741e+00
4.928127714436001838e+00
4.927730900424964311e+00
4.927529983654118872e+00
4.927502129972879175e+00
4.927646343178083477e+00
4.927946793074688081e+00
4.928433786603590328e+00
4.929094466390987250e+00
4.929945970970176283e+00
4.931002009185933233e+00
4.932191752019310371e+00
