0.000000000000000000e+00
0.000000000000000000e+00
-1.432357967132703097e-06
-7.449565018760041554e-06
-1.878177121398039149e-05
-3.225301581551321013e-05
-4.350226445239968056e-05
-2.126184132066553776e-05
2.158098082873042959e-05
1.181804218504113027e-04
3.029823132965249878e-04
5.788737365219279044e-04
9.549893641087694486e-04
1.522242223581997790e-03
2.242467721662251383e-03
3.152354752382961495e-03
4.296044504008023415e-03
5.693483894428936348e-03
7.331726347765652428e-03
9.284228777250973924e-03
1.151973525222274239e-02
1.404499182637664045e-02
1.690013298924895185e-02
2.002624968226882421e-02
2.347978988822433527e-02
2.721722165282699363e-02
3.124336341556045032e-02
3.559264460738632146e-02
4.017805973227950994e-02
4.504964778359863559e-02
5.024235496457551270e-02
5.567811021741364552e-02
6.139402041371796320e-02
6.739492783483001792e-02
7.369384953912232195e-02
8.024088749822114175e-02
8.702587315972779014e-02
9.402471969064206403e-02
1.013054353946062913e-01
1.088246096127840901e-01
1.165949262135836523e-01
1.245779235118243400e-01
1.328252650254580780e-01
1.412590522521350311e-01
1.499354578011844186e-01
1.588957441800449011e-01
1.680065138095233612e-01
1.773645497315738395e-01
1.868787891620014019e-01
1.966325820439670524e-01
2.065577662938449799e-01
2.167039693349216423e-01
2.270280588620517404e-01
2.375105155461643136e-01
2.481333852761600234e-01
2.589173961633060017e-01
2.698798693173740104e-01
2.810061229222628465e-01
2.923534608834597592e-01
3.038244296067568739e-01
3.154919732564303581e-01
3.273701704495760589e-01
3.393995774739596016e-01
3.516492367738100477e-01
3.640181029790255374e-01
3.765764988416048231e-01
3.892391086572023484e-01
4.020855213158937014e-01
4.151436985486360864e-01
4.283616353028627532e-01
4.417506659978243100e-01
4.552757597916933796e-01
4.689537323468538910e-01
4.828828681462618011e-01
4.969972074979158716e-01
5.112908423894259036e-01
5.257297004216523462e-01
5.403246952050538843e-01
5.550986934655521843e-01
5.700181497090671678e-01
5.851753498071048387e-01
6.005108178609227521e-01
6.160109330170963071e-01
6.316479469292972659e-01
6.474267662518833344e-01
6.633735490792607159e-01
6.794514323228214581e-01
6.957539440148684529e-01
7.122281421178193739e-01
7.288550234788270243e-01
7.456123293393462914e-01
7.624999750607819315e-01
7.795237864011137496e-01
7.966939033025114414e-01
8.140634418481199619e-01
8.316277647965755193e-01
8.493210173600520552e-01
8.671610094064083896e-01
8.851002896779386342e-01
9.031691170686091397e-01
9.213744235986079945e-01
9.397722066396084761e-01
9.583631921761837091e-01
9.770760596745814430e-01
9.959330678933464576e-01
1.014881907796224114e+00
1.033956970071156833e+00
1.053145680522282746e+00
1.072510640715916841e+00
1.092058118676503264e+00
1.111715597009022893e+00
1.131510942077000870e+00
1.151438236331304044e+00
1.171540174578984850e+00
1.191733636950810915e+00
1.212090292071660302e+00
1.232541763877232688e+00
1.253148598765690958e+00
1.273895337676366202e+00
1.294784317111333571e+00
1.315855474566777872e+00
1.337160773372014777e+00
1.358726518248876580e+00
1.380491485690435560e+00
1.402420561408361355e+00
1.424490673636755078e+00
1.446747760867437504e+00
1.469131412600835906e+00
1.491770258044561315e+00
1.514559321498235578e+00
1.537617354487737620e+00
1.560900821780523362e+00
1.584355595206579315e+00
1.608027708625158203e+00
1.631842200850804669e+00
1.655876243209203125e+00
1.680116620158513596e+00
1.704613158797581907e+00
1.729395051097234015e+00
1.754325263594945117e+00
1.779534499739964692e+00
1.804988565539677570e+00
1.830602958297093519e+00
1.856386087035496901e+00
1.882360067462285347e+00
1.908507540320714568e+00
1.934735999202092493e+00
1.961071419810612726e+00
1.987574215030034175e+00
2.014087553119023877e+00
2.040686066245397168e+00
2.067245144938787416e+00
2.093843112086614777e+00
2.120495061969122297e+00
2.147100687121710205e+00
2.173692672347387500e+00
2.200316717719396742e+00
2.226846594905218524e+00
2.253329417800268075e+00
2.279795284365972119e+00
2.306235449408849725e+00
2.332652468776067689e+00
2.358910200690587988e+00
2.385026154612860161e+00
2.411010735129675009e+00
2.436770274733861985e+00
2.462315094565709295e+00
2.487569828128179061e+00
2.512516884898503999e+00
2.537227065657933434e+00
2.561572389697392094e+00
2.585576953982670290e+00
2.609239664172489981e+00
2.632533919905979847e+00
2.655624826049168163e+00
2.678420608138401438e+00
2.700958643054325314e+00
2.723481795882541689e+00
2.745947365855533118e+00
2.768464071845371244e+00
2.791119010543186452e+00
2.813961656188327609e+00
2.836970837210971208e+00
2.860297989940006058e+00
2.883854506110508087e+00
2.907769057845432492e+00
2.931953096484500865e+00
2.956472587680179398e+00
2.981321842765170871e+00
3.006544108485538658e+00
3.032114944552738667e+00
3.058041586970646541e+00
3.084289674853642360e+00
3.110898234938938689e+00
3.137868323420842209e+00
3.165075507258733101e+00
3.192512660121282320e+00
3.220112972354253422e+00
3.247888944243749076e+00
3.275793142413457204e+00
3.303835256194432635e+00
3.331977565383275497e+00
3.360245044326146679e+00
3.388574571704229488e+00
3.417036843394598122e+00
3.445572676753362540e+00
3.474237806891759650e+00
3.502978990172704421e+00
3.531849207972844518e+00
3.560797007178624796e+00
3.589865069484075022e+00
3.619008958434422940e+00
3.648250885104497687e+00
3.677611107920965239e+00
3.707086570357641442e+00
3.736690449809393133e+00
3.766407508944830340e+00
3.796225192641577095e+00
3.826187334155401132e+00
3.856232357119878440e+00
3.886404042338689191e+00
3.916639511679967267e+00
3.946953089331945552e+00
3.977334010695775302e+00
4.007741484736760285e+00
4.038176958655674831e+00
4.068604488467534530e+00
4.098987743949254359e+00
4.129416661357244500e+00
4.159829270934423562e+00
4.190292713736852193e+00
4.220731761550267969e+00
4.251204562281926336e+00
4.281628153418858496e+00
4.312053630446751384e+00
4.342398843859990087e+00
4.372720975970586288e+00
4.402932870482762162e+00
4.433041365241368048e+00
4.463100693320591894e+00
4.493082168196996129e+00
4.523011405562718856e+00
4.552847335433324538e+00
4.582602546309789027e+00
4.612227060889561692e+00
4.641731021498998189e+00
4.671057717894871786e+00
4.700205834006627725e+00
4.729136056994756920e+00
4.757796273326238001e+00
4.786165447329839395e+00
4.814218244647343603e+00
4.841953518485386354e+00
4.869362614249546972e+00
4.896460316275915048e+00
4.923233959769567569e+00
4.949687173461278178e+00
4.975772721862156800e+00
5.001365175341923930e+00
5.026614580249150421e+00
5.051411380862553813e+00
5.075901887511570898e+00
5.099941463565190070e+00
5.123538832759220618e+00
5.146741750335057652e+00
5.169488225077947696e+00
5.191845839118322203e+00
5.213908948993047687e+00
5.235669801329931872e+00
5.257141375636419589e+00
5.278252396678289493e+00
5.299010229205450173e+00
5.319441528415045362e+00
5.339522891139349525e+00
5.359163318967184786e+00
5.378476643657049472e+00
5.397486888264975136e+00
5.416196625327429182e+00
5.434662671183904337e+00
5.452872922515233256e+00
5.470830825661977315e+00
5.488495237922032643e+00
5.505751301144917065e+00
5.522673903798421158e+00
5.539323406314213827e+00
5.555718911980947361e+00
5.571958782767614693e+00
5.587906415557227113e+00
5.603602259253821494e+00
5.619076505994161863e+00
5.634270854091010250e+00
5.649197119569143943e+00
5.663874138688407278e+00
5.678265100812278199e+00
5.692333133315406357e+00
5.706171517466864351e+00
5.719730002974830363e+00
5.732987979745231222e+00
5.745941946601234029e+00
5.758638974522910736e+00
5.771044169759116826e+00
5.783133325671515834e+00
5.794951068257651272e+00
5.806483894681297109e+00
5.817712019776664079e+00
5.828615871762595546e+00
5.839119874333702498e+00
5.849349998330437117e+00
5.859233436679207152e+00
5.868800878023468393e+00
5.878084142898880593e+00
5.887008521651589277e+00
5.895686908459031095e+00
5.904051100706422694e+00
5.912126926874482713e+00
5.919910621141757368e+00
5.927371423339212519e+00
5.934515766596162756e+00
5.941439651345575612e+00
5.948078883385027105e+00
5.954493237828577534e+00
5.960589876269662746e+00
5.966335762237870100e+00
5.971820523237550304e+00
5.977011002992951738e+00
5.981956935023629462e+00
5.986658313071095527e+00
5.991079571043813168e+00
5.995297919904554185e+00
5.999227379059159482e+00
6.002937475537621026e+00
6.006405182575546675e+00
6.009537326788270128e+00
6.012445085739456907e+00
6.015045095776879513e+00
6.017359681671226035e+00
6.019455567097031334e+00
6.021226183121764386e+00
6.022718900983893064e+00
6.023937777748070488e+00
6.024860265796744052e+00
6.025519940649830986e+00
6.025859927853309372e+00
6.025845200345358421e+00
6.025567075051806221e+00
6.024974615350804363e+00
6.024090272486648523e+00
6.022881790772519395e+00
6.021316795126042898e+00
6.019494055286489065e+00
6.017368822321735422e+00
6.014969260618530100e+00
6.012271637246452194e+00
6.009291163310848560e+00
6.006023478433929697e+00
6.002443626448951797e+00
5.998619700596175441e+00
5.994523143992266156e+00
5.990198644325575472e+00
5.985569349751315826e+00
5.980742494687876665e+00
5.975640890226206814e+00
5.970317158922992640e+00
5.964743644223056585e+00
5.958875200376353654e+00
5.952816860303721924e+00
5.946517572030864507e+00
5.940059832558476138e+00
5.933388054594838756e+00
5.926530184969746706e+00
5.919456455335461165e+00
5.912118756995044855e+00
5.904618901238285034e+00
5.896904091462931596e+00
5.889007650837739583e+00
5.880917008147081404e+00
5.872618904337724821e+00
5.864155147895655062e+00
5.855468170866807931e+00
5.846630599722703714e+00
5.837618650421938504e+00
5.828485626206240333e+00
5.819167419299921207e+00
5.809748311862787951e+00
5.800181135759196138e+00
5.790482043251833133e+00
5.780693178996881620e+00
5.770820972547371142e+00
5.760857300982315188e+00
5.750862566456635072e+00
5.740828215107758759e+00
5.730770812258560554e+00
5.720716287121613064e+00
5.710673550591309322e+00
5.700655846819716821e+00
5.690671665892439890e+00
5.680736695155936822e+00
5.670860085711318277e+00
5.661036425456839716e+00
5.651263762936430624e+00
5.641560100540953471e+00
5.631894649491148819e+00
5.622285044417219879e+00
5.612733637914495866e+00
5.603222105727033941e+00
5.593758028373556179e+00
5.584333049282864891e+00
5.574921661243275928e+00
5.565530501828030552e+00
5.556166072711782533e+00
5.546830032095747320e+00
5.537523132786589919e+00
5.528262058124381539e+00
5.519032755122024625e+00
5.509837358817894604e+00
5.500696779713470264e+00
5.491586377844650535e+00
5.482566189989882766e+00
5.473596589193182815e+00
5.464705040082770360e+00
5.455915323123770477e+00
5.447197481021720300e+00
5.438584109768707542e+00
5.430069046244461184e+00
5.421661273464996711e+00
5.413395896181900646e+00
5.405281626210053147e+00
5.397305149063903684e+00
5.389495511278945550e+00
5.381810426935989433e+00
5.374319844469863661e+00
5.366937597617942757e+00
5.359732771739800228e+00
5.352721546516258755e+00
5.345844155773957773e+00
5.339130769595940684e+00
5.332539447769959473e+00
5.326118391380150641e+00
5.319890595898469243e+00
5.313802469596703659e+00
5.307880492434343012e+00
5.302123849019845458e+00
5.296546029672463796e+00
5.291122013554415027e+00
5.285848233923753803e+00
5.280708945617517358e+00
5.275752251968224726e+00
5.270959379598934014e+00
5.266352761611778455e+00
5.261923940703709057e+00
5.257649506256420580e+00
5.253526914641697410e+00
5.249543400034744955e+00
5.245759971961815538e+00
5.242149257287818997e+00
5.238686206266720546e+00
5.235362658426602422e+00
5.232166910395462445e+00
5.229091702923614804e+00
5.226208133325417116e+00
5.223465193734008416e+00
5.220880668685275339e+00
5.218463107869464324e+00
5.216148513779478968e+00
5.213995749578315575e+00
5.211997468546469392e+00
5.210128824338753795e+00
5.208392982110818359e+00
5.206806318238814235e+00
5.205361806676227943e+00
5.204078171626168370e+00
5.202910518795685668e+00
5.201884370968180349e+00
5.200998110026555210e+00
5.200232208818631463e+00
5.199582048207955332e+00
5.199034487940804361e+00
5.198605296016172161e+00
5.198274462968542231e+00
5.198031497616751651e+00
5.197870806809945066e+00
5.197787998747510407e+00
5.197764031854887889e+00
5.197806468294433380e+00
5.197893841094769485e+00
5.198006964852535106e+00
5.198144094977029894e+00
5.198284434476369675e+00
5.198400169373924129e+00
5.198499856745327108e+00
5.198548869099901104e+00
5.198529173355050936e+00
5.198443711833530045e+00
5.198262384576224804e+00
5.197983832774184521e+00
5.197588521023712715e+00
5.197070221421739689e+00
5.196382744503639017e+00
5.195574551043530498e+00
5.194580415231604853e+00
5.193427439448851324e+00
5.192097386834639394e+00
5.190564417061822589e+00
5.188863144186750986e+00
5.186976379868999842e+00
5.184915128020064046e+00
5.182687301901594878e+00
5.180250072447077692e+00
5.177674328056589559e+00
5.174917030004278828e+00
5.171973430780187009e+00
5.168900402454151610e+00
5.165687342253936443e+00
5.162349602547895877e+00
5.158902540770781364e+00
5.155345036355269528e+00
5.151683023241770520e+00
5.147936622170222520e+00
5.144130498436704002e+00
5.140275548664346772e+00
5.136390639511360767e+00
5.132475211290135064e+00
5.128549204138530548e+00
5.124639189509166748e+00
5.120757377711547598e+00
5.116912949053061155e+00
5.113119763401759776e+00
5.109395818082107965e+00
5.105737638441339321e+00
5.102142994073646243e+00
5.098651355770843274e+00
5.095258401302116269e+00
5.091959019569174849e+00
5.088751376239077473e+00
5.085667923358694331e+00
5.082709578243509441e+00
5.079866376189009713e+00
5.077141169277446409e+00
5.074573788908737448e+00
5.072165831891314980e+00
5.069919669297950016e+00
5.067798986700790209e+00
5.065894003478305763e+00
5.064138724175709427e+00
5.062574481484908517e+00
5.061227296111602492e+00
5.060038598743695992e+00
5.059052441311497894e+00
5.058318948713560914e+00
5.057768666972835447e+00
5.057454823037106806e+00
5.057346622697507676e+00
5.057448804197332670e+00
5.057793214661500336e+00
5.058347403486689764e+00
5.059122942616663288e+00
5.060114237522206793e+00
5.061294593667111208e+00
5.062672541593632225e+00
5.064188662176452027e+00
5.065869793300948665e+00
5.067677514856181453e+00
5.069602319007239011e+00
5.071629924779258225e+00
5.073728293781599064e+00
5.075895817135891441e+00
5.078114657407125421e+00
5.080365210031589029e+00
5.082631795858462809e+00
5.084911805843432830e+00
5.087178560649475934e+00
5.089421750610195083e+00
5.091633859728895040e+00
5.093800632064662715e+00
5.095897617345176656e+00
5.097931214874110495e+00
5.099879637663683241e+00
5.101724539255222624e+00
5.103465865855536521e+00
5.105094082360587038e+00
5.106577545707545518e+00
5.107928585266193977e+00
5.109130638917407374e+00
5.110192115460951534e+00
5.111042231326420548e+00
5.111712615718563057e+00
5.112179709901532476e+00
5.112457525567581484e+00
5.112546339589600919e+00
5.112423068960628036e+00
5.112071505566559537e+00
5.111543218498550090e+00
5.110822427724919237e+00
5.109923382257542279e+00
5.108839459722359422e+00
5.107592884903271901e+00
5.106202805792411148e+00
5.104653450702746120e+00
5.102999282335360931e+00
5.101224945192654125e+00
5.099325795327742661e+00
5.097351370607932530e+00
5.095286644553263855e+00
5.093191313003620380e+00
5.091049735402187082e+00
5.088861204986890208e+00
5.086651778226215725e+00
5.084420343195515279e+00
5.082183338110762172e+00
5.079943577354268491e+00
5.077698087101296665e+00
5.075437539820985222e+00
5.073185496484355461e+00
5.070931821172552034e+00
5.068683009599761036e+00
5.066440523420886244e+00
5.064208122496919096e+00
5.061988132452087008e+00
5.059786181156949780e+00
5.057619873290376766e+00
5.055479091261940283e+00
5.053387069707231838e+00
5.051356558506803651e+00
5.049373573963957362e+00
5.047451343541460744e+00
5.045594013785439813e+00
5.043786487882452541e+00
5.042049567108469965e+00
5.040357695674019922e+00
5.038742528562861089e+00
5.037192972009497893e+00
5.035718248640614902e+00
5.034296680693943316e+00
5.032944854502995113e+00
5.031664016996939104e+00
5.030466951211412407e+00
5.029350269814451657e+00
5.028284580116590519e+00
5.027285684426744616e+00
5.026351733063776805e+00
5.025496101458985621e+00
5.024713124339898584e+00
5.023994995733220392e+00
5.023356082146484880e+00
5.022790704262872552e+00
5.022299384628851726e+00
5.021873096940536740e+00
5.021512103272100624e+00
5.021219741353262656e+00
5.021000610464681380e+00
5.020851063211876131e+00
5.020757102580237330e+00
5.020720567985399896e+00
5.020736808372157967e+00
5.020808175467381673e+00
5.020930969305763547e+00
5.021106539778838140e+00
5.021333922278560458e+00
5.021596480757422043e+00
5.021892943848349056e+00
5.022214782927609811e+00
5.022569427993572866e+00
5.022955329847015093e+00
5.023358512726106007e+00
5.023772784527817059e+00
5.024189722929574664e+00
5.024598919097758021e+00
5.024987527449107816e+00
5.025350368116474620e+00
5.025667158272540291e+00
5.025953364149158276e+00
5.026191980727438668e+00
5.026393710133110204e+00
5.026541387178425246e+00
5.026625799527812077e+00
5.026652895727148795e+00
5.026613247355399494e+00
5.026524612566409367e+00
5.026374280134167982e+00
5.026163376381573400e+00
5.025882495285896034e+00
5.025526129098563111e+00
5.025103971714108830e+00
5.024615134837060459e+00
5.024057739095717068e+00
5.023433215038804356e+00
5.022754952179220744e+00
5.022020476477172757e+00
5.021244210394051777e+00
5.020428149567869092e+00
5.019579139294055636e+00
5.018709260540036965e+00
5.017815969826608047e+00
5.016905939372211520e+00
5.015983073504595602e+00
5.015052568854716952e+00
5.014118535460856840e+00
5.013188231082586377e+00
5.012265746461180171e+00
5.011352204473642047e+00
5.010451858954457549e+00
5.009565568285015758e+00
5.008706321882037571e+00
5.007873770760325804e+00
5.007056512253313052e+00
5.006250393854408287e+00
5.005449761541513887e+00
5.004653055610089218e+00
5.003854128958610481e+00
5.003051303567318975e+00
5.002235139327077640e+00
5.001407627629069985e+00
5.000561440827278048e+00
4.999699572863011809e+00
4.998825484828978816e+00
4.997939012588887842e+00
4.997033730314999644e+00
4.996111436279444540e+00
4.995169737206726523e+00
4.994210296364453683e+00
4.993231563063289968e+00
4.992231284918215550e+00
4.991213841753032732e+00
4.990182425023941271e+00
4.989138045327692339e+00
4.988082212002902693e+00
4.987017296494870244e+00
4.985950238795904710e+00
4.984886291341809716e+00
4.983838978724508095e+00
4.982810766415624038e+00
4.981810857893853139e+00
4.980839856209188454e+00
4.979913535656363521e+00
4.979036793800028171e+00
4.978220482634336364e+00
4.977463238330511963e+00
4.976770909668831067e+00
4.976152210438577583e+00
4.975600279884366373e+00
4.975123355666128511e+00
4.974716848300724692e+00
4.974388504715590464e+00
4.974132255686400939e+00
4.973947640431999773e+00
4.973830395152748274e+00
4.973771569326477682e+00
4.973774387061261848e+00
4.973816981858240283e+00
4.973891266624109520e+00
4.973990659110846480e+00
4.974113123531119562e+00
4.974265018517749048e+00
4.974435884955004994e+00
4.974616583290175420e+00
4.974804897813722704e+00
4.974994935991838396e+00
4.975187196212485397e+00
4.975369412398561231e+00
4.975537535345776696e+00
4.975692158064467741e+00
4.975834209008736408e+00
4.975969196886419255e+00
4.976090134561656164e+00
4.976197305044752994e+00
4.976291791445238921e+00
4.976373998934997545e+00
4.976449282292871423e+00
4.976513327828271827e+00
4.976572067381477282e+00
4.976629324138758470e+00
4.976692363165913235e+00
4.976756020088343391e+00
4.976835502714513915e+00
4.976931407351642633e+00
4.977056774862706590e+00
4.977212677637710136e+00
4.977387715655043898e+00
4.977596594209448000e+00
4.977831409166233456e+00
4.978107324077414297e+00
4.978424700556920435e+00
4.978782078942881384e+00
4.979177338762806215e+00
4.979614320865498378e+00
4.980090253262448030e+00
4.980612758307384702e+00
4.981180302186536402e+00
4.981777575260628588e+00
4.982404732576239503e+00
4.983051796055067761e+00
4.983722152433028185e+00
4.984410567081203780e+00
4.985100261068573069e+00
4.985784791803589577e+00
4.986458171850672194e+00
4.987120192891587145e+00
4.987773739269603546e+00
4.988410299813973658e+00
4.989030223360883198e+00
4.989632204345094912e+00
4.990209820626903436e+00
4.990754099919130660e+00
4.991254176146020072e+00
4.991710973924625705e+00
4.992132244727241819e+00
4.992515157295989603e+00
4.992855620405303618e+00
4.993154732792304706e+00
4.993417907769458708e+00
4.993656848652886282e+00
4.993870557716713954e+00
4.994064084610568166e+00
4.994240884224550037e+00
4.994404747358188068e+00
4.994564265611245446e+00
4.994716003949416283e+00
4.994864105435681267e+00
4.995011590954509195e+00
4.995162846066651063e+00
4.995323602662081974e+00
4.995492413782175234e+00
4.995673418317581493e+00
4.995856026422823781e+00
4.996040978331709681e+00
4.996222280368798785e+00
4.996402968571181269e+00
4.996581664413803914e+00
4.996755091783250613e+00
4.996928394541736651e+00
4.997097079411741305e+00
4.997264947847123828e+00
4.997431966599667597e+00
4.997595689364368710e+00
4.997764631242151978e+00
4.997927366283382078e+00
4.998083093550647504e+00
4.998227687601589864e+00
4.998357895736242007e+00
4.998471900553101754e+00
4.998565311965192492e+00
4.998632671723733267e+00
4.998678719017314087e+00
4.998698831105263807e+00
4.998696517328916400e+00
4.998672619787229543e+00
4.998619161899386931e+00
4.998539494750276369e+00
4.998431939314304628e+00
4.998301515755429136e+00
4.998145763295887889e+00
4.997966252024470535e+00
4.997771850711850483e+00
4.997561068813500817e+00
4.997334799728539778e+00
4.997090457714345568e+00
4.996828270591047172e+00
4.996550606469806866e+00
4.996264403871442994e+00
4.995976319573069979e+00
4.995680001433190576e+00
4.995375045648958512e+00
4.995060411392894473e+00
4.994747876077143545e+00
4.994429919458180045e+00
4.994105662330239781e+00
4.993779866769163966e+00
4.993448197803646238e+00
4.993128791078180306e+00
4.992805219068379152e+00
4.992472109644860545e+00
4.992133469394595124e+00
4.991785830891879883e+00
4.991432195416841466e+00
4.991059023960682239e+00
4.990665059275182003e+00
4.990254709533605393e+00
4.989825519620630701e+00
4.989380297138545473e+00
4.988911401256178380e+00
4.988416536114369748e+00
4.987895396053049879e+00
4.987350020519648375e+00
4.986782430037115965e+00
4.986191262527559509e+00
4.985578678398583818e+00
4.984944215118145117e+00
4.984286851435160592e+00
4.983615547417853620e+00
4.982934222742174235e+00
4.982249151691052091e+00
4.981561482100937077e+00
4.980877483709904574e+00
4.980201232358071550e+00
4.979540491848442052e+00
4.978901190011952416e+00
4.978279505185041920e+00
4.977680891788755169e+00
4.977101503386352377e+00
4.976561123467240222e+00
4.976054519153390920e+00
4.975585589557145028e+00
4.975157150029395403e+00
4.974758655986939004e+00
4.974405341818187054e+00
4.974087381846461042e+00
4.973814379739764924e+00
4.973580030872676083e+00
4.973380353859814917e+00
4.973217408395561812e+00
4.973082619401815840e+00
4.972985632660988919e+00
4.972923368978504399e+00
4.972890153344910580e+00
4.972885794398449022e+00
4.972893221068503955e+00
4.972913089627242655e+00
4.972934634368709084e+00
4.972956486905303564e+00
4.972974260549371195e+00
4.972980774036686036e+00
4.972983192035598243e+00
4.972963731582411562e+00
4.972918345444039545e+00
4.972837622147188164e+00
4.972719951570169883e+00
4.972558150868998439e+00
4.972341683432596859e+00
4.972068985682118303e+00
4.971739168856430524e+00
4.971347350981225155e+00
4.970900723133373944e+00
4.970386667903649247e+00
4.969817169737206441e+00
4.969199370648848202e+00
4.968533406090128501e+00
4.967827311139691560e+00
4.967085036989438152e+00
4.966320530753718820e+00
4.965542694833266602e+00
4.964756705593456054e+00
4.963963078316439237e+00
4.963164181914319073e+00
4.962368043642630511e+00
4.961580353956808409e+00
4.960806791987408815e+00
4.960053171124448212e+00
4.959322718884934922e+00
4.958624020125856902e+00
4.957949811946740226e+00
4.957305114027253268e+00
4.956693965289881376e+00
4.956102257613232531e+00
4.955538305137447530e+00
4.954988536592712656e+00
4.954453928414872088e+00
4.953925239462545704e+00
4.953391372654727398e+00
4.952854463551334518e+00
4.952311718966951659e+00
4.951757573653151390e+00
4.951192192379524570e+00
4.950600850377371742e+00
4.949988688845328610e+00
4.949355678353599686e+00
4.948702441994242029e+00
4.948031486962131353e+00
4.947329822424939572e+00
4.946599728483848324e+00
4.945840451214603917e+00
4.945057082940033766e+00
4.944254263434700647e+00
4.943434773776821167e+00
4.942607850376656842e+00
4.941780457068376542e+00
4.940955661479525141e+00
4.940142714027457416e+00
4.939356863591960689e+00
4.938592024836828465e+00
4.937863360960176529e+00
4.937164134699991713e+00
4.936507004369190099e+00
4.935916019100837104e+00
4.935375837106398933e+00
4.934895560126893344e+00
4.934466917757086790e+00
4.934098863247923461e+00
4.933815890811525051e+00
4.933597732242339440e+00
4.933473194558316344e+00
4.933429039553883122e+00
4.933471877332920918e+00
4.933616727860788309e+00
4.933838553214590306e+00
4.934159243004542894e+00
4.934556680033129972e+00
4.935028026187938899e+00
4.935585511969548200e+00
4.936198947550875182e+00
4.936887128623349774e+00
4.937631986038907961e+00
4.938432967858537914e+00
4.939297841014488988e+00
4.940203565182312850e+00
4.941167018683776391e+00
4.942170706959590376e+00
4.943213380025848203e+00
4.944291862668618087e+00
4.945402818741425399e+00
4.946544568883403770e+00
4.947699401425347254e+00
4.948858507173285126e+00
4.950015697004421789e+00
4.951165053444131381e+00
4.952302368628010321e+00
4.953415358262285295e+00
4.954501843201144951e+00
4.955558193596228733e+00
4.956586378635988943e+00
4.957588431807386620e+00
4.958557533519495131e+00
4.959494110690582325e+00
4.960392613681185559e+00
4.961241912888514349e+00
4.962045271666871038e+00
4.962800564067588738e+00
4.963509965064155871e+00
4.964178539561259207e+00
4.964810332181082586e+00
4.965410716096088528e+00
4.965983170392140877e+00
4.966526450785027080e+00
4.967041676426455332e+00
4.967524810815379332e+00
4.967980462508426065e+00
4.968396660024450462e+00
4.968799042673932576e+00
4.969168341243792142e+00
4.969508777791785903e+00
4.969812025679427592e+00
4.970057580145227583e+00
4.970252283523009851e+00
4.970388669595273257e+00
4.970476603247376168e+00
4.970486153256065798e+00
4.970428262556820798e+00
4.970312121062456789e+00
4.970140224880458035e+00
4.969899734499783506e+00
4.969581487494439287e+00
4.969195010083645947e+00
4.968735409508378886e+00
4.968210615458819035e+00
4.967620276714596272e+00
4.966970769966873256e+00
4.966264382432136415e+00
4.965484123135838423e+00
4.964645846466456014e+00
4.963759682009850849e+00
4.962828650156889232e+00
4.961864827628168051e+00
4.960877175311479093e+00
4.959875927622351632e+00
4.958871196637781864e+00
4.957884395698939350e+00
4.956916083077823387e+00
4.955987400392925402e+00
4.955090946237480587e+00
4.954239572937523484e+00
4.953457193280492277e+00
4.952719198818240187e+00
4.952054403404625660e+00
4.951440621296795186e+00
4.950907348784539863e+00
4.950464253666733150e+00
4.950083490627739558e+00
4.949787417556081870e+00
4.949548024087135900e+00
4.949390526226643772e+00
4.949315231189985731e+00
4.949314727425636384e+00
4.949395102109821032e+00
4.949531448926837385e+00
4.949730367731364211e+00
4.949991449113996467e+00
4.950303393282056597e+00
4.950664079167010456e+00
4.951055004350902955e+00
4.951477725558044440e+00
4.951923654764952332e+00
4.952381785042646811e+00
4.952856822624864819e+00
4.953337722584667091e+00
4.953821726381841373e+00
4.954300732031526877e+00
4.954765655040803907e+00
4.955214208230438899e+00
4.955639419682386304e+00
4.956041694931747621e+00
4.956404519319596247e+00
4.956731779664816706e+00
4.957020566757831759e+00
4.957273557480488257e+00
4.957500133212719540e+00
4.957691606614802460e+00
4.957852790091251016e+00
4.957980546481973505e+00
4.958079325627601008e+00
4.958151888112602101e+00
4.958198856931243625e+00
4.958220606684747622e+00
4.958226612907432163e+00
4.958220322076643427e+00
4.958204957737300411e+00
4.958185591722552132e+00
4.958159977236475058e+00
4.958131858107345913e+00
4.958101973027634557e+00
4.958070810815963902e+00
4.958040036127616013e+00
4.958007475870374492e+00
4.957987157992731930e+00
4.957965796637994416e+00
4.957948824498285667e+00
4.957928914141790600e+00
4.957912220624691280e+00
4.957893516475285089e+00
4.957865693034089638e+00
4.957838111322323549e+00
4.957805449369314665e+00
4.957772950628258180e+00
4.957735513521310367e+00
4.957686564249869754e+00
4.957621779984746624e+00
4.957539736044545009e+00
4.957446460810442268e+00
4.957337626910721440e+00
4.957210379981388471e+00
4.957063038640607822e+00
4.956887788412112528e+00
4.956683352564413170e+00
4.956446776271747012e+00
4.956176028449969628e+00
4.955868562267111699e+00
4.955529851124571117e+00
4.955165790275620097e+00
4.954774677635121805e+00
4.954362284907090519e+00
4.953934668184209578e+00
4.953504426249254244e+00
4.953085873828220187e+00
4.952676596374200990e+00
4.952290583171831351e+00
4.951927980625019821e+00
4.951599730283903433e+00
4.951313327730582081e+00
4.951072230500117577e+00
4.950887931932643760e+00
4.950755916007742563e+00
4.950683447213791943e+00
4.950663013563439740e+00
4.950698058857064154e+00
4.950792246787290019e+00
4.950945478305632363e+00
4.951149334144257175e+00
4.951407591794096064e+00
4.951711164061391557e+00
4.952063223626875121e+00
4.952462958041989438e+00
4.952910537068212271e+00
4.953396524060929451e+00
4.953921190705561806e+00
4.954477875437998335e+00
4.955068381186984894e+00
4.955681748371982387e+00
4.956312388386987955e+00
4.956963897031211985e+00
4.957634935211802762e+00
4.958327122610476145e+00
4.959029446524051643e+00
4.959739142414599122e+00
4.960455637257962458e+00
4.961176887285381198e+00
4.961902111676008253e+00
4.962627950292499257e+00
4.963357514273794457e+00
4.964086522069247387e+00
4.964817985203536566e+00
4.965546119343908771e+00
4.966265613492996778e+00
4.966979202609929089e+00
4.967688472252758558e+00
4.968401705008419711e+00
4.969115752336056069e+00
4.969830126967698547e+00
4.970546625312834976e+00
4.971262967642813280e+00
4.971986852195529494e+00
4.972713243347075540e+00
4.973443085756566795e+00
4.974175992217328535e+00
4.974917258304026646e+00
4.975668318849471028e+00
4.976418322902588010e+00
4.977170460131435270e+00
4.977919598650602850e+00
4.978671524879008103e+00
4.979422555920152149e+00
4.980174633693366104e+00
4.980924585741429489e+00
4.981669523846774972e+00
4.982418116983443390e+00
4.983163654637008833e+00
4.983912180718451879e+00
4.984653710630209567e+00
4.985378412437111884e+00
4.986092959028154858e+00
4.986789290588766299e+00
4.987475848924786348e+00
4.988142499309451416e+00
4.988784472924144175e+00
4.989405987281771537e+00
4.989994122218759820e+00
4.990552518163296369e+00
4.991067507472307874e+00
4.991538058277638967e+00
4.991971041169436241e+00
4.992350102570325632e+00
4.992685945388346092e+00
4.992965292763382301e+00
4.993188008889972274e+00
4.993347013630389242e+00
4.993445469979612028e+00
4.993492361093355036e+00
4.993485895277532727e+00
4.993420651497850749e+00
4.993304898383627233e+00
4.993128394911596324e+00
4.992901568299689785e+00
4.992625734543958416e+00
4.992296665607550921e+00
4.991922903432110203e+00
4.991505848466018413e+00
4.991041169612270068e+00
4.990540022848706236e+00
4.990013405865591167e+00
4.989463414175968836e+00
4.988892290143829733e+00
4.988297548218231903e+00
4.987689401021759394e+00
4.987076801321070008e+00
4.986465416921833871e+00
4.985857583059528864e+00
4.985257560087900330e+00
4.984665997325043563e+00
4.984079081563810298e+00
4.983508073499956836e+00
4.982952811902918278e+00
4.982420873752392509e+00
4.981914473584449610e+00
4.981427582650042041e+00
4.980973834505832087e+00
4.980553673094666678e+00
4.980165328270352632e+00
4.979813531635856272e+00
4.979484058095669852e+00
4.979198470989769199e+00
4.978941994755125222e+00
4.978728783501840560e+00
4.978552233277414807e+00
4.978402424704809093e+00
4.978292592008192408e+00
4.978212101029757974e+00
4.978174521917072326e+00
4.978173691009915913e+00
4.978200650176778375e+00
4.978271246486155377e+00
4.978373967640845166e+00
4.978521129851041671e+00
4.978707413495329526e+00
4.978926867869494011e+00
4.979183895968643192e+00
4.979463355456291040e+00
4.979785292547940223e+00
4.980147091661391912e+00
4.980535941486058604e+00
4.980956547547875424e+00
4.981402058479188710e+00
4.981893926140663176e+00
4.982411419291791432e+00
4.982967732650038784e+00
4.983554511432346068e+00
4.984155550961192560e+00
4.984775313873584857e+00
4.985404423017794961e+00
4.986050609116251309e+00
4.986708928336198277e+00
4.987366730858380670e+00
4.988028626133496068e+00
4.988686864067608084e+00
4.989347922866040008e+00
4.990011601437621458e+00
4.990671101574593038e+00
4.991325627107912055e+00
4.991964883048828128e+00
4.992587463174755769e+00
4.993189563666279085e+00
4.993768462155754762e+00
4.994322431188819245e+00
4.994847412620481819e+00
4.995331268113848644e+00
4.995754681479927406e+00
4.996124277923997603e+00
4.996447416198249947e+00
4.996725467116380770e+00
4.996961087015266756e+00
4.997133955870562971e+00
4.997227723867438520e+00
4.997253595999247899e+00
4.997212888015239329e+00
4.997111686369210659e+00
4.996929501661837136e+00
4.996649336138547781e+00
4.996295901195884959e+00
4.995832681352078808e+00
4.995293922493039496e+00
4.994669050121486542e+00
4.993968707764328663e+00
4.993197540188015537e+00
4.992355973938287228e+00
4.991463611939729539e+00
4.990514422425807339e+00
4.989517719590843114e+00
4.988478570053159977e+00
4.987408796617566864e+00
4.986313934394896563e+00
4.985205567994893450e+00
4.984094832682788301e+00
4.982983158821046921e+00
4.981877054119289383e+00
4.980784062290370962e+00
4.979720293575705448e+00
4.978693504998268793e+00
4.977711915517034846e+00
4.976771782481852036e+00
4.975877676451387011e+00
4.975048763373675520e+00
4.974282468253554690e+00
4.973608834886731778e+00
4.972997600579443400e+00
4.972469720126868609e+00
4.972030579553724294e+00
4.971705408314050167e+00
4.971482609169365574e+00
4.971393163673386795e+00
4.971423745873656763e+00
4.971561586336505911e+00
4.971801204067928026e+00
4.972138522994978160e+00
4.972621288095873560e+00
4.973202532549661825e+00
4.973900517692132262e+00
4.974699434210819504e+00
4.975584555139105802e+00
4.976577177738111146e+00
4.977656588425200646e+00
4.978809397165934847e+00
4.980022738744775523e+00
4.981289069225351085e+00
4.982606960852901778e+00
4.983960962613386059e+00
4.985343168099683808e+00
4.986747022290987097e+00
4.988165081759257546e+00
4.989589965065285071e+00
4.991003884245916566e+00
4.992406438459915385e+00
4.993787926306289648e+00
4.995147432108683283e+00
4.996480088253778540e+00
4.997776343544287236e+00
4.999037038107676523e+00
5.000259653349680811e+00
5.001439036821286876e+00
5.002576750387709659e+00
5.003669390996258848e+00
5.004720358644883405e+00
5.005719726552526616e+00
5.006655325536887524e+00
5.007529988681236333e+00
5.008341087048211904e+00
5.009092819114486339e+00
5.009772964959304353e+00
5.010384507124584275e+00
5.010907229242187455e+00
5.011347660404902093e+00
5.011717997920972500e+00
5.012018445507895770e+00
5.012256220710734844e+00
5.012400112507203076e+00
5.012474226361409713e+00
5.012464785720840865e+00
5.012380225188718619e+00
5.012234942480609412e+00
5.012004931285666487e+00
5.011713777515727664e+00
5.011353073749381437e+00
5.010939514111417026e+00
5.010470356862681385e+00
5.009965002681748381e+00
5.009404029916660228e+00
5.008793508108393411e+00
5.008137185793059665e+00
5.007444561864869748e+00
5.006719134892958500e+00
5.005962240095871429e+00
5.005184325944322055e+00
5.004390584151882315e+00
5.003589220639007351e+00
5.002783633690017773e+00
5.001988657112854675e+00
5.001202877085344944e+00
5.000440927814381986e+00
4.999699797626274034e+00
4.998982897992866548e+00
4.998302739035028530e+00
4.997651433121102826e+00
4.997041607942122710e+00
4.996461523953515282e+00
4.995912869419592894e+00
4.995407090481059242e+00
4.994934730600252948e+00
4.994511986035541362e+00
4.994118448678090516e+00
4.993770168009832311e+00
4.993456748943462919e+00
4.993190315864667106e+00
4.992970368485583954e+00
4.992781986869556654e+00
4.992639613417594546e+00
4.992531326744391151e+00
4.992468103068567586e+00
4.992448500907667785e+00
4.992457860079633214e+00
4.992508774977214792e+00
4.992591159958428726e+00
4.992715818258037785e+00
4.992874675849487964e+00
4.993069279762018198e+00
4.993297464521637252e+00
4.993549206582864386e+00
4.993831828059663636e+00
4.994130407953669248e+00
4.994455197537352120e+00
4.994804278323459634e+00
4.995174577022003959e+00
4.995571165876493858e+00
4.995980835007533649e+00
4.996412306698069017e+00
4.996859280513629820e+00
4.997327422993288693e+00
4.997807427058027052e+00
4.998289624238418050e+00
4.998773367265270551e+00
4.999256511265442349e+00
4.999742161231146120e+00
5.000220491113172017e+00
5.000688843699204078e+00
5.001131863566147473e+00
5.001558015281366565e+00
5.001953523987935135e+00
5.002314563365684918e+00
5.002646649265693135e+00
5.002932595023916740e+00
5.003190685389593995e+00
5.003406503954933804e+00
5.003580413991615572e+00
5.003719963021605821e+00
5.003814081773191091e+00
5.003876452157304477e+00
5.003899857958343134e+00
5.003880522635330230e+00
5.003824606456358737e+00
5.003727438508097869e+00
5.003597122246894457e+00
5.003435934877519031e+00
5.003249702083444106e+00
5.003037867157286378e+00
5.002795034723852119e+00
5.002525898313646024e+00
5.002230984626835131e+00
5.001916477999216681e+00
5.001582765562958777e+00
5.001231027192003964e+00
5.000860302953548775e+00
5.000477547033258752e+00
5.000086982122192047e+00
4.999686977735290583e+00
4.999281098081301167e+00
4.998866677752267229e+00
4.998452007344495129e+00
4.998038344851265968e+00
4.997623140795658614e+00
4.997210364437234098e+00
4.996799043773245685e+00
4.996393707564603659e+00
4.995992765782903078e+00
4.995592616780233364e+00
4.995195507986974981e+00
4.994800131826233169e+00
4.994411697855722920e+00
4.994028220719229694e+00
4.993653522527349509e+00
4.993284273019564345e+00
4.992918641029428173e+00
4.992563954351972200e+00
4.992217754817138697e+00
4.991887874810526426e+00
4.991569788663216656e+00
4.991269644594320098e+00
4.990993952641764153e+00
4.990731625615187461e+00
4.990492873734361901e+00
4.990270385986693036e+00
4.990068909639991723e+00
4.989889298121013006e+00
4.989724842666216631e+00
4.989579308268183411e+00
4.989443039263168345e+00
4.989322343061249221e+00
4.989214124346654344e+00
4.989114307288583738e+00
4.989035128720607837e+00
4.988968593177887989e+00
4.988926237125451912e+00
4.988905744764523753e+00
4.988904251381936383e+00
4.988932708229585344e+00
4.988985890846414861e+00
4.989074938276497839e+00
4.989186329532130593e+00
4.989325176754682900e+00
4.989489287843643872e+00
4.989670629685461378e+00
4.989873992817193127e+00
4.990089078617931051e+00
4.990323743501394738e+00
4.990581830160409460e+00
4.990862260291070385e+00
4.991164820657759016e+00
4.991488222235529015e+00
4.991837624141661323e+00
4.992213926071016772e+00
4.992615189233509554e+00
4.993041949288634207e+00
4.993493606129375095e+00
4.993977279232529654e+00
4.994487836414664095e+00
4.995031598152308128e+00
4.995604533755868104e+00
4.996197871954827008e+00
4.996811396347074385e+00
4.997445447759418791e+00
4.998096617849260070e+00
4.998749748261363202e+00
4.999400736855060146e+00
5.000041745172531193e+00
5.000670908333450626e+00
5.001282513493389814e+00
5.001858819069058271e+00
5.002407113553672957e+00
5.002915092313379830e+00
5.003392751382381931e+00
5.003828335905166291e+00
5.004209937693270938e+00
5.004541561023983398e+00
5.004812329483868893e+00
5.005040169710013309e+00
5.005212663521710681e+00
5.005317479919363599e+00
5.005362438548076831e+00
5.005338562925066626e+00
5.005265926181057701e+00
5.005134287981966246e+00
5.004946523162254302e+00
5.004692423346170038e+00
5.004390844165064856e+00
5.004018381445384911e+00
5.003597329652583525e+00
5.003121518364821441e+00
5.002598303838347249e+00
5.002038417479668375e+00
5.001420306733523446e+00
5.000762128553068564e+00
5.000059221706067980e+00
4.999322347513115439e+00
4.998560556492484430e+00
4.997761270946537770e+00
4.996935733428871096e+00
4.996095684936916470e+00
4.995245106464897944e+00
4.994394301495228561e+00
4.993545522636448020e+00
4.992702014988934067e+00
4.991876932031188652e+00
4.991070217287814081e+00
4.990286111107742784e+00
4.989529611861980740e+00
4.988805699220575818e+00
4.988120981028951739e+00
4.987465503758467200e+00
4.986840169525422084e+00
4.986246483533359530e+00
4.985689862875915424e+00
4.985172937347269517e+00
4.984684168009734684e+00
4.984229655771232004e+00
4.983802475913143404e+00
4.983418043053424284e+00
4.983057325093722234e+00
4.982741676031328559e+00
4.982479839849002445e+00
4.982258412430711658e+00
4.982087921335080161e+00
4.981956366517299450e+00
4.981885033592301504e+00
4.981877506712520720e+00
4.981914953752023756e+00
4.982005889867034298e+00
4.982137629747922958e+00
4.982333567165370347e+00
4.982585347205931825e+00
4.982896525547439559e+00
4.983269819975429726e+00
4.983687532082733185e+00
4.984157208599683031e+00
4.984684786335166429e+00
4.985266076088485043e+00
4.985894416407285590e+00
4.986554813296137034e+00
4.987250138581333481e+00
4.987980835423407200e+00
4.988751961798008949e+00
4.989554722592767888e+00
4.990379588813122602e+00
4.991226694867548552e+00
4.992095888168154083e+00
4.992989224628148648e+00
4.993895715684232961e+00
4.994809857965050170e+00
4.995729328975617278e+00
4.996654797405540194e+00
4.997586835235892089e+00
4.998514478564797692e+00
4.999432284445105346e+00
5.000331028387484444e+00
5.001207722932634603e+00
5.002069533899961229e+00
5.002897354275521735e+00
5.003694381401476043e+00
5.004448569626148036e+00
5.005164973572429510e+00
5.005843091071184858e+00
5.006479514003332909e+00
5.007078254171249299e+00
5.007624908187028545e+00
5.008131686248417758e+00
5.008589015700454006e+00
5.008993794903690677e+00
5.009364204653139474e+00
5.009671613168502624e+00
5.009925994225376655e+00
5.010112451952480228e+00
5.010239280401326489e+00
5.010305732683807634e+00
5.010288969445571006e+00
5.010211317240789164e+00
5.010061301998392835e+00
5.009858112390682017e+00
5.009591704140945900e+00
5.009246753733201274e+00
5.008846022914689833e+00
5.008384347576241957e+00
5.007880039754847523e+00
5.007327872160414195e+00
5.006728258672693777e+00
5.006091723758321343e+00
5.005416697803478421e+00
5.004716782811621911e+00
5.003991709816792088e+00
5.003246581125597281e+00
5.002485177758672741e+00
5.001719512659648537e+00
5.000953838768938731e+00
5.000196441206673725e+00
4.999450211468676741e+00
4.998711514789203392e+00
4.997998527455667528e+00
4.997306570428947659e+00
4.996650898921826567e+00
4.996030903216043484e+00
4.995448990817705770e+00
4.994928063842992039e+00
4.994441075417737963e+00
4.994011034797470217e+00
4.993631262089649248e+00
4.993299978952446594e+00
4.993029643147774976e+00
4.992808735966273836e+00
4.992655064779857099e+00
4.992554581770265898e+00
4.992501320922339225e+00
4.992491205220169981e+00
4.992525140391255611e+00
4.992615074608066195e+00
4.992770551181920702e+00
4.992981802615859444e+00
4.993241283408889508e+00
4.993548256419190423e+00
4.993913076817580787e+00
4.994331034533272096e+00
4.994809560812602633e+00
4.995333594008873668e+00
4.995904784574698887e+00
4.996535210385512293e+00
4.997204204201291411e+00
4.997924117445539771e+00
4.998676923289488983e+00
4.999456030726027400e+00
5.000264119430971377e+00
5.001089061200214125e+00
5.001933198421790294e+00
5.002787145673825542e+00
5.003644024282290381e+00
5.004502482264830299e+00
5.005359405576778720e+00
5.006210555731845702e+00
5.007056905999375473e+00
5.007890194728566335e+00
5.008705515712095213e+00
5.009496671408010471e+00
5.010249033942414165e+00
5.010978036745978415e+00
5.011663528084350894e+00
5.012303639426423096e+00
5.012894805855644620e+00
5.013412386104060481e+00
5.013887772671475673e+00
5.014290770105615636e+00
5.014629010669485076e+00
5.014889281969115764e+00
5.015073460209714007e+00
5.015184478479967289e+00
5.015212290417001562e+00
5.015167720191710643e+00
5.015043809222587079e+00
5.014864123682090558e+00
5.014616814250656418e+00
5.014289370956428904e+00
5.013892049598105416e+00
5.013426248686917219e+00
5.012901855813868934e+00
5.012312964866468157e+00
5.011670940811344011e+00
5.010966301108309651e+00
5.010209712977121477e+00
5.009405087451050065e+00
5.008558393190213565e+00
5.007681225980230799e+00
5.006771558667130861e+00
5.005838559711881075e+00
5.004890978927321932e+00
5.003927491227693203e+00
5.002954849670237181e+00
5.001965447286671917e+00
5.000962847317166116e+00
4.999949875468916893e+00
4.998929883385604178e+00
4.997909973258680694e+00
4.996892332504098810e+00
4.995876292953793651e+00
4.994869698131982005e+00
4.993878923873011466e+00
4.992905040229265623e+00
4.991958205471341614e+00
4.991029244581764779e+00
4.990136481294936033e+00
4.989282216871685272e+00
4.988465346092885611e+00
4.987695326129502504e+00
4.986956054190700982e+00
4.986269106114811223e+00
4.985632212902015858e+00
4.985043121608502048e+00
4.984501455085879940e+00
4.984006014125951012e+00
4.983570084827550595e+00
4.983190137291856558e+00
4.982861379566200455e+00
4.982581340591020869e+00
4.982347980620868810e+00
4.982174213542201358e+00
4.982041362053312383e+00
4.981955761895113355e+00
4.981921182269759107e+00
4.981937356863233468e+00
4.982009774853537465e+00
4.982137167255455523e+00
4.982318987871582117e+00
4.982551307908321014e+00
4.982830934437985526e+00
4.983159527915591802e+00
4.983527886520201733e+00
4.983942222210639983e+00
4.984399656715865490e+00
4.984892633359010006e+00
4.985426547105486605e+00
4.985979883137222402e+00
4.986558613988633759e+00
4.987154743026073866e+00
4.987767698827264340e+00
4.988386061179516773e+00
4.989006715963659744e+00
4.989624824698148942e+00
4.990241810220358509e+00
4.990849984387931038e+00
4.991445139373716700e+00
4.992032930578170991e+00
4.992608132797359488e+00
4.993175080928085485e+00
4.993723120416579953e+00
4.994246632631002214e+00
4.994753477524100482e+00
4.995236000369368767e+00
4.995700731637954028e+00
4.996128895978509732e+00
4.996524380023656065e+00
4.996878751467046520e+00
4.997190973709402684e+00
4.997476647260664429e+00
4.997716637651501870e+00
4.997919981337217266e+00
4.998079895402369743e+00
4.998197320771468277e+00
4.998288215153917413e+00
4.998336301084674638e+00
4.998350288779075612e+00
4.998325353916335700e+00
4.998273268783997914e+00
4.998191991126696543e+00
4.998081011990615607e+00
4.997954921735979994e+00
4.997811518660343566e+00
4.997655838480747903e+00
4.997487876689589825e+00
4.997313812276876988e+00
4.997137791099555137e+00
4.996967288269258844e+00
4.996800087685294045e+00
4.996644171918339872e+00
4.996503193997375192e+00
4.996375927221557767e+00
4.996262808409116296e+00
4.996163108250654794e+00
4.996078447331272265e+00
4.996006727004021819e+00
4.995946374721421890e+00
4.995896483496358620e+00
4.995856560328570950e+00
4.995827932902206392e+00
4.995810018846126965e+00
4.995803049571872378e+00
4.995810337597099249e+00
4.995832984405166322e+00
4.995875479690327303e+00
4.995943537675373136e+00
4.996032697115623478e+00
4.996147599662253747e+00
4.996293598594675700e+00
4.996463155946294421e+00
4.996668957653056076e+00
4.996899069896499235e+00
4.997176538607636331e+00
4.997495410679439587e+00
4.997843954539458622e+00
4.998229075050513615e+00
4.998642629994613173e+00
4.999086831151108079e+00
4.999562644897560304e+00
5.000054771466712289e+00
5.000569261773089025e+00
5.001099127693633406e+00
5.001646330817203889e+00
5.002211426323810883e+00
5.002783681428589979e+00
5.003366495831468974e+00
5.003952607637801364e+00
5.004547570063331285e+00
5.005146612389544281e+00
5.005740482708970873e+00
5.006328990845540616e+00
5.006901911696950869e+00
5.007458049482266915e+00
5.007986683300297948e+00
5.008485596528810646e+00
5.008957069716019284e+00
5.009394651404185161e+00
5.009802186204654006e+00
5.010168625763220085e+00
5.010497070154708688e+00
5.010795105839682684e+00
5.011050646188272673e+00
5.011269605080200584e+00
5.011451553641422585e+00
5.011601024786545899e+00
5.011705136834246233e+00
5.011756398304899385e+00
5.011766800527296617e+00
5.011738237846478761e+00
5.011678381535059401e+00
5.011578684049492693e+00
5.011434739577418362e+00
5.011260450529700705e+00
5.011052939287223396e+00
5.010823788112795718e+00
5.010568784690297761e+00
5.010290613016881167e+00
5.009981593108572717e+00
5.009646056956447602e+00
5.009296595296658161e+00
5.008931297390557980e+00
5.008555021351970282e+00
5.008160064882434703e+00
5.007751913062130633e+00
5.007338402672504074e+00
5.006926505408082484e+00
5.006527330010030141e+00
5.006141776955518097e+00
5.005770075424406329e+00
5.005419834471140916e+00
5.005091864271855151e+00
5.004794610208667116e+00
5.004523700057363911e+00
5.004285681146033227e+00
5.004085909287280920e+00
5.003907207744963337e+00
5.003766334188006759e+00
5.003651520871394531e+00
5.003572052671411363e+00
5.003523151940504121e+00
5.003499202151621361e+00
5.003515191778612703e+00
5.003557240820562413e+00
5.003631201230062331e+00
5.003730106197370020e+00
5.003848024403750649e+00
5.003996487326994647e+00
5.004162286084220312e+00
5.004355833672060605e+00
5.004567199509664555e+00
5.004799647342487390e+00
5.005050010804160010e+00
5.005308253645969430e+00
5.005577698156311151e+00
5.005850506715550097e+00
5.006128175064994856e+00
5.006400787022037946e+00
5.006665698226614225e+00
5.006911631852461575e+00
5.007140153992994946e+00
5.007351638350709955e+00
5.007537145737634532e+00
5.007698062986211340e+00
5.007818564513774717e+00
5.007914180636483081e+00
5.007974567368703056e+00
5.008001624862274070e+00
5.008003504265409411e+00
5.007974983247306611e+00
5.007926270103391531e+00
5.007852242685230770e+00
5.007756673659506497e+00
5.007645601735758234e+00
5.007506634922075150e+00
5.007343274758505380e+00
5.007146911857025096e+00
5.006924309873329371e+00
5.006671298847840568e+00
5.006389214166745205e+00
5.006071342558906068e+00
5.005715686523663166e+00
5.005334911675498155e+00
5.004923952923461705e+00
5.004483648793145889e+00
5.004010867023215070e+00
5.003503751897559582e+00
5.002966794924185834e+00
5.002410691448795355e+00
5.001835645691798504e+00
5.001249485009656937e+00
