0.000000000000000000e+00
0.000000000000000000e+00
-1.384122588206082904e-06
-7.134020852390675788e-06
-1.731362106511368982e-05
-2.859353931853547435e-05
-3.589556697988882769e-05
-9.514243865851304202e-06
3.979761007940397263e-05
1.597619507811032799e-04
3.678640056750737738e-04
6.695419069728816234e-04
1.110664595325943195e-03
1.687466044386382686e-03
2.441314001043792207e-03
3.374028120597358325e-03
4.521666083892339830e-03
5.886523340304846211e-03
7.441971663793080748e-03
9.252046857436652810e-03
1.129249728139257274e-02
1.355197361524915732e-02
1.608218840177869785e-02
1.887054285820341515e-02
2.187659582908964284e-02
2.517566165741300793e-02
2.868754467781400516e-02
3.250801852758741783e-02
3.649040779884672042e-02
4.073535225208615995e-02
4.514352909143781040e-02
4.980886838253355264e-02
5.471251389797544828e-02
5.983630499657012491e-02
6.515274545963624375e-02
7.066314778145171838e-02
7.634992441948273978e-02
8.229627392109252482e-02
8.837751469429351581e-02
9.468412420566893473e-02
1.011521377306781044e-01
1.077933271866641368e-01
1.146410157423816134e-01
1.216189255457721247e-01
1.288249053698382884e-01
1.361448743086658697e-01
1.436707486849628790e-01
1.513738956194721763e-01
1.592477097254597074e-01
1.673251744252048923e-01
1.755284812193714239e-01
1.839488520365558655e-01
1.924814220410190346e-01
2.012141301375232616e-01
2.101626487713657288e-01
2.192379131060443742e-01
2.284772928696475747e-01
2.378229149323306812e-01
2.473212649565540155e-01
2.569228979092441634e-01
2.667215063315235279e-01
2.766900011044345908e-01
2.868303724270663824e-01
2.971652563553653370e-01
3.076228912812076222e-01
3.182414575558505931e-01
3.289708229046663934e-01
3.398817714196047390e-01
3.509692796212039445e-01
3.621521552544436640e-01
3.735142000656924144e-01
3.849524088841281277e-01
3.965482111912569940e-01
4.082676633339724082e-01
4.201292367916903414e-01
4.321166511517366970e-01
4.442530592423281632e-01
4.565832003098329595e-01
4.690751870613893426e-01
4.816923304539522110e-01
4.944410987835725080e-01
5.073080357056457546e-01
5.203077229004701154e-01
5.334760662060578085e-01
5.467598911267120831e-01
5.602485176068147110e-01
5.738648923378786293e-01
5.876132973175844931e-01
6.015005298596224348e-01
6.155939742070040133e-01
6.298205789070926430e-01
6.441973670464359314e-01
6.586767645817600547e-01
6.733045121174654479e-01
6.881529577713807466e-01
7.031003697853883683e-01
7.182216890793644559e-01
7.334521444779240618e-01
7.488230391484104187e-01
7.643067630272708524e-01
7.799568482380708767e-01
7.957858844738803228e-01
8.117229004841647333e-01
8.277921017151674832e-01
8.439914866429171214e-01
8.603635617237885835e-01
8.768569668274719398e-01
8.935105463009673787e-01
9.103135260086852032e-01
9.272016902905304558e-01
9.442810233574706613e-01
9.614455100041229274e-01
9.787803574543793017e-01
9.962170084458190633e-01
1.013723873708804346e+00
1.031326211307604934e+00
1.048991796587069647e+00
1.066740994070132453e+00
1.084553794477542521e+00
1.102344417188724002e+00
1.120187000845034753e+00
1.138010710094531364e+00
1.155767563198168979e+00
1.173507295463641409e+00
1.191169631097872994e+00
1.208698871944507092e+00
1.226153552148898207e+00
1.243479393337329153e+00
1.260701720331271369e+00
1.277871924255450597e+00
1.294897485588153430e+00
1.311824674223025955e+00
1.328525256727298487e+00
1.344952063177188517e+00
1.361205308054050267e+00
1.377215450618823667e+00
1.393057846639712771e+00
1.408605886314471478e+00
1.423862043235858410e+00
1.438877043340762496e+00
1.453661734674533523e+00
1.468235240791400109e+00
1.482538562629779122e+00
1.496659566972811994e+00
1.510515564296801783e+00
1.524177120540698205e+00
1.537554814432223527e+00
1.550660730217059191e+00
1.563505423877795009e+00
1.576076014850695595e+00
1.588271370742876609e+00
1.600258830402452981e+00
1.611926442001421877e+00
1.623294664238055018e+00
1.634403441761095532e+00
1.645263994548876285e+00
1.655779398296434834e+00
1.666104290102083496e+00
1.676132751319963754e+00
1.685883144949037682e+00
1.695393488023836159e+00
1.704676621172983131e+00
1.713648917887766077e+00
1.722450708363611582e+00
1.731026504252512366e+00
1.739466677520830507e+00
1.747812796447832273e+00
1.756130273554880272e+00
1.764436229084092922e+00
1.772923205111581746e+00
1.781552574847299342e+00
1.790430974577028378e+00
1.799566618416864383e+00
1.809010084484178549e+00
1.818720050070840699e+00
1.828809520218927176e+00
1.839185841296274049e+00
1.849930931542474788e+00
1.861171257708627458e+00
1.872936742518503284e+00
1.885279289696771610e+00
1.898054588053781355e+00
1.911336113427240191e+00
1.925182616923410084e+00
1.939452966664392042e+00
1.954234696839410423e+00
1.969589948866921958e+00
1.985375956509667805e+00
2.001677332137185683e+00
2.018560111735421714e+00
2.035909130786019983e+00
2.053586127970773667e+00
2.071741200898248536e+00
2.090272451851922675e+00
2.109091757748681850e+00
2.128173152421075631e+00
2.147499774907190240e+00
2.166967288468439001e+00
2.186590550158578949e+00
2.206388362858850982e+00
2.226156580660898499e+00
2.246005951378900800e+00
2.265921061251718882e+00
2.285973212931712073e+00
2.306229603503306080e+00
2.326498351309854939e+00
2.346892292712290384e+00
2.367268214438517315e+00
2.387760801528056032e+00
2.408286628935893070e+00
2.429019959185679589e+00
2.449856786940653564e+00
2.470958054278452387e+00
2.492245154593546008e+00
2.513837080214579078e+00
2.535641191218454882e+00
2.557667112563211997e+00
2.579845991347391898e+00
2.602260098670084787e+00
2.624743786070902640e+00
2.647382347796519042e+00
2.670102167342264465e+00
2.692963004324991694e+00
2.715869724963266840e+00
2.738785913203318323e+00
2.761647250865061576e+00
2.784417176459391463e+00
2.807000413153727614e+00
2.829381976340373583e+00
2.851581316207012051e+00
2.873583119128306773e+00
2.895407610152324285e+00
2.917043631289562011e+00
2.938518927310069806e+00
2.959812767718395410e+00
2.980946929667553036e+00
3.001904759619792973e+00
3.022665329192241845e+00
3.043387041304668195e+00
3.063989858840068248e+00
3.084479651663859734e+00
3.104795389388164129e+00
3.124933247778972412e+00
3.144823036406596550e+00
3.164487104628642022e+00
3.184012092564662222e+00
3.203348626111110153e+00
3.222529573653300616e+00
3.241495268557628151e+00
3.260268117402156385e+00
3.278928671095927783e+00
3.297407014582713458e+00
3.315750503752788347e+00
3.333868248675426305e+00
3.351793788884242620e+00
3.369582319472392840e+00
3.387196709130366745e+00
3.404585563157161321e+00
3.421713358376582192e+00
3.438542106364329332e+00
3.455152148221094954e+00
3.471541551564295780e+00
3.487673427079279964e+00
3.503570007298548727e+00
3.519193693612177931e+00
3.534706700060923801e+00
3.549990313265879660e+00
3.565045345042308078e+00
3.579793811057170316e+00
3.594248632405360411e+00
3.608496544573863485e+00
3.622521918032725274e+00
3.636309231732447689e+00
3.649867528889735535e+00
3.663162507031520576e+00
3.676313730691036064e+00
3.689227261756023335e+00
3.701894266818126944e+00
3.714393321488460575e+00
3.726746909831127219e+00
3.738958940718731139e+00
3.750995408509334883e+00
3.762753552411159941e+00
3.774314387057385201e+00
3.785698932622037383e+00
3.796907793496212769e+00
3.807907350276074077e+00
3.818596599314770135e+00
3.829029520962795363e+00
3.839133756373485973e+00
3.848954120491108188e+00
3.858522330735286943e+00
3.867804967377743264e+00
3.876745765421947709e+00
3.885355177138408944e+00
3.893593645308575102e+00
3.901587252829632035e+00
3.909254033182224308e+00
3.916631764982303476e+00
3.923770197246631675e+00
3.930663969133457059e+00
3.937283138845523389e+00
3.943733079050143697e+00
3.949966784332354930e+00
3.955994553182681894e+00
3.961881236050686095e+00
3.967619449112972152e+00
3.973183601711352875e+00
3.978570508573611608e+00
3.983809123251993878e+00
3.988917708013613783e+00
3.993901519392092148e+00
3.998802801881391922e+00
4.003686038468439179e+00
4.008536674593050186e+00
4.013363319550115271e+00
4.018209052596647624e+00
4.023024068389494445e+00
4.027877592955190877e+00
4.032799870286543076e+00
4.037783882532673729e+00
4.042885764155941253e+00
4.048045831237393699e+00
4.053340909991819174e+00
4.058778411660749263e+00
4.064327229176122991e+00
4.070043960724432530e+00
4.075889397774298040e+00
4.081908464942533676e+00
4.088055859718878082e+00
4.094410610709745768e+00
4.100962880764563501e+00
4.107633088145812295e+00
4.114488439474661696e+00
4.121514421020109786e+00
4.128675187144835057e+00
4.135957230840284105e+00
4.143379950438100146e+00
4.150908623252469454e+00
4.158501943860609451e+00
4.166139547739584614e+00
4.173813515220243353e+00
4.181491832051832169e+00
4.189155563626845158e+00
4.196801744018157976e+00
4.204415586505493962e+00
4.211983245525918740e+00
4.219492701802812107e+00
4.226931986723505119e+00
4.234303701434694034e+00
4.241591622148118468e+00
4.248791073475442381e+00
4.255892435823044551e+00
4.262901106987557753e+00
4.269789745722374796e+00
4.276569276366791073e+00
4.283223103199561344e+00
4.289723430190642617e+00
4.296093564544279708e+00
4.302290680323202388e+00
4.308365688238699143e+00
4.314267972026426534e+00
4.319996570859510499e+00
4.325564871941168121e+00
4.330926922474462870e+00
4.336135204945167132e+00
4.341124083016474344e+00
4.345930491600592305e+00
4.350534262571890132e+00
4.354890817616540843e+00
4.359077133153039796e+00
4.363041216049749593e+00
4.366848023150522451e+00
4.370420642707902203e+00
4.373797510479050743e+00
4.376960122798043251e+00
4.379895589862424110e+00
4.382641246531564505e+00
4.385159774039347091e+00
4.387458277855474265e+00
4.389573515419322725e+00
4.391498663936215685e+00
4.393217105780202303e+00
4.394760682944613528e+00
4.396127075467662237e+00
4.397317822266773035e+00
4.398402697656706550e+00
4.399377235982968593e+00
4.400276427481724539e+00
4.401097066019132420e+00
4.401823165256933734e+00
4.402509996060685715e+00
4.403164977495030108e+00
4.403820188258245949e+00
4.404469563577727342e+00
4.405133137990192793e+00
4.405812183756785849e+00
4.406525279496269931e+00
4.407270205755192016e+00
4.408069850419122027e+00
4.408908955146032760e+00
4.409783240024404805e+00
4.410688793499426552e+00
4.411619123582201318e+00
4.412591167603093112e+00
4.413599872950868530e+00
4.414654373068766624e+00
4.415756694961743278e+00
4.416927052576498980e+00
4.418135073323207429e+00
4.419410569657043375e+00
4.420785458673195834e+00
4.422213885624366014e+00
4.423741953213172984e+00
4.425352046776968251e+00
4.427075220037657743e+00
4.428912980843740854e+00
4.430885949422079584e+00
4.432970451850849258e+00
4.435223834801870879e+00
4.437604743529516504e+00
4.440146402705866358e+00
4.442865344573218245e+00
4.445685042728144687e+00
4.448640281845290367e+00
4.451721877146917805e+00
4.454930309046466697e+00
4.458317483950813731e+00
4.461774021972376936e+00
4.465368388880450290e+00
4.469095259894091399e+00
4.472945930350978649e+00
4.476935195018011626e+00
4.481022303689677244e+00
4.485226550091463871e+00
4.489563593257623886e+00
4.493979989577491452e+00
4.498496843565662928e+00
4.503080410648543364e+00
4.507750721265036731e+00
4.512519053209978814e+00
4.517345801581104325e+00
4.522236754287441762e+00
4.527168852378089525e+00
4.532146970320900081e+00
4.537156577993591178e+00
4.542187395979127018e+00
4.547228029061516352e+00
4.552267561246116756e+00
4.557295005608756888e+00
4.562296063591201545e+00
4.567254595447738375e+00
4.572180207360941218e+00
4.577034146774965784e+00
4.581827442039209330e+00
4.586545338917928483e+00
4.591173276294427730e+00
4.595691439498621023e+00
4.600126085270601628e+00
4.604412938643652531e+00
4.608578616965967711e+00
4.612605965722757162e+00
4.616474596847253586e+00
4.620161879945951178e+00
4.623667857934194103e+00
4.626953456391054154e+00
4.630029879201608800e+00
4.632919444133001718e+00
4.635617133666235290e+00
4.638137119997697511e+00
4.640429316152292039e+00
4.642516837109284644e+00
4.644406512219863004e+00
4.646065797944025633e+00
4.647545763094382387e+00
4.648768867839531360e+00
4.649815676425056665e+00
4.650649192843990143e+00
4.651293687288121426e+00
4.651757520538226665e+00
4.652028343964770940e+00
4.652136919282780170e+00
4.652074558169985607e+00
4.651882910331183396e+00
4.651584027310304847e+00
4.651207612467401553e+00
4.650761805338257560e+00
4.650259563749126634e+00
4.649718757545047154e+00
4.649153579709524031e+00
4.648584265646929836e+00
4.648024674703771453e+00
4.647492850807898535e+00
4.647002745171481486e+00
4.646573824634248062e+00
4.646204959539169010e+00
4.645916004491440710e+00
4.645713245341024589e+00
4.645567670560843965e+00
4.645496069251961124e+00
4.645511987153143174e+00
4.645596604775340310e+00
4.645768360960931709e+00
4.646053303535730983e+00
4.646418622452467950e+00
4.646894407625944190e+00
4.647504033203869511e+00
4.648207106273322786e+00
4.649047837312965115e+00
4.649989277254490183e+00
4.651039074640421767e+00
4.652204349692611984e+00
4.653471118565351006e+00
4.654851589705498505e+00
4.656406246777326174e+00
4.658069933708460120e+00
4.659865215327293697e+00
4.661774652208835690e+00
4.663796033616812942e+00
4.665951532479079233e+00
4.668225071038754059e+00
4.670603777225762698e+00
4.673101519401818393e+00
4.675695588346271414e+00
4.678365684505252808e+00
4.681114713903217428e+00
4.683933073635845545e+00
4.686824460979252649e+00
4.689759617801457559e+00
4.692741072233468813e+00
4.695753419454844035e+00
4.698782070930749732e+00
4.701816664989739714e+00
4.704847407992629904e+00
4.707869513686447682e+00
4.710863131638316936e+00
4.713835337515621227e+00
4.716768448408394043e+00
4.719674547668247122e+00
4.722516221161632721e+00
4.725283999200612151e+00
4.727984058018476432e+00
4.730595485325604699e+00
4.733148966785222456e+00
4.735618508215695854e+00
4.737977490778713552e+00
4.740260455365924663e+00
4.742430097218305107e+00
4.744486759360581729e+00
4.746432012226136088e+00
4.748237448837311803e+00
4.749910830314906462e+00
4.751425184216055086e+00
4.752816240992101982e+00
4.754060992207083558e+00
4.755163154732140462e+00
4.756114283259663011e+00
4.756944144125732521e+00
4.757640591468367042e+00
4.758155914786907914e+00
4.758566635306628712e+00
4.758831409718546013e+00
4.758988639637532714e+00
4.759041846692267264e+00
4.758978669191416877e+00
4.758837681845466960e+00
4.758609808892647841e+00
4.758308747228870317e+00
4.757942747701594755e+00
4.757508755777666742e+00
4.757035862472543286e+00
4.756530570205937281e+00
4.756006928872953843e+00
4.755476341065655532e+00
4.754951380905401592e+00
4.754447808828841993e+00
4.753973007169258302e+00
4.753546637859831669e+00
4.753164748404811846e+00
4.752847195756326748e+00
4.752578533854974197e+00
4.752402528398377513e+00
4.752315707667437827e+00
4.752320306239414371e+00
4.752435194555434173e+00
4.752634732074799473e+00
4.752973528526486469e+00
4.753397523857416651e+00
4.753958629056574736e+00
4.754671292364360369e+00
4.755492151662470413e+00
4.756482075437667767e+00
4.757572963148120948e+00
4.758825977951052444e+00
4.760212367683412715e+00
4.761757562368871710e+00
4.763471662163497378e+00
4.765294798969986090e+00
4.767272739469768261e+00
4.769366899043085084e+00
4.771597048252584017e+00
4.773933432459593895e+00
4.776387886613369105e+00
4.778945470660686645e+00
4.781600744038581041e+00
4.784328548222541500e+00
4.787126051395892645e+00
4.789980763107299033e+00
4.792872863918302251e+00
4.795796560555455557e+00
4.798727785855291472e+00
4.801651744752881257e+00
4.804555230051038350e+00
4.807433778255936652e+00
4.810263138919827597e+00
4.813038720994947006e+00
4.815750692099093122e+00
4.818399935573101089e+00
4.820980184584617412e+00
4.823468783259152737e+00
4.825840009510278250e+00
4.828097154706477490e+00
4.830250458925723578e+00
4.832299501657247198e+00
4.834248092382908091e+00
4.836039435624838845e+00
4.837710192411901033e+00
4.839232668787003533e+00
4.840615313559533561e+00
4.841871695577862234e+00
4.842958575621012507e+00
4.843927304357054986e+00
4.844715015947582692e+00
4.845352789968016438e+00
4.845816630854966611e+00
4.846111652295800987e+00
4.846228451946514859e+00
4.846212320268383777e+00
4.846048263941189482e+00
4.845774489581814670e+00
4.845375239379934307e+00
4.844801688581934940e+00
4.844106137618651609e+00
4.843292907268038405e+00
4.842395746052494232e+00
4.841412585020294479e+00
4.840336267292729033e+00
4.839195537880293330e+00
4.837993334546915492e+00
4.836747369408837649e+00
4.835464187652102730e+00
4.834148506164779313e+00
4.832819236755597991e+00
4.831492098659503576e+00
4.830176833957660953e+00
4.828880999028909216e+00
4.827625909537302640e+00
4.826391555756554652e+00
4.825203554570899556e+00
4.824081191435681149e+00
4.823003263041602651e+00
4.822006627708898208e+00
4.821053803280219263e+00
4.820185149699672600e+00
4.819396062061414021e+00
4.818707742631659130e+00
4.818113912955149125e+00
4.817609853238089102e+00
4.817209943063779143e+00
4.816906213496102040e+00
4.816723287865740666e+00
4.816630501101015760e+00
4.816653558936657475e+00
4.816780353969649653e+00
4.817036944850103808e+00
4.817438961787836149e+00
4.817947364746347994e+00
4.818589445202366761e+00
4.819334390013232827e+00
4.820211962907330339e+00
4.821234329490677872e+00
4.822392566202895026e+00
4.823698651193396358e+00
4.825136116443889733e+00
4.826694703100935513e+00
4.828365176467912079e+00
4.830143360643402772e+00
4.832030699698941056e+00
4.834033254383817813e+00
4.836129768787637673e+00
4.838299018888489123e+00
4.840535032002940774e+00
4.842828215508475864e+00
4.845172451137318426e+00
4.847550348191274949e+00
4.849951735286725629e+00
4.852365495263351924e+00
4.854769268034710095e+00
4.857149379550231849e+00
4.859499119071974071e+00
4.861806897221817358e+00
4.864052390604031828e+00
4.866235450803053197e+00
4.868322950302373719e+00
4.870341053305875967e+00
4.872255442439330508e+00
4.874094140528454133e+00
4.875802669374956544e+00
4.877371823041452004e+00
4.878809254317296507e+00
4.880095281599772683e+00
4.881259866504683131e+00
4.882278872950686299e+00
4.883086592479361165e+00
4.883774934484375940e+00
4.884283811821354959e+00
4.884655166676950877e+00
4.884881048443478591e+00
4.884948730854069332e+00
4.884878710423348203e+00
4.884654049099173889e+00
4.884290704884317158e+00
4.883806127876725078e+00
4.883191027723933431e+00
4.882484381505036275e+00
4.881674438276076167e+00
4.880776688688182929e+00
4.879793036662721128e+00
4.878743343435907320e+00
4.877651121848011861e+00
4.876523060955785027e+00
4.875367095925591698e+00
4.874188155763527597e+00
4.873000334807415790e+00
4.871818998017093172e+00
4.870653053306719826e+00
4.869516848706385126e+00
4.868402696781536143e+00
4.867346829929133811e+00
4.866350591414355442e+00
4.865416072764181976e+00
4.864552622445605934e+00
4.863743984334847781e+00
4.863038370170376545e+00
4.862448963195763696e+00
4.861939522222362697e+00
4.861532837570391230e+00
4.861202884957872783e+00
4.860988869190895123e+00
4.860909682622859052e+00
4.860928245281082916e+00
4.861064771452201505e+00
4.861323552002412285e+00
4.861690175515811063e+00
4.862222096939783356e+00
4.862843016033273180e+00
4.863606443126899492e+00
4.864484020938379061e+00
4.865489287545186059e+00
4.866618284453850585e+00
4.867847304661969687e+00
4.869213984777432280e+00
4.870677144249182966e+00
4.872242047210437299e+00
4.873888289203148538e+00
4.875618836303454273e+00
4.877424941529732827e+00
4.879298720379572352e+00
4.881234726180534444e+00
4.883220186998349810e+00
4.885238001664383489e+00
4.887273385693533534e+00
4.889319799711211445e+00
4.891360897590621093e+00
4.893384679426652895e+00
4.895365637411576820e+00
4.897306434084875093e+00
4.899189132322771201e+00
4.900999137927993132e+00
4.902735356708272541e+00
4.904371139575941285e+00
4.905926526208621574e+00
4.907378567178946938e+00
4.908736568560105873e+00
4.909972094168169043e+00
4.911065715571148793e+00
4.912054906283719546e+00
4.912917704154951437e+00
4.913670277913315232e+00
4.914284600113733248e+00
4.914782459234103840e+00
4.915162484218583039e+00
4.915437198673592967e+00
4.915563537498221613e+00
4.915559221617860075e+00
4.915449402630311937e+00
4.915238699428720714e+00
4.914943832866831563e+00
4.914546722918731625e+00
4.914081263281387280e+00
4.913531174473445340e+00
4.912907951809446949e+00
4.912232135571519720e+00
4.911499152667799351e+00
4.910730440579333944e+00
4.909928245507159339e+00
4.909103023968615531e+00
4.908269153945126639e+00
4.907427680455127117e+00
4.906582262404241668e+00
4.905743933357276987e+00
4.904922826774397393e+00
4.904127698354402654e+00
4.903359629772583439e+00
4.902637034617344902e+00
4.901959868408719778e+00
4.901340901143829143e+00
4.900788914598504853e+00
4.900297063030282452e+00
4.899886429421584033e+00
4.899554066434483879e+00
4.899315807446819271e+00
4.899157425966095047e+00
4.899096864685398955e+00
4.899146750294585573e+00
4.899274395308439445e+00
4.899532028580997789e+00
4.899889506916498050e+00
4.900359142343496011e+00
4.900951179410315106e+00
4.901624013255333701e+00
4.902422080854869080e+00
4.903313336665726219e+00
4.904306180770492851e+00
4.905388479824162928e+00
4.906552762310006699e+00
4.907825726042487346e+00
4.909173102746704487e+00
4.910595876197317189e+00
4.912073215018011751e+00
4.913609247128465363e+00
4.915208450625637937e+00
4.916864650468331099e+00
4.918565326104861413e+00
4.920293768267136159e+00
4.922045386354428231e+00
4.923816960523825337e+00
4.925604576389295275e+00
4.927396482746106976e+00
4.929179418901902920e+00
4.930942169497710026e+00
4.932672905693750387e+00
4.934371207575302343e+00
4.936014078180293474e+00
4.937594637642600759e+00
4.939102101842857806e+00
4.940538676301934551e+00
4.941884643654324449e+00
4.943119579250909723e+00
4.944267804841496528e+00
4.945295824999906387e+00
4.946236691544750208e+00
4.947040890376070976e+00
4.947740084300734864e+00
4.948312094542183459e+00
4.948722920711138507e+00
4.949023235565968903e+00
4.949175321622736767e+00
4.949187848540009149e+00
4.949046972598867278e+00
4.948754927739486220e+00
4.948322320766732396e+00
4.947753962203845113e+00
4.947024336457237936e+00
4.946164912879452480e+00
4.945151493996367442e+00
4.944008551388964001e+00
4.942758021950708347e+00
4.941390780657515691e+00
4.939945746511206437e+00
4.938411497920737858e+00
4.936796871870742898e+00
4.935134402066456261e+00
4.933417022675262942e+00
4.931670488715160339e+00
4.929894946962583901e+00
4.928102747052897747e+00
4.926308516412962746e+00
4.924520993381728218e+00
4.922744717001903858e+00
4.920992596596468260e+00
4.919274599999178044e+00
4.917598839700210611e+00
4.915968318283546523e+00
4.914388166964043236e+00
4.912862650006998066e+00
4.911436223238694332e+00
4.910097247362124939e+00
4.908858724310983135e+00
4.907699647471297943e+00
4.906639550328244503e+00
4.905690179541696949e+00
4.904871958792200282e+00
4.904197500273577148e+00
4.903631718046955079e+00
4.903199017792931436e+00
4.902910491675129379e+00
4.902754273619494008e+00
4.902775918568941016e+00
4.902960571355643005e+00
4.903318736299397962e+00
4.903853111311318180e+00
4.904543804794075257e+00
4.905396892100098327e+00
4.906398046209933916e+00
4.907600759014011160e+00
4.908956342234731096e+00
4.910489306494117301e+00
4.912201454534651290e+00
4.914034924253345871e+00
4.916014968052030198e+00
4.918132617368817350e+00
4.920371116443992499e+00
4.922754304304244322e+00
4.925229113146189164e+00
4.927794885679607439e+00
4.930441755696659989e+00
4.933157158538228337e+00
4.935930526002771046e+00
4.938751800700551087e+00
4.941609361513977561e+00
4.944479001208668123e+00
4.947342010184650363e+00
4.950194249197367391e+00
4.953014212592962373e+00
4.955788331672074776e+00
4.958504183634641294e+00
4.961122323616864449e+00
4.963632923110844253e+00
4.966032862260463254e+00
4.968316903009536212e+00
4.970484352901102909e+00
4.972495349391819808e+00
4.974356026991727298e+00
4.976044583066824067e+00
4.977555889382484722e+00
4.978847657486322298e+00
4.979977437078478175e+00
4.980903471007468220e+00
4.981660386219145309e+00
4.982208601094308520e+00
4.982529812424902005e+00
4.982638088834929313e+00
4.982553543883832425e+00
4.982276307370039348e+00
4.981822653810949575e+00
4.981147323201865262e+00
4.980273220862716954e+00
4.979180887665124011e+00
4.977897128190369003e+00
4.976456770177454914e+00
4.974833091523022333e+00
4.973086632217737169e+00
4.971198948498340542e+00
4.969184472437473410e+00
4.967041572656008874e+00
4.964793730105730774e+00
4.962458738263221036e+00
4.960050147946448718e+00
4.957594539101691566e+00
4.955102942164510971e+00
4.952593132730097381e+00
4.950075145538421317e+00
4.947567476804825226e+00
4.945089613075825064e+00
4.942654366071791650e+00
4.940274962212413357e+00
4.937954910870165470e+00
4.935704416658253102e+00
4.933570519413323474e+00
4.931508109744163093e+00
4.929567644770712853e+00
4.927717183257909639e+00
4.925986196722361043e+00
4.924397052254052554e+00
4.922911401714653579e+00
4.921556203241914673e+00
4.920295787330240422e+00
4.919187398503989783e+00
4.918215512584419358e+00
4.917372020434112478e+00
4.916691836814851335e+00
4.916131428095968481e+00
4.915763229902357700e+00
4.915528599813103305e+00
4.915471895199722496e+00
4.915624742733768926e+00
4.915925287625274365e+00
4.916410354098759150e+00
4.917080500295839762e+00
4.917962516343675539e+00
4.919026997408353807e+00
4.920263029506885211e+00
4.921649901887857226e+00
4.923228282502376096e+00
4.924970291426859603e+00
4.926872618666374493e+00
4.928915816268407468e+00
4.931069206318341891e+00
4.933353982141696292e+00
4.935723900070868808e+00
4.938197720071756613e+00
4.940747884234870213e+00
4.943342868706667836e+00
4.945976680240119272e+00
4.948631621322119756e+00
4.951302276572668859e+00
4.953966382762874154e+00
4.956619253179515461e+00
4.959229913076843133e+00
4.961799305400336202e+00
4.964314695319617776e+00
4.966757482311214389e+00
4.969129857441868303e+00
4.971406691095318742e+00
4.973566964438644433e+00
4.975618199876038261e+00
4.977550468614784229e+00
4.979367185703005738e+00
4.981058226546731582e+00
4.982561969629013987e+00
4.983937688490833295e+00
4.985152991584028470e+00
4.986217945313538458e+00
4.987124493217553578e+00
4.987841698771800836e+00
4.988414952403393166e+00
4.988775833456304376e+00
4.988953121250953693e+00
4.988950403016927382e+00
4.988745079507055813e+00
4.988388658855978264e+00
4.987858388890447969e+00
4.987185942475619527e+00
4.986354178880277210e+00
4.985323336441937592e+00
4.984122826253001293e+00
4.982761259918038199e+00
4.981277832184856535e+00
4.979667504970854530e+00
4.977906169091288469e+00
4.976040964518610998e+00
4.974060021881880900e+00
4.971970405225576428e+00
4.969809997771800880e+00
4.967592855487882986e+00
4.965338336323318558e+00
4.963057057355461765e+00
4.960764377807199033e+00
4.958473496680079862e+00
4.956201945190249702e+00
4.953975239639103023e+00
4.951791768466054400e+00
4.949685023819029084e+00
4.947624021415530038e+00
4.945653787945328617e+00
4.943761729990064246e+00
4.941973125134527578e+00
4.940331440661966944e+00
4.938769646082937115e+00
4.937344505284844587e+00
4.936030575429020573e+00
4.934854928274570618e+00
4.933844188769280770e+00
4.932951968704283985e+00
4.932207053919256623e+00
4.931614851896584106e+00
4.931167592574774439e+00
4.930888120328009272e+00
4.930768734748407489e+00
4.930788293514334342e+00
4.930991570815378644e+00
4.931354992516273406e+00
4.931885987050765863e+00
4.932572449423307859e+00
4.933388958550924741e+00
4.934374580956930600e+00
4.935473987065190471e+00
4.936737235538596558e+00
4.938115525744789736e+00
4.939616257153384815e+00
4.941255511544577317e+00
4.942980852477186104e+00
4.944808736197584764e+00
4.946702755145663488e+00
4.948680899344321205e+00
4.950731092892524998e+00
4.952817341290352005e+00
4.954934890620347865e+00
4.957066954426403882e+00
4.959205280445453390e+00
4.961334923110841011e+00
4.963436803869841540e+00
4.965503809206125219e+00
4.967536498807308298e+00
4.969508274696705641e+00
4.971410800866720159e+00
4.973233601801035242e+00
4.974955842398045114e+00
4.976589109949705048e+00
4.978099687449571320e+00
4.979488077364799814e+00
4.980748797409175310e+00
4.981888184450506962e+00
4.982883584029911717e+00
4.983705997146605782e+00
4.984371584556936519e+00
4.984881046056687914e+00
4.985247475631474856e+00
4.985448907460956924e+00
4.985509079583859915e+00
4.985395254502943629e+00
4.985154387104263840e+00
4.984721696386985812e+00
4.984132300960772533e+00
4.983389470028631862e+00
4.982496044310680716e+00
4.981477702158441545e+00
4.980305597084512925e+00
4.979028677689781190e+00
4.977629235881317449e+00
4.976101595955837453e+00
4.974479036825647071e+00
4.972771486240376682e+00
4.970998379784573373e+00
4.969153970974432788e+00
4.967247313904509909e+00
4.965288691717133496e+00
4.963302753466114936e+00
4.961296576159938354e+00
4.959284524517998172e+00
4.957271361845478452e+00
4.955281126993641649e+00
4.953313822346672168e+00
4.951397894817337608e+00
4.949524721997722310e+00
4.947704194980605763e+00
4.945967760580523453e+00
4.944293829399092566e+00
4.942715500640614046e+00
4.941231464344008728e+00
4.939852260994657129e+00
4.938598421114428483e+00
4.937461724701269539e+00
4.936448873030885309e+00
4.935586369830115672e+00
4.934849635484559016e+00
4.934282449941082227e+00
4.933862172077343011e+00
4.933595934613540734e+00
4.933473377405597660e+00
4.933520044592140330e+00
4.933732426614431787e+00
4.934133304060368097e+00
4.934705118426053971e+00
4.935422339850036977e+00
4.936287033074466812e+00
4.937322255187599929e+00
4.938513478600351725e+00
4.939845006578534203e+00
4.941302689575522322e+00
4.942882216983406352e+00
4.944622839354840593e+00
4.946486265324916864e+00
4.948444917314614777e+00
4.950483256542052679e+00
4.952589174323643206e+00
4.954777559154594613e+00
4.957016908490027518e+00
4.959296274744832367e+00
4.961605595909916566e+00
4.963934538626038950e+00
4.966279021614156797e+00
4.968626784943901420e+00
4.970962393992506279e+00
4.973282199316582997e+00
4.975576999300084680e+00
4.977829377465806893e+00
4.980029225462042852e+00
4.982168626599872141e+00
4.984243890904747509e+00
4.986251264774165470e+00
4.988178047501407697e+00
4.989995284789167762e+00
4.991710884236656653e+00
4.993330379241071704e+00
4.994856487923227562e+00
4.996277703457438157e+00
4.997591980510318166e+00
4.998801674731934597e+00
4.999873747938239354e+00
5.000848806762062004e+00
5.001681787335239271e+00
5.002409845479689920e+00
5.003022646569572629e+00
5.003477845677100078e+00
5.003821859137080885e+00
5.004001282305382325e+00
5.004092073506601679e+00
5.004037081576808710e+00
5.003801755081786595e+00
5.003445265699102862e+00
5.002934817556216274e+00
5.002317235801293727e+00
5.001543585244490941e+00
5.000653115320876196e+00
4.999627343300654836e+00
4.998469758141711239e+00
4.997182047475054567e+00
4.995740684825850764e+00
4.994217869896364626e+00
4.992580025900077878e+00
4.990841734368276050e+00
4.989000433940363521e+00
4.987091814536525725e+00
4.985116626579238819e+00
4.983093762058689258e+00
4.981041773814631313e+00
4.978972558040095642e+00
4.976904355991554674e+00
4.974847805756999364e+00
4.972819837886763850e+00
4.970843450982047607e+00
4.968918530154897262e+00
4.967056862074806567e+00
4.965280481088831799e+00
4.963605996776297324e+00
4.962034289050772706e+00
4.960594491470531331e+00
4.959267596412376022e+00
4.958117901418284568e+00
4.957110787887054393e+00
4.956281365636663772e+00
4.955609229240494074e+00
4.955098444778398559e+00
4.954739885587171599e+00
4.954616790298299378e+00
4.954670955069289562e+00
4.954932444631979571e+00
4.955438221260831000e+00
4.956103116139694009e+00
4.956974309623165986e+00
4.957985938057228203e+00
4.959202694237156983e+00
4.960602614372893626e+00
4.962156919628307072e+00
4.963884737729951091e+00
4.965722798347398381e+00
4.967703802376910893e+00
4.969807548165245947e+00
4.972011502176449049e+00
4.974321131944582142e+00
4.976686598598883293e+00
4.979121979415342736e+00
4.981602132111714099e+00
4.984112836211846087e+00
4.986644984871076325e+00
4.989188591331172873e+00
4.991725728005099505e+00
4.994240886062311979e+00
4.996721262574124189e+00
4.999151418745447550e+00
5.001543477564978524e+00
5.003872574061084322e+00
5.006116703689027503e+00
5.008263534843851339e+00
5.010292523741651571e+00
5.012230729401041529e+00
5.014047456622052756e+00
5.015736844927000782e+00
5.017300466537403913e+00
5.018690183252024539e+00
5.019947022139955806e+00
5.021034145668079596e+00
5.021902777343919766e+00
5.022621518835357790e+00
5.023141073822907643e+00
5.023457800462774792e+00
5.023545194655589796e+00
5.023457968445427468e+00
5.023163977140493230e+00
5.022668920705028128e+00
5.021938781315394174e+00
5.021021988416022097e+00
5.019893292436306886e+00
5.018549280414286606e+00
5.017053123513165680e+00
5.015397473374310522e+00
5.013592528501455980e+00
5.011643494615261929e+00
5.009588314989512625e+00
5.007429073700612854e+00
5.005199269452995203e+00
5.002913151929085700e+00
5.000587803075021043e+00
4.998246449926798007e+00
4.995900199660960439e+00
4.993564953604642476e+00
4.991256308356228466e+00
4.988991052308978880e+00
4.986765671769085806e+00
4.984613586613837022e+00
4.982525312552156471e+00
4.980526220301094042e+00
4.978623888889255333e+00
4.976819294938746197e+00
4.975160064795915105e+00
4.973616537848415398e+00
4.972217179039421175e+00
4.970930068889560793e+00
4.969788196260037871e+00
4.968834012621942797e+00
4.968051694134180352e+00
4.967465900020604508e+00
4.967029701868002967e+00
4.966779760407213473e+00
4.966667316114460107e+00
4.966779965680023778e+00
4.967134297598085446e+00
4.967659972529790302e+00
4.968441366325995645e+00
4.969361022557995611e+00
4.970500596087358502e+00
4.971771538328311202e+00
4.973247390460153738e+00
4.974917591582914689e+00
4.976751055490155728e+00
4.978765920918365673e+00
4.980893441062351101e+00
4.983172637294909890e+00
4.985558292936464575e+00
4.988051295351168868e+00
4.990641558241031284e+00
4.993311615060946451e+00
4.996065012585303222e+00
4.998860598277231837e+00
5.001695303391595182e+00
5.004548158716341177e+00
5.007410742711207341e+00
5.010263027321479434e+00
5.013106161128660254e+00
5.015904302667757442e+00
5.018671283494613000e+00
5.021368708085200083e+00
5.023981265198370849e+00
5.026513868939062490e+00
5.028949834775109373e+00
5.031260731141943943e+00
5.033453560840269070e+00
5.035495027672430624e+00
5.037354470115086968e+00
5.039073962788960692e+00
5.040624123435399895e+00
5.042038003724001349e+00
5.043244887810134358e+00
5.044293003600024861e+00
5.045152516137743071e+00
5.045795423384690004e+00
5.046276083920085753e+00
5.046518034279282361e+00
5.046577031608605601e+00
5.046424756865882877e+00
5.046060711216115990e+00
5.045488423701310232e+00
5.044693544503236815e+00
5.043728012513303050e+00
5.042568708579920234e+00
5.041170149814272250e+00
5.039606981199169056e+00
5.037852769117736607e+00
5.035935298424147888e+00
5.033865442793749700e+00
5.031655094247244442e+00
5.029336594115875414e+00
5.026904180567644431e+00
5.024382396858118938e+00
5.021796286623857242e+00
5.019142819564722302e+00
5.016440965752981818e+00
5.013694350939177369e+00
5.010921873968029239e+00
5.008142417591000317e+00
5.005364736836339645e+00
5.002594527225877385e+00
4.999848430078412953e+00
4.997151923697378706e+00
4.994500824730781829e+00
4.991908685188677808e+00
4.989408708583501273e+00
4.986978046070722037e+00
4.984645252447513997e+00
4.982407143484741674e+00
4.980276393216044539e+00
4.978261882286459716e+00
4.976352676670939168e+00
4.974580518525035799e+00
4.972934056889207532e+00
4.971412957530411347e+00
4.970051814090402864e+00
4.968822080116661155e+00
4.967752810265810837e+00
4.966833675127418246e+00
4.966081041168363797e+00
4.965500058826000540e+00
4.965073295269101905e+00
4.964828563477785117e+00
4.964713049853160420e+00
4.964757750878050047e+00
4.965000867849155064e+00
4.965409822991057709e+00
4.965985062686665508e+00
4.966707350207431482e+00
4.967572128442985679e+00
4.968600641531809359e+00
4.969771315721734695e+00
4.971072778968079753e+00
4.972515335498318478e+00
4.974072213588224045e+00
4.975738274572358399e+00
4.977490779576763558e+00
4.979313785402044168e+00
4.981200456736549320e+00
4.983124837843640798e+00
4.985071020094618000e+00
4.987027790663704607e+00
4.988987711785303425e+00
4.990935969768034219e+00
4.992865950880514880e+00
4.994751103786692958e+00
4.996581648556457367e+00
4.998341476140486073e+00
5.000040420262085838e+00
5.001664144663084066e+00
5.003212006507385290e+00
5.004667750863302622e+00
5.006012206939924880e+00
5.007263666508664279e+00
5.008403713969458160e+00
5.009454742489327650e+00
5.010367976320853067e+00
5.011155461935271838e+00
5.011820481164326324e+00
5.012341233944465735e+00
5.012744064969886892e+00
5.012975488608647723e+00
5.013069942217264874e+00
5.013001255626735819e+00
5.012789559337256229e+00
5.012395855682847845e+00
5.011827466125546415e+00
5.011090001325069210e+00
5.010208358923851968e+00
5.009180326024949892e+00
5.007991673360526974e+00
5.006630437086283969e+00
5.005148674557863941e+00
5.003534865687547573e+00
5.001804790656029454e+00
4.999985847781358572e+00
4.998056783090290445e+00
4.996052271882946982e+00
4.993970565359052038e+00
4.991837242255861895e+00
4.989655508856231769e+00
4.987439619312937111e+00
4.985210016529018517e+00
4.982980100671704271e+00
4.980751786391193647e+00
4.978544935594255705e+00
4.976383346031364674e+00
4.974249584387000489e+00
4.972172819684203660e+00
4.970130996267256407e+00
4.968160373727735113e+00
4.966270638863500508e+00
4.964466026733573401e+00
4.962776549617703203e+00
4.961153206090386014e+00
4.959638270149882011e+00
4.958223532448466031e+00
4.956908610324320286e+00
4.955716709728296365e+00
4.954635799239332172e+00
4.953686849038057893e+00
4.952863860215003022e+00
4.952162881205731892e+00
4.951610450345032888e+00
4.951162540848308424e+00
4.950855034823471001e+00
4.950682124505691561e+00
4.950657740611057456e+00
4.950798553902130195e+00
4.951049451905706889e+00
4.951443197283367681e+00
4.951969685520450248e+00
4.952626488845268682e+00
4.953429380546727323e+00
4.954350139390149010e+00
4.955411198477662538e+00
4.956595726724183137e+00
4.957900727357184678e+00
4.959310369010484720e+00
4.960837905074871657e+00
4.962470732744255209e+00
4.964209772314349678e+00
4.966023071225206031e+00
4.967909433658639351e+00
4.969853872622768343e+00
4.971841567273656892e+00
4.973865820880451594e+00
4.975902007635155222e+00
4.977938951070823848e+00
4.979962153102674094e+00
4.981965447183169360e+00
4.983934367265022480e+00
4.985840689058816722e+00
4.987699641104256898e+00
4.989487242813621215e+00
4.991222503300224211e+00
4.992879207249198537e+00
4.994431382234607142e+00
4.995883339460405637e+00
4.997210835780415472e+00
4.998419167141828545e+00
4.999514924179231379e+00
5.000466985891973692e+00
5.001285185556327839e+00
5.001960571821247648e+00
5.002532099861121573e+00
5.002933408509409929e+00
5.003169206086017340e+00
5.003258126483701496e+00
5.003183225792303901e+00
5.002995536744997196e+00
5.002633668937191302e+00
5.002174697749719456e+00
5.001562795348868384e+00
5.000779682182179720e+00
4.999880547531354580e+00
4.998827483661878901e+00
4.997666220896351597e+00
4.996386725984920396e+00
4.995000203334202027e+00
4.993516531072964781e+00
4.991931352399696209e+00
4.990297444992174647e+00
4.988604754589905710e+00
4.986868390076269364e+00
4.985092281781542844e+00
4.983292393021691247e+00
4.981477668963778527e+00
4.979663340382684211e+00
4.977867998712170561e+00
4.976095204584706444e+00
4.974370986305583386e+00
4.972684872083772412e+00
4.971083526544679110e+00
4.969553436570276261e+00
4.968116091572155391e+00
4.966768445007910593e+00
4.965537449725380803e+00
4.964411228456010683e+00
4.963396832652797741e+00
4.962516377427091285e+00
4.961745030440797954e+00
4.961136533402314974e+00
4.960655332997849776e+00
4.960330733403971237e+00
4.960125214931033533e+00
4.960108892800928260e+00
4.960236432333187118e+00
4.960523739405617860e+00
4.960989434667572695e+00
4.961579137579247956e+00
4.962352671534463688e+00
4.963233536914631649e+00
4.964274704889103162e+00
4.965453872666402368e+00
4.966744306818291044e+00
4.968171756700320074e+00
4.969693739697977009e+00
4.971315088108822167e+00
4.973014031634376941e+00
4.974769902215048667e+00
4.976582465157552981e+00
4.978426625416323859e+00
4.980300106987997744e+00
4.982186730638786365e+00
4.984081447259231190e+00
4.985955015853686945e+00
4.987801131144804501e+00
4.989610435799403554e+00
4.991381311998409842e+00
4.993099329457325375e+00
4.994714365736288464e+00
4.996264947042507565e+00
4.997704300866168126e+00
4.999075073585551365e+00
5.000328516945880430e+00
5.001468147919220009e+00
5.002493991539520124e+00
5.003352867723148911e+00
5.004112422899048340e+00
5.004714669570962116e+00
5.005195257053413727e+00
5.005520074055233692e+00
5.005695283584931765e+00
5.005719930329064482e+00
5.005592136983464613e+00
5.005266843330750781e+00
5.004795298096427203e+00
5.004160664942750358e+00
5.003371923681982025e+00
5.002459334996230744e+00
5.001377095100171921e+00
5.000174921867139410e+00
4.998841884699351645e+00
4.997414549556262742e+00
4.995883481022604933e+00
4.994242781218774851e+00
4.992514883246905733e+00
4.990706942048555916e+00
4.988848292794711092e+00
4.986941742119078924e+00
4.985003383573776148e+00
4.983046479043252042e+00
4.981077028778082116e+00
4.979103167024141463e+00
4.977136801150327194e+00
4.975194189366583863e+00
4.973292781081682712e+00
4.971429752972609251e+00
4.969623942491298685e+00
4.967873701420312038e+00
4.966214787331108660e+00
4.964622642812018150e+00
4.963126919087653022e+00
4.961741131064180799e+00
4.960451621678356737e+00
4.959296892103438381e+00
4.958235543709879067e+00
4.957300882306581613e+00
4.956481563192492779e+00
4.955793608990198607e+00
4.955214121122545556e+00
4.954765950445719547e+00
4.954443668988235849e+00
4.954256960940250032e+00
4.954207412451208548e+00
4.954280177633911819e+00
4.954494766574056186e+00
4.954810285325796038e+00
4.955275722238869918e+00
4.955861512738914954e+00
4.956582625452133684e+00
4.957401174846741476e+00
4.958335548806639181e+00
4.959366620126815839e+00
4.960507135335059381e+00
4.961748574915976207e+00
4.963050520214887129e+00
4.964417214039416493e+00
4.965823379251809833e+00
4.967280094865413886e+00
4.968772396389099733e+00
4.970276962015483413e+00
4.971790060493799679e+00
4.973301419261548340e+00
4.974802027735563570e+00
4.976275070849511373e+00
4.977715889159295415e+00
4.979114075693936492e+00
4.980472915563435521e+00
4.981780690196605299e+00
4.983014633599371912e+00
4.984171163234564439e+00
4.985233021098824935e+00
4.986215779427144668e+00
4.987099403161261435e+00
4.987854806352111758e+00
4.988510125521274929e+00
4.989005469698163608e+00
4.989404590073678314e+00
4.989650239478501170e+00
4.989759620241525973e+00
4.989734003822955621e+00
4.989530455767813066e+00
4.989223648681941015e+00
4.988763271160126855e+00
4.988181198723316889e+00
4.987480648941994943e+00
4.986649821735621657e+00
4.985696508623362888e+00
4.984615526906849503e+00
4.983443264476657752e+00
4.982172751687168777e+00
4.980819885097146127e+00
4.979392226449846248e+00
4.977890862933991301e+00
4.976334004811642231e+00
4.974722811691162150e+00
4.973071285448668277e+00
4.971383964828846480e+00
4.969673667661546723e+00
4.967952960096000403e+00
4.966231939159034603e+00
4.964515754244922974e+00
4.962812188230156352e+00
4.961136386356948869e+00
4.959494896791575513e+00
4.957914041839239339e+00
4.956368632875082447e+00
4.954893504790660153e+00
4.953506893627045216e+00
4.952188726179001854e+00
4.950959584302900396e+00
4.949797316379544121e+00
4.948745038546321418e+00
4.947817240096327396e+00
4.946982195786829628e+00
4.946262612081761212e+00
4.945628471858496411e+00
4.945132736190851475e+00
4.944761901013251304e+00
4.944515798072958823e+00
4.944382386943021679e+00
4.944361593110649267e+00
4.944496534058986370e+00
4.944747462237415903e+00
4.945134195687409751e+00
4.945637296030458430e+00
4.946251481363709956e+00
4.946987868512209729e+00
4.947842314282592469e+00
4.948822141105468475e+00
4.949890755677754939e+00
4.951063989365633411e+00
4.952322152817782097e+00
4.953678600603875992e+00
4.955112031066952305e+00
4.956608538741408942e+00
4.958161450142203996e+00
4.959746161068020243e+00
4.961357445830639534e+00
4.962979062462386182e+00
4.964597655052480185e+00
4.966193547213610948e+00
4.967771443987427205e+00
4.969306330496607416e+00
4.970805558378037503e+00
4.972247683221634240e+00
4.973605707252557906e+00
4.974888084197576887e+00
4.976051681304509700e+00
4.977135379577215524e+00
4.978105521092350827e+00
4.978928810993370035e+00
4.979630154634056005e+00
4.980183476546940824e+00
4.980564334916112834e+00
4.980791796056715626e+00
4.980881613178340217e+00
4.980834360143330919e+00
4.980624289496030421e+00
4.980249602219250171e+00
4.979729324339117191e+00
4.979041639922346718e+00
4.978227577937927251e+00
4.977235510556187847e+00
4.976113397611466205e+00
4.974848847670641838e+00
4.973466802073803983e+00
4.971980746371833071e+00
4.970392315073099532e+00
4.968725605441417059e+00
4.966975718869056422e+00
4.965169628990974360e+00
4.963309200240459518e+00
4.961410049034443048e+00
4.959492298795071363e+00
4.957560262365428017e+00
4.955629109127608345e+00
4.953707033081141908e+00
4.951813904328433047e+00
4.949960596842853278e+00
4.948145567609159023e+00
4.946381968988267985e+00
4.944688103182404149e+00
4.943090281171886424e+00
4.941567958874788502e+00
4.940144982172335553e+00
4.938805018646802658e+00
4.937601031495418624e+00
4.936513460634436079e+00
4.935562121553505932e+00
4.934743370546187613e+00
4.934040196819390545e+00
4.933486930152561456e+00
4.933072211912061356e+00
4.932819381004358128e+00
4.932688380863676336e+00
4.932707909793518475e+00
4.932872273848317057e+00
4.933206887059769841e+00
4.933706465364358529e+00
4.934348842577001015e+00
4.935155820772905599e+00
4.936077193767685500e+00
4.937173101083296878e+00
4.938398757801312655e+00
4.939769899920482210e+00
4.941266052798289010e+00
4.942873324082155406e+00
4.944620530233640565e+00
4.946460995451470666e+00
4.948395504132768963e+00
4.950397321508188675e+00
4.952468634472150910e+00
4.954610897228975297e+00
4.956787694767971431e+00
4.958991637007255981e+00
4.961205595509071919e+00
4.963415431008596279e+00
4.965606203452606948e+00
4.967765179649848761e+00
4.969873807356615103e+00
4.971934096292514482e+00
4.973916382119912605e+00
4.975822123066444114e+00
4.977649015114565145e+00
4.979375944361944306e+00
4.981019068137665151e+00
4.982560573295613082e+00
4.983992783651609138e+00
4.985295520947236270e+00
4.986481851861732650e+00
4.987547422275799391e+00
4.988503424228089678e+00
4.989327223301784464e+00
4.990021202863114347e+00
4.990562061482029854e+00
4.990987019055443952e+00
4.991274642218756163e+00
4.991432840284812045e+00
4.991448973908242159e+00
4.991340241178091830e+00
4.991116322267021843e+00
4.990753233607079231e+00
4.990285101185705230e+00
4.989662912252511795e+00
4.988921282130447388e+00
4.988061424481836426e+00
4.987085491034355833e+00
4.986016284885969263e+00
4.984838526982037443e+00
4.983586077082126309e+00
4.982242015588252748e+00
4.980824414330690786e+00
4.979358265984029863e+00
4.977849474835368326e+00
4.976315426814529097e+00
4.974769964504214492e+00
4.973226635146112962e+00
4.971707089084359765e+00
4.970223779368374117e+00
4.968768131720993964e+00
4.967373868662093628e+00
4.966033875036214518e+00
4.964770819979879235e+00
4.963604374963018095e+00
4.962503362658592820e+00
4.961506668466301839e+00
4.960612092006178919e+00
4.959821878957720642e+00
4.959157700675698166e+00
4.958593681479961823e+00
4.958185418161719760e+00
4.957917693301260087e+00
4.957784354637532864e+00
4.957807117525644180e+00
4.957952468192360129e+00
4.958248318696550250e+00
4.958704253735176870e+00
4.959306240121057918e+00
4.960071367362670181e+00
4.960986161196760058e+00
4.962054685691527744e+00
4.963271897921496034e+00
4.964618057796888806e+00
4.966100198665790444e+00
4.967678172925644731e+00
4.969384793380433152e+00
4.971201897153789240e+00
4.973105906883412253e+00
4.975086353460485000e+00
4.977128630170757795e+00
4.979229206482107983e+00
4.981372479984695900e+00
4.983550348023110921e+00
4.985741622189217459e+00
4.987939049640828237e+00
4.990135038832360870e+00
4.992319333890611333e+00
4.994463140258724287e+00
4.996577337572509769e+00
4.998633708546097232e+00
5.000644712338382369e+00
5.002591329554255672e+00
5.004445729890997896e+00
5.006221694687540413e+00
5.007904451230700715e+00
5.009499051759179977e+00
5.010990840384896394e+00
5.012386891732151462e+00
5.013685339281494180e+00
5.014865321258240805e+00
5.015942639598780062e+00
5.016875805149012102e+00
5.017696560138993789e+00
5.018382890636257976e+00
5.018959790358475281e+00
5.019398763330808144e+00
5.019715080933801588e+00
5.019870021168299168e+00
5.019846807766862540e+00
5.019692851623676511e+00
5.019337595237576721e+00
5.018864580711506207e+00
5.018212089410208243e+00
5.017428105494164292e+00
5.016491516104124138e+00
5.015387549420975866e+00
5.014171244597219079e+00
5.012799161022685190e+00
5.011324051415704695e+00
5.009739363735698170e+00
5.008059327697537810e+00
5.006297486370586469e+00
5.004462184405110925e+00
5.002572060322546754e+00
5.000648871308350785e+00
4.998710967546485584e+00
4.996775130873702508e+00
4.994855939394020616e+00
4.992969430333161540e+00
4.991134451722884613e+00
4.989359329736020143e+00
4.987658270543600558e+00
4.986042665189291512e+00
4.984528284019019040e+00
4.983143692856814688e+00
4.981894312298086547e+00
4.980805289691472737e+00
4.979861365875388302e+00
4.979065236693407392e+00
4.978452509699548223e+00
4.977986717058504595e+00
4.977705020161506511e+00
4.977649564912703717e+00
4.977799007438284740e+00
4.978162045657795964e+00
4.978783222988409030e+00
4.979574696824115243e+00
4.980583084702653096e+00
4.981738583102984563e+00
4.983089819953006483e+00
4.984617591753762511e+00
4.986334209397595529e+00
4.988242664441627561e+00
4.990267703190608195e+00
4.992428816512389567e+00
4.994677991226478042e+00
4.997038849398656168e+00
4.999491732970042790e+00
5.002011793509288040e+00
5.004598825231355796e+00
5.007216349497599417e+00
5.009862289384169109e+00
5.012519545510572883e+00
5.015177528217597214e+00
5.017817410186093952e+00
5.020436938658518145e+00
5.023010845139785019e+00
5.025523561790746996e+00
5.027975923970503302e+00
5.030333002761168792e+00
5.032611042663617695e+00
5.034771158501667898e+00
5.036843387290997676e+00
5.038772659555240452e+00
