0.000000000000000000e+00
0.000000000000000000e+00
-1.461749488953501884e-06
-7.646174344699829478e-06
-1.947836688486859108e-05
-3.426724433666095951e-05
-4.816765402210877674e-05
-2.500876755220815431e-05
8.787527040112760391e-06
1.014958930318244365e-04
2.795038980548270198e-04
5.446831186418422434e-04
9.071366165881043688e-04
1.470060316205489990e-03
2.228779462457168223e-03
3.190667596936690512e-03
4.408947048068510843e-03
5.895078894973265413e-03
7.631746349215973863e-03
9.672443685412873346e-03
1.203242194402264452e-02
1.476514172303722977e-02
1.777398746955441422e-02
2.121897530305432572e-02
2.500304442393826848e-02
2.916216534125851828e-02
3.371591937291669450e-02
3.861891042935895746e-02
4.389010560262249228e-02
4.958484124887035938e-02
5.562592994916484151e-02
6.210657012212320027e-02
6.888883721578165087e-02
7.607176911580605660e-02
8.361453902471106814e-02
9.154598903405708477e-02
9.977491986501257903e-02
1.083476031993631516e-01
1.171922118638758226e-01
1.264304311250452340e-01
1.359292305682901769e-01
1.457598633741144789e-01
1.558161480401759058e-01
1.661985595201258825e-01
1.768600780938868744e-01
1.877769668077235721e-01
1.989322061513667528e-01
2.104138011907344397e-01
2.220758612130885601e-01
2.340270216439967743e-01
2.461956186269526892e-01
2.585892720197444095e-01
2.712487704728847038e-01
2.840679628824001046e-01
2.971670050596004198e-01
3.104148287748103585e-01
3.239240176652675163e-01
3.376314706777339136e-01
3.515438575719599390e-01
3.656771261667016715e-01
3.800104207967524572e-01
3.946266229127650127e-01
4.094469006036525194e-01
4.244733448003535914e-01
4.396604986165766893e-01
4.550309069131616702e-01
4.706048185800317807e-01
4.864245362256769956e-01
5.024810321305994698e-01
5.187063987230067230e-01
5.351191039060358978e-01
5.517309362863308531e-01
5.685278136705166352e-01
5.855188209985500158e-01
6.027437372182613551e-01
6.201358194326168638e-01
6.377403266404872983e-01
6.555571444009546944e-01
6.735782129739527058e-01
6.917841989969021332e-01
7.101746041749722460e-01
7.287828428720242169e-01
7.475443489526516494e-01
7.665097064946896355e-01
7.856748445008998605e-01
8.049814159845118944e-01
8.244472153161768180e-01
8.440815491651298963e-01
8.639199705098867810e-01
8.839040226911305531e-01
9.040915865873099255e-01
9.244772453283073288e-01
9.450480098699334253e-01
9.657819361661674762e-01
9.866736407254935726e-01
1.007704798695922221e+00
1.028928288934111368e+00
1.050237218854308097e+00
1.071689011571288042e+00
1.093217381951689715e+00
1.114906382081389369e+00
1.136715178010344385e+00
1.158613779065489791e+00
1.180590278622984934e+00
1.202660767552733212e+00
1.224751269338011372e+00
1.246873671529173055e+00
1.268981494424222811e+00
1.291133183953641739e+00
1.313280593869565971e+00
1.335390340802549369e+00
1.357505223271726624e+00
1.379573423383115838e+00
1.401572491643308771e+00
1.423519961354612562e+00
1.445366482255339147e+00
1.467083940026640665e+00
1.488744127271055984e+00
1.510273913857817396e+00
1.531674658772826048e+00
1.552942201611876349e+00
1.574044236657500040e+00
1.595067877290129665e+00
1.615955850598692844e+00
1.636745142457365798e+00
1.657452368256926878e+00
1.678067106721282675e+00
1.698580388543487363e+00
1.718968073842406907e+00
1.739179195878386874e+00
1.759285690305114391e+00
1.779193412778258931e+00
1.798920486686111042e+00
1.818485701796889842e+00
1.837897454020858357e+00
1.857161151883483408e+00
1.876229998586059100e+00
1.895054298159957407e+00
1.913711912152648464e+00
1.932141685006499632e+00
1.950405190703749847e+00
1.968446007487654636e+00
1.986266376492857866e+00
2.003940419671416340e+00
2.021455412623762715e+00
2.038803014275907710e+00
2.055989299533246939e+00
2.072939162967084581e+00
2.089791863677381123e+00
2.106461350438474156e+00
2.123045492884991781e+00
2.139440503833172968e+00
2.155691703078626009e+00
2.171812095162747092e+00
2.187792785880444235e+00
2.203665542123196541e+00
2.219418720719692928e+00
2.234963545319912370e+00
2.250427263495800467e+00
2.265715001342174961e+00
2.280883267638562195e+00
2.295928854462979007e+00
2.310850823638317841e+00
2.325664085862515051e+00
2.340370555636761107e+00
2.354927101848003801e+00
2.369390048501370138e+00
2.383817632911084061e+00
2.398214734313366847e+00
2.412630519387600980e+00
2.426986150262234965e+00
2.441318550822614064e+00
2.455680044410107676e+00
2.470077895638822074e+00
2.484542997596143721e+00
2.498985917088865527e+00
2.513440967318891772e+00
2.527961455104231092e+00
2.542565344092726054e+00
2.557259580609678729e+00
2.572095635650037959e+00
2.587065518615125903e+00
2.602181540248273972e+00
2.617451025960324973e+00
2.632885565278409779e+00
2.648498963830350661e+00
2.664290707824109816e+00
2.680270994422315312e+00
2.696443856475232437e+00
2.712830905434964635e+00
2.729261470553753899e+00
2.745812869784711285e+00
2.762530086753247627e+00
2.779348943946240880e+00
2.796147756097196346e+00
2.813037259099362863e+00
2.830009927270292103e+00
2.846996149537443177e+00
2.864145956752179867e+00
2.881408031699536743e+00
2.898737778184293123e+00
2.916210113284467109e+00
2.933859674451230415e+00
2.951590218064664484e+00
2.969542389628766710e+00
2.987687217709897425e+00
3.005975853917477902e+00
3.024428907153485557e+00
3.042968427655575958e+00
3.061732400176404134e+00
3.080634341952679378e+00
3.099764465806362779e+00
3.119067611214993097e+00
3.138564307210323978e+00
3.158194353101131835e+00
3.177999499556896534e+00
3.197895123479244539e+00
3.217950937268612588e+00
3.238067039964077853e+00
3.258171715257046408e+00
3.278227900979397536e+00
3.298188042161343425e+00
3.318014277932522571e+00
3.337706224439022762e+00
3.357243142840740990e+00
3.376609858987210000e+00
3.395841269013760488e+00
3.414890067098019344e+00
3.433779932973263449e+00
3.452474705693600043e+00
3.471004651305554134e+00
3.489339667079327079e+00
3.507492402312633928e+00
3.525489116427777070e+00
3.543299349067090098e+00
3.560956667182324953e+00
3.578433613297818727e+00
3.595763259646772347e+00
3.612904700753567955e+00
3.629862745520948231e+00
3.646631502625821586e+00
3.663200841662762830e+00
3.679609746453640806e+00
3.695928571936962559e+00
3.712130817887660861e+00
3.728173092124339671e+00
3.744053716180202329e+00
3.759710186240550644e+00
3.775164941069957258e+00
3.790432999846812923e+00
3.805512711522457181e+00
3.820503133056041278e+00
3.835346825835582507e+00
3.850021261689540619e+00
3.864610039708492373e+00
3.879045086619732352e+00
3.893343798634884223e+00
3.907465984341976561e+00
3.921398465154049884e+00
3.935255076405880903e+00
3.948958761212704616e+00
3.962520372388241618e+00
3.975896391389249107e+00
3.989066898343442080e+00
4.002048696992275723e+00
4.014806777951595684e+00
4.027399727818844255e+00
4.039871453759549702e+00
4.052209144351362369e+00
4.064389655110715260e+00
4.076389936921476220e+00
4.088239629981397449e+00
4.099957968709348144e+00
4.111534546134350876e+00
4.122946006772397531e+00
4.134167850730298355e+00
4.145229684827206995e+00
4.156181715247510233e+00
4.166988590476392140e+00
4.177617386100171970e+00
4.188037231681226658e+00
4.198275283095717292e+00
4.208379619834303753e+00
4.218308885810256648e+00
4.228032539603591822e+00
4.237518286821724267e+00
4.246803448912979562e+00
4.255913257715583597e+00
4.264836087939619880e+00
4.273506375667929902e+00
4.282031772253394486e+00
4.290315585253119401e+00
4.298405315396665927e+00
4.306286686775564476e+00
4.313941102144597473e+00
4.321396800396321680e+00
4.328555851695417012e+00
4.335539333341000834e+00
4.342252003667233851e+00
4.348693912145970231e+00
4.354910935876247891e+00
4.360839194176075573e+00
4.366517494437574420e+00
4.371874706861852644e+00
4.377026138422369428e+00
4.381888218042731431e+00
4.386511465725779324e+00
4.390823940751433341e+00
4.394831073102831276e+00
4.398602375802873610e+00
4.402134451982854024e+00
4.405432050642845709e+00
4.408449094710229055e+00
4.411215433595059743e+00
4.413789078113912190e+00
4.416183731523631195e+00
4.418388412264465437e+00
4.420400946256994423e+00
4.422314002183555637e+00
4.424113997784733243e+00
4.425855025914787966e+00
4.427541408208488960e+00
4.429162470517039374e+00
4.430771018085360780e+00
4.432370820311188453e+00
4.433998842505097571e+00
4.435680883494495852e+00
4.437398712453722638e+00
4.439205076364158842e+00
4.441122818258880223e+00
4.443116783467410791e+00
4.445234709796785033e+00
4.447451077369330541e+00
4.449805248943446756e+00
4.452318915394424259e+00
4.454996471372721700e+00
4.457828232017635450e+00
4.460859072772143996e+00
4.463991016415237212e+00
4.467305734423278274e+00
4.470766063002225899e+00
4.474408940938590540e+00
4.478256425527214368e+00
4.482247726586939152e+00
4.486414709952952329e+00
4.490715897349002894e+00
4.495177552667739995e+00
4.499809556869153404e+00
4.504542677370195314e+00
4.509386554924135204e+00
4.514293459919576534e+00
4.519288535681848629e+00
4.524365901914720212e+00
4.529525797930841868e+00
4.534766469565515656e+00
4.540035240617876333e+00
4.545344163743145316e+00
4.550657380190974877e+00
4.555980896321423224e+00
4.561322389212735473e+00
4.566676712003834737e+00
4.572042083707935411e+00
4.577366071311122830e+00
4.582652462092523749e+00
4.587878681985026574e+00
4.593027264443522384e+00
4.598136241999751128e+00
4.603179958430415830e+00
4.608157610860950548e+00
4.613045751718169996e+00
4.617822660771495613e+00
4.622499005464202781e+00
4.627062616315966714e+00
4.631526143816596885e+00
4.635860469607002265e+00
4.640047998992092637e+00
4.644113308457024303e+00
4.648037823108322364e+00
4.651844150689727897e+00
4.655494295028336005e+00
4.659036156800873130e+00
4.662419044343121044e+00
4.665622464386112611e+00
4.668685212699063669e+00
4.671563171712048046e+00
4.674349695709832275e+00
4.676981341508515300e+00
4.679457083163149456e+00
4.681764868912583921e+00
4.683917316464071945e+00
4.685903731552249596e+00
4.687715889928228741e+00
4.689340987024195329e+00
4.690825253990777099e+00
4.692157748607285406e+00
4.693371985373385513e+00
4.694445190844423799e+00
4.695379276541358671e+00
4.696209080634004884e+00
4.696937118959910507e+00
4.697583428812510675e+00
4.698145784181840590e+00
4.698664730829483993e+00
4.699114962597676026e+00
4.699516623993702069e+00
4.699877275717742720e+00
4.700199810904749143e+00
4.700495532588400138e+00
4.700775824827440275e+00
4.701083748513198657e+00
4.701433834829666480e+00
4.701813660771884784e+00
4.702252342761793713e+00
4.702745206305124270e+00
4.703303449102975264e+00
4.703966913991904697e+00
4.704712589183187355e+00
4.705568231293296932e+00
4.706526751169300304e+00
4.707618874558544775e+00
4.708806243562436045e+00
4.710162482583260868e+00
4.711615565889813340e+00
4.713235818022228685e+00
4.715039998614527050e+00
4.716966954046227123e+00
4.719089159095026353e+00
4.721321486556270486e+00
4.723734809034803916e+00
4.726289905184247964e+00
4.729011427038648741e+00
4.731934298747518142e+00
4.734961990290622147e+00
4.738139824443797998e+00
4.741425201469403383e+00
4.744831761592369190e+00
4.748342891806105470e+00
4.751934133046606945e+00
4.755605308288076927e+00
4.759362841123085275e+00
4.763197166794280513e+00
4.767077526622752970e+00
4.770983899706345177e+00
4.774902019077283732e+00
4.778815993839246268e+00
4.782717165225489175e+00
4.786610827916605970e+00
4.790481542223438360e+00
4.794312843852981842e+00
4.798068921738609660e+00
4.801775328391537201e+00
4.805393065982803691e+00
4.808942547315106175e+00
4.812415305846677427e+00
4.815749324136718634e+00
4.818999441140636719e+00
4.822105251425250039e+00
4.825123109692080803e+00
4.827990515702708763e+00
4.830678834789736698e+00
4.833257509344560887e+00
4.835647079372150436e+00
4.837923595183832859e+00
4.840010082894308674e+00
4.841899070316298292e+00
4.843618895584090644e+00
4.845134750032171311e+00
4.846519500338777320e+00
4.847678814553961324e+00
4.848655010783418540e+00
4.849414747082933630e+00
4.850003236108764604e+00
4.850336645008370695e+00
4.850448771943645099e+00
4.850352566573143953e+00
4.850039415392399356e+00
4.849572335551799895e+00
4.848899369831503492e+00
4.848058510194839243e+00
4.847068559001506571e+00
4.845958017255487249e+00
4.844739169027032943e+00
4.843420397932948873e+00
4.842020741994801369e+00
4.840563486065092569e+00
4.839062135811270871e+00
4.837525020833434830e+00
4.835966652627411655e+00
4.834403075869504463e+00
4.832854445274297639e+00
4.831346466089908809e+00
4.829862810070935986e+00
4.828433698411408237e+00
4.827057890887681779e+00
4.825746300365153729e+00
4.824539584289615490e+00
4.823393594469255419e+00
4.822355355243510111e+00
4.821391425351923665e+00
4.820543086077397454e+00
4.819839048306769236e+00
4.819246726590519003e+00
4.818779728110258453e+00
4.818414192754154612e+00
4.818169810246056173e+00
4.818091647257408461e+00
4.818140244894041579e+00
4.818331894260212245e+00
4.818677160460815401e+00
4.819160790201590494e+00
4.819791941102906208e+00
4.820559085365696994e+00
4.821527348589463635e+00
4.822685901280805432e+00
4.824006525334283424e+00
4.825490560587808453e+00
4.827161389198467489e+00
4.828977030869885390e+00
4.830957155134841585e+00
4.833113595005438690e+00
4.835422022994922742e+00
4.837884382214711287e+00
4.840460841264889957e+00
4.843155501690075582e+00
4.845941172447369993e+00
4.848818278815911320e+00
4.851786453929111786e+00
4.854822738375827562e+00
4.857912579980059320e+00
4.861042100694342949e+00
4.864195653405352537e+00
4.867364753391904664e+00
4.870526873674553059e+00
4.873675000276724845e+00
4.876779483165900153e+00
4.879824522938887021e+00
4.882813935187021670e+00
4.885738042202155462e+00
4.888600034024875640e+00
4.891362801995437160e+00
4.894028198924224249e+00
4.896597141530673269e+00
4.899050501045148387e+00
4.901391171124140911e+00
4.903574878778616863e+00
4.905608202275197449e+00
4.907500240709941508e+00
4.909249420967262800e+00
4.910857454892558316e+00
4.912250212338132194e+00
4.913437067475479481e+00
4.914436170142453264e+00
4.915200643297593430e+00
4.915801415238838068e+00
4.916188729238074373e+00
4.916424185950617698e+00
4.916436221922357852e+00
4.916217321591992651e+00
4.915791808801312612e+00
4.915182571920175825e+00
4.914400581555981695e+00
4.913441860812324258e+00
4.912313075425642772e+00
4.911032532515543281e+00
4.909603234591501497e+00
4.908007443013207904e+00
4.906264883490818463e+00
4.904382573428170744e+00
4.902403295400158179e+00
4.900323212804810424e+00
4.898158975901619527e+00
4.895912478926197409e+00
4.893614764871612621e+00
4.891270022156252395e+00
4.888896803172840144e+00
4.886509204568875830e+00
4.884116987946045541e+00
4.881730614962590309e+00
4.879359680178178671e+00
4.877024954321397487e+00
4.874726677151930865e+00
4.872477036478532142e+00
4.870270373436224709e+00
4.868122677268995169e+00
4.866060933532726729e+00
4.864058992775690093e+00
4.862145234855424825e+00
4.860314079883109706e+00
4.858581642123470878e+00
4.856976630749712420e+00
4.855459222110519946e+00
4.854061766775855880e+00
4.852747561844596547e+00
4.851552733766445691e+00
4.850529644849308930e+00
4.849622184770710831e+00
4.848865625026233417e+00
4.848214235889322765e+00
4.847709264407463081e+00
4.847378400998719528e+00
4.847174225530186398e+00
4.847164270677902564e+00
4.847287333994473535e+00
4.847584636486436338e+00
4.848043773263061240e+00
4.848664247966670615e+00
4.849469422675037222e+00
4.850407885960603238e+00
4.851545846141243068e+00
4.852856075889730114e+00
4.854331655926370281e+00
4.855952266431712516e+00
4.857718700743579809e+00
4.859644331164026276e+00
4.861725722379350856e+00
4.863952514953281181e+00
4.866296519763137596e+00
4.868760978109503590e+00
4.871322499639655135e+00
4.873998543746138168e+00
4.876764475829268974e+00
4.879599706656599700e+00
4.882498366958762048e+00
4.885433031744624621e+00
4.888397176689768919e+00
4.891371983117726252e+00
4.894345952100422892e+00
4.897306047207976576e+00
4.900237430162096786e+00
4.903137023276951112e+00
4.905979870683814248e+00
4.908777470714713154e+00
4.911493117935323838e+00
4.914129193551206143e+00
4.916692632264756391e+00
4.919156159586571597e+00
4.921546810842418296e+00
4.923811183399820379e+00
4.925971774584914087e+00
4.928012190140153237e+00
4.929903623736765717e+00
4.931688630110886429e+00
4.933336042142775213e+00
4.934883814133073976e+00
4.936261494136717332e+00
4.937463445565965614e+00
4.938514195955660213e+00
4.939385630241897474e+00
4.940130697838332807e+00
4.940713724359240722e+00
4.941138047739234374e+00
4.941371228932705861e+00
4.941454312200961319e+00
4.941315373578412107e+00
4.940988323637588664e+00
4.940503510744614246e+00
4.939874447794003309e+00
4.939116749824329133e+00
4.938167790533347201e+00
4.937105610505982511e+00
4.935883029760166352e+00
4.934516095579906114e+00
4.933036977113529176e+00
4.931460344405217633e+00
4.929806474061057209e+00
4.928066660226628315e+00
4.926250625164553476e+00
4.924379115165518073e+00
4.922458777786538064e+00
4.920504341931387415e+00
4.918525621802852577e+00
4.916533529223249488e+00
4.914542610259100996e+00
4.912558974982544235e+00
4.910595683516307375e+00
4.908656031699222488e+00
4.906750613213819001e+00
4.904879233003897276e+00
4.903056413741154529e+00
4.901306430758281429e+00
4.899608781249566114e+00
4.898002776862425023e+00
4.896489243419211768e+00
4.895052992762368937e+00
4.893730893046896568e+00
4.892487429590267389e+00
4.891371386484545170e+00
4.890353834466379723e+00
4.889450757117312918e+00
4.888694893406075437e+00
4.888035617978614411e+00
4.887509188750130740e+00
4.887098733173056431e+00
4.886820954741282641e+00
4.886658054334415802e+00
4.886632510854701295e+00
4.886740014937543286e+00
4.886987270836555375e+00
4.887350901488983546e+00
4.887830560368322530e+00
4.888450337511324406e+00
4.889201250535273324e+00
4.890077461165212469e+00
4.891061106559657645e+00
4.892176818114541526e+00
4.893403744560503199e+00
4.894753117275260301e+00
4.896208085876725846e+00
4.897747379553340608e+00
4.899383005660795654e+00
4.901094779980206262e+00
4.902881292414688730e+00
4.904737015527509847e+00
4.906644710016273336e+00
4.908597075802109799e+00
4.910592549753211244e+00
4.912624046665452937e+00
4.914672613751911889e+00
4.916734065574430268e+00
4.918791638177656189e+00
4.920838305813097335e+00
4.922856454712174035e+00
4.924837332081814623e+00
4.926775666487236194e+00
4.928659669917840880e+00
4.930491686028260823e+00
4.932245760273951340e+00
4.933938864034432825e+00
4.935539037150163288e+00
4.937048551303166555e+00
4.938481700134295771e+00
4.939831893605010293e+00
4.941107182514684837e+00
4.942271152746694263e+00
4.943313956421630628e+00
4.944238826346414761e+00
4.945055958715099287e+00
4.945748467531818626e+00
4.946350265716032979e+00
4.946805118706839366e+00
4.947146166016178626e+00
4.947344109334813389e+00
4.947371376673987520e+00
4.947283228715247283e+00
4.947036286355292134e+00
4.946689002649224065e+00
4.946190644488965837e+00
4.945575596937274554e+00
4.944832807355855842e+00
4.943983594500755530e+00
4.943043830567335206e+00
4.942012039595578443e+00
4.940910031744572883e+00
4.939732234203550121e+00
4.938502776348324019e+00
4.937221744382115141e+00
4.935901901149483351e+00
4.934564674222203351e+00
4.933214023285838579e+00
4.931861244612666617e+00
4.930517492615911657e+00
4.929204422408078656e+00
4.927925318950150846e+00
4.926707811975215456e+00
4.925541354590390775e+00
4.924439736330245232e+00
4.923427453884218430e+00
4.922488680505487935e+00
4.921644967817995209e+00
4.920877173566553964e+00
4.920230963998768914e+00
4.919713887335096736e+00
4.919294077740347326e+00
4.918991756872570953e+00
4.918794607953464570e+00
4.918731662915384995e+00
4.918787223063705305e+00
4.918963159993587020e+00
4.919271508604584398e+00
4.919676698856351393e+00
4.920208796188530798e+00
4.920880073085722728e+00
4.921654388904867616e+00
4.922544594854410427e+00
4.923523889780338614e+00
4.924623817056711594e+00
4.925840274170334432e+00
4.927139303311999008e+00
4.928524616882497433e+00
4.929974476918870252e+00
4.931492043957406146e+00
4.933073481992177989e+00
4.934714146480255970e+00
4.936393206343346662e+00
4.938093407973938476e+00
4.939802469685965924e+00
4.941512540057592773e+00
4.943209088370494442e+00
4.944868330881289076e+00
4.946482683942011072e+00
4.948052728995970817e+00
4.949567957595280454e+00
4.951008271351747148e+00
4.952380963936739100e+00
4.953668211177283176e+00
4.954842894524628782e+00
4.955903431698972739e+00
4.956830790043170509e+00
4.957648985162671273e+00
4.958336490169460653e+00
4.958835973143870923e+00
4.959226860516066537e+00
4.959447626658077368e+00
4.959525579959446873e+00
4.959445736650670788e+00
4.959232919477219781e+00
4.958864885792430677e+00
4.958364372812505749e+00
4.957710869126316311e+00
4.956951130517121662e+00
4.956070631556507955e+00
4.955108673610088665e+00
4.954045694805977895e+00
4.952882871814368926e+00
4.951659132428764210e+00
4.950376600958703577e+00
4.949057393558619289e+00
4.947706087418196397e+00
4.946337436326143866e+00
4.944965139515993258e+00
4.943599009998438376e+00
4.942238889672157853e+00
4.940905853547450377e+00
4.939609933086034133e+00
4.938356320746537520e+00
4.937150462381836746e+00
4.935995240100022663e+00
4.934902338497634489e+00
4.933886948935981565e+00
4.932941540666218039e+00
4.932062740810507329e+00
4.931292329691642884e+00
4.930598593689794029e+00
4.930007515624457604e+00
4.929488193244035088e+00
4.929069134220774195e+00
4.928773175664538542e+00
4.928578572534315860e+00
4.928495341530361173e+00
4.928493611394079821e+00
4.928606063062907161e+00
4.928820848884641670e+00
4.929128515543996336e+00
4.929523839476168234e+00
4.930003726529538000e+00
4.930585620450437467e+00
4.931259611370624185e+00
4.932017548950970109e+00
4.932866693260729463e+00
4.933778589787542579e+00
4.934769413443861552e+00
4.935830126079378211e+00
4.936954830634054048e+00
4.938151749121603373e+00
4.939388015689906375e+00
4.940677132281122041e+00
4.942009576978741769e+00
4.943377771946249055e+00
4.944773641350327154e+00
4.946189393373785492e+00
4.947613207968530880e+00
4.949038268300352428e+00
4.950450314852057332e+00
4.951840497973023503e+00
4.953215411129055390e+00
4.954552073451337968e+00
4.955859590592441855e+00
4.957119059088287649e+00
4.958332327651438831e+00
4.959493828537520521e+00
4.960595019506869541e+00
4.961652770164069359e+00
4.962635125937517877e+00
4.963553922670539187e+00
4.964397180127557263e+00
4.965171966376360935e+00
4.965876229378040740e+00
4.966482724967058893e+00
4.967017754661497086e+00
4.967470618608055055e+00
4.967852397943494758e+00
4.968162254384367316e+00
4.968391298456697136e+00
4.968538394338099629e+00
4.968602455482466596e+00
4.968601675669558126e+00
4.968539488667516935e+00
4.968413118801906059e+00
4.968234234310582309e+00
4.968003603041068139e+00
4.967723021086201562e+00
4.967396296847508275e+00
4.967035024229333295e+00
4.966643709454582556e+00
4.966232070874319504e+00
4.965803414199396748e+00
4.965364944066746666e+00
4.964922447901114033e+00
4.964481508981331892e+00
4.964041697222634220e+00
4.963610525119944938e+00
4.963191784720763167e+00
4.962784843843324190e+00
4.962398996267361362e+00
4.962034156683726493e+00
4.961686493743106219e+00
4.961367576707049309e+00
4.961075972363246933e+00
4.960820216953648831e+00
4.960594487830890742e+00
4.960405496366217193e+00
4.960260996714129789e+00
4.960147427588595725e+00
4.960076397143200033e+00
4.960039326800395720e+00
4.960040849572905586e+00
4.960088266869934870e+00
4.960168027654217049e+00
4.960291192661897774e+00
4.960449813771920624e+00
4.960647700000482274e+00
4.960876746792273195e+00
4.961149227283822682e+00
4.961460592988806262e+00
4.961791143696682838e+00
4.962143598366457020e+00
4.962507121283489475e+00
4.962884465139288714e+00
4.963265786003249858e+00
4.963644817527311126e+00
4.964026603531020321e+00
4.964405406881051697e+00
4.964786338638441876e+00
4.965160609353262089e+00
4.965527846086698283e+00
4.965886894185024047e+00
4.966230746973234744e+00
4.966563248094099770e+00
4.966872484590787451e+00
4.967164258956840328e+00
4.967426262255689728e+00
4.967666502464495260e+00
4.967881526537172299e+00
4.968074264898828751e+00
4.968244811240516867e+00
4.968391995169156417e+00
4.968517757067390406e+00
4.968626337815010174e+00
4.968715850477972040e+00
4.968795638699016415e+00
4.968874176470494675e+00
4.968953762985699463e+00
4.969039717176861437e+00
4.969128404408625244e+00
4.969225759077747995e+00
4.969336194572901100e+00
4.969459571679984755e+00
4.969599659368326705e+00
4.969749641576711952e+00
4.969910853421245278e+00
4.970085397874865585e+00
4.970271609639677735e+00
4.970470660170469124e+00
4.970678827194426219e+00
4.970891209756884699e+00
4.971113443812285482e+00
4.971339250923994868e+00
4.971572231100800821e+00
4.971803217409107134e+00
4.972029231125416615e+00
4.972250299518855776e+00
4.972463385844531736e+00
4.972672080648990800e+00
4.972871461873802801e+00
4.973063614005153177e+00
4.973247830318217488e+00
4.973424351224607243e+00
4.973596359537846290e+00
4.973762412844158654e+00
4.973926153602010736e+00
4.974081818554482837e+00
4.974228173065863956e+00
4.974361557196758987e+00
4.974488450353897306e+00
4.974616092638975751e+00
4.974745577284997999e+00
4.974874810101396427e+00
4.975007610106771949e+00
4.975144307203520633e+00
4.975286278938805040e+00
4.975432518795062542e+00
4.975582088185404039e+00
4.975731601640512203e+00
4.975882116118375720e+00
4.976032797219161807e+00
4.976182617619563153e+00
4.976330069759791641e+00
4.976468817777863762e+00
4.976598959043553982e+00
4.976716864872655854e+00
4.976829051142489746e+00
4.976932891104301149e+00
4.977030308162724737e+00
4.977121803164413549e+00
4.977210451485522213e+00
4.977301158728010932e+00
4.977393332375146251e+00
4.977484975559570479e+00
4.977569741131670611e+00
4.977651011794738345e+00
4.977729458669133855e+00
4.977798463348232616e+00
4.977856431868792342e+00
4.977901013847374045e+00
4.977936522602036895e+00
4.977960699272741429e+00
4.977977632760236304e+00
4.977992852406973867e+00
4.978002610036568854e+00
4.978009406535352177e+00
4.978014909826963930e+00
4.978025650290585524e+00
4.978047448153886556e+00
4.978077729264553497e+00
4.978116043793782808e+00
4.978162894981727149e+00
4.978215359329992040e+00
4.978280697638916230e+00
4.978352376620100550e+00
4.978435895710067172e+00
4.978522484821083616e+00
4.978605757417903455e+00
4.978688348091021787e+00
4.978770013998077282e+00
4.978860635167732696e+00
4.978955293183028985e+00
4.979049255407229424e+00
4.979148289576918351e+00
4.979253626071662886e+00
4.979374677675591165e+00
4.979510396715999931e+00
4.979652914606781167e+00
4.979811240934581384e+00
4.979987826064976808e+00
4.980180690117928854e+00
4.980391566303375761e+00
4.980619203780594084e+00
4.980868070681395920e+00
4.981137420476231092e+00
4.981424909212442742e+00
4.981732242774965513e+00
4.982057661336662058e+00
4.982406784553826462e+00
4.982777473364770060e+00
4.983173605796693550e+00
4.983588249643145396e+00
4.984027036909757236e+00
4.984483573545513302e+00
4.984971845892069098e+00
4.985484107767042872e+00
4.986009462845322204e+00
4.986550042402741134e+00
4.987097533975538788e+00
4.987649125528332839e+00
4.988201026391979376e+00
4.988743179064985434e+00
4.989277307201917644e+00
4.989793940816817042e+00
4.990291223075983496e+00
4.990755347122249219e+00
4.991190308515723650e+00
4.991595492732521677e+00
4.991968922016021715e+00
4.992313786555823363e+00
4.992615604677048680e+00
4.992884829879547404e+00
4.993112518113846932e+00
4.993306176007534347e+00
4.993466293082381213e+00
4.993582139831775457e+00
4.993665241651976672e+00
4.993707800546469677e+00
4.993718196596526049e+00
4.993697805752087326e+00
4.993638433574739466e+00
4.993550848609809023e+00
4.993429177927825258e+00
4.993284441151696562e+00
4.993111937728749616e+00
4.992913455528245947e+00
4.992692907855885487e+00
4.992455324430989272e+00
4.992208761305587217e+00
4.991952075504737074e+00
4.991690271695183867e+00
4.991422592823432147e+00
4.991162409701423108e+00
4.990912045308427913e+00
4.990674493455366623e+00
4.990452857458070213e+00
4.990248602212442819e+00
4.990073989772274565e+00
4.989921432904004917e+00
4.989793037309348200e+00
4.989685409965962215e+00
4.989603130699172162e+00
4.989553283493070701e+00
4.989523559697472521e+00
4.989537617558880811e+00
4.989587442958063335e+00
4.989679132662049099e+00
4.989811150272644547e+00
4.989983244211680713e+00
4.990214854114955578e+00
4.990489129525875533e+00
4.990809533511554541e+00
4.991171396327469978e+00
4.991573722576057470e+00
4.992024490339016296e+00
4.992523083788608318e+00
4.993062701662336345e+00
4.993632480417643293e+00
4.994232822050606480e+00
4.994862083559189259e+00
4.995517483045611939e+00
4.996194936027083422e+00
4.996883068819795604e+00
4.997574938525712440e+00
4.998268729289328860e+00
4.998964481567298890e+00
4.999653229852473402e+00
5.000328466509734504e+00
5.000983526771221932e+00
5.001614356925045080e+00
5.002222622511242278e+00
5.002794252400550867e+00
5.003324789469394851e+00
5.003816864666792874e+00
5.004264533509764412e+00
5.004668478918526731e+00
5.004986266372058346e+00
5.005238827065829454e+00
5.005408482169067419e+00
5.005501028307979716e+00
5.005525960600268220e+00
5.005460268086086018e+00
5.005316946063456562e+00
5.005071332626311431e+00
5.004752650432554795e+00
5.004338627442983523e+00
5.003813876047995990e+00
5.003212197408346107e+00
5.002493304223087911e+00
5.001670971870686877e+00
5.000754423797395098e+00
4.999758825138476581e+00
4.998690304667023021e+00
4.997545168981222474e+00
4.996332007259396413e+00
4.995070604145793070e+00
4.993769771963624038e+00
4.992440184414654425e+00
4.991092789829044030e+00
4.989732583374052233e+00
4.988373369634417465e+00
4.987030949205425223e+00
4.985702099263933817e+00
4.984405493647126484e+00
4.983153119892148375e+00
4.981956380814581031e+00
4.980817901253967506e+00
4.979744224608211312e+00
4.978753365412620369e+00
4.977854383200673638e+00
4.977054034158853391e+00
4.976346443057327207e+00
4.975738016203312242e+00
4.975222764782873952e+00
4.974849334195522665e+00
4.974583930116413200e+00
4.974446955774245893e+00
4.974411538265912647e+00
4.974497283831506245e+00
4.974696347866475854e+00
4.975026468191565243e+00
4.975491360727967383e+00
4.976047134775937408e+00
4.976708234105526429e+00
4.977457196567474540e+00
4.978310827765880298e+00
4.979246063161909319e+00
4.980281769413768878e+00
4.981382226053894691e+00
4.982542205829441073e+00
4.983757428903400566e+00
4.985018152375043421e+00
4.986322866756737859e+00
4.987662619281828746e+00
4.989025972713053925e+00
4.990409625996172771e+00
4.991806653965534579e+00
4.993212096769632069e+00
4.994623645622553454e+00
4.996030587930503586e+00
4.997413735617223018e+00
4.998777785081688130e+00
5.000105912167851052e+00
5.001408429224316166e+00
5.002659069825235783e+00
5.003862554136936147e+00
5.005003726560895316e+00
5.006057811010902192e+00
5.007052244548027886e+00
5.007948147956555296e+00
5.008762999255482740e+00
5.009477354292099172e+00
5.010086416345362892e+00
5.010596351068740795e+00
5.010978117812698862e+00
5.011260870028562131e+00
5.011428634900875423e+00
5.011483690561071569e+00
5.011436858739980238e+00
5.011262945145644743e+00
5.011019620340594116e+00
5.010675551746317957e+00
5.010233555887171342e+00
5.009703276608415301e+00
5.009066980038113570e+00
5.008374041620917261e+00
5.007600559670753348e+00
5.006749811772531977e+00
5.005830128941959778e+00
5.004851017523829881e+00
5.003818645704810386e+00
5.002733612139050656e+00
5.001615481455151446e+00
5.000464912060921030e+00
4.999292604182189237e+00
4.998101588566129294e+00
4.996906999875132982e+00
4.995717622716253636e+00
4.994539112303679751e+00
4.993375182751838892e+00
4.992233585421267605e+00
4.991134619940344130e+00
4.990077813793245554e+00
4.989070632312716747e+00
4.988106331233204571e+00
4.987197319943726725e+00
4.986371125135839577e+00
4.985621600453079338e+00
4.984949721101942011e+00
4.984355877939882440e+00
4.983856647763673209e+00
4.983460307274286016e+00
4.983158131990853335e+00
4.982979535669359805e+00
4.982909073503028807e+00
4.982954918317768822e+00
4.983119175009701252e+00
4.983387686353448309e+00
4.983789194565537706e+00
4.984278800826791311e+00
4.984901334125820149e+00
4.985623231087152440e+00
4.986459798593346981e+00
4.987420859415357732e+00
4.988457401622361509e+00
4.989589043487138831e+00
4.990800555575915176e+00
4.992099714655704901e+00
4.993463790793247092e+00
4.994894124795027146e+00
4.996371546913214168e+00
4.997888092030115637e+00
4.999432431239910102e+00
5.000993188251084298e+00
5.002558714229888182e+00
5.004108976502245731e+00
5.005636934716529041e+00
5.007128644217078595e+00
5.008583231646841050e+00
5.009988001216476583e+00
5.011340128559892193e+00
5.012623460520331697e+00
5.013834414411609153e+00
5.014976244945350992e+00
5.016000789631430479e+00
5.016930706728523148e+00
5.017754230726784392e+00
5.018475592736429292e+00
5.019103345353429724e+00
5.019576021064346527e+00
5.019956760745768243e+00
5.020191240407799071e+00
5.020310538787667198e+00
5.020304328731068466e+00
5.020146126567192724e+00
5.019884513362116607e+00
5.019457522376246317e+00
5.018933748571939191e+00
5.018255738436050883e+00
5.017442338510222477e+00
5.016502785800761366e+00
5.015391675947970640e+00
5.014172388135261116e+00
5.012802586971588426e+00
5.011332058875628270e+00
5.009751415966817056e+00
5.008075156925984039e+00
5.006315935223169866e+00
5.004461792676517362e+00
5.002550891308852776e+00
5.000590725212164855e+00
4.998599936186144177e+00
4.996585695414612616e+00
4.994553796767065457e+00
4.992514693408081072e+00
4.990483373819658119e+00
4.988459233312674712e+00
4.986465574919054511e+00
4.984512957303592451e+00
4.982602544843025782e+00
4.980753006308146880e+00
4.978944721638032256e+00
4.977211925058433906e+00
4.975551448433468416e+00
4.973981426327297228e+00
4.972485004930565999e+00
4.971079753010343438e+00
4.969780025302243054e+00
4.968559949218105842e+00
4.967442363097142710e+00
4.966400743468476264e+00
4.965488374798370685e+00
4.964702548651768410e+00
4.964023793457819522e+00
4.963476553193106433e+00
4.963027033923937736e+00
4.962737158617748889e+00
4.962564855578167844e+00
4.962532437722476431e+00
4.962655651158931924e+00
4.962886953464987982e+00
4.963285153023246465e+00
4.963807467780354976e+00
4.964471239260675794e+00
4.965243690870050131e+00
4.966145363114121913e+00
4.967218620217686009e+00
4.968387522361521924e+00
4.969694845489507351e+00
4.971086915842539256e+00
4.972601692340618662e+00
4.974204150549417669e+00
4.975893791578059222e+00
4.977665229252820289e+00
4.979483495316747721e+00
4.981360210291388313e+00
4.983271968177798605e+00
4.985209332368615520e+00
4.987159857264996887e+00
4.989106170050144229e+00
4.991034216693877923e+00
4.992939191571712065e+00
4.994799369684694845e+00
4.996602125129935956e+00
4.998339276573894985e+00
4.999994519762037903e+00
5.001557104251621588e+00
5.003005600831745170e+00
5.004337977580068930e+00
5.005556687600252630e+00
5.006649754978059086e+00
5.007639042101142302e+00
5.008500810823676375e+00
5.009163645318981395e+00
5.009673322215017599e+00
5.010012869908747390e+00
5.010216138120081375e+00
5.010258392737520161e+00
5.010059988954377985e+00
5.009722770349396725e+00
5.009171596178128461e+00
5.008465760060861527e+00
5.007580323451473525e+00
5.006543990307762648e+00
5.005289756887868258e+00
5.003854335480644622e+00
5.002267592781497463e+00
5.000546213173580945e+00
4.998706528925610293e+00
4.996703008347464170e+00
4.994591553443385124e+00
4.992365487301063887e+00
4.990049183451843007e+00
4.987667242669771461e+00
4.985210428619097023e+00
4.982713177436303376e+00
4.980179804795693776e+00
4.977629882329415167e+00
4.975083364182423473e+00
4.972551451259564104e+00
4.970038666361284108e+00
4.967569255017949104e+00
4.965148568683576791e+00
4.962787132644367105e+00
4.960484275453996617e+00
4.958248659306477180e+00
4.956118217193793640e+00
4.954073503100586251e+00
4.952140037500573300e+00
4.950310042881681305e+00
4.948587295347167014e+00
4.946995069467736705e+00
4.945539301866008763e+00
4.944240927332355540e+00
4.943079597064569342e+00
4.942054133796408344e+00
4.941152410441352671e+00
4.940416186311558100e+00
4.939826932073846599e+00
4.939383840606824450e+00
4.939107169964628063e+00
4.938968679168538323e+00
4.939000992725414818e+00
4.939180275170873990e+00
4.939501557729017556e+00
4.939950177973877921e+00
4.940541500679027642e+00
4.941293467587601462e+00
4.942147524214160370e+00
4.943125948092712107e+00
4.944208340651167433e+00
4.945386878779900464e+00
4.946669176599753470e+00
4.948037387660515485e+00
4.949487359306587564e+00
4.950993732294812766e+00
4.952542796215786858e+00
4.954124071827903819e+00
4.955730954489485640e+00
4.957354235580937463e+00
4.958982119343058770e+00
4.960602412155645347e+00
4.962212605557220435e+00
4.963795654556530046e+00
4.965349585196751292e+00
4.966864362141865108e+00
4.968304274908083684e+00
4.969685414961356074e+00
4.970978170863170398e+00
4.972206189936775544e+00
4.973327444127578545e+00
4.974311085275192390e+00
4.975199827558180132e+00
4.975963124341150845e+00
4.976638651496550381e+00
4.977179962738237151e+00
4.977616283005854569e+00
4.977930221042414338e+00
4.978094706802448144e+00
4.978159430443128919e+00
4.978093196779309615e+00
4.977906773753284497e+00
4.977586407467542884e+00
4.977139300696372004e+00
4.976577016740857395e+00
4.975883622944175855e+00
4.975079771384418592e+00
4.974159230172456425e+00
4.973156460776746890e+00
4.972055842310012075e+00
4.970864384949030601e+00
4.969590811908068062e+00
4.968231785178006454e+00
4.966805655091821592e+00
4.965313048392355100e+00
4.963768285393537205e+00
4.962180221557439985e+00
4.960560161351980746e+00
4.958922619551243471e+00
4.957274535924020675e+00
4.955626189738336684e+00
4.953984962433400696e+00
4.952373691677872003e+00
4.950791015505616066e+00
4.949247190087860737e+00
4.947740461855953065e+00
4.946284836113279404e+00
4.944892816871231389e+00
4.943580413937397111e+00
4.942355990066952920e+00
4.941202582970090518e+00
4.940138052582568662e+00
4.939172574832863205e+00
4.938311927720731909e+00
4.937579112827604533e+00
4.936940062299196796e+00
4.936417924418872616e+00
4.936016122616655899e+00
4.935756755389101080e+00
4.935615091968156065e+00
4.935597009730352980e+00
4.935691057459279385e+00
4.935937498469665563e+00
4.936357684206978291e+00
4.936889655140057620e+00
4.937564410042777574e+00
4.938335404691112984e+00
4.939248861220491449e+00
4.940279140841972172e+00
4.941437600326548107e+00
4.942686565291891654e+00
4.944038758647452347e+00
4.945488856804381328e+00
4.947018697333346537e+00
4.948624785614025079e+00
4.950276264470827137e+00
4.951972791624080550e+00
4.953695734810840356e+00
4.955439641845236665e+00
4.957182020020495905e+00
4.958910950344810331e+00
4.960618119311342333e+00
4.962298619073639117e+00
4.963941612613210985e+00
4.965522019636641637e+00
4.967054489177476384e+00
4.968497022908938021e+00
4.969863462519658270e+00
4.971141722273840102e+00
4.972304778841151851e+00
4.973384864178314935e+00
4.974326404032126447e+00
4.975185158845797595e+00
4.975907994654788169e+00
4.976491055373861272e+00
4.976956572902217601e+00
4.977281355147079367e+00
4.977508294225500229e+00
4.977575208332219781e+00
4.977513772884214482e+00
4.977302357723768722e+00
4.976936073584313114e+00
4.976410902498120237e+00
4.975754684639924541e+00
4.974953776506537473e+00
4.974041293022984256e+00
4.973007157055491234e+00
4.971839583350176284e+00
4.970562790317291757e+00
4.969180873615496985e+00
4.967721289826386055e+00
4.966187202168458548e+00
4.964588712883942989e+00
4.962934134734624081e+00
4.961234649402849861e+00
4.959506629539484734e+00
4.957771083695645231e+00
4.956042044741863606e+00
4.954341060800308227e+00
4.952665468139405114e+00
4.951059126240963337e+00
4.949516278488393262e+00
4.948060506416317672e+00
4.946685463918206516e+00
4.945417568070647363e+00
4.944296665547248892e+00
4.943277038244362487e+00
4.942402516214008834e+00
4.941663158444520754e+00
4.941083912981506288e+00
4.940665335116739776e+00
4.940393989162352284e+00
4.940312318999153796e+00
4.940398598035629973e+00
4.940652521142568254e+00
4.941096762159670419e+00
4.941707928703928943e+00
4.942479951085354095e+00
4.943442363591698197e+00
4.944546741025356518e+00
4.945856425391343514e+00
4.947368829624560149e+00
4.949021452741529714e+00
4.950828105585482142e+00
4.952746671216394780e+00
4.954790664391424571e+00
4.956962701009418382e+00
4.959244218693878103e+00
4.961617927329445621e+00
4.964049456493758505e+00
4.966530759112739446e+00
4.969045066909695052e+00
4.971581817047500351e+00
4.974118181841276964e+00
4.976646793560885129e+00
4.979150022642516049e+00
4.981630272047421926e+00
4.984066745118997055e+00
4.986440339313647385e+00
4.988738771902224478e+00
4.990940168278117817e+00
4.993068228589196522e+00
4.995094368384974892e+00
4.997011861132281574e+00
4.998789611982004999e+00
5.000404064433472406e+00
5.001899123119015300e+00
5.003239767329591636e+00
5.004422688634890370e+00
5.005453470723526976e+00
5.006328803973095098e+00
5.006957964079276735e+00
5.007416040303009019e+00
5.007662055009799218e+00
5.007717510519372084e+00
5.007599479595023162e+00
5.007231610903340346e+00
5.006717644149261126e+00
5.005981156119901243e+00
5.005047058204013410e+00
5.003935445809562843e+00
5.002628484183748725e+00
5.001173951739272816e+00
4.999534714633425914e+00
4.997747656518421344e+00
4.995835325682362438e+00
4.993821682447395993e+00
4.991718454474411537e+00
4.989514581972561480e+00
4.987251476609908529e+00
4.984931506926023381e+00
4.982572374457322262e+00
4.980179915094577581e+00
4.977761933618985779e+00
4.975322651082480618e+00
4.972879232579673570e+00
4.970438460374081657e+00
4.968016265595162295e+00
4.965618571454488261e+00
4.963259280586444611e+00
4.960948325658046443e+00
4.958705628627740225e+00
4.956516899579964885e+00
4.954404065126381873e+00
4.952380703801117612e+00
4.950425434673033642e+00
4.948586465233765885e+00
4.946817280465565680e+00
4.945177135879003316e+00
4.943663238102400825e+00
4.942274832242930849e+00
4.941042653510177018e+00
4.939933539891445236e+00
4.938977237829766942e+00
4.938202181348406938e+00
4.937592492254280430e+00
4.937164462135933185e+00
4.936878075843505798e+00
4.936761800825425262e+00
4.936826098921537564e+00
4.937053616556167590e+00
4.937473030748606106e+00
4.938076616513371597e+00
4.938880271750331730e+00
4.939827411311509486e+00
4.940940008374693271e+00
4.942205952915194267e+00
4.943630409600975995e+00
4.945190794679167112e+00
4.946864259901286864e+00
4.948660484912634772e+00
4.950550663235428139e+00
4.952557962002995140e+00
4.954632125559093936e+00
4.956789682867767333e+00
4.959001857998611484e+00
4.961269855412485441e+00
4.963588593217375333e+00
4.965939492496493024e+00
4.968311376335861951e+00
4.970693780246023152e+00
4.973076917442327272e+00
4.975451545777564100e+00
4.977801358165984347e+00
4.980117934408431424e+00
4.982382616164926503e+00
4.984611169609074466e+00
4.986772538336758487e+00
4.988891624274497616e+00
4.990930725696330228e+00
4.992864254328255313e+00
4.994711414190772913e+00
4.996455468746665574e+00
4.998115885319951879e+00
4.999653645220045739e+00
5.001081316384320630e+00
5.002397252234465519e+00
5.003581144648438617e+00
5.004659269365316909e+00
5.005613339158541564e+00
5.006420609417206791e+00
5.007089335161097665e+00
5.007608029904611513e+00
5.008009820568211090e+00
5.008279826293535741e+00
5.008428699091846070e+00
5.008466495947750730e+00
5.008335649140017942e+00
5.008079296585010276e+00
5.007691298995005091e+00
5.007199486095296415e+00
5.006593143727468664e+00
5.005823987658905239e+00
5.004961902957248299e+00
5.003970443244862842e+00
5.002884410779761204e+00
5.001709288667727016e+00
5.000445898782302834e+00
4.999112254690218471e+00
4.997689869712878874e+00
4.996206092398454146e+00
4.994672072987842881e+00
4.993091105829763343e+00
4.991475882094192684e+00
4.989827305536555180e+00
4.988159961711453150e+00
4.986487179558560356e+00
4.984811957936571503e+00
4.983140616576957171e+00
4.981479798119353930e+00
4.979837807129906757e+00
4.978238924305723678e+00
4.976666144441651340e+00
4.975148204129028251e+00
4.973691604148435808e+00
4.972291882496166160e+00
4.970979397158909130e+00
4.969716460268783997e+00
4.968540708061148337e+00
4.967438688587240136e+00
4.966428516518167413e+00
4.965525862511089628e+00
4.964706004049471488e+00
4.963988096725038268e+00
4.963344813968830316e+00
4.962824007470006293e+00
4.962422377031143306e+00
4.962119629207844440e+00
4.961921910244816658e+00
4.961818052504057164e+00
4.961858440350586541e+00
4.961981053251618867e+00
4.962231501836176228e+00
4.962601006079313315e+00
4.963064480248686294e+00
4.963662315618094567e+00
4.964334457304177661e+00
4.965117623966036398e+00
4.965975305151044239e+00
4.966916233237682832e+00
4.967958255793749167e+00
4.969064883600769811e+00
4.970232289817033688e+00
4.971441818337737573e+00
4.972691683705744659e+00
4.973978144761022513e+00
4.975285491879878563e+00
4.976606707211432834e+00
4.977922581668791757e+00
4.979214815731940469e+00
4.980478218283351133e+00
4.981702421691116101e+00
4.982861827920968878e+00
4.983947497319276110e+00
4.984953062321835660e+00
4.985876444887215264e+00
4.986707481678420706e+00
4.987434589203292745e+00
4.988058293323809345e+00
4.988567197147601995e+00
4.988919944662446149e+00
4.989161243915402721e+00
4.989255009518779538e+00
4.989209496450452974e+00
4.989030244943529091e+00
4.988699021187454008e+00
4.988248144012719543e+00
4.987650578130812029e+00
4.986921455447405727e+00
4.986067941744656729e+00
4.985104943697185931e+00
4.984030974020094540e+00
4.982819788937300487e+00
4.981513074074715774e+00
4.980107159052819199e+00
4.978632665161818238e+00
4.977085512314766369e+00
4.975471895371407882e+00
4.973809838776321435e+00
4.972104579393596069e+00
4.970375407819480174e+00
4.968627557192773381e+00
4.966873785738677327e+00
4.965121651028127303e+00
4.963385402892559917e+00
4.961681606505841557e+00
4.960008515004843410e+00
4.958376762007206118e+00
4.956798376922339600e+00
4.955284326110809268e+00
4.953853551779716646e+00
4.952497923408476943e+00
4.951224322949379086e+00
4.950052029822795241e+00
4.948990970139233170e+00
4.948035768081275876e+00
4.947199738357989318e+00
4.946502494846312992e+00
4.945905722488491918e+00
4.945470750142663796e+00
4.945159427800059682e+00
4.944995123126388670e+00
4.944961976755253730e+00
4.945057187389427789e+00
4.945334148548388598e+00
4.945717643901549998e+00
4.946262267336091867e+00
4.946897550105889607e+00
4.947676935300073353e+00
4.948601740553816519e+00
4.949632826924165840e+00
4.950801821678718184e+00
4.952055695980627448e+00
4.953405388474304338e+00
4.954848207861025422e+00
4.956375722616749968e+00
4.957978286474782337e+00
4.959635054945784383e+00
4.961335651755171661e+00
4.963077316164808295e+00
4.964851120441990062e+00
4.966641116022901592e+00
4.968435655116873129e+00
4.970226072251636040e+00
4.972008740335541077e+00
4.973776769220667582e+00
4.975513718902903726e+00
4.977219133555728092e+00
4.978877350419598891e+00
4.980496783435184760e+00
4.982059849232275184e+00
4.983553390681583650e+00
4.984957374214967096e+00
4.986283909112056989e+00
4.987518079086980194e+00
4.988682498589000147e+00
4.989730663403711297e+00
4.990709220126115397e+00
4.991570264056168327e+00
4.992321116953931437e+00
4.992959889873705315e+00
4.993438506230556406e+00
4.993825574584149329e+00
4.994069082710735685e+00
4.994183288479068672e+00
4.994169709355881004e+00
4.994009707765031614e+00
4.993736517382163953e+00
4.993336346586544572e+00
4.992825908799966683e+00
4.992188875143727778e+00
4.991417031054696807e+00
4.990526946326098390e+00
4.989534717862806446e+00
4.988449316163858782e+00
4.987282516797383991e+00
4.986000841846069065e+00
4.984635631432136726e+00
4.983197045614322640e+00
4.981697255810102476e+00
4.980153580447038486e+00
4.978563699265320608e+00
4.976940794726211870e+00
4.975297532965738512e+00
4.973639173050719897e+00
4.971979054053622171e+00
4.970322204818326206e+00
4.968678525974350890e+00
4.967064863284429421e+00
4.965480763902267114e+00
4.963937081833680764e+00
4.962433100928861585e+00
4.960986488898593727e+00
4.959630031575757769e+00
4.958337315460044969e+00
4.957134258141118188e+00
4.955996176516014096e+00
4.954954377179342728e+00
4.954033733223873526e+00
4.953224646439152501e+00
4.952552736540631884e+00
4.951974931833641236e+00
4.951527179208891738e+00
4.951203018863991723e+00
4.951015482683971847e+00
4.950962506001189922e+00
4.951033331080645361e+00
4.951273850369572571e+00
4.951637520137548876e+00
4.952143248896421213e+00
4.952783066834630432e+00
4.953544486369311883e+00
4.954425364787995001e+00
4.955448434408127767e+00
4.956618062983570994e+00
4.957886212150870442e+00
4.959267012308655076e+00
4.960747021715459226e+00
4.962335742096718683e+00
4.964012891481933032e+00
4.965766129474457280e+00
4.967592050711926888e+00
4.969468312095222551e+00
4.971391168068466371e+00
4.973343883435545010e+00
4.975318729709205634e+00
4.977300747166689909e+00
4.979269814173994391e+00
4.981220461259899146e+00
4.983143582026777096e+00
4.985029324571905285e+00
4.986865331064281648e+00
4.988643322865782714e+00
4.990364942531404502e+00
4.992024160753307349e+00
4.993623721729336218e+00
4.995146432946739878e+00
4.996568519602834435e+00
4.997894847820816722e+00
4.999120245333132928e+00
5.000250352005777721e+00
5.001264263148722300e+00
5.002160879726824660e+00
5.002912404443440764e+00
5.003525118994830656e+00
5.004015845525382034e+00
5.004381901341793615e+00
5.004633143375930793e+00
5.004710159990309215e+00
5.004655001153542671e+00
5.004440990024550118e+00
5.004108654679103374e+00
5.003630817503971429e+00
5.002962943808479501e+00
5.002161250830931216e+00
5.001206902162475210e+00
5.000143176139637546e+00
4.998949463413403294e+00
4.997634113625928798e+00
4.996206837640448484e+00
4.994645997629805656e+00
4.992994547383231563e+00
4.991242732451601327e+00
4.989403011993808867e+00
4.987483932272835041e+00
4.985486062066001978e+00
4.983439704970759720e+00
4.981341542498511465e+00
4.979189579979819591e+00
4.976988885299604704e+00
4.974750160471838711e+00
4.972490161703269962e+00
4.970213176057976412e+00
4.967921848343056723e+00
4.965617776708049824e+00
4.963317524538679137e+00
4.961023506121081894e+00
4.958749915854376411e+00
4.956508773015182889e+00
4.954296576426665766e+00
4.952153585003058467e+00
4.950054248915355615e+00
4.948040664241950104e+00
4.946099966512362833e+00
4.944255638168494116e+00
4.942558681861798142e+00
