0.000000000000000000e+00
0.000000000000000000e+00
-1.298130200666491106e-08
-7.783454520904346879e-08
-2.415274207123731094e-07
-5.263083471618300303e-07
-9.848867080108902459e-07
-1.475759152071986758e-06
-2.226150124897684974e-06
1.983519007353608900e-06
1.430152199873191584e-05
3.561767732435328288e-05
7.214847935074430682e-05
1.266531365149603961e-04
2.048396689974652895e-04
3.168987853609906238e-04
4.665294474148141599e-04
6.620789876365052113e-04
9.095863809966430770e-04
1.217249557205377650e-03
1.586449518629251499e-03
2.030736915596662723e-03
2.550516202875314706e-03
3.155025727876363453e-03
3.849245793946919330e-03
4.643308482893643979e-03
5.536613203414617740e-03
6.544676385649382359e-03
7.665975875981985953e-03
8.912025876172721683e-03
1.028805930150383449e-02
1.180306661857002427e-02
1.345819193852776027e-02
1.526954490674370217e-02
1.724731940759056253e-02
1.940093774331443782e-02
2.173202116025321762e-02
2.425093729031913697e-02
2.697708744538657860e-02
2.991637844575278926e-02
3.308232117427222646e-02
3.648076582682961005e-02
4.011971343291633602e-02
4.400705534947746411e-02
4.815671134723060326e-02
5.257215309871070968e-02
5.722998071444862500e-02
6.214914578927390604e-02
6.733528871072165523e-02
7.280567724240651073e-02
7.856530029309620466e-02
8.460431534779896956e-02
9.091398317349783098e-02
9.750240582955707613e-02
1.043349613620125210e-01
1.114317794514976950e-01
1.187733020259224559e-01
1.263282283021294194e-01
1.340998418999992670e-01
1.420954348517738663e-01
1.503169592095695561e-01
1.587718971444450344e-01
1.674577971173606683e-01
1.763890727235160882e-01
1.855316777898155522e-01
1.949074121190391695e-01
2.044932993127189236e-01
2.142859311772666864e-01
2.242943080140434031e-01
2.345123489571891706e-01
2.449505909158073425e-01
2.555601163579307444e-01
2.663429363442741393e-01
2.772962995244345752e-01
2.884267385674795792e-01
2.997329743577323846e-01
3.112324746323905655e-01
3.229197617245995189e-01
3.348351784421287336e-01
3.469616194440207080e-01
3.593329532815298100e-01
3.719294031335195205e-01
3.847823138905843710e-01
3.979005392266591890e-01
4.112622423840841535e-01
4.248953290654501336e-01
4.387815876675925097e-01
4.529468174649557421e-01
4.673938055707296813e-01
4.820886703206381241e-01
4.970496805383046723e-01
5.122674103452047323e-01
5.277229829503379266e-01
5.434191473199209144e-01
5.593565567208608202e-01
5.755528529359181800e-01
5.919976528359732759e-01
6.086385174466454329e-01
6.255184550954188127e-01
6.425921602917994413e-01
6.598999138547265719e-01
6.774093409253441056e-01
6.950984843446097461e-01
7.129991181565604741e-01
7.310507364941916109e-01
7.492902465535482559e-01
7.676713641358693385e-01
7.862316306306204039e-01
8.049427564812979830e-01
8.238087113572439835e-01
8.428238971902213272e-01
8.620015938950859047e-01
8.813306291772209367e-01
9.008043213559471241e-01
9.204151435567222705e-01
9.401710851861320162e-01
9.600459404660545149e-01
9.800567718221031566e-01
1.000180890150197621e+00
1.020440797395833599e+00
1.040828315801747950e+00
1.061335579939016061e+00
1.081960227079518999e+00
1.102709400243886639e+00
1.123563124723562012e+00
1.144527916498311981e+00
1.165588557310232254e+00
1.186748954839834225e+00
1.208002352304586413e+00
1.229345097131856912e+00
1.250771488733419368e+00
1.272281548566946086e+00
1.293860954828390142e+00
1.315512535162099761e+00
1.337233461923726940e+00
1.359017004556783759e+00
1.380861925668844359e+00
1.402768883295187230e+00
1.424730488844045961e+00
1.446744768209585530e+00
1.468814374990591309e+00
1.490935430116781424e+00
1.513101293630727984e+00
1.535305623598226754e+00
1.557542557306417663e+00
1.579810428209432960e+00
1.602095653600821068e+00
1.624391295499929999e+00
1.646695835180410850e+00
1.668999535627493147e+00
1.691300391740926834e+00
1.713588327951559132e+00
1.735856332368978849e+00
1.758096208162435614e+00
1.780299834795125991e+00
1.802455291338094678e+00
1.824567811079153001e+00
1.846626243181356486e+00
1.868625900335439738e+00
1.890563053674825467e+00
1.912431189603933213e+00
1.934237892217763877e+00
1.955963520593771099e+00
1.977615148611196583e+00
1.999192483015188371e+00
2.020686068124899037e+00
2.042092866487630776e+00
2.063402914590963366e+00
2.084613651819357205e+00
2.105725953168997577e+00
2.126720621175894888e+00
2.147600657529959989e+00
2.168345419950613806e+00
2.188953926153311080e+00
2.209420780725606548e+00
2.229743032045492068e+00
2.249928330965169643e+00
2.269992911405690705e+00
2.289937282390721585e+00
2.309760826416142443e+00
2.329486975259907222e+00
2.349106148071415490e+00
2.368630319423802089e+00
2.388048226423390208e+00
2.407366710491306794e+00
2.426590582914478489e+00
2.445715047903187056e+00
2.464742263145572654e+00
2.483666575737125459e+00
2.502478247470981909e+00
2.521196013279087378e+00
2.539805787391788527e+00
2.558320120163089406e+00
2.576716743297702283e+00
2.594995369501239768e+00
2.613149259872562524e+00
2.631175354309208458e+00
2.649063406772739881e+00
2.666810029335148435e+00
2.684398287124760252e+00
2.701845216341145495e+00
2.719119417257435778e+00
2.736239120550282067e+00
2.753172777481205813e+00
2.769940714426167627e+00
2.786511081047184923e+00
2.802906483001835980e+00
2.819094652719624783e+00
2.835100313015110896e+00
2.850886734314091786e+00
2.866466950960286031e+00
2.881809345073826911e+00
2.896928616352208330e+00
2.911822624988682939e+00
2.926502275056965807e+00
2.940960014648564158e+00
2.955201925821430819e+00
2.969267834015019591e+00
2.983149686641820342e+00
2.996870995350011668e+00
3.010430498905309449e+00
3.023820330686696423e+00
3.037051770277150453e+00
3.050110270567067516e+00
3.062993046827443333e+00
3.075707947797902353e+00
3.088274492807515426e+00
3.100687850303777360e+00
3.112940017767079848e+00
3.125037148780950069e+00
3.136965328045018708e+00
3.148741671629079697e+00
3.160359973497518293e+00
3.171820885725149086e+00
3.183153069801458290e+00
3.194350769109854049e+00
3.205419685430654919e+00
3.216377160139212155e+00
3.227219231910833930e+00
3.237946438379415870e+00
3.248581575937399268e+00
3.259122637100347664e+00
3.269573022909292082e+00
3.279944228716023868e+00
3.290241113491185754e+00
3.300474540777333488e+00
3.310644795484670055e+00
3.320761061496861899e+00
3.330822002477773491e+00
3.340843283720143830e+00
3.350820916481145328e+00
3.360759203620084179e+00
3.370665405578740614e+00
3.380543027110227250e+00
3.390394081063397458e+00
3.400221561379559443e+00
3.410033657736905255e+00
3.419827962703831936e+00
3.429607031531460404e+00
3.439371773786671138e+00
3.449124397225506566e+00
3.458864458985454693e+00
3.468593393154270288e+00
3.478307588286525753e+00
3.488008278794414441e+00
3.497695130891925963e+00
3.507371127195484384e+00
3.517035557217723873e+00
3.526691906638271590e+00
3.536340277381069708e+00
3.545983606763012386e+00
3.555622165389187295e+00
3.565259429402477753e+00
3.574894501752980069e+00
3.584525290913708417e+00
3.594146887250073252e+00
3.603755301423199331e+00
3.613350739069111306e+00
3.622931767888195598e+00
3.632499281354077514e+00
3.642054196186192083e+00
3.651597117967732231e+00
3.661127904243596021e+00
3.670644326992161588e+00
3.680142141170628545e+00
3.689619897790082259e+00
3.699075699634679637e+00
3.708509117550977674e+00
3.717917610592969879e+00
3.727297430224546293e+00
3.736645831055768863e+00
3.745960759706624454e+00
3.755241213626988372e+00
3.764485169239170759e+00
3.773689457364209243e+00
3.782851894683965099e+00
3.791970584578641557e+00
3.801043236441739470e+00
3.810068044848569091e+00
3.819045226163991114e+00
3.827971703596242392e+00
3.836844721026548388e+00
3.845662853903898171e+00
3.854425211138853058e+00
3.863135589547284532e+00
3.871794472522863018e+00
3.880403233356603199e+00
3.888962593264706502e+00
3.897474060840733223e+00
3.905940425582058673e+00
3.914361201710827576e+00
3.922735056467182790e+00
3.931062205619938688e+00
3.939339265413410729e+00
3.947569311447269857e+00
3.955752126164562732e+00
3.963892834372646945e+00
3.971994247622616658e+00
3.980056113190777900e+00
3.988079820461400082e+00
3.996062644310124146e+00
4.004003557748921693e+00
4.011901443786749510e+00
4.019757734723220288e+00
4.027574170417914878e+00
4.035350856967102828e+00
4.043089929409157790e+00
4.050796329565178766e+00
4.058468443341384457e+00
4.066103779859673750e+00
4.073705867118966317e+00
4.081274233646523086e+00
4.088813191242348211e+00
4.096322638578545394e+00
4.103804588503968453e+00
4.111260727830063466e+00
4.118687194175850941e+00
4.126086407489906627e+00
4.133457237668166862e+00
4.140801691002975460e+00
4.148120184130798194e+00
4.155410106964240846e+00
4.162668407745490740e+00
4.169889886565337989e+00
4.177075326032769098e+00
4.184222113080155125e+00
4.191331433243881577e+00
4.198402458615432487e+00
4.205432415194639617e+00
4.212417556233534199e+00
4.219352857060560957e+00
4.226238706298002690e+00
4.233077016658910452e+00
4.239868720359929455e+00
4.246611951775678406e+00
4.253304560966618908e+00
4.259943241663107116e+00
4.266526856012472280e+00
4.273052250332960433e+00
4.279522329754957610e+00
4.285932986326345784e+00
4.292280760593542688e+00
4.298565691299566893e+00
4.304783736057410160e+00
4.310937980003485492e+00
4.317024260349402454e+00
4.323044386692177277e+00
4.329001707024704437e+00
4.334894510097633713e+00
4.340727047510276826e+00
4.346496614999900920e+00
4.352205649800430898e+00
4.357857182808052343e+00
4.363451119847427506e+00
4.368989975042472551e+00
4.374471749849448976e+00
4.379898853488097821e+00
4.385273555703292914e+00
4.390596071071755091e+00
4.395867337770592798e+00
4.401089044995440069e+00
4.406263671703470663e+00
4.411392915434968920e+00
4.416477984376085075e+00
4.421519313640725812e+00
4.426518246419561819e+00
4.431477061100138393e+00
4.436391363330018933e+00
4.441261960156096755e+00
4.446086232848299957e+00
4.450866415090693806e+00
4.455605122931135753e+00
4.460298834033144644e+00
4.464950355775487267e+00
4.469558129198682117e+00
4.474126742966305414e+00
4.478660119063983203e+00
4.483156276531349071e+00
4.487616303451189559e+00
4.492038658149370534e+00
4.496421399600633251e+00
4.500763797946103928e+00
4.505069185681469079e+00
4.509338562972671660e+00
4.513573360331183615e+00
4.517772087342864396e+00
4.521934398896819474e+00
4.526058446354992881e+00
4.530143275148995841e+00
4.534192212112078124e+00
4.538207083828578625e+00
4.542191354818474025e+00
4.546146092898974977e+00
4.550072339363226526e+00
4.553972085900436007e+00
4.557847112007271662e+00
4.561701029427182696e+00
4.565536849088799976e+00
4.569353939182887459e+00
4.573151517696509849e+00
4.576928978152404071e+00
4.580688187070022011e+00
4.584431955702434003e+00
4.588158171959052289e+00
4.591865539736876833e+00
4.595553095526823562e+00
4.599221865124830444e+00
4.602874538786538849e+00
4.606511748023160990e+00
4.610134761817583637e+00
4.613743281252512318e+00
4.617335012145170836e+00
4.620909272022375447e+00
4.624464660771021585e+00
4.628001144714484205e+00
4.631517661101946182e+00
4.635013752765783757e+00
4.638490032739767344e+00
4.641943219192155468e+00
4.645372233874925705e+00
4.648775179572233185e+00
4.652151378281244476e+00
4.655501220710405619e+00
4.658824095614085614e+00
4.662119879908690478e+00
4.665385683364998037e+00
4.668619612641464300e+00
4.671821462698112271e+00
4.674990066475997352e+00
4.678124840147623864e+00
4.681224953420291435e+00
4.684292729385028053e+00
4.687330209202895226e+00
4.690338131673464694e+00
4.693317499048838215e+00
4.696268534846434584e+00
4.699193329699168586e+00
4.702092909701000245e+00
4.704966420121323267e+00
4.707813536412845501e+00
4.710636689252982734e+00
4.713438124246726701e+00
4.716219549067149686e+00
4.718980819769035051e+00
4.721720849759708294e+00
4.724442768879066890e+00
4.727147996909748073e+00
4.729839776642452698e+00
4.732518026716839188e+00
4.735181327052245592e+00
4.737832661159167458e+00
4.740472949631342914e+00
4.743105246908792871e+00
4.745727724619039911e+00
4.748339440412648216e+00
4.750937075204975990e+00
4.753518561310896118e+00
4.756084869094023837e+00
4.758637680597432862e+00
4.761177438385613137e+00
4.763702970929272418e+00
4.766213010437615694e+00
4.768709201998837521e+00
4.771193585432894402e+00
4.773667164631016036e+00
4.776128198690540394e+00
4.778575057871467635e+00
4.781004816032774052e+00
4.783415651358492227e+00
4.785807960368519964e+00
4.788183265216476414e+00
4.790542723275549974e+00
4.792883662469514583e+00
4.795204717404967454e+00
4.797501665837889284e+00
4.799773270971899208e+00
4.802019668854598855e+00
4.804242322481994343e+00
4.806442709751253872e+00
4.808618470020419977e+00
4.810768236853010471e+00
4.812887043841012513e+00
4.814974571205505427e+00
4.817032143510709297e+00
4.819061660356652510e+00
4.821063390113246250e+00
4.823036974407566291e+00
4.824980256743564233e+00
4.826889817751779610e+00
4.828765823729170847e+00
4.830607529468669448e+00
4.832418529130354301e+00
4.834199181236162879e+00
4.835948557443753515e+00
4.837667936868802698e+00
4.839353205300704452e+00
4.841006845719950213e+00
4.842630406953232658e+00
4.844228597618477572e+00
4.845802072919743075e+00
4.847352762408392302e+00
4.848878955431120907e+00
4.850378533787863766e+00
4.851853488720792917e+00
4.853304173834461110e+00
4.854729842878716894e+00
4.856128413267271959e+00
4.857497523762124736e+00
4.858838418163197836e+00
4.860151205845015809e+00
4.861434722430842292e+00
4.862687613703148948e+00
4.863907240293758427e+00
4.865094391591685330e+00
4.866248971856968808e+00
4.867369490749972272e+00
4.868454715497630758e+00
4.869502759910957934e+00
4.870513714738028632e+00
4.871487509272830252e+00
4.872422874308959706e+00
4.873320428542629479e+00
4.874181227050558007e+00
4.875009511969819798e+00
4.875806230045691692e+00
4.876573189012542109e+00
4.877311780936850916e+00
4.878021941892637159e+00
4.878709726817740844e+00
4.879374694190755868e+00
4.880020215995447330e+00
4.880644253119664100e+00
4.881248879134492569e+00
4.881835405863657940e+00
4.882400639951065102e+00
4.882946560978725259e+00
4.883471287526025328e+00
4.883977168463005114e+00
4.884465328752829016e+00
4.884934832788837333e+00
4.885387949012052644e+00
4.885823769122194626e+00
4.886244498044084672e+00
4.886650330535900366e+00
4.887042404189537947e+00
4.887421935722064070e+00
4.887789256274531979e+00
4.888145468793640980e+00
4.888491127118299140e+00
4.888827382363210461e+00
4.889154908172618441e+00
4.889475037641654254e+00
4.889788771122523414e+00
4.890096711702474508e+00
4.890399946085937088e+00
4.890699204224922880e+00
4.890995575729585987e+00
4.891289958171374685e+00
4.891583534423089574e+00
4.891874815951861244e+00
4.892160811926998143e+00
4.892443092595613940e+00
4.892720747049725816e+00
4.892996259890324495e+00
4.893269233647560945e+00
4.893537451587445908e+00
4.893802893142974675e+00
4.894064942784434713e+00
4.894326255656606506e+00
4.894586778729982157e+00
4.894848494119770521e+00
4.895109925288536168e+00
4.895371777061201968e+00
4.895636897720225811e+00
4.895903732180425294e+00
4.896173391397871555e+00
4.896443586163051087e+00
4.896714345551854919e+00
4.896988196503198054e+00
4.897265774681991424e+00
4.897548265047198868e+00
4.897837094645774769e+00
4.898134271725840705e+00
4.898436315487899151e+00
4.898741404432632507e+00
4.899049289654768380e+00
4.899360324740237971e+00
4.899675651378757379e+00
4.899993038996879768e+00
4.900312919653777577e+00
4.900638223215763034e+00
4.900967686176125326e+00
4.901302827931765194e+00
4.901641683690075801e+00
4.901984986476424666e+00
4.902330145910206660e+00
4.902677756622257910e+00
4.903030551485541899e+00
4.903387370295646974e+00
4.903749579302790096e+00
4.904114820249203532e+00
4.904484003595833919e+00
4.904860146418040578e+00
4.905242251567369927e+00
4.905631813593036128e+00
4.906026858351952846e+00
4.906428201161154412e+00
4.906833274736828621e+00
4.907240567877717119e+00
4.907647723592646116e+00
4.908053063936359983e+00
4.908454568907448134e+00
4.908850290365345259e+00
4.909238552897996044e+00
4.909617324396794658e+00
4.909984918869858106e+00
4.910339481979434595e+00
4.910679208859626499e+00
4.911002787574950013e+00
4.911311134584071425e+00
4.911603076103897791e+00
4.911879253666672440e+00
4.912138587962661340e+00
4.912382446694944171e+00
4.912613626196805861e+00
4.912832045107904833e+00
4.913039590269151269e+00
4.913235472887580002e+00
4.913421349562530516e+00
4.913598388787185023e+00
4.913767964131956489e+00
4.913931274339383037e+00
4.914089524131095565e+00
4.914244307577436466e+00
4.914396513160144586e+00
4.914544295128261631e+00
4.914688324993302437e+00
4.914831437999207964e+00
4.914972339747299301e+00
4.915112279904831460e+00
4.915249500032338403e+00
4.915384426936332041e+00
4.915520080178800377e+00
4.915655286237422317e+00
4.915791352717032048e+00
4.915926555432204026e+00
4.916061343103471870e+00
4.916197092570189220e+00
4.916331635927607024e+00
4.916465368978504280e+00
4.916601463518861515e+00
4.916738256048236444e+00
4.916877237008709045e+00
4.917015958754171301e+00
4.917154897432600258e+00
4.917296229051251188e+00
4.917439796104852157e+00
4.917584018865425399e+00
4.917726154690432949e+00
4.917863282337609832e+00
4.917996916789385331e+00
4.918126973062577179e+00
4.918256351230489543e+00
4.918386196112082942e+00
4.918515418488355273e+00
4.918642012988970968e+00
4.918763399021522709e+00
4.918881107428865640e+00
4.918994986666189284e+00
4.919103087466033308e+00
4.919202627753662682e+00
4.919290678640651393e+00
4.919368495577769451e+00
4.919435469009736828e+00
4.919489691732275460e+00
4.919527744885823672e+00
4.919546941994746625e+00
4.919548469238768540e+00
4.919531242484781686e+00
4.919493133936165385e+00
4.919431297437375505e+00
4.919342719934036268e+00
4.919229300546546391e+00
4.919089972826737878e+00
4.918921573071826536e+00
4.918721841371703540e+00
4.918486904132265636e+00
4.918219293694097161e+00
4.917917857880789612e+00
4.917581487449901978e+00
4.917211968193847760e+00
4.916810377280312672e+00
4.916381461474198744e+00
4.915925191345709599e+00
4.915441028143363589e+00
4.914931415173309226e+00
4.914397503773765941e+00
4.913842761891976885e+00
4.913270002867177411e+00
4.912683274413541135e+00
4.912083493213251550e+00
4.911470125506713913e+00
4.910846218283370312e+00
4.910213429222896941e+00
4.909575191850856335e+00
4.908932790572838378e+00
4.908290788571433971e+00
4.907650791521267486e+00
4.907012387852268454e+00
4.906378974656657732e+00
4.905750918279483841e+00
4.905132560248567586e+00
4.904524801041080906e+00
4.903933112735940902e+00
4.903359218130900032e+00
4.902801869887008834e+00
4.902265165413811410e+00
4.901748623143031836e+00
4.901257469656957966e+00
4.900793246927751312e+00
4.900354163537813612e+00
4.899944454434408847e+00
4.899562882150604537e+00
4.899215073886407978e+00
4.898902497257187072e+00
4.898622122409834745e+00
4.898378000485792860e+00
4.898169905583456440e+00
4.898002502231941335e+00
4.897878537357868822e+00
4.897793810854749630e+00
4.897752825299361845e+00
4.897752123713767780e+00
4.897794469391270056e+00
4.897878985983592948e+00
4.897998101367888601e+00
4.898154401733813224e+00
4.898342746562597938e+00
4.898564754083094108e+00
4.898818247701314021e+00
4.899097270864333886e+00
4.899403820979681079e+00
4.899735044884768520e+00
4.900095563355175265e+00
4.900485896590438983e+00
4.900903575579907745e+00
4.901346968348411437e+00
4.901810327555325308e+00
4.902294870960798967e+00
4.902798415507461982e+00
4.903324771459487863e+00
4.903873884874669464e+00
4.904443797069874655e+00
4.905031529936279888e+00
4.905632122542049167e+00
4.906246563541974304e+00
4.906872909489360168e+00
4.907513226988998944e+00
4.908167897361604304e+00
4.908834258514729321e+00
4.909509032192913125e+00
4.910187407034723783e+00
4.910869657743065275e+00
4.911554279524175115e+00
4.912238418731180722e+00
4.912918695035664030e+00
4.913591807830419711e+00
4.914259070205774016e+00
4.914920226681318560e+00
4.915573302927698229e+00
4.916215620014155796e+00
4.916844500723565048e+00
4.917461514110947007e+00
4.918066198650087095e+00
4.918656823049570193e+00
4.919230753678167645e+00
4.919785911861146666e+00
4.920323513756777345e+00
4.920843176069941372e+00
4.921343459124948971e+00
4.921821273724819257e+00
4.922274882543171692e+00
4.922705194699847020e+00
4.923112822036528335e+00
4.923498965288781726e+00
4.923862830299222892e+00
4.924205548699283064e+00
4.924530375759387013e+00
4.924841454635643601e+00
4.925143021392907272e+00
4.925435512597944765e+00
4.925721051200564915e+00
4.925998610827411639e+00
4.926269340097243266e+00
4.926536138980921464e+00
4.926798025380160873e+00
4.927056467748518465e+00
4.927309556893345821e+00
4.927557969848898267e+00
4.927804441667434254e+00
4.928048849079099014e+00
4.928294433496232863e+00
4.928541053991104981e+00
4.928791848804142894e+00
4.929046802643027192e+00
4.929303246802922089e+00
4.929562918479827083e+00
4.929824719700304669e+00
4.930091105914948812e+00
4.930361670117167527e+00
4.930633380814730238e+00
4.930907763681647182e+00
4.931183681088772808e+00
4.931463446813909357e+00
4.931746671452460262e+00
4.932030397030798596e+00
4.932316113925812040e+00
4.932602598565902774e+00
4.932892080295172121e+00
4.933184099114772181e+00
4.933481320451284624e+00
4.933783664807016578e+00
4.934088455449129995e+00
4.934397308836962814e+00
4.934709056160683893e+00
4.935026165052588176e+00
4.935348258457416648e+00
4.935672600894505990e+00
4.936000560513970292e+00
4.936331022224663023e+00
4.936666164911626353e+00
4.937005401767133428e+00
4.937351247324882841e+00
4.937703669919907057e+00
4.938059826224385773e+00
4.938420933588681727e+00
4.938785502865251864e+00
4.939155447325942028e+00
4.939530251502331382e+00
4.939906728334065633e+00
4.940285823411580068e+00
4.940665928676065022e+00
4.941048809095557992e+00
4.941433605469104151e+00
4.941821734636362429e+00
4.942210999830898288e+00
4.942602020829256482e+00
4.942997651688095573e+00
4.943396433844503335e+00
4.943799578129584482e+00
4.944204665786855912e+00
4.944612313463621511e+00
4.945025270535879258e+00
4.945441812641255375e+00
4.945863140031033112e+00
4.946286821543507628e+00
4.946713293968968195e+00
4.947142502061361746e+00
4.947573692231709508e+00
4.948006062536770777e+00
4.948438488758439391e+00
4.948869804284806051e+00
4.949298919803733376e+00
4.949728416419857169e+00
4.950158314622276734e+00
4.950591765298777425e+00
4.951029154501193297e+00
4.951473428375356534e+00
4.951923995605937101e+00
4.952382626935174947e+00
4.952853855259053084e+00
4.953337398498587341e+00
4.953836371331743038e+00
4.954349908187320572e+00
4.954880539543261797e+00
4.955427789195707255e+00
4.955987091391612864e+00
4.956559383078744219e+00
4.957141825734904472e+00
4.957735925569465074e+00
4.958339890159001229e+00
4.958949340424766206e+00
4.959565690300694385e+00
4.960187343984178376e+00
4.960816816940241125e+00
4.961453572987848837e+00
4.962094928949410289e+00
4.962737994446689171e+00
4.963380348413521936e+00
4.964019241064127286e+00
4.964652126609618854e+00
4.965281809299523452e+00
4.965909131198460891e+00
4.966534025735492186e+00
4.967155694133872146e+00
4.967772806278699882e+00
4.968383623763256374e+00
4.968986560619704562e+00
4.969584433018498615e+00
4.970178902923398034e+00
4.970769694737427358e+00
4.971356239385240627e+00
4.971937214500539604e+00
4.972512144214742413e+00
4.973081457942061689e+00
4.973645387991600053e+00
4.974204549744063009e+00
4.974757310739987837e+00
4.975304598576657966e+00
4.975845685593122347e+00
4.976381746149892926e+00
4.976911756797965047e+00
4.977436253867383087e+00
4.977956206343407075e+00
4.978473213567667699e+00
4.978989171712928652e+00
4.979506327464515714e+00
4.980027291692132430e+00
4.980549290656383299e+00
4.981071659132178198e+00
4.981594659715231188e+00
4.982119613318975127e+00
4.982648456908102652e+00
4.983177739857968191e+00
4.983706432572837741e+00
4.984234458237225773e+00
4.984763006634350013e+00
4.985293540462191864e+00
4.985828144616720081e+00
4.986369327410396401e+00
4.986914063274201503e+00
4.987461739360626645e+00
4.988012555345234134e+00
4.988567793100413539e+00
4.989129453442330941e+00
4.989694233677621327e+00
4.990261181584830119e+00
4.990828559763068384e+00
4.991394924736852090e+00
4.991959263748758424e+00
4.992522904864781452e+00
4.993083456336789183e+00
4.993640924087995536e+00
4.994192143074507761e+00
4.994737085840935897e+00
4.995277444265122213e+00
4.995811550944382340e+00
4.996339916019969074e+00
4.996860210254126855e+00
4.997373056366377853e+00
4.997880726225012005e+00
4.998381916574471617e+00
4.998877427458101153e+00
4.999365215069883739e+00
4.999845444402926553e+00
5.000315839304857235e+00
5.000776751294070621e+00
5.001230173922413869e+00
5.001674779310160801e+00
5.002111225455338150e+00
5.002537481664950825e+00
5.002954234286481672e+00
5.003363632514412629e+00
5.003764970219966024e+00
5.004159725412066884e+00
5.004546824201282718e+00
5.004927362828787807e+00
5.005299422956343669e+00
5.005659567891891371e+00
5.006007418363626726e+00
5.006340929894979475e+00
5.006660201206142524e+00
5.006963479473525602e+00
5.007251314009809384e+00
5.007521324820154440e+00
5.007770460686916003e+00
5.007997899717921975e+00
5.008201575736786815e+00
5.008381927750344076e+00
5.008537960733558059e+00
5.008669857216337284e+00
5.008775062338718165e+00
5.008850511369564273e+00
5.008895931361513121e+00
5.008910288898078100e+00
5.008893566209626336e+00
5.008845425768559068e+00
5.008765833339457352e+00
5.008651277328644902e+00
5.008500747837861589e+00
5.008314489376535228e+00
5.008092507951696248e+00
5.007835137703258610e+00
5.007540327449132356e+00
5.007211275276531204e+00
5.006849675875891137e+00
5.006455363658058211e+00
5.006026011136161635e+00
5.005560473044203817e+00
5.005058927562820337e+00
5.004523430642473514e+00
5.003955875512944296e+00
5.003358044725643161e+00
5.002728565138564676e+00
5.002069008675203321e+00
5.001382007923706574e+00
5.000670634981974061e+00
4.999937902715787530e+00
4.999182820793971693e+00
4.998407035347805838e+00
4.997613391977535180e+00
4.996805773776755721e+00
4.995988067713366121e+00
4.995160130438195623e+00
4.994323099505888486e+00
4.993474497449385652e+00
4.992614852216826549e+00
4.991745870587216416e+00
4.990868059349048202e+00
4.989984915432322587e+00
4.989096908074606596e+00
4.988203318965425126e+00
4.987306798425308330e+00
4.986408299607029804e+00
4.985511631992451065e+00
4.984617923673980044e+00
4.983731263455740468e+00
4.982852594283214920e+00
4.981980343413344947e+00
4.981116885569684349e+00
4.980261578586689275e+00
4.979417354714861688e+00
4.978584224236004552e+00
4.977765338671201079e+00
4.976961512294404422e+00
4.976170496594898296e+00
4.975394705411783747e+00
4.974633325663199379e+00
4.973889228206863855e+00
4.973162209790935151e+00
4.972455706623185812e+00
4.971770724233972594e+00
4.971104770255077021e+00
4.970460403662907645e+00
4.969836465594159591e+00
4.969236551810787716e+00
4.968661312264189611e+00
4.968107715126857116e+00
4.967578217451261047e+00
4.967071575549232065e+00
4.966591511768090328e+00
4.966138790313887164e+00
4.965710019645081630e+00
4.965307601828860662e+00
4.964930203248548501e+00
4.964581353579449186e+00
4.964261735294746458e+00
4.963968261209116939e+00
4.963702514887587292e+00
4.963461053808019052e+00
4.963240933221565676e+00
4.963044396535294389e+00
4.962872444157290452e+00
4.962730433762806648e+00
4.962616186736884316e+00
4.962530687087015835e+00
4.962471621310138303e+00
4.962441114819408305e+00
4.962439507559498253e+00
4.962461539613173045e+00
4.962508423527793866e+00
4.962577300955631543e+00
4.962671078321613471e+00
4.962790371374317111e+00
4.962930227200589961e+00
4.963091998620979162e+00
4.963273061140529130e+00
4.963475899565123584e+00
4.963698789681398438e+00
4.963945723249667097e+00
4.964216522312813851e+00
4.964506939089947224e+00
4.964818693230950153e+00
4.965149422491990983e+00
4.965502485650681308e+00
4.965876592899762798e+00
4.966269586364828292e+00
4.966677817869089573e+00
4.967097993920646104e+00
4.967527149337432668e+00
4.967960909734569164e+00
4.968401726725600653e+00
4.968849445450207902e+00
4.969303464124998904e+00
4.969762129950425766e+00
4.970222493651412776e+00
4.970687374080622334e+00
4.971157160046601575e+00
4.971636573727333364e+00
4.972128023485744563e+00
4.972631463389005191e+00
4.973146234545017919e+00
4.973670438173320107e+00
4.974207237902191103e+00
4.974757158289757619e+00
4.975324994231666409e+00
4.975913591104651701e+00
4.976522490623500161e+00
4.977150372582581639e+00
4.977794266360906050e+00
4.978457473832275326e+00
4.979139624255803476e+00
4.979844315367846441e+00
4.980574521291165624e+00
4.981329837533741589e+00
4.982109293210417178e+00
4.982910572457223353e+00
4.983733532372027319e+00
4.984574598836807979e+00
4.985434477347043369e+00
4.986316453012732630e+00
4.987218966874388926e+00
4.988142566251662302e+00
4.989084743875173089e+00
4.990046172308829853e+00
4.991024660187869166e+00
4.992015487792999195e+00
4.993017684239061893e+00
4.994029196593078090e+00
4.995049669462356512e+00
4.996077974381957887e+00
4.997109358253989164e+00
4.998143339025888920e+00
4.999178275558267437e+00
5.000214065480147241e+00
5.001249339449321596e+00
5.002279758620177930e+00
5.003305212500607446e+00
5.004323585423743559e+00
5.005335364136016096e+00
5.006338976117884698e+00
5.007334685939465402e+00
5.008321897330795913e+00
5.009297717082415780e+00
5.010259995105777797e+00
5.011205865237030821e+00
5.012132212984477420e+00
5.013037817495976434e+00
5.013922059926305685e+00
5.014782518911276910e+00
5.015617359074864723e+00
5.016422696429406969e+00
5.017197635564125235e+00
5.017942981439745154e+00
5.018661448824322413e+00
5.019355504381573851e+00
5.020024100038325443e+00
5.020668381842885886e+00
5.021286926399086248e+00
5.021878756563279644e+00
5.022444750870676877e+00
5.022986265438708742e+00
5.023507809954796066e+00
5.024007744136367748e+00
5.024485888759706143e+00
5.024943576174889515e+00
5.025382491815006070e+00
5.025807367804563164e+00
5.026216762120937709e+00
5.026612302306210367e+00
5.026991656552171506e+00
5.027355995270525568e+00
5.027706064227137617e+00
5.028037806171091084e+00
5.028352259527057555e+00
5.028647542259752079e+00
5.028923973626552524e+00
5.029180639366714445e+00
5.029414046964702401e+00
5.029623582846578955e+00
5.029808829072025311e+00
5.029967063534167337e+00
5.030095899541956683e+00
5.030191571609210932e+00
5.030252545959410071e+00
5.030278165430391191e+00
5.030265216804436612e+00
5.030213535577385819e+00
5.030124296965404085e+00
5.030000427170051580e+00
5.029843334602517757e+00
5.029651455460442122e+00
5.029424563227546052e+00
5.029164907848786115e+00
5.028876278540442613e+00
5.028559478624115009e+00
5.028215574166128299e+00
5.027842779299566800e+00
5.027445468595573175e+00
5.027026955588111079e+00
5.026587701021084875e+00
5.026128430841814598e+00
5.025647298237632121e+00
5.025148317134330078e+00
5.024634143775651651e+00
5.024107171697864693e+00
5.023571683494696849e+00
5.023030083058726447e+00
5.022483093319785041e+00
5.021931334799480062e+00
5.021376267029296514e+00
5.020820774017225929e+00
5.020267868517291454e+00
5.019721597424101844e+00
5.019186247466456585e+00
5.018660596972655874e+00
5.018146392209779982e+00
5.017640291480672587e+00
5.017141501447510699e+00
5.016651473781418069e+00
5.016172081521105497e+00
5.015706943190049394e+00
5.015254087923419313e+00
5.014814712768744798e+00
5.014385421602379544e+00
5.013964746697198827e+00
5.013554080305946847e+00
5.013154556630505354e+00
5.012768681189371023e+00
5.012397974608791884e+00
5.012045270158302479e+00
5.011709065279316810e+00
5.011393421730352848e+00
5.011098496551020354e+00
5.010828493973566111e+00
5.010585609013540775e+00
5.010366338836356626e+00
5.010174990119739213e+00
5.010011025211167812e+00
5.009878418604237105e+00
5.009779145401296319e+00
5.009709788910436501e+00
5.009673577403042088e+00
5.009668664404050453e+00
5.009693065479257967e+00
5.009751526106008157e+00
5.009840468454966000e+00
5.009963005425267291e+00
5.010115692697324263e+00
5.010300203159308907e+00
5.010515247385806781e+00
5.010753392007059936e+00
5.011014699049152199e+00
5.011294187854833382e+00
5.011591647796191040e+00
5.011903379529573321e+00
5.012228345207729419e+00
5.012569439492978951e+00
5.012924112759389317e+00
5.013293625794211117e+00
5.013675055175879081e+00
5.014069059908249137e+00
5.014472905590989349e+00
5.014883820272840076e+00
5.015299231380082823e+00
5.015716655708708061e+00
5.016133583865919121e+00
5.016547628722944019e+00
5.016956441894033780e+00
5.017357634126998533e+00
5.017749010033764279e+00
5.018128379218140367e+00
5.018493842489879064e+00
5.018843136437097563e+00
5.019174693606655246e+00
5.019485910840193021e+00
5.019775289621064118e+00
5.020040949515857776e+00
5.020280276320733925e+00
5.020491955976792653e+00
5.020673007543988930e+00
5.020822207543857552e+00
5.020937242766700059e+00
5.021015943864218123e+00
5.021056569659008595e+00
5.021056590150243970e+00
5.021014603921346797e+00
5.020928107393109130e+00
5.020797670693272430e+00
5.020625818283432906e+00
5.020413116519474528e+00
5.020159820714169996e+00
5.019865280916119055e+00
5.019530703765475721e+00
5.019159283344769129e+00
5.018754413915002210e+00
5.018320869696462516e+00
5.017861731839502681e+00
5.017377854962969508e+00
5.016869734493221600e+00
5.016338398982907343e+00
5.015787491765940409e+00
5.015219535981440657e+00
5.014634415847385007e+00
5.014032173720324614e+00
5.013413221505607531e+00
5.012781014708006744e+00
5.012137955543719769e+00
5.011484034774029261e+00
5.010819027167880080e+00
5.010143027422152784e+00
5.009458944169007388e+00
5.008769867611252202e+00
5.008076542359911620e+00
5.007380704400263838e+00
5.006683209878526775e+00
5.005984837454878544e+00
5.005287003410181512e+00
5.004590030727108285e+00
5.003895187792501531e+00
5.003203150746545980e+00
5.002514638272248959e+00
5.001830813852273572e+00
5.001152321589314553e+00
5.000480070230685747e+00
4.999814883289062095e+00
4.999157374766789452e+00
4.998508720290981699e+00
4.997869532597388087e+00
4.997240780708517960e+00
4.996623325650719316e+00
4.996018091072468081e+00
4.995426150788692787e+00
4.994846626822976532e+00
4.994276460078683755e+00
4.993718065661517436e+00
4.993170558591512709e+00
4.992637305227248135e+00
4.992118914839951849e+00
4.991613078084913724e+00
4.991123274867563353e+00
4.990648843837111492e+00
4.990194108639985693e+00
4.989759021368951331e+00
4.989346475866766717e+00
4.988959245351286320e+00
4.988594999876948322e+00
4.988257874963017535e+00
4.987946730726541489e+00
4.987665661410571438e+00
4.987415494588346654e+00
4.987198798344613770e+00
4.987020612177580858e+00
4.986878316723884375e+00
4.986770349075230868e+00
4.986693098405519997e+00
4.986647170414361341e+00
4.986635197037974976e+00
4.986653686162459742e+00
4.986700012457000675e+00
4.986769943410906514e+00
4.986864884054663882e+00
4.986984183812888993e+00
4.987129445752504608e+00
4.987295549927655003e+00
4.987480934566263180e+00
4.987685291493687778e+00
4.987909468455616668e+00
4.988156020982567718e+00
4.988421208622311198e+00
4.988702976392959343e+00
4.989001696339253833e+00
4.989318407146637213e+00
4.989655794432763969e+00
4.990010301066940102e+00
4.990380195124452634e+00
4.990764024189121351e+00
4.991159974417097800e+00
4.991565053096421067e+00
4.991977965763218172e+00
4.992396955272562664e+00
4.992821303239471042e+00
4.993250446921593699e+00
4.993683126686519813e+00
4.994118964268273508e+00
4.994557070104784557e+00
4.994997132128483841e+00
4.995438615015155293e+00
4.995881025573619461e+00
4.996323644226797533e+00
4.996764985701449113e+00
4.997205940230196930e+00
4.997643568894273969e+00
4.998077188736207432e+00
4.998503408624238808e+00
4.998921163348859942e+00
4.999331880441316045e+00
4.999737813739486114e+00
5.000141919633755982e+00
5.000542990496763984e+00
5.000941551892468695e+00
5.001334892070302907e+00
5.001722708499441339e+00
5.002106462611267013e+00
5.002488745121666192e+00
5.002872936806089577e+00
5.003257914452261979e+00
5.003644442974038320e+00
5.004029484657949389e+00
5.004412812224036777e+00
5.004795880882446646e+00
5.005176111651961968e+00
5.005553063793485968e+00
5.005922937287395236e+00
5.006285085609560426e+00
5.006640453121071310e+00
5.006986288620536740e+00
5.007321769154077451e+00
5.007643378122156541e+00
5.007950149370735460e+00
5.008242835985874386e+00
5.008518410759425166e+00
5.008776074672497636e+00
5.009012514992065235e+00
5.009227070553609273e+00
5.009420099655548242e+00
5.009588454874614349e+00
5.009731139174112613e+00
5.009845121378460497e+00
5.009929556526624417e+00
5.009985383736350606e+00
5.010012061401650563e+00
5.010009140577606601e+00
5.009975996639552953e+00
5.009912606908912380e+00
5.009822144967476909e+00
5.009705726488467015e+00
5.009563969963203078e+00
5.009396775917124067e+00
5.009204230600011520e+00
5.008989939664465041e+00
5.008756784566653408e+00
5.008510140080910666e+00
5.008253114012044982e+00
5.007987243750108064e+00
5.007712986835254121e+00
5.007430426024807701e+00
5.007143655748082622e+00
5.006854975067986935e+00
5.006565425072773579e+00
5.006274831847264295e+00
5.005982536667001881e+00
5.005692534831328366e+00
5.005407012210202566e+00
5.005126637176585902e+00
5.004851222478760242e+00
5.004579616275591114e+00
5.004315940489035164e+00
5.004062150021058919e+00
5.003818982367377544e+00
5.003586209782372229e+00
5.003362073314349345e+00
5.003150937699684775e+00
5.002954628200241949e+00
5.002774064981351465e+00
5.002608778246650623e+00
5.002457905516930481e+00
5.002320320879079851e+00
5.002193793256737742e+00
5.002078033343860142e+00
5.001972218810552206e+00
5.001876368450904664e+00
5.001790700650746935e+00
5.001715042263243483e+00
5.001649938214544733e+00
5.001595837932986122e+00
5.001552999697598700e+00
5.001522190068357077e+00
5.001504327112783699e+00
5.001497376138435591e+00
5.001497335088382457e+00
5.001504803699384105e+00
5.001518286691456261e+00
5.001539803672525153e+00
5.001569233291260019e+00
5.001603781884945477e+00
5.001645376525296172e+00
5.001692884896359104e+00
5.001748738420604745e+00
5.001812716490998234e+00
5.001887663753179503e+00
5.001974080085229701e+00
5.002069605040770028e+00
5.002176238774726613e+00
5.002293306180679799e+00
5.002423002115853556e+00
5.002565226463072889e+00
5.002722377331399350e+00
5.002891974785769413e+00
5.003074620572322218e+00
5.003273805064552882e+00
5.003487773706608799e+00
5.003718039059483758e+00
5.003961908371591605e+00
5.004219864626819891e+00
5.004488004056211636e+00
5.004765455947664421e+00
5.005051199068722312e+00
5.005345458836700345e+00
5.005648020861143799e+00
5.005958603025819187e+00
5.006278775335695208e+00
5.006608538703469335e+00
5.006949092002061619e+00
5.007301066742686046e+00
5.007665124387888689e+00
5.008043274471011941e+00
5.008430580796149556e+00
5.008824721836892202e+00
5.009223971219208593e+00
5.009627555796351217e+00
5.010035878681983412e+00
5.010443540514851968e+00
5.010847788007403381e+00
5.011247007587398272e+00
5.011640774907017537e+00
5.012029137351955654e+00
5.012412358821774383e+00
5.012791342773878611e+00
5.013162697145187252e+00
5.013525608220541052e+00
5.013876191155457462e+00
5.014213629478059708e+00
5.014539674372814559e+00
5.014856364691100410e+00
5.015166903679661559e+00
5.015469657258532443e+00
5.015765074381074662e+00
5.016050259528149979e+00
5.016325373650928121e+00
5.016590907463272409e+00
5.016847489067753685e+00
5.017093278562119174e+00
5.017326070723523657e+00
5.017544286643555118e+00
5.017749118769010863e+00
5.017942332868865485e+00
5.018126475477060922e+00
5.018303902057401622e+00
5.018473340535005711e+00
5.018633494080445345e+00
5.018783060406736496e+00
5.018924021340377628e+00
5.019057280897565754e+00
5.019181452003710575e+00
5.019294258906909612e+00
5.019394180422120932e+00
5.019482910038375323e+00
5.019561167220988551e+00
5.019630650869975064e+00
5.019688985386336455e+00
5.019736596724421851e+00
5.019774179413386328e+00
5.019803207424871516e+00
5.019825309874891950e+00
5.019837108777306156e+00
5.019837324457081529e+00
5.019825973284501863e+00
5.019803840904101477e+00
5.019772294342588204e+00
5.019730934837903114e+00
5.019678540967474234e+00
5.019617627539742166e+00
5.019548677338359077e+00
5.019475517251600571e+00
5.019399539914053854e+00
5.019320085134428844e+00
5.019235577147527216e+00
5.019143380170761226e+00
5.019045638099385975e+00
5.018942188268599836e+00
5.018834248624814975e+00
5.018718400087279541e+00
5.018593667952416126e+00
5.018460623707695412e+00
5.018320099936872225e+00
5.018174196753725447e+00
5.018024516927153122e+00
5.017872967284248809e+00
5.017716267995612434e+00
5.017552352093236578e+00
5.017380927663372958e+00
5.017201875161456215e+00
5.017015960302279254e+00
5.016823079299256527e+00
5.016622690774575233e+00
5.016418692685738812e+00
5.016213058877813324e+00
5.016006532825605824e+00
5.015799003925249799e+00
5.015589772492723419e+00
5.015380178365933084e+00
5.015173572704273219e+00
5.014970162112343921e+00
5.014773545630354157e+00
5.014584358699697653e+00
5.014405361909496150e+00
5.014235003359692300e+00
5.014073857471424311e+00
5.013925280498418680e+00
5.013787442373188519e+00
5.013661637401285454e+00
5.013545158376993882e+00
5.013437793545501897e+00
5.013342048192473754e+00
5.013255742967205109e+00
5.013180015624577379e+00
5.013112149072887824e+00
5.013051820529700997e+00
5.013001209089608778e+00
5.012959879336023050e+00
5.012931225271504587e+00
5.012916309301118645e+00
5.012913435147392960e+00
5.012923479989885855e+00
5.012944051140703294e+00
5.012974036882416051e+00
5.013016229627438314e+00
5.013071434969798013e+00
5.013140174054325549e+00
5.013222175945312387e+00
5.013317205921531183e+00
5.013424795155198233e+00
5.013544154229358618e+00
5.013674163861916000e+00
5.013813962076574704e+00
5.013962523533746385e+00
5.014118684685572980e+00
5.014281128967894574e+00
5.014453106491609802e+00
5.014635644915295565e+00
5.014833565323395526e+00
5.015049836492879720e+00
5.015284626750987407e+00
5.015537309448014014e+00
5.015805501310865999e+00
5.016092272910069205e+00
5.016398357904297001e+00
5.016728234334629555e+00
5.017085484198076095e+00
5.017469822770697974e+00
5.017880988835138112e+00
5.018316751277785315e+00
5.018774648538569139e+00
5.019251756227354200e+00
5.019749929985741765e+00
5.020270565829017428e+00
5.020812354913692488e+00
5.021374249464611417e+00
5.021953282548824227e+00
5.022548155865409036e+00
5.023158211788870453e+00
5.023776975205875850e+00
5.024401329650320491e+00
5.025028443752565188e+00
5.025657113014497135e+00
5.026286497904696837e+00
5.026910317062178279e+00
5.027524946599045030e+00
5.028128188817539979e+00
5.028718396617808395e+00
5.029293978444078661e+00
5.029849286607244174e+00
5.030380817322769538e+00
5.030886403216758396e+00
5.031364569931068509e+00
5.031812999813594978e+00
5.032226240082420254e+00
5.032600825248993992e+00
5.032934620163180384e+00
5.033226236632801331e+00
5.033474840788877636e+00
5.033679663861876818e+00
5.033840646396165575e+00
5.033957417976816728e+00
5.034030418905204307e+00
5.034058921473806514e+00
5.034042885472772788e+00
5.033985356159281999e+00
5.033889582773444005e+00
5.033759090231503919e+00
5.033593246081616179e+00
5.033392867726976583e+00
5.033160395102345142e+00
5.032898312380305939e+00
5.032609344424448850e+00
5.032294987553498800e+00
5.031954318137606741e+00
5.031589561739703065e+00
5.031200918333372130e+00
5.030791106225689369e+00
5.030359944479307011e+00
5.029905910270056069e+00
5.029430758433185211e+00
5.028934313284002755e+00
5.028418894150994412e+00
5.027884339542827874e+00
5.027330605724595003e+00
5.026758062394104165e+00
5.026167773606023736e+00
5.025562618711733265e+00
5.024943822139643856e+00
5.024312481621049820e+00
5.023669125402116187e+00
5.023016550728821805e+00
5.022355266997361234e+00
5.021688666308069315e+00
5.021019171962286975e+00
5.020346110725547817e+00
5.019668686875846220e+00
5.018985441067959741e+00
5.018299800866988569e+00
5.017613451147225234e+00
5.016925793999577721e+00
5.016236028859162310e+00
5.015543025696420187e+00
5.014849870616339800e+00
5.014158362263583690e+00
5.013468048760437945e+00
5.012778140941405169e+00
5.012087407076501577e+00
5.011399217659377570e+00
5.010714979434156113e+00
5.010039539450549029e+00
5.009375822881006357e+00
5.008724131027006088e+00
5.008083615043902093e+00
5.007452852541350197e+00
5.006834767313443457e+00
5.006231656448686174e+00
5.005644733050609752e+00
5.005076586233224489e+00
5.004530750142182960e+00
5.004004019723978125e+00
5.003497133368399297e+00
5.003009918855275906e+00
5.002544567512121176e+00
5.002102674172963503e+00
5.001686651596572553e+00
5.001301541926111760e+00
5.000943843425954327e+00
5.000613619463289083e+00
5.000311410968895309e+00
5.000038478543753939e+00
4.999799084460134324e+00
4.999590750617677770e+00
4.999414062110477452e+00
4.999264039631703405e+00
4.999138335922503451e+00
4.999036809216955035e+00
4.998960348141149979e+00
4.998912531488345579e+00
4.998890137252633536e+00
4.998891279565318868e+00
4.998917113724776762e+00
4.998968379451574684e+00
4.999049250614509887e+00
4.999156871205807207e+00
4.999288574718550038e+00
4.999446407352253985e+00
4.999630691279337569e+00
4.999846151788398529e+00
5.000089958254858580e+00
5.000359396543963442e+00
5.000655608550323095e+00
5.000978502743554266e+00
5.001332111210238907e+00
5.001712625176321758e+00
5.002115978412937203e+00
5.002542530447851910e+00
5.002991347164523539e+00
5.003464491405201109e+00
5.003962511607121577e+00
5.004486096948991936e+00
5.005035771467398753e+00
5.005609811097990303e+00
5.006208544299611596e+00
5.006831370406457538e+00
5.007477318682381551e+00
5.008146348484466159e+00
5.008838992752740360e+00
5.009549894743273057e+00
5.010275359266112893e+00
5.011013130359958545e+00
5.011762510128924930e+00
5.012523832135510560e+00
5.013295314573357864e+00
5.014075328298519985e+00
5.014861464165758065e+00
5.015650345348428019e+00
5.016444823928782881e+00
5.017244665064522380e+00
5.018048628532002731e+00
5.018854694255301396e+00
5.019660007022927140e+00
5.020467278399177502e+00
5.021276561134167871e+00
5.022086518221207996e+00
5.022894969620414152e+00
5.023699214794345558e+00
5.024498058371850817e+00
5.025291872360416967e+00
5.026078236140914868e+00
5.026857716479011806e+00
5.027628406175085551e+00
5.028386357762523851e+00
5.029131743573256763e+00
5.029861831032343744e+00
5.030577697121210612e+00
5.031277014501997158e+00
5.031955819316812573e+00
5.032614187040039155e+00
5.033249445744463202e+00
5.033862664625652350e+00
5.034450697787709039e+00
5.035010792464619911e+00
5.035542175546890320e+00
5.036042732224469631e+00
5.036513103172784334e+00
5.036951920614248124e+00
5.037361105532054850e+00
5.037741772682077013e+00
5.038094332926577934e+00
5.038419602662927765e+00
5.038716817089027522e+00
5.038987193816011789e+00
5.039231314920490590e+00
5.039453057665978619e+00
5.039653399047110405e+00
5.039832140412781492e+00
5.039988109376879244e+00
5.040120555936026037e+00
5.040231924728156621e+00
5.040324102258907146e+00
5.040400930988267802e+00
5.040464626113549507e+00
5.040515094213785297e+00
5.040551057875286567e+00
5.040571957221851029e+00
5.040580489132568509e+00
5.040578446437446125e+00
5.040569813248310105e+00
5.040556527860770686e+00
5.040539189573918222e+00
5.040518996509798733e+00
5.040498118106349956e+00
5.040478927467791692e+00
5.040464695629506053e+00
5.040453254195471189e+00
5.040444756525992887e+00
5.040440226452210126e+00
5.040441638345090070e+00
5.040451644051080038e+00
5.040467772740828245e+00
5.040489829202140726e+00
5.040518592010210241e+00
5.040556106405291281e+00
5.040605218122672149e+00
5.040663475427736628e+00
5.040730769807432843e+00
5.040802669861314200e+00
5.040877551716713256e+00
5.040955613428686810e+00
5.041033480834176572e+00
5.041110537248624901e+00
5.041183152050672689e+00
5.041250732788777000e+00
5.041314782934224858e+00
5.041372871427758362e+00
5.041424696609339229e+00
5.041467133365532760e+00
5.041499784501229264e+00
5.041524241525639383e+00
5.041538155660691523e+00
5.041541751534114546e+00
5.041532076959866160e+00
5.041508545604902025e+00
5.041472586208857187e+00
5.041421780341207359e+00
5.041356494875526728e+00
5.041273617969728171e+00
5.041173461006857259e+00
5.041056545480988582e+00
5.040921327520064388e+00
5.040767854444584195e+00
5.040592848818649330e+00
5.040396381944318271e+00
5.040179790083219480e+00
5.039944803986600164e+00
5.039693208981206318e+00
5.039426152158429595e+00
5.039145257949730450e+00
5.038848325677117046e+00
5.038537259932508228e+00
5.038210486296465618e+00
5.037870101530005584e+00
5.037516339991142011e+00
5.037150222148644829e+00
5.036775978330420678e+00
5.036393424991416623e+00
5.036005752172219907e+00
5.035612737622011892e+00
5.035216821331429671e+00
5.034817390713739904e+00
5.034411594506252641e+00
5.034000079680134299e+00
5.033581185649982359e+00
5.033156420636824002e+00
5.032724515247990915e+00
5.032287256058205926e+00
5.031843298237670403e+00
5.031389459121871965e+00
5.030926239501584796e+00
5.030452227342774307e+00
5.029968511100758377e+00
5.029474260184814582e+00
5.028971158016372733e+00
5.028457705091584629e+00
5.027931487124312149e+00
5.027392654839800912e+00
5.026840050902114498e+00
5.026275126833366080e+00
5.025696862202035042e+00
5.025107582371579618e+00
5.024510179098593987e+00
5.023904960539090858e+00
5.023294098425555632e+00
5.022676447641003072e+00
5.022053902048515539e+00
5.021429929297315020e+00
5.020803956400501811e+00
5.020178148906576432e+00
5.019551601346480929e+00
5.018925629045712711e+00
5.018298536177622005e+00
5.017670446868883971e+00
5.017042731877314310e+00
5.016417044188723473e+00
5.015796118017181726e+00
5.015177061419829663e+00
5.014559587139532759e+00
5.013944345537470149e+00
5.013332900602267550e+00
5.012727510493144578e+00
5.012129565935476094e+00
5.011538930397374969e+00
5.010955529633803529e+00
5.010378626074535546e+00
5.009812353972240118e+00
5.009259605679555527e+00
5.008721432734173362e+00
5.008198475029211671e+00
5.007689803961556940e+00
5.007195114765209176e+00
5.006712762091201974e+00
5.006246867898743957e+00
5.005797734867673654e+00
5.005369512896876927e+00
5.004966093797127868e+00
5.004585624981563008e+00
5.004227795760970210e+00
5.003889228377382814e+00
5.003572090502718339e+00
5.003278382412978509e+00
5.003006452780105917e+00
5.002758328571804469e+00
5.002534695055224745e+00
5.002329840429014851e+00
5.002142223223930984e+00
5.001967942278719548e+00
