0.000000000000000000e+00
0.000000000000000000e+00
-1.339232198915852271e-08
-8.086746106528155401e-08
-2.533834356199805011e-07
-5.621253819754203168e-07
-1.071899017688338562e-06
-1.589742236092207058e-06
-2.403493048177551794e-06
-3.255506229606907622e-06
-4.068405318093937545e-06
-4.955822217880268473e-06
-2.093393262612153736e-06
5.413639452171993110e-06
2.072363146567113913e-05
5.012364578419693166e-05
9.538751081549890853e-05
1.602828175293780240e-04
2.506195612716056835e-04
3.727124769704915643e-04
5.326255735474207153e-04
7.395810213404275862e-04
9.995274197774509182e-04
1.319521400006351975e-03
1.709927725465831914e-03
2.177762682409820679e-03
2.728231879742679111e-03
3.376280474336680777e-03
4.126175599964199137e-03
4.984961408050595476e-03
5.967562156589566874e-03
7.084229173930226171e-03
8.343449267418917917e-03
9.764731707842885453e-03
1.135609555509859217e-02
1.313220310476594793e-02
1.511873516705804742e-02
1.731977197793298576e-02
1.975719619062715066e-02
2.243274170425706149e-02
2.534012663629823039e-02
2.848994213608079321e-02
3.188426095512680858e-02
3.554425138500504067e-02
3.945833313730530423e-02
4.361258226898483831e-02
4.803500461843780017e-02
5.271062451866437987e-02
5.761829751995374560e-02
6.275840837028791308e-02
6.812463659313487685e-02
7.374037224319741901e-02
7.959930974510479040e-02
8.567234474685955781e-02
9.196862358120248826e-02
9.847406345871255462e-02
1.052213396456556094e-01
1.121944864418820964e-01
1.193865384486035852e-01
1.268024970915631600e-01
1.344385572102383963e-01
1.422817494299725705e-01
1.503233816054181382e-01
1.585746641781643762e-01
1.669999422457532079e-01
1.756204499628857552e-01
1.844141181137875507e-01
1.934354301121548880e-01
2.026585324433163582e-01
2.120977749255017475e-01
2.217560394432858406e-01
2.316437800553158566e-01
2.417607398655728379e-01
2.520721693661526763e-01
2.626295490887479156e-01
2.733991606858090506e-01
2.843916555073575103e-01
2.955833967354611902e-01
3.069933207657650209e-01
3.186149962570979932e-01
3.304243751194789747e-01
3.424602361347987567e-01
3.546994813111141176e-01
3.671404131081417721e-01
3.797710903313473163e-01
3.925995894100980932e-01
4.056443865921812719e-01
4.189016397621946886e-01
4.323668630745726160e-01
4.460769899514036019e-01
4.600151117470578921e-01
4.741474600460843791e-01
4.884765573170499753e-01
5.029852529194669408e-01
5.176836379196957383e-01
5.325628109600858417e-01
5.476500721600370269e-01
5.629546697762324303e-01
5.784856768277004679e-01
5.942476661827876816e-01
6.101856692459896037e-01
6.263259931233243760e-01
6.426716645386532090e-01
6.592436595585658976e-01
6.760413404133632786e-01
6.931128628876522813e-01
7.104476483490780314e-01
7.280558546212031468e-01
7.459326525357081739e-01
7.641001828339408775e-01
7.825098581936668074e-01
8.011971994068931568e-01
8.201379151966879943e-01
8.393212969925711864e-01
8.587394078400443220e-01
8.784107740547965060e-01
8.982783086922477844e-01
9.183779128220391774e-01
9.386849840309928750e-01
9.591843684342216125e-01
9.798692353394340415e-01
1.000740824523241423e+00
1.021799035849840553e+00
1.043068960490496133e+00
1.064497364344866304e+00
1.086123328986437375e+00
1.107907405677111434e+00
1.129893556418688272e+00
1.152064233603746990e+00
1.174458256545335866e+00
1.197093933406145450e+00
1.219909039321215083e+00
1.242938512149126540e+00
1.266155334296496182e+00
1.289584396662981636e+00
1.313201072993548379e+00
1.337038975539477592e+00
1.361096554580004891e+00
1.385399566474231126e+00
1.409891177001269869e+00
1.434603458228381756e+00
1.459507346930774441e+00
1.484619441809924778e+00
1.509941898169787855e+00
1.535471871676715283e+00
1.561199546637805247e+00
1.587092009368212819e+00
1.613150177779467898e+00
1.639341033282550208e+00
1.665669070067675950e+00
1.692077003302844496e+00
1.718579614939959921e+00
1.745143841090472714e+00
1.771774586024554621e+00
1.798444372000964409e+00
1.825140059771807932e+00
1.851846388163836954e+00
1.878557277503283940e+00
1.905256329360278444e+00
1.931933601680072110e+00
1.958575254264148136e+00
1.985171404662402495e+00
2.011706369700701824e+00
2.038167331996233678e+00
2.064539016070635391e+00
2.090807853522569815e+00
2.116961077037127215e+00
2.142990756812365394e+00
2.168890565219195654e+00
2.194654334368975945e+00
2.220280717196734699e+00
2.245745640578540314e+00
2.271052528205188548e+00
2.296179107013019305e+00
2.321133764567645308e+00
2.345896268668445028e+00
2.370506890597613658e+00
2.394938410105975635e+00
2.419204278769763850e+00
2.443280890765460622e+00
2.467184212985309433e+00
2.490889499964984211e+00
2.514416416468890692e+00
2.537741359057696489e+00
2.560883580031664941e+00
2.583817413630755233e+00
2.606561141791613245e+00
2.629087146106035888e+00
2.651413374724657768e+00
2.673565798583300346e+00
2.695548394503863410e+00
2.717374549689562713e+00
2.739006524863512926e+00
2.760459426226885782e+00
2.781725827040942178e+00
2.802809434714586878e+00
2.823694463553698242e+00
2.844398022475512100e+00
2.864894147696765092e+00
2.885202892604143976e+00
2.905316053214343164e+00
2.925210551800997649e+00
2.944888424458773635e+00
2.964346015038760385e+00
2.983578350129397538e+00
3.002586086573870716e+00
3.021363758626254281e+00
3.039898274722369287e+00
3.058206876101763783e+00
3.076304622473986505e+00
3.094164592805178415e+00
3.111806456628115836e+00
3.129200704875262140e+00
3.146367027344973977e+00
3.163330343547137602e+00
3.180088691296848236e+00
3.196649227919849512e+00
3.213011403861316673e+00
3.229179672780307708e+00
3.245143632474216222e+00
3.260901073994907140e+00
3.276484387698443967e+00
3.291883664908679563e+00
3.307122729602130384e+00
3.322207403960498073e+00
3.337119185509952235e+00
3.351865170779498637e+00
3.366458447757037842e+00
3.380890204491885598e+00
3.395187772097857604e+00
3.409340611281665101e+00
3.423368107857974074e+00
3.437262645545275497e+00
3.451018479647906201e+00
3.464653832497866404e+00
3.478155835452349631e+00
3.491530084195406669e+00
3.504762962641986057e+00
3.517855577054293637e+00
3.530819334569247125e+00
3.543664099755556851e+00
3.556397344651491821e+00
3.569020702424318792e+00
3.581525895180971641e+00
3.593900501313478824e+00
3.606155089917452372e+00
3.618298943820269287e+00
3.630336232962878107e+00
3.642271078410418639e+00
3.654097456517489739e+00
3.665820746007236064e+00
3.677440236392291784e+00
3.688967701974185776e+00
3.700400534453662349e+00
3.711745147290500313e+00
3.723001039805682755e+00
3.734165937485965703e+00
3.745248546185763860e+00
3.756246358933719165e+00
3.767165720048221367e+00
3.777994218650134961e+00
3.788734134021076283e+00
3.799401306691440272e+00
3.809993776860507442e+00
3.820521364989550861e+00
3.830971273961337076e+00
3.841344400229723899e+00
3.851643815818103000e+00
3.861870714011462979e+00
3.872035417142185576e+00
3.882128734174046247e+00
3.892152534308705114e+00
3.902110059442791989e+00
3.911994835915837854e+00
3.921807830515180004e+00
3.931553354444776271e+00
3.941234179916654146e+00
3.950853796186719169e+00
3.960407214942250231e+00
3.969896047892842450e+00
3.979323845091137901e+00
3.988681077542576947e+00
3.997970304670605213e+00
4.007186816516193240e+00
4.016331077399525107e+00
4.025406254115376115e+00
4.034401870551380220e+00
4.043320687594684770e+00
4.052167105260165769e+00
4.060943485083850391e+00
4.069653759184154396e+00
4.078288979711803819e+00
4.086851629796298901e+00
4.095346300783427651e+00
4.103774435105593810e+00
4.112139234724314640e+00
4.120436044516833540e+00
4.128665540399821587e+00
4.136831202092440485e+00
4.144934601369172356e+00
4.152979396167070014e+00
4.160963639202385878e+00
4.168889772477417210e+00
4.176758025470047819e+00
4.184571818294792855e+00
4.192332217874795042e+00
4.200037647071153124e+00
4.207687874021799779e+00
4.215285003962786270e+00
4.222830532374651114e+00
4.230327410879404226e+00
4.237773144426615346e+00
4.245167697253497074e+00
4.252511330428394132e+00
4.259802726092609682e+00
4.267041348400387513e+00
4.274226185860905858e+00
4.281355686965261143e+00
4.288429960789953199e+00
4.295446831169400959e+00
4.302405740204130247e+00
4.309310490670476668e+00
4.316161585631642872e+00
4.322960763755116176e+00
4.329706009211811590e+00
4.336397311272891741e+00
4.343031340422901287e+00
4.349605274381907805e+00
4.356124398889812177e+00
4.362588061871798928e+00
4.368997889342578489e+00
4.375351132931979414e+00
4.381645366134913289e+00
4.387886460008891376e+00
4.394074210706027550e+00
4.400213431897433303e+00
4.406306013050349080e+00
4.412355436864169533e+00
4.418362681451115215e+00
4.424325981917653472e+00
4.430247678342137618e+00
4.436128502669606455e+00
4.441970778885159454e+00
4.447775344434055533e+00
4.453540828409466634e+00
4.459268850269589635e+00
4.464959665122304244e+00
4.470615300717625473e+00
4.476236899676594660e+00
4.481823551836284558e+00
4.487376212659153651e+00
4.492895621838841613e+00
4.498383435192380375e+00
4.503840903225217573e+00
4.509267527046476154e+00
4.514663381758008853e+00
4.520029776277814548e+00
4.525367827000890131e+00
4.530679144444738071e+00
4.535963606419835870e+00
4.541220814767156888e+00
4.546452436032567768e+00
4.551659218254362038e+00
4.556844092192921636e+00
4.562006898107799913e+00
4.567146750870022309e+00
4.572265502395899794e+00
4.577363645615848853e+00
4.582444063606533113e+00
4.587506626429828316e+00
4.592549079242024490e+00
4.597568779769217961e+00
4.602563315811432965e+00
4.607533619287291771e+00
4.612478098156731043e+00
4.617393965008536938e+00
4.622279362860004071e+00
4.627131055178920427e+00
4.631947068753520469e+00
4.636725633027831250e+00
4.641464522960465189e+00
4.646163842561524149e+00
4.650821285727303689e+00
4.655437452974599211e+00
4.660009553017895989e+00
4.664532562973778163e+00
4.669003517809192871e+00
4.673418587031643590e+00
4.677775777759832110e+00
4.682072843196673162e+00
4.686308357599062724e+00
4.690483886184973805e+00
4.694599028113168870e+00
4.698650147500317509e+00
4.702637705984394678e+00
4.706559010031503121e+00
4.710416990402023885e+00
4.714210761370937419e+00
4.717943144324103777e+00
4.721613864782134407e+00
4.725226474585810799e+00
4.728782198014537030e+00
4.732279248121062487e+00
4.735718450727740780e+00
4.739098439100065896e+00
4.742424373510161217e+00
4.745694855633058928e+00
4.748915846529284224e+00
4.752084132018366880e+00
4.755204796674529000e+00
4.758278693142214522e+00
4.761305961194315373e+00
4.764292561891355859e+00
4.767235242011824248e+00
4.770138117554464152e+00
4.772998077752866664e+00
4.775815692427435089e+00
4.778594372155942516e+00
4.781336066606320045e+00
4.784047186854160749e+00
4.786725894394195713e+00
4.789376524868286467e+00
4.791996339741028343e+00
4.794585385504044339e+00
4.797141319694794959e+00
4.799662646832742574e+00
4.802152345212974183e+00
4.804607406440057460e+00
4.807033140840807128e+00
4.809431089642324686e+00
4.811803769352712479e+00
4.814150303187646252e+00
4.816467100563325054e+00
4.818752988311327812e+00
4.821005323710717327e+00
4.823226532372511421e+00
4.825417251619375847e+00
4.827579680266656403e+00
4.829711789223233076e+00
4.831810727449932230e+00
4.833874288531818664e+00
4.835900420877017325e+00
4.837891172352112967e+00
4.839847851726092998e+00
4.841771902623452917e+00
4.843666248204984370e+00
4.845531663927117094e+00
4.847367245140352665e+00
4.849173576715269718e+00
4.850951547953167520e+00
4.852703422191419591e+00
4.854431254449166566e+00
4.856135490718163084e+00
4.857817288669622258e+00
4.859475339832579621e+00
4.861107869776761348e+00
4.862715931716238948e+00
4.864298783424175099e+00
4.865856778505122548e+00
4.867388177844560460e+00
4.868890895279920805e+00
4.870365128400601762e+00
4.871810839208640331e+00
4.873228784683027115e+00
4.874619289371052488e+00
4.875981706413307748e+00
4.877315182122269555e+00
4.878619231018105573e+00
4.879894534232894543e+00
4.881141624110619581e+00
4.882360283392348066e+00
4.883549714195408953e+00
4.884709563883820493e+00
4.885840737181585069e+00
4.886942810746711885e+00
4.888016990455669841e+00
4.889065100359601956e+00
4.890086855548306133e+00
4.891082861977500862e+00
4.892051661494059900e+00
4.892994969221635237e+00
4.893912466126365324e+00
4.894805318298621089e+00
4.895672328355593628e+00
4.896512079569383502e+00
4.897326136636420912e+00
4.898114463570400368e+00
4.898879005270883269e+00
4.899619398969099038e+00
4.900334207522556440e+00
4.901023874538823932e+00
4.901688648643776069e+00
4.902330410736484900e+00
4.902949360231740883e+00
4.903543281960173417e+00
4.904114460493310013e+00
4.904663021447940530e+00
4.905190408150537529e+00
4.905697110625787616e+00
4.906180314081592719e+00
4.906642647380812683e+00
4.907083610514982652e+00
4.907506455886050389e+00
4.907911472613795567e+00
4.908295286442024619e+00
4.908660498033149189e+00
4.909005718822462505e+00
4.909334949920757474e+00
4.909647780167742503e+00
4.909942546724213486e+00
4.910221395506394693e+00
4.910482547352892801e+00
4.910729273534251149e+00
4.910961347627324614e+00
4.911181999123527042e+00
4.911391264772844600e+00
4.911588262631428670e+00
4.911774405999912219e+00
4.911948922420723562e+00
4.912114255460783063e+00
4.912270457516297206e+00
4.912421036879405456e+00
4.912565531567544497e+00
4.912702744942963662e+00
4.912834318526894783e+00
4.912959646149412052e+00
4.913081519282296306e+00
4.913199547198474626e+00
4.913315595458133345e+00
4.913427711729763558e+00
4.913535882658195852e+00
4.913642177129966981e+00
4.913749163304326650e+00
4.913860329226461765e+00
4.913974024453072076e+00
4.914090394279790885e+00
4.914211175800172526e+00
4.914338801498395526e+00
4.914476916533765838e+00
4.914623548774851081e+00
4.914779182528016044e+00
4.914940480706150971e+00
4.915106661734039761e+00
4.915279306513126834e+00
4.915459927325007250e+00
4.915649746754077398e+00
4.915849913046566932e+00
4.916061997362284330e+00
4.916284042247442088e+00
4.916518881660757678e+00
4.916765413940756169e+00
4.917027065758465376e+00
4.917304309219925784e+00
4.917594187860251154e+00
4.917899048593699973e+00
4.918217447106598250e+00
4.918552471143065929e+00
4.918903385330794187e+00
4.919273637649474118e+00
4.919663992565928012e+00
4.920071497489569623e+00
4.920498576653060674e+00
4.920943907541094120e+00
4.921410549697337267e+00
4.921899085049388667e+00
4.922407306698023177e+00
4.922932214257180306e+00
4.923469994743227218e+00
4.924022017312108090e+00
4.924587260526477550e+00
4.925169232194183344e+00
4.925769581724760648e+00
4.926387299750802029e+00
4.927020089779850842e+00
4.927664571557996531e+00
4.928322725449560515e+00
4.928995156218168638e+00
4.929679931257721748e+00
4.930374087919349613e+00
4.931074143727177450e+00
4.931781818349713298e+00
4.932496632565612771e+00
4.933221920062657695e+00
4.933959022317883303e+00
4.934706449438687414e+00
4.935462679196949587e+00
4.936225005020256518e+00
4.936995743592139441e+00
4.937775593404527541e+00
4.938563225497362374e+00
4.939356649522540721e+00
4.940153184165116507e+00
4.940955044557211018e+00
4.941762813259718001e+00
4.942575179044959022e+00
4.943390182633753405e+00
4.944205297236200281e+00
4.945022666607852280e+00
4.945842795004007364e+00
4.946664825160858925e+00
4.947487547029612465e+00
4.948309148480054986e+00
4.949128381465433435e+00
4.949944108803627785e+00
4.950750330318569148e+00
4.951543048028706373e+00
4.952319640447257143e+00
4.953078370396849728e+00
4.953817857135889291e+00
4.954537148033138827e+00
4.955235813786145194e+00
4.955913155157919192e+00
4.956569162909740811e+00
4.957203444694036953e+00
4.957815939863079890e+00
4.958407645639830719e+00
4.958981824782544123e+00
4.959540063557080991e+00
4.960082175736181043e+00
4.960607446511140495e+00
4.961115517509034234e+00
4.961609127861312807e+00
4.962089454722456772e+00
4.962555998382025102e+00
4.963007788252882690e+00
4.963444152590684944e+00
4.963867797856085673e+00
4.964279957865231907e+00
4.964680346329564564e+00
4.965067673479074628e+00
4.965440889154429271e+00
4.965803090412968857e+00
4.966155834873073438e+00
4.966503730793349725e+00
4.966849379842035894e+00
4.967192972344212087e+00
4.967534428355148357e+00
4.967872685794583631e+00
4.968211115640452036e+00
4.968551402878811807e+00
4.968893037964454251e+00
4.969235349786331746e+00
4.969576782886734989e+00
4.969920543399504176e+00
4.970268155229142337e+00
4.970620057699135508e+00
4.970976851773312610e+00
4.971338118319264865e+00
4.971703733471088960e+00
4.972073623542541121e+00
4.972447151918761854e+00
4.972824090239457817e+00
4.973203629446081742e+00
4.973585147117131733e+00
4.973968339902214986e+00
4.974352379259518564e+00
4.974736917656712443e+00
4.975121097904495748e+00
4.975504083637945385e+00
4.975885492754034800e+00
4.976266955104523326e+00
4.976647634622509031e+00
4.977029667128676671e+00
4.977412550453895967e+00
4.977798607465678593e+00
4.978187662777358469e+00
4.978577234973067256e+00
4.978968695294910596e+00
4.979360857722216593e+00
4.979755716849918024e+00
4.980152834509367743e+00
4.980549473767038826e+00
4.980946819563266459e+00
4.981343640168068632e+00
4.981741912928279170e+00
4.982141056884881181e+00
4.982543341223951039e+00
4.982948506702537195e+00
4.983354005669112574e+00
4.983761174310799902e+00
4.984168826942203090e+00
4.984578971904574551e+00
4.984991042022464569e+00
4.985402330648955882e+00
4.985814033229705622e+00
4.986224945415613341e+00
4.986637064074036729e+00
4.987049732920585399e+00
4.987464764793275940e+00
4.987880458054005040e+00
4.988297785525080741e+00
4.988719899956937986e+00
4.989145658020731844e+00
4.989576761913355085e+00
4.990011250008697274e+00
4.990449874293858556e+00
4.990895874095016893e+00
4.991348025430792923e+00
4.991808040370100841e+00
4.992273897756691170e+00
4.992746612136120810e+00
4.993224141155239160e+00
4.993701610495205223e+00
4.994178200145120705e+00
4.994650487680786455e+00
4.995118141253345634e+00
4.995578373079054835e+00
4.996031493921630151e+00
4.996479739141516774e+00
4.996921873916738477e+00
4.997359083262139734e+00
4.997789573226921966e+00
4.998214046289080059e+00
4.998631979380602885e+00
4.999041465897913206e+00
4.999440441173370608e+00
4.999826266770121208e+00
5.000198031035122170e+00
5.000555668254253128e+00
5.000899815414902250e+00
5.001230789353009243e+00
5.001544998329934266e+00
5.001840737466570985e+00
5.002117741820272911e+00
5.002376368869899004e+00
5.002616463941392588e+00
5.002834555269089378e+00
5.003028542273549206e+00
5.003198387664615332e+00
5.003344110841736914e+00
5.003465773616791346e+00
5.003559857741802119e+00
5.003624084521889337e+00
5.003658662983090366e+00
5.003663345677942687e+00
5.003639238111373899e+00
5.003585046439130046e+00
5.003500590932254966e+00
5.003388265839476823e+00
5.003248960825313674e+00
5.003086621987332450e+00
5.002902064754326084e+00
5.002696052810806648e+00
5.002471864076960983e+00
5.002231056934852482e+00
5.001977909656871724e+00
5.001713949686545035e+00
5.001439106317866923e+00
5.001152212678154463e+00
5.000851422439030358e+00
5.000538907984903858e+00
5.000215382392219077e+00
4.999884635510555064e+00
4.999548323902003766e+00
4.999205990883222483e+00
4.998861451151482171e+00
4.998515842037908996e+00
4.998174005339557802e+00
4.997838109063620138e+00
4.997508067304903712e+00
4.997182814779395521e+00
4.996860115344340159e+00
4.996542537140364004e+00
4.996230404770637179e+00
4.995927695075685904e+00
4.995636424052231739e+00
4.995356264377646127e+00
4.995086024275682490e+00
4.994823086413256341e+00
4.994569938222578109e+00
4.994327326121441146e+00
4.994094097654037334e+00
4.993868341690562040e+00
4.993647098953537977e+00
4.993432625590526364e+00
4.993224982659035582e+00
4.993028145490849390e+00
4.992843926383816466e+00
4.992671963444613503e+00
4.992511356512719267e+00
4.992360095980279411e+00
4.992221784417218977e+00
4.992098291258028731e+00
4.991989898218474053e+00
4.991896164280062997e+00
4.991815610744691156e+00
4.991748890078327783e+00
4.991699491816273593e+00
4.991665520041881798e+00
4.991648545160589201e+00
4.991645558949841188e+00
4.991657242363602087e+00
4.991680676663111882e+00
4.991713030513658111e+00
4.991751941885615551e+00
4.991794872000629546e+00
4.991839661710712583e+00
4.991884073070998795e+00
4.991925985157307011e+00
4.991966431705098906e+00
4.992003245703693359e+00
4.992037098822932784e+00
4.992065867924414313e+00
4.992090309188517594e+00
4.992113212727291582e+00
4.992133659940029666e+00
4.992153210545239972e+00
4.992170317632426801e+00
4.992185902748770054e+00
4.992197954455205533e+00
4.992202352261393195e+00
4.992198587315379577e+00
4.992183987792104816e+00
4.992158632190421663e+00
4.992120502705674312e+00
4.992070437425735641e+00
4.992011165952298768e+00
4.991942166800598990e+00
4.991865160770703191e+00
4.991779217243183631e+00
4.991685746235760668e+00
4.991587273756031173e+00
4.991482135744754522e+00
4.991370618471864695e+00
4.991249881887798168e+00
4.991119686884796458e+00
4.990981480579813834e+00
4.990836009521027350e+00
4.990683788916086883e+00
4.990525044387196019e+00
4.990360249428068329e+00
4.990194190291678211e+00
4.990030091179526117e+00
4.989870025495058314e+00
4.989715357663101258e+00
4.989567014861843397e+00
4.989425419650962645e+00
4.989290877969925653e+00
4.989163419527923971e+00
4.989042867839327045e+00
4.988929158186530266e+00
4.988821952657764847e+00
4.988720862220964669e+00
4.988628424944349327e+00
4.988543163349845599e+00
4.988466766400256880e+00
4.988397093618282874e+00
4.988335458913812914e+00
4.988280001346018011e+00
4.988225987356152302e+00
4.988173011390489187e+00
4.988117799649943507e+00
4.988060452274975631e+00
4.987998464175497304e+00
4.987932274623769757e+00
4.987864558652970182e+00
4.987794395245606971e+00
4.987723309717136289e+00
4.987649792677717464e+00
4.987574839892793044e+00
4.987496482341546411e+00
4.987410654298025214e+00
4.987316662951368329e+00
4.987211751940655802e+00
4.987095793004142408e+00
4.986966445979656548e+00
4.986824616690161527e+00
4.986672629642296073e+00
4.986509950499045551e+00
4.986337861179370279e+00
4.986154957751741001e+00
4.985962710327465963e+00
4.985763348846695031e+00
4.985558094869366741e+00
4.985346697329542387e+00
4.985128337985833546e+00
4.984902241270056322e+00
4.984671744688412787e+00
4.984438711668363275e+00
4.984203413057139542e+00
4.983965439501217176e+00
4.983723929173311085e+00
4.983482550050131188e+00
4.983243252358399822e+00
4.983010103630833854e+00
4.982783195025289658e+00
4.982565391029234014e+00
4.982355756892824949e+00
4.982156222092920750e+00
4.981971337034369007e+00
4.981800961068833189e+00
4.981648374482060326e+00
4.981512410345489528e+00
4.981395627328195630e+00
4.981297285792419594e+00
4.981214487173596162e+00
4.981149353546091341e+00
4.981101250991226692e+00
4.981073413196021704e+00
4.981066825981718793e+00
4.981079816099256874e+00
4.981113930372988108e+00
4.981166806994473006e+00
4.981239189031070325e+00
4.981329110553955886e+00
4.981431080075448214e+00
4.981544162109961427e+00
4.981664570337628106e+00
4.981791806510185161e+00
4.981922444068363376e+00
4.982056275783573795e+00
4.982195598753636823e+00
4.982338897688781465e+00
4.982487211255822501e+00
4.982638232419732915e+00
4.982792490022722731e+00
4.982952163881155805e+00
4.983114675516725711e+00
4.983279786305966574e+00
4.983443750767502678e+00
4.983605423653964195e+00
4.983765689013989864e+00
4.983926525162997834e+00
4.984090892458799438e+00
4.984256943846586019e+00
4.984424903924109529e+00
4.984595510764512127e+00
4.984769594325218378e+00
4.984948489601257471e+00
4.985128022591116093e+00
4.985305917999239611e+00
4.985481356317641222e+00
4.985654151095541664e+00
4.985824610228182685e+00
4.985993340975137578e+00
4.986161373062524049e+00
4.986329726977738908e+00
4.986499887938144582e+00
4.986673059920313733e+00
4.986850740956607630e+00
4.987034500698093176e+00
4.987220510421786379e+00
4.987406728798989164e+00
4.987592379516456731e+00
4.987777400585357235e+00
4.987962005110923691e+00
4.988146622227970894e+00
4.988331949962769407e+00
4.988518590471243463e+00
4.988707279107069681e+00
4.988898424050306701e+00
4.989092881801075130e+00
4.989291263251102393e+00
4.989490705049133723e+00
4.989690901795870381e+00
4.989893365456259389e+00
4.990095797470307737e+00
4.990297941314525865e+00
4.990496429848022331e+00
4.990690714335539013e+00
4.990881848438181834e+00
4.991071055764801478e+00
4.991258459268606451e+00
4.991444489611781776e+00
4.991628908319867719e+00
4.991811768496877910e+00
4.991993487878239932e+00
4.992174215121663927e+00
4.992354454966730692e+00
4.992534480663485041e+00
4.992714733193165166e+00
4.992895791372752079e+00
4.993077916214710754e+00
4.993261746978856053e+00
4.993447575299537533e+00
4.993636059863961307e+00
4.993827504246033833e+00
4.994022335773803611e+00
4.994221165488012204e+00
4.994424315812535653e+00
4.994632494273133716e+00
4.994846013440288779e+00
4.995065349983520697e+00
4.995291205114222421e+00
4.995522436937785749e+00
4.995757104801483273e+00
4.995992383929439562e+00
4.996230582232125350e+00
4.996472020531543379e+00
4.996720693195708662e+00
4.996978448676415496e+00
4.997244920107075217e+00
4.997518848451324658e+00
4.997797701629349554e+00
4.998084088163921024e+00
4.998378504114696419e+00
4.998679965278602921e+00
4.998986401884353725e+00
4.999294924168385279e+00
4.999607917322316020e+00
4.999925645133951768e+00
5.000247100210287954e+00
5.000570153622427405e+00
5.000892136311628100e+00
5.001214572145141979e+00
5.001536892457404626e+00
5.001861948101321786e+00
5.002190030655364161e+00
5.002519229082863284e+00
5.002851840211551604e+00
5.003187594665686966e+00
5.003529701596598045e+00
5.003878826266627833e+00
5.004233325487475348e+00
5.004590401007335210e+00
5.004946259065073733e+00
5.005301762028137702e+00
5.005655795326926949e+00
5.006009736462035065e+00
5.006361809885598646e+00
5.006712880684530909e+00
5.007066026805436998e+00
5.007420153907038873e+00
5.007776902085640636e+00
5.008134433543781405e+00
5.008493582187692361e+00
5.008852245575289075e+00
5.009207022442024204e+00
5.009558892800014540e+00
5.009906785404783847e+00
5.010253027780455781e+00
5.010597491479021670e+00
5.010937985918026527e+00
5.011276447428863356e+00
5.011612366801601048e+00
5.011948587326807036e+00
5.012285373537342714e+00
5.012620614720979972e+00
5.012951909890869473e+00
5.013276301911572475e+00
5.013590853056411945e+00
5.013892933438073740e+00
5.014183402983944049e+00
5.014461299898576030e+00
5.014728116179358430e+00
5.014983060760896727e+00
5.015223780321430347e+00
5.015451237177949828e+00
5.015664606048266805e+00
5.015865628337961013e+00
5.016053467924248999e+00
5.016225835280965661e+00
5.016383652901750700e+00
5.016526168352467785e+00
5.016655059997467525e+00
5.016770205097748736e+00
5.016873618979483140e+00
5.016964823697238174e+00
5.017041849713316459e+00
5.017105756151032381e+00
5.017155898060193131e+00
5.017194050993314391e+00
5.017219444774565495e+00
5.017229919590064036e+00
5.017226460816347711e+00
5.017208380323610051e+00
5.017177391875776493e+00
5.017132656145149028e+00
5.017071991664598052e+00
5.016996379838565723e+00
5.016905253510230089e+00
5.016800331947633751e+00
5.016681637493202395e+00
5.016550918434987238e+00
5.016407922757098348e+00
5.016250590597520542e+00
5.016080013075153055e+00
5.015895702288725388e+00
5.015699087240974130e+00
5.015489671518334802e+00
5.015265219518223461e+00
5.015026701287607303e+00
5.014773566116820014e+00
5.014507219334373822e+00
5.014227140330950405e+00
5.013931770724484593e+00
5.013623105240294642e+00
5.013301506442259026e+00
5.012969764759074742e+00
5.012628760141561557e+00
5.012277470966110648e+00
5.011917088729570757e+00
5.011546061103474337e+00
5.011165211525987040e+00
5.010775585760602446e+00
5.010380733263918529e+00
5.009981451881357017e+00
5.009581190896460257e+00
5.009180616763659444e+00
5.008783130151457819e+00
5.008389532816835299e+00
5.007997994748182968e+00
5.007610779133864654e+00
5.007227375460097996e+00
5.006850664121338390e+00
5.006480901045033960e+00
5.006115865958165045e+00
5.005757585381399366e+00
5.005405443114468333e+00
5.005062192780205699e+00
5.004727565263636713e+00
5.004404871491021645e+00
5.004094704621707912e+00
5.003794967820171635e+00
5.003507873331431099e+00
5.003232624613915824e+00
5.002972204917345955e+00
5.002727033690784531e+00
5.002494685732993496e+00
5.002277355035070983e+00
5.002074088947150443e+00
5.001888030086877990e+00
5.001719081391813759e+00
5.001569278202252278e+00
5.001434696744428976e+00
5.001313665061490887e+00
5.001206323950784238e+00
5.001113470494050972e+00
5.001037587294590914e+00
5.000975259304281550e+00
5.000924783841941945e+00
5.000886576778024839e+00
5.000861571449091159e+00
5.000852370644457423e+00
5.000855593046176217e+00
5.000870411714308794e+00
5.000891833996169211e+00
5.000917153804797621e+00
5.000946035973496961e+00
5.000979040089763572e+00
5.001017783167074349e+00
5.001059051462682703e+00
5.001101330909180298e+00
5.001145164975197233e+00
5.001191686689154814e+00
5.001242860331432283e+00
5.001297045386628781e+00
5.001355283320181755e+00
5.001415532691633636e+00
5.001478280144972643e+00
5.001546494475794802e+00
5.001618904903759599e+00
5.001696995570552140e+00
5.001778791900020060e+00
5.001864941529227337e+00
5.001958662382555154e+00
5.002058709654253477e+00
5.002166772986989862e+00
5.002280846814852744e+00
5.002401746482816769e+00
5.002527129360702318e+00
5.002655180664029366e+00
5.002783919106464694e+00
5.002911751604865565e+00
5.003036685371067271e+00
5.003156929946731779e+00
5.003271051532816927e+00
5.003377267671046624e+00
5.003474062522170307e+00
5.003559657818866135e+00
5.003632546462347008e+00
5.003691116309952669e+00
5.003733581564616451e+00
5.003758292954176845e+00
5.003763500959490962e+00
5.003747781854933407e+00
5.003709166271025133e+00
5.003646502953368547e+00
5.003557835176931867e+00
5.003441398835156484e+00
5.003295766266409927e+00
5.003119166532878026e+00
5.002912656275903203e+00
5.002676520610574329e+00
5.002411461176696328e+00
5.002114819104196641e+00
5.001784901174129772e+00
5.001422879511836506e+00
5.001028847622098539e+00
5.000605238641027128e+00
5.000153727943422055e+00
4.999676477762283966e+00
4.999176387155772616e+00
4.998655131647709027e+00
4.998115801738921782e+00
4.997560588868681819e+00
4.996991753133361414e+00
4.996407322774057747e+00
4.995806201251571821e+00
4.995189254323368466e+00
4.994557433093314458e+00
4.993912678027871976e+00
4.993257077673796118e+00
4.992592598537330062e+00
4.991921804363254722e+00
4.991247043425562246e+00
4.990571041668179220e+00
4.989896457681778585e+00
4.989225753734235269e+00
4.988561669553046585e+00
4.987906738410121221e+00
4.987263840103870471e+00
4.986635552907711322e+00
4.986025446879094325e+00
4.985431121105676766e+00
4.984851851055747574e+00
4.984289083892829098e+00
4.983744239325053726e+00
4.983221100086696609e+00
4.982716914156802623e+00
4.982230905035861745e+00
4.981764259675868445e+00
4.981318630429336203e+00
4.980897932613619794e+00
4.980499183388778839e+00
4.980122385399768703e+00
4.979765100928375432e+00
4.979431241194137492e+00
4.979122291898707253e+00
4.978839101234803444e+00
4.978582283689062749e+00
4.978352110052834512e+00
4.978149188014100446e+00
4.977973507644962048e+00
4.977824914001281797e+00
4.977703337252494364e+00
4.977608569667098415e+00
4.977540886329842706e+00
4.977500033930299495e+00
4.977485693642990761e+00
4.977497696678507388e+00
4.977535759699418527e+00
4.977599824364185466e+00
4.977690656897501675e+00
4.977803991162108588e+00
4.977938089300767643e+00
4.978094192664027418e+00
4.978268319270462428e+00
4.978459764825999834e+00
4.978663903730810247e+00
4.978878396241815274e+00
4.979103431175351702e+00
4.979340242086797375e+00
4.979591775718033020e+00
4.979855778771341335e+00
4.980131585183442233e+00
4.980420691515208276e+00
4.980725175361038204e+00
4.981048714141249611e+00
4.981389155196845664e+00
4.981747190649510770e+00
4.982118670786620740e+00
4.982502275700571914e+00
4.982898418824079023e+00
4.983308165254893396e+00
4.983732713642421430e+00
4.984173392350677467e+00
4.984632565523389403e+00
4.985106018553379315e+00
4.985591744962040828e+00
4.986089043426218836e+00
4.986597825209503121e+00
4.987119271042649515e+00
4.987648580069547144e+00
4.988183452742999791e+00
4.988722716974920424e+00
4.989266098136907246e+00
4.989814269463425767e+00
4.990362531165486004e+00
4.990908536496466041e+00
4.991451198193139760e+00
4.991990309874422493e+00
4.992526301364309305e+00
4.993059849585302246e+00
4.993591954517075493e+00
4.994120305920848324e+00
4.994645255575784759e+00
4.995164337227949503e+00
4.995677924859234231e+00
4.996188429701039269e+00
4.996694639506647384e+00
4.997197625595041437e+00
4.997695491160162540e+00
4.998188573825069092e+00
4.998675003456779287e+00
4.999151455568977553e+00
4.999618244725175131e+00
5.000073892692931565e+00
5.000519581767627564e+00
5.000954525391468231e+00
5.001380299250492101e+00
5.001795959356138965e+00
5.002198985363254913e+00
5.002590049873004929e+00
5.002968020657908355e+00
5.003334093573401198e+00
5.003687182399342959e+00
5.004024632456611776e+00
5.004347084606895812e+00
5.004653394198873784e+00
5.004944692733594991e+00
5.005220778728732611e+00
5.005482985186287870e+00
5.005730475387432321e+00
5.005960891782202715e+00
5.006174845076063029e+00
5.006371606378711370e+00
5.006552047948248152e+00
5.006715252469188471e+00
5.006858805823034331e+00
5.006983191356887630e+00
5.007087779980978759e+00
5.007173351929418814e+00
5.007240025489485546e+00
5.007289063236569859e+00
5.007319556830811536e+00
5.007329297539439672e+00
5.007319153334140793e+00
5.007288156194738882e+00
5.007237299290611787e+00
5.007165510380766626e+00
5.007070484511680242e+00
5.006952793492128961e+00
5.006811534078916104e+00
5.006647862890859280e+00
5.006461041947951607e+00
5.006251520967237134e+00
5.006020353144161383e+00
5.005769204037389564e+00
5.005499852230899549e+00
5.005214728606992125e+00
5.004916048484052027e+00
5.004605662530416055e+00
5.004285376710946309e+00
5.003956924645357240e+00
5.003622130384794531e+00
5.003282656451812471e+00
5.002936989558986802e+00
5.002586221328132687e+00
5.002229305027180217e+00
5.001867514407389415e+00
5.001499646013729539e+00
5.001127496926240035e+00
5.000754507562272799e+00
5.000380936643236574e+00
5.000009160978848399e+00
4.999638795895632093e+00
4.999272074891385031e+00
4.998907933836934880e+00
4.998543077489493669e+00
4.998177809348463008e+00
4.997810150614141023e+00
4.997441041475293666e+00
4.997068956313786003e+00
4.996695206022020663e+00
4.996323350897188931e+00
4.995953281043227889e+00
4.995587577788289657e+00
4.995225478304680777e+00
4.994869167177136582e+00
4.994517825475091932e+00
4.994167862130456825e+00
4.993819815335923451e+00
4.993471456585580448e+00
4.993123834250624782e+00
4.992775320565459474e+00
4.992427119432147897e+00
4.992083052253481590e+00
4.991742891116198066e+00
4.991409341400619759e+00
4.991081550238785525e+00
4.990761592170355421e+00
4.990450664913415935e+00
4.990149811400234725e+00
4.989859758043795779e+00
4.989581142055005358e+00
4.989314711099625654e+00
4.989060447631538331e+00
4.988818760482729431e+00
4.988589883079886711e+00
4.988374064030260513e+00
4.988171949541330363e+00
4.987983238442004641e+00
4.987808242837102668e+00
4.987646774897488200e+00
4.987499231189626236e+00
4.987366038119557921e+00
4.987248046273503377e+00
4.987140155868742930e+00
4.987040458848838398e+00
4.986943086456645524e+00
4.986844391046229674e+00
4.986743846606601416e+00
4.986641140958434804e+00
4.986537009436777801e+00
4.986427780786669040e+00
4.986311530783912538e+00
4.986188447220391673e+00
4.986058804836265068e+00
4.985924196425967736e+00
4.985786257447816006e+00
4.985646693684302022e+00
4.985502843955671892e+00
4.985353505849977829e+00
4.985198815163365715e+00
4.985039762422582399e+00
4.984877723321458731e+00
4.984711741522093398e+00
4.984543123111267349e+00
4.984374649930884082e+00
4.984210432429004634e+00
4.984055526178467588e+00
4.983909807983923912e+00
4.983775730902467060e+00
4.983651240827653872e+00
4.983537280928482360e+00
4.983436185024816112e+00
4.983351705722649072e+00
4.983289656249013433e+00
4.983249220737394403e+00
4.983232947920820166e+00
4.983239435739721834e+00
4.983269909548014631e+00
4.983321371602267291e+00
4.983393392518535414e+00
4.983489352969826314e+00
4.983607937360557294e+00
4.983750712314997777e+00
4.983915381266181832e+00
4.984101379348343741e+00
4.984307686968153739e+00
4.984528167548036848e+00
4.984761790784454583e+00
4.985004791973537408e+00
4.985256526565558843e+00
4.985513168445238286e+00
4.985772837216415176e+00
4.986035027692475197e+00
4.986299355125436428e+00
4.986565662792333598e+00
4.986834177805491208e+00
4.987105598247057792e+00
4.987381102761633933e+00
4.987661438754209087e+00
4.987947782205798042e+00
4.988240424173334020e+00
4.988540722338862921e+00
4.988849697301544595e+00
4.989168307783462986e+00
4.989497931452849144e+00
4.989839268478014844e+00
4.990193839634219586e+00
4.990559220018247366e+00
4.990937104301909066e+00
4.991325492861131252e+00
4.991726334134499510e+00
4.992138303781310071e+00
4.992556936296084658e+00
4.992982849816241853e+00
4.993413432578005740e+00
4.993850234674669153e+00
4.994291377330579706e+00
4.994732636327304576e+00
4.995174227210143592e+00
4.995613900015511533e+00
4.996052859427787318e+00
4.996489519255616685e+00
4.996925347151615959e+00
4.997358940693000129e+00
4.997786863970022253e+00
4.998209433297079229e+00
4.998624868544202293e+00
4.999034086766105389e+00
4.999435905890922349e+00
4.999831523823003998e+00
5.000219583215575803e+00
5.000597035961609649e+00
5.000964101778725635e+00
5.001319099853198225e+00
5.001662722194948785e+00
5.001993875617543495e+00
5.002313916461923249e+00
5.002625796331473751e+00
5.002929024642713607e+00
5.003224945964671377e+00
5.003512337563939205e+00
5.003791909611233102e+00
5.004062191231557044e+00
5.004324242381760435e+00
5.004580662215510678e+00
5.004830906281629410e+00
5.005076349677900716e+00
5.005315865951040166e+00
5.005550810547927831e+00
5.005784202127167681e+00
5.006015594212719577e+00
5.006246679073580452e+00
5.006476257427045162e+00
5.006705421677239976e+00
5.006931998918212834e+00
5.007157267129428213e+00
5.007384401953228092e+00
5.007612890566148778e+00
5.007844561228909974e+00
5.008077813463667205e+00
5.008313870320478145e+00
5.008550915105650425e+00
5.008784797789910037e+00
5.009014874661722239e+00
5.009238187076904048e+00
5.009454586489505701e+00
5.009661671856798115e+00
5.009857596924908840e+00
5.010040721616157100e+00
5.010209920334078859e+00
5.010364112148442572e+00
5.010502625482537553e+00
5.010624538569159903e+00
5.010729362417391641e+00
5.010816382823889192e+00
5.010884763777633033e+00
5.010934009675312772e+00
5.010964358376714500e+00
5.010980088917913911e+00
5.010983829378583998e+00
5.010977241540294891e+00
5.010961315840449792e+00
5.010936513705146034e+00
5.010903039045133234e+00
5.010861009980053460e+00
5.010811881033205850e+00
5.010757734488199056e+00
5.010701339697899215e+00
5.010640630579056953e+00
5.010575329774493269e+00
5.010501657804907971e+00
5.010418387759909997e+00
5.010326020593256047e+00
5.010225984115585618e+00
5.010120432252496592e+00
5.010007062169224312e+00
5.009885749487639650e+00
5.009757675152705758e+00
5.009624902463020391e+00
5.009489771822901893e+00
5.009350166615532451e+00
5.009206132354648844e+00
5.009058992682460243e+00
5.008910882581460555e+00
5.008764416488323157e+00
5.008617596539171934e+00
5.008470301326799934e+00
5.008319732878793396e+00
5.008166340250957305e+00
5.008007854890514032e+00
5.007844714202422054e+00
5.007679648638206693e+00
5.007511396609682031e+00
5.007341076150972015e+00
5.007166450467393837e+00
5.006987980116591963e+00
5.006808276676076197e+00
5.006629216090279222e+00
5.006451893222022775e+00
5.006277130727160518e+00
5.006105270065804191e+00
5.005937207598675442e+00
5.005773942579020641e+00
5.005614235863525607e+00
5.005461226027894561e+00
5.005315135015610650e+00
5.005179982517351078e+00
5.005057155551824621e+00
5.004945751611578508e+00
5.004844075512576040e+00
5.004749334991413612e+00
5.004664116442637756e+00
5.004588913294920616e+00
5.004526033663624141e+00
5.004472640600488909e+00
5.004428458122037071e+00
5.004389282051906029e+00
5.004353425639182618e+00
5.004321469672923683e+00
5.004289610205652217e+00
5.004256484712442443e+00
5.004217509319043522e+00
5.004170822286015508e+00
5.004116722772797843e+00
5.004056567916615350e+00
5.003992246234759023e+00
5.003921609496667422e+00
5.003844344978190861e+00
5.003761811031930407e+00
5.003676183744305561e+00
5.003590019446769510e+00
5.003501496537560378e+00
5.003410318232114129e+00
5.003314393571550056e+00
5.003214824198717103e+00
5.003110220226430371e+00
5.002998783866845933e+00
5.002883407975517116e+00
5.002765249860443575e+00
5.002647908068231786e+00
5.002531270169622957e+00
5.002417938261262798e+00
5.002307579404644322e+00
5.002198264402307970e+00
5.002092530204883758e+00
5.001990395401573863e+00
5.001895532830588742e+00
5.001809326735295436e+00
5.001730858626746823e+00
5.001659574447172574e+00
5.001595049369122137e+00
5.001537176583867428e+00
5.001486262338210587e+00
5.001436970684651762e+00
5.001385774299476061e+00
5.001330467722352680e+00
5.001269629769002023e+00
5.001202394374620219e+00
5.001128204948244615e+00
5.001046761897368853e+00
5.000957934883398792e+00
5.000861733973931855e+00
5.000758261912475966e+00
5.000647760554190135e+00
5.000530265587354251e+00
5.000406091510291695e+00
5.000275349001373826e+00
5.000138372265706899e+00
4.999995405980358854e+00
4.999846815968836289e+00
4.999694398296036901e+00
4.999541193916434700e+00
4.999390748561332032e+00
4.999247573231317965e+00
4.999110974780254679e+00
4.998982535720775111e+00
4.998859734171043456e+00
4.998742261891227834e+00
4.998632380337428849e+00
4.998527431263562804e+00
4.998427783827272819e+00
4.998330077136841076e+00
4.998233452233459495e+00
4.998139505683417916e+00
4.998050657900955152e+00
4.997970857935931654e+00
4.997898868493709124e+00
4.997835936019170866e+00
4.997779308663655939e+00
4.997728545716006998e+00
4.997685768566069164e+00
4.997648471197089215e+00
4.997616921909128429e+00
4.997587751992023541e+00
4.997560223549581515e+00
4.997535843582801007e+00
4.997517131263368384e+00
4.997507932386571206e+00
4.997507128708813973e+00
4.997515965382036462e+00
4.997531575550956617e+00
4.997553684131406548e+00
4.997584443560033840e+00
4.997621345258947301e+00
4.997664617015679767e+00
4.997710738656743423e+00
4.997759092980697204e+00
4.997811058750077251e+00
4.997869189725890671e+00
4.997937468997836419e+00
4.998014779914803363e+00
4.998102191877252132e+00
4.998196840430310317e+00
4.998298506918063211e+00
4.998409473965574890e+00
4.998527225055431344e+00
4.998651797226330018e+00
4.998779713748654707e+00
4.998910433244591722e+00
4.999045357680580004e+00
4.999187085809818853e+00
4.999339544274545410e+00
4.999501766827588511e+00
4.999674809374545781e+00
4.999855816163754518e+00
5.000044560995585030e+00
5.000243231136984434e+00
5.000449476712083730e+00
5.000663338997102692e+00
5.000881395977622823e+00
5.001103066340720105e+00
5.001329828523731535e+00
5.001563491527623029e+00
5.001805622228120640e+00
5.002058177296703434e+00
5.002323589683210336e+00
5.002598615684247463e+00
5.002881715842224075e+00
5.003172519416248853e+00
5.003471495755648313e+00
5.003780133337413893e+00
5.004094040379559516e+00
5.004411313146984064e+00
5.004731308356558550e+00
5.005054371789730006e+00
5.005381229244805219e+00
5.005712939598299549e+00
5.006051474907136978e+00
5.006393030867612559e+00
5.006735935755705746e+00
5.007079823896920523e+00
5.007424982213115605e+00
5.007772658304011415e+00
5.008118650340176004e+00
5.008461026199794830e+00
5.008799358666576218e+00
5.009133966588117381e+00
5.009465909101701975e+00
5.009796329498923839e+00
5.010126674682535253e+00
5.010453667440152969e+00
5.010775620029009225e+00
5.011092422739302776e+00
5.011404428337399963e+00
5.011712372996543152e+00
5.012012586691114713e+00
5.012303190701338451e+00
5.012583973467978460e+00
5.012855301317456380e+00
5.013118135616812410e+00
5.013373881675932786e+00
5.013623718772713289e+00
5.013865129970643153e+00
5.014097636290522075e+00
5.014321652319909006e+00
5.014538149912537435e+00
5.014748047818124554e+00
5.014947830629230552e+00
5.015135812186332309e+00
5.015311688766510123e+00
5.015475829601914626e+00
5.015628627850369448e+00
5.015766332945481132e+00
5.015887159234539538e+00
5.015990627803534885e+00
5.016077199489505034e+00
5.016147130559826195e+00
5.016197910182805586e+00
5.016229338217221390e+00
5.016243129329218675e+00
5.016242103180179157e+00
5.016228967492265767e+00
5.016202560851147574e+00
5.016163320901600997e+00
5.016109564296698409e+00
5.016042608289775551e+00
5.015960457256791294e+00
5.015860129386913613e+00
5.015741197752561220e+00
5.015602246752734139e+00
5.015443722500259049e+00
5.015264893366747856e+00
5.015067621010149246e+00
5.014854938543193974e+00
5.014627265023791303e+00
5.014386813516519936e+00
5.014133485934489265e+00
5.013869378740691829e+00
5.013593630238229792e+00
5.013303883584941723e+00
5.013001016347462091e+00
5.012684161073321043e+00
5.012355079061144636e+00
5.012013037620835831e+00
5.011658484010749426e+00
5.011292592963927817e+00
5.010916742428000781e+00
5.010532959519681029e+00
5.010142897336538503e+00
5.009748665845748405e+00
5.009347449286638110e+00
5.008937887369452113e+00
5.008520180701076185e+00
5.008094994134069111e+00
5.007663774459423678e+00
5.007226850843789379e+00
5.006784072189393697e+00
5.006339679441215829e+00
5.005895993045331949e+00
5.005454091361523972e+00
5.005014009221259386e+00
5.004575252837303978e+00
5.004136930226150248e+00
5.003697773410740623e+00
5.003261102407042138e+00
5.002828053354088311e+00
5.002398351213698469e+00
5.001970517157380947e+00
5.001542468375330230e+00
5.001116918182735738e+00
5.000694563581412844e+00
5.000279186784093888e+00
4.999871020770435770e+00
4.999473637907571266e+00
4.999087707518405921e+00
4.998710688545175529e+00
4.998344802713759805e+00
4.997988650209076233e+00
4.997645169391101483e+00
4.997314139610891992e+00
4.996992609954244102e+00
4.996682590196645180e+00
4.996382376371688139e+00
4.996094841218358340e+00
4.995819652235872432e+00
4.995553815520175078e+00
4.995299086856462623e+00
4.995053996617711434e+00
4.994821286021536189e+00
4.994600101156896343e+00
4.994392282466210808e+00
4.994194675038375664e+00
4.994006501181788238e+00
4.993828895824767855e+00
4.993663755792000281e+00
4.993514749022939903e+00
4.993379656194517402e+00
4.993258494815597359e+00
4.993152507307748067e+00
4.993063572819154139e+00
4.992995119646002067e+00
4.992944559000243920e+00
4.992911485477161015e+00
4.992894631327871480e+00
4.992892758801390052e+00
4.992903758220416321e+00
4.992930287854321136e+00
4.992971422863700326e+00
4.993030370967969311e+00
4.993107600007712144e+00
4.993200636730104058e+00
4.993307642238720589e+00
4.993426640509202485e+00
4.993556472622364240e+00
4.993695307998493149e+00
4.993841709374025939e+00
4.993994710576296292e+00
4.994152880646796078e+00
4.994315204397350882e+00
4.994480315298349460e+00
4.994646936599672848e+00
4.994814225566148735e+00
4.994980882853775839e+00
4.995145752188324906e+00
4.995307502206921768e+00
4.995464920215815674e+00
4.995616984963924700e+00
4.995762465624646431e+00
4.995900201909751814e+00
4.996028984739022683e+00
4.996147576086731767e+00
4.996254847134040666e+00
4.996350142220543411e+00
4.996433050018312727e+00
4.996503409743817237e+00
4.996561136465096808e+00
4.996606271695854140e+00
4.996638885390055407e+00
4.996659083583434580e+00
4.996667021449464841e+00
4.996662863879681282e+00
4.996647158179183812e+00
4.996622646539688795e+00
4.996589523814836120e+00
4.996546330442868111e+00
4.996494820160076067e+00
4.996434839810461881e+00
4.996368803493895783e+00
4.996296591856734359e+00
4.996216507214338520e+00
4.996130186249719607e+00
4.996037403191658122e+00
4.995940511455047250e+00
4.995839560195092233e+00
4.995735252625528311e+00
4.995623254613239084e+00
4.995501640294897072e+00
4.995369580579208879e+00
4.995227197180721390e+00
4.995075419661809235e+00
4.994913917710293916e+00
4.994742942159284382e+00
4.994566007410395692e+00
4.994385578935255587e+00
4.994202301469854000e+00
4.994015849461069578e+00
4.993826205064764601e+00
4.993636909802664725e+00
4.993450515684892288e+00
4.993267643996735394e+00
4.993088476103950235e+00
4.992912135371226690e+00
4.992737253853339219e+00
4.992562767532874091e+00
4.992388423835147471e+00
4.992214869824456613e+00
4.992042894852565027e+00
4.991873607062951912e+00
4.991708578211472513e+00
4.991549291094051100e+00
4.991397691895469890e+00
4.991255362560257147e+00
4.991124235387177421e+00
4.991006955034316128e+00
4.990899902112068354e+00
4.990801536212893907e+00
4.990711261579055424e+00
4.990629518865827841e+00
4.990557075678591303e+00
4.990494170771199833e+00
4.990440010354142863e+00
4.990399196478758626e+00
4.990374908689629407e+00
4.990368024283889703e+00
4.990379302311559684e+00
4.990407660983838589e+00
4.990452992220745898e+00
4.990513522735201768e+00
4.990593050223179894e+00
4.990694808585904418e+00
4.990818730824029714e+00
4.990966861740088412e+00
4.991137521330601068e+00
4.991329945557153813e+00
4.991542863015419940e+00
4.991778950028455952e+00
4.992038525052703513e+00
4.992323898457326159e+00
4.992633656438775880e+00
4.992972020384260468e+00
4.993338972095736850e+00
4.993732782181688812e+00
4.994154772784897389e+00
4.994603638042100613e+00
4.995082201313564951e+00
4.995591192458161522e+00
4.996129163120278882e+00
4.996691927302966185e+00
4.997274336319753374e+00
4.997877209920772223e+00
4.998498147864231633e+00
4.999139168102630038e+00
4.999799527217038353e+00
5.000475951720363632e+00
5.001170733560210024e+00
5.001882236291056216e+00
5.002613465030080420e+00
5.003364428047423651e+00
5.004131866235619341e+00
5.004917287070636434e+00
5.005718239236953693e+00
5.006536879379634541e+00
5.007371820871118651e+00
5.008218224633815829e+00
5.009076756898644511e+00
5.009944219354871109e+00
5.010822077010158360e+00
5.011708357621316168e+00
5.012600865427737418e+00
5.013497385520821581e+00
5.014396176327354127e+00
5.015293029833920002e+00
5.016181894455439050e+00
5.017060825664884760e+00
5.017926172528750506e+00
5.018777045075185406e+00
5.019610762436278684e+00
5.020426577616819763e+00
5.021221082423218185e+00
5.021990419987924170e+00
5.022732800681479759e+00
5.023445917059072841e+00
5.024128601838239838e+00
5.024778653595932454e+00
5.025395960014649610e+00
