0.000000000000000000e+00
0.000000000000000000e+00
-1.294313392463664164e-08
-7.755636147521726935e-08
-2.404498457053706368e-07
-5.231110856129818575e-07
-9.751738991781169190e-07
-1.460721688317790405e-06
-2.236121655414536187e-06
2.291058916625844283e-06
1.611468221994983907e-05
4.089796289804327353e-05
8.396133154633394374e-05
1.492540010065113664e-04
2.451988992095266830e-04
3.777170956880128677e-04
5.486312539130722621e-04
7.651716687530550317e-04
1.032715349718955639e-03
1.359379611238864180e-03
1.746755860075381150e-03
2.209232247695353153e-03
2.747204250916865029e-03
3.368716894909765981e-03
4.081699981614972730e-03
4.896515964791204115e-03
5.814869835302257338e-03
6.854057892486477288e-03
8.013013511225606372e-03
9.300535678192996952e-03
1.072761288218202803e-02
1.229567086629572079e-02
1.400718232922258492e-02
1.588017097048463611e-02
1.791538095407189946e-02
2.012913277678193835e-02
2.251840045981111371e-02
2.509082546763124338e-02
2.786365678839388543e-02
3.083391240172090805e-02
3.399355700545016179e-02
3.734714618258182239e-02
4.089083573155109785e-02
4.465253582529727511e-02
4.862052074007693070e-02
5.281370183758439529e-02
5.724105945162476922e-02
6.188477387957277281e-02
6.678245058588686001e-02
7.191314151816072253e-02
7.731194129519167180e-02
8.296276798777282857e-02
8.884736290507018464e-02
9.496459951929744903e-02
1.013146518760174031e-01
1.078752910190075298e-01
1.146591042571514507e-01
1.216593711667507544e-01
1.288770859532802904e-01
1.363184147172420979e-01
1.439861213260143769e-01
1.518395893865078505e-01
1.599029057317226665e-01
1.681651072793452772e-01
1.766431253247706945e-01
1.853279112868754519e-01
1.941888659291713115e-01
2.032382928424327495e-01
2.124704067998378354e-01
2.218932580047099923e-01
2.315260153108089358e-01
2.413295035653560683e-01
2.513072436147182342e-01
2.614503495984524251e-01
2.717788105302303969e-01
2.822781734757870975e-01
2.929760043912381096e-01
3.038479094796626701e-01
3.149212568097560228e-01
3.261752908521143857e-01
3.375854306512324210e-01
3.491601329141107435e-01
3.608826558881251256e-01
3.727692430310694527e-01
3.848123293214288920e-01
3.970275848203150271e-01
4.094135933213680079e-01
4.219787388139217277e-01
4.347249429517239250e-01
4.476904456906765639e-01
4.608282583051175330e-01
4.741821449094265062e-01
4.877413194470852087e-01
5.015362160497157662e-01
5.155539207749813002e-01
5.297358446412533395e-01
5.440978579812497662e-01
5.586293130212277580e-01
5.733515053086728486e-01
5.882705920033902691e-01
6.034042947583646566e-01
6.187482242875547156e-01
6.343134813600033173e-01
6.500953822427243400e-01
6.661053674512357192e-01
6.823436432176084310e-01
6.987606864266844298e-01
7.153729265027494177e-01
7.321608643823118712e-01
7.491599338345976689e-01
7.663506667905302105e-01
7.837604599290344254e-01
8.013710241609069973e-01
8.192098443799469276e-01
8.372574155621979042e-01
8.554915504746887223e-01
8.739279167943452276e-01
8.925392620854829540e-01
9.113506465249512356e-01
9.303757958703493536e-01
9.496258883767579873e-01
9.690998940759156799e-01
9.887536721520876482e-01
1.008606527357623683e+00
1.028632133513019298e+00
1.048859043627307752e+00
1.069303398638294489e+00
1.089966638594196624e+00
1.110839202909992496e+00
1.131907306223438381e+00
1.153177402525470852e+00
1.174646726160572197e+00
1.196329336672351973e+00
1.218263903170154983e+00
1.240491719751881217e+00
1.263023236303852936e+00
1.285812991171406239e+00
1.308894124537037129e+00
1.332275310068653296e+00
1.355903366117999775e+00
1.379811010866687671e+00
1.404012671022937475e+00
1.428444223909900224e+00
1.453150094061420150e+00
1.478135872393177008e+00
1.503346143274829849e+00
1.528815434485004676e+00
1.554564588575885864e+00
1.580520508795307366e+00
1.606736462622211592e+00
1.633215828447864615e+00
1.659910462408588527e+00
1.686859646349475828e+00
1.714083281069324283e+00
1.741551340132281966e+00
1.769219775705859643e+00
1.797076821833178961e+00
1.825123761206195239e+00
1.853405564337299083e+00
1.881913061647937591e+00
1.910686564951465494e+00
1.939768727331683706e+00
1.969087102919147014e+00
1.998643239050433618e+00
2.028390782385394608e+00
2.058349841146991821e+00
2.088525641470477812e+00
2.118930030375048901e+00
2.149510844259783671e+00
2.180294027834460469e+00
2.211255918055103020e+00
2.242370338945911534e+00
2.273618250399159102e+00
2.304989367037342696e+00
2.336443360357808086e+00
2.367980859785603354e+00
2.399601207285451121e+00
2.431282222776936397e+00
2.463006949930714562e+00
2.494749987631367905e+00
2.526495118647145599e+00
2.558206482439565388e+00
2.589867754488516027e+00
2.621461935549306510e+00
2.652979805975484773e+00
2.684403074293661096e+00
2.715722446947622437e+00
2.746923685579824248e+00
2.777997887640524244e+00
2.808948970346975660e+00
2.839763300924825984e+00
2.870450273066091906e+00
2.900995629339742532e+00
2.931409590750264638e+00
2.961672297030019330e+00
2.991777399092244494e+00
3.021710470228718748e+00
3.051465263872670253e+00
3.081026604681538661e+00
3.110391943960713501e+00
3.139549103289173804e+00
3.168495839148091076e+00
3.197268145590351995e+00
3.225851552992391014e+00
3.254270315676259351e+00
3.282511044054555072e+00
3.310564945250081159e+00
3.338409600763844409e+00
3.366025031118916377e+00
3.393397126703785904e+00
3.420517936258839597e+00
3.447370582132863071e+00
3.473951414137410154e+00
3.500246973543690743e+00
3.526291003733204921e+00
3.552061486750172747e+00
3.577550724058674803e+00
3.602743487864064509e+00
3.627638013868855538e+00
3.652227716951893743e+00
3.676514404326008734e+00
3.700493801146077288e+00
3.724170094042347667e+00
3.747536283045338479e+00
3.770607982187794693e+00
3.793377757578419995e+00
3.815861282854604131e+00
3.838051448374318664e+00
3.859961865454244467e+00
3.881536131411122970e+00
3.902796252279805422e+00
3.923699000387715685e+00
3.944274507074879477e+00
3.964483140020894414e+00
3.984311714678335115e+00
4.003793163805532629e+00
4.022914500742483135e+00
4.041704756527471964e+00
4.060192616491842266e+00
4.078344579248953217e+00
4.096194588451909979e+00
4.113714780121373593e+00
4.130997239857244097e+00
4.147994282751606754e+00
4.164782104998157486e+00
4.181310011654423064e+00
4.197636838465259146e+00
4.213762678413914387e+00
4.229703490047977965e+00
4.245446082859563042e+00
4.261026263742970777e+00
4.276419065504597938e+00
4.291644725113438419e+00
4.306697985439823739e+00
4.321586183815524507e+00
4.336298161058948608e+00
4.350852120428607250e+00
4.365231004267260850e+00
4.379448774366900388e+00
4.393498259096667802e+00
4.407382559090184060e+00
4.421093417912053347e+00
4.434641235380696322e+00
4.447992735415028598e+00
4.461150415449665729e+00
4.474132088928746143e+00
4.486912385731267605e+00
4.499490836172627795e+00
4.511877460985707522e+00
4.524053001909779326e+00
4.536020669251011661e+00
4.547792249231862094e+00
4.559349564819859424e+00
4.570700693636464251e+00
4.581870985537098484e+00
4.592837455778645328e+00
4.603603376656101531e+00
4.614162797241734282e+00
4.624520932941959650e+00
4.634685485868977217e+00
4.644651575594472170e+00
4.654422683625744739e+00
4.663977317123936928e+00
4.673335713058042629e+00
4.682505132465887954e+00
4.691467465668249126e+00
4.700246959834623262e+00
4.708822017221973688e+00
4.717197684555576309e+00
4.725370867758320159e+00
4.733343496232556014e+00
4.741126001983212213e+00
4.748715486436413613e+00
4.756116224437283435e+00
4.763310804276990496e+00
4.770319772868679919e+00
4.777122661977338147e+00
4.783729177027272073e+00
4.790150976090955304e+00
4.796377081184910907e+00
4.802423351316975619e+00
4.808275757341908374e+00
4.813943613677547084e+00
4.819410006909893518e+00
4.824675488381908295e+00
4.829726769834087996e+00
4.834563467710541573e+00
4.839207357078121774e+00
4.843644189744519046e+00
4.847891208737419966e+00
4.851934939532803526e+00
4.855773824065254374e+00
4.859427286594436346e+00
4.862883112340496083e+00
4.866157625823543498e+00
4.869241041152999827e+00
4.872145372539088193e+00
4.874881604521796419e+00
4.877445181220099180e+00
4.879844549506232809e+00
4.882076281666085649e+00
4.884147634863183818e+00
4.886069676636980219e+00
4.887840424835013131e+00
4.889466337322520673e+00
4.890946110247898382e+00
4.892287355869341603e+00
4.893498476430106159e+00
4.894578178583908645e+00
4.895534717499542054e+00
4.896367433204579456e+00
4.897082950531769008e+00
4.897688899769711668e+00
4.898186009473431746e+00
4.898581410370099753e+00
4.898879657875078841e+00
4.899092413041072014e+00
4.899226374061109723e+00
4.899288417378702576e+00
4.899285365940740711e+00
4.899222769436165414e+00
4.899109322500153851e+00
4.898951838479115750e+00
4.898757635147048539e+00
4.898534795415326215e+00
4.898288903959764795e+00
4.898025716242117689e+00
4.897752295636308872e+00
4.897474486768913948e+00
4.897200358804983722e+00
4.896936082743775565e+00
4.896685782425772793e+00
4.896457290087562697e+00
4.896255128119808120e+00
4.896088612449091215e+00
4.895964893509370697e+00
4.895888792045151483e+00
4.895863198066799704e+00
4.895887653049285859e+00
4.895970329115370667e+00
4.896116698062251693e+00
4.896331079000811215e+00
4.896615877295117158e+00
4.896973072992842901e+00
4.897405794928056721e+00
4.897915573487265029e+00
4.898499397332056304e+00
4.899155298168046180e+00
4.899877958962902014e+00
4.900666068265421949e+00
4.901520080412013591e+00
4.902440686295015837e+00
4.903421171078664820e+00
4.904460345352275041e+00
4.905554246077520553e+00
4.906699935341460872e+00
4.907895940536839419e+00
4.909137345472556646e+00
4.910420679519159393e+00
4.911741471508723755e+00
4.913094025919420460e+00
4.914474482158405877e+00
4.915882448176128072e+00
4.917318732211570342e+00
4.918778812656381838e+00
4.920257345656135151e+00
4.921749857435204767e+00
4.923255772063711788e+00
4.924775499174574023e+00
4.926303561398961861e+00
4.927834965059737726e+00
4.929364979485254317e+00
4.930893165538290823e+00
4.932418949077110426e+00
4.933937558004836355e+00
4.935443978080729543e+00
4.936934270182828044e+00
4.938407622346858261e+00
4.939861773023585201e+00
4.941292538861016048e+00
4.942694671819189978e+00
4.944064338872412812e+00
4.945401229331474191e+00
4.946704481164197809e+00
4.947969676027279107e+00
4.949193717012386529e+00
4.950371979022603064e+00
4.951506171146612623e+00
4.952592015410046677e+00
4.953628328511696211e+00
4.954611076707225337e+00
4.955534316966515362e+00
4.956399086708408674e+00
4.957203157538754290e+00
4.957949917236549098e+00
4.958635386223179786e+00
4.959260778347237775e+00
4.959827480236276287e+00
4.960333376372441094e+00
4.960781716661735175e+00
4.961171536961777484e+00
4.961506692873520308e+00
4.961784649523181656e+00
4.962007030857933820e+00
4.962175506329371544e+00
4.962288125328926824e+00
4.962347766053138542e+00
4.962354617997047690e+00
4.962314098079664504e+00
4.962229958533284524e+00
4.962105926548105117e+00
4.961945191112321574e+00
4.961747840859901615e+00
4.961517809175861160e+00
4.961255710137052688e+00
4.960962987926763823e+00
4.960640992720587228e+00
4.960289799098831942e+00
4.959911655683977294e+00
4.959507795770628391e+00
4.959081153732700642e+00
4.958637504217191072e+00
4.958181034375889418e+00
4.957715640191896256e+00
4.957244155791563855e+00
4.956769325447244690e+00
4.956293351885837417e+00
4.955818705682617953e+00
4.955347128224533826e+00
4.954880097446006104e+00
4.954419316922288097e+00
4.953966310334365630e+00
4.953522990544301230e+00
4.953090944488507397e+00
4.952671222326320510e+00
4.952265530426960716e+00
4.951875194360476407e+00
4.951501900416772628e+00
4.951147137072842597e+00
4.950811724414092119e+00
4.950497716789107550e+00
4.950206164804260567e+00
4.949938474421363921e+00
4.949695509367596280e+00
4.949478747484246988e+00
4.949289772578486790e+00
4.949130521801272664e+00
4.949002214915092068e+00
4.948905229766825897e+00
4.948840940220255114e+00
4.948810791762519479e+00
4.948816758132164928e+00
4.948858615084176904e+00
4.948938473284801631e+00
4.949056444148158818e+00
4.949215763135438095e+00
4.949417053832297242e+00
4.949663048273508892e+00
4.949949822964702761e+00
4.950278526822661007e+00
4.950645245740747491e+00
4.951047580408488358e+00
4.951487507278653943e+00
4.951961022670003487e+00
4.952468201498123612e+00
4.953005269336136607e+00
4.953571004065307370e+00
4.954161824005278270e+00
4.954775500985416414e+00
4.955413109155926144e+00
4.956071397083435137e+00
4.956749588789972627e+00
4.957443826066884718e+00
4.958152548315559294e+00
4.958873688372405830e+00
4.959609928148420721e+00
4.960362778174313370e+00
4.961131151931915895e+00
4.961913141849074727e+00
4.962706143798861547e+00
4.963507215546998808e+00
4.964313623922500085e+00
4.965122786852153247e+00
4.965933081524998904e+00
4.966743123772174862e+00
4.967551846819550754e+00
4.968358850868971111e+00
4.969163356440693846e+00
4.969965047481089471e+00
4.970763237866193229e+00
4.971557339149147658e+00
4.972347094433934522e+00
4.973131485226185866e+00
4.973909490945371381e+00
4.974679780321749512e+00
4.975440937819514353e+00
4.976191997098359465e+00
4.976931387575898036e+00
4.977657311799560169e+00
4.978368368464145988e+00
4.979062836634550848e+00
4.979739396067891732e+00
4.980396294760141451e+00
4.981032155471478262e+00
4.981645414734814814e+00
4.982234803194735662e+00
4.982799562158618301e+00
4.983341070654425664e+00
4.983858996721539647e+00
4.984355448166463809e+00
4.984830306934748378e+00
4.985285852158997777e+00
4.985721059272620437e+00
4.986134421134922334e+00
4.986526673080954986e+00
4.986897197569344797e+00
4.987247378619943383e+00
4.987577285783921788e+00
4.987888340948707366e+00
4.988179211894606446e+00
4.988448166734163358e+00
4.988695283400449654e+00
4.988920248615179354e+00
4.989123648515526810e+00
4.989305205027195989e+00
4.989466083886656023e+00
4.989605007533536529e+00
4.989720248243393108e+00
4.989811459731863685e+00
4.989878335565882672e+00
4.989922001150991271e+00
4.989941974229733290e+00
4.989940928198631553e+00
4.989920903310414602e+00
4.989880211889977879e+00
4.989819352553459098e+00
4.989738426284166195e+00
4.989638489476639016e+00
4.989519170682179983e+00
4.989379903544906014e+00
4.989222301655682479e+00
4.989046142903390546e+00
4.988853764963569581e+00
4.988646584955278129e+00
4.988426061124775934e+00
4.988193592691096967e+00
4.987947880123975608e+00
4.987691624892177877e+00
4.987424670645269842e+00
4.987149246224436006e+00
4.986865704656811005e+00
4.986572531537386332e+00
4.986272322052392347e+00
4.985964936075034437e+00
4.985652909689817669e+00
4.985336780772778198e+00
4.985015248880954708e+00
4.984690547847423936e+00
4.984362530485961784e+00
4.984034146593187664e+00
4.983706022017870829e+00
4.983381264397178434e+00
4.983060649522815133e+00
4.982741850280437923e+00
4.982426722907696615e+00
4.982114288528685542e+00
4.981806628910129042e+00
4.981503544991139343e+00
4.981204328929308645e+00
4.980913489462110100e+00
4.980634591487469898e+00
4.980368825757178541e+00
4.980118065570715125e+00
4.979881788940402565e+00
4.979660198224009626e+00
4.979453452156157311e+00
4.979261956923874521e+00
4.979088107460412083e+00
4.978933317140908699e+00
4.978800536581546865e+00
4.978692847370401964e+00
4.978607019317569105e+00
4.978543253621318776e+00
4.978501427468144058e+00
4.978483433614017351e+00
4.978491710958767413e+00
4.978523338021474842e+00
4.978577454983021511e+00
4.978649131007257367e+00
4.978735887281360739e+00
4.978836687927829630e+00
4.978952206991377416e+00
4.979084724424170716e+00
4.979230375433105316e+00
4.979388071199643662e+00
4.979557703019816373e+00
4.979740574018796551e+00
4.979938992665847941e+00
4.980150226777186440e+00
4.980373002825072781e+00
4.980604024430505206e+00
4.980844139879337718e+00
4.981091731184862148e+00
4.981345113621792997e+00
4.981602688463173223e+00
4.981863065598301610e+00
4.982125180991135771e+00
4.982387638197980806e+00
4.982649178387365652e+00
4.982908600488447526e+00
4.983164689423285942e+00
4.983420735107504385e+00
4.983676785373829965e+00
4.983936441162371445e+00
4.984200649795823779e+00
4.984467813590310215e+00
4.984740657428048394e+00
4.985018928361824919e+00
4.985306315341732741e+00
4.985603822910925409e+00
4.985909989041974910e+00
4.986222047371557053e+00
4.986536113595357200e+00
4.986853278925408972e+00
4.987172634279121830e+00
4.987493286480893850e+00
4.987814265055349416e+00
4.988134569538523522e+00
4.988453238656509470e+00
4.988769394730913298e+00
4.989082052385197308e+00
4.989390293689207390e+00
4.989693233830616137e+00
4.989991459542646446e+00
4.990286640370026561e+00
4.990576321886614153e+00
4.990859848459944459e+00
4.991133533933893140e+00
4.991396189549700324e+00
4.991647916635260529e+00
4.991885541839285345e+00
4.992107433577760212e+00
4.992309711513801318e+00
4.992490967580807570e+00
4.992651477487517475e+00
4.992793103655561282e+00
4.992917507378145991e+00
4.993023262781782989e+00
4.993110510384425993e+00
4.993180424304441090e+00
4.993235804795980393e+00
4.993278814301588042e+00
4.993308666202932677e+00
4.993325204905116443e+00
4.993329281836916600e+00
4.993321787901506603e+00
4.993302212590634781e+00
4.993267519558131973e+00
4.993215463641382357e+00
4.993146606269573518e+00
4.993061410938670619e+00
4.992961900108775275e+00
4.992848880966475278e+00
4.992721754028742076e+00
4.992584542571846917e+00
4.992439393154625371e+00
4.992292168769333571e+00
4.992146286662015875e+00
4.992003025268483718e+00
4.991862666984367536e+00
4.991724457447695329e+00
4.991592573602962268e+00
4.991469355500582239e+00
4.991358422604669443e+00
4.991258378667106754e+00
4.991170800007228792e+00
4.991093181078603003e+00
4.991025499697125056e+00
4.990969946752583652e+00
4.990928501477745804e+00
4.990903298897017670e+00
4.990896420837078296e+00
4.990911145070265675e+00
4.990944162839721976e+00
4.990993798798579739e+00
4.991059869574080210e+00
4.991142783779348058e+00
4.991244073072145682e+00
4.991362858265334879e+00
4.991495108334042641e+00
4.991642119995947091e+00
4.991801815032657075e+00
4.991976400278207215e+00
4.992164998352227379e+00
4.992368336487261082e+00
4.992581368963865174e+00
4.992800771742758492e+00
4.993025407865342657e+00
4.993254758044775699e+00
4.993489314149763381e+00
4.993728580418672180e+00
4.993971171024884192e+00
4.994219756964292323e+00
4.994474179073866260e+00
4.994732342511112755e+00
4.994990784115785232e+00
4.995245105493509641e+00
4.995495893526519460e+00
4.995741923264857220e+00
4.995985430162097174e+00
4.996226065642829894e+00
4.996461762301320775e+00
4.996691810059989081e+00
4.996916953678869788e+00
4.997138658351892637e+00
4.997358686756038004e+00
4.997579144145987584e+00
4.997802327759258034e+00
4.998025578055225182e+00
4.998248176835171641e+00
4.998470535799555137e+00
4.998693858030876846e+00
4.998919999655028867e+00
4.999145557600697565e+00
4.999369560591571116e+00
4.999592196214638129e+00
4.999814699776164773e+00
5.000038557070934253e+00
5.000265636145764248e+00
5.000498691703819887e+00
5.000734714045816709e+00
5.000973072386972973e+00
5.001213998868755617e+00
5.001458553801916729e+00
5.001708993091874333e+00
5.001961823552542263e+00
5.002216166462445379e+00
5.002470281570846389e+00
5.002722334023260053e+00
5.002971090767228013e+00
5.003216576575928443e+00
5.003460096232289267e+00
5.003703583161976276e+00
5.003943886905604543e+00
5.004179880488360155e+00
5.004409988056563563e+00
5.004636647104912406e+00
5.004860869832032044e+00
5.005082237943702772e+00
5.005300412177734692e+00
5.005514327566767285e+00
5.005723545606876712e+00
5.005927970166947460e+00
5.006124156862195029e+00
5.006311502624001264e+00
5.006486778054084041e+00
5.006649532131548952e+00
5.006801246832755403e+00
5.006939823077690477e+00
5.007065368629691093e+00
5.007175436466631879e+00
5.007270490610671310e+00
5.007351660933045956e+00
5.007417547139040082e+00
5.007468119691758979e+00
5.007501021604686464e+00
5.007516578194619150e+00
5.007516836259738646e+00
5.007505123799192326e+00
5.007484687948591251e+00
5.007455449888939647e+00
5.007418772170777466e+00
5.007372783005695105e+00
5.007318022919343470e+00
5.007256823817723301e+00
5.007191613230377314e+00
5.007125152267970059e+00
5.007060060997015505e+00
5.006999338075971195e+00
5.006940548184779516e+00
5.006882727791074572e+00
5.006826577091108454e+00
5.006773164772878815e+00
5.006724623471949798e+00
5.006677768405045192e+00
5.006630977990555564e+00
5.006584685172405180e+00
5.006539692662175689e+00
5.006497835207249558e+00
5.006458947299964990e+00
5.006420872691072610e+00
5.006386272094662360e+00
5.006355153943863101e+00
5.006331388982928843e+00
5.006316116391666071e+00
5.006307926666327290e+00
5.006308846935849211e+00
5.006317046251484548e+00
5.006334099345245647e+00
5.006358275920489653e+00
5.006384929520415028e+00
5.006413634789047329e+00
5.006441504726524272e+00
5.006468914204149634e+00
5.006493499758058796e+00
5.006516108626370531e+00
5.006535376287635231e+00
5.006549399759958163e+00
5.006555297618604072e+00
5.006550420951959346e+00
5.006536148136643938e+00
5.006512831158165255e+00
5.006483652367882620e+00
5.006449674255841309e+00
5.006410134378517007e+00
5.006363300988145859e+00
5.006307173813387301e+00
5.006243594214013548e+00
5.006172901922529839e+00
5.006098640300026936e+00
5.006022250540247853e+00
5.005943102370640219e+00
5.005859549473663073e+00
5.005769291128654430e+00
5.005674518141587370e+00
5.005575654059340351e+00
5.005474637671996518e+00
5.005369006888632732e+00
5.005258852662208824e+00
5.005146065484422202e+00
5.005033719492765876e+00
5.004925801036569588e+00
5.004820954184670434e+00
5.004720089584281162e+00
5.004620067840133579e+00
5.004520859047463688e+00
5.004423818587949491e+00
5.004331515915384720e+00
5.004247445836355723e+00
5.004170071202953984e+00
5.004099792986801631e+00
5.004032750767349214e+00
5.003968232045576059e+00
5.003907150914587376e+00
5.003849615826897690e+00
5.003793512545220423e+00
5.003736571757747775e+00
5.003676369529842738e+00
5.003614871320008817e+00
5.003552861935152585e+00
5.003489105305328088e+00
5.003421706328793128e+00
5.003348960084534447e+00
5.003273019729807203e+00
5.003194746072098908e+00
5.003118104901790986e+00
5.003045155624552542e+00
5.002976179360104858e+00
5.002910096007092910e+00
5.002845440930381749e+00
5.002784669710949039e+00
5.002729038716919874e+00
5.002677948330224389e+00
5.002629767558231855e+00
5.002582773584567377e+00
5.002537362244606989e+00
5.002491205879183056e+00
5.002444899691897540e+00
5.002401401283847804e+00
5.002359554697455302e+00
5.002320683891579911e+00
5.002283152448639747e+00
5.002248116533431599e+00
5.002213190393216991e+00
5.002177455259645633e+00
5.002140557912337471e+00
5.002103442584323822e+00
5.002066949689455200e+00
5.002031910945356152e+00
5.001999507164278214e+00
5.001970662548833602e+00
5.001947051044248305e+00
5.001930284789691150e+00
5.001921644112720777e+00
5.001922791620220465e+00
5.001933060268841658e+00
5.001951090916031184e+00
5.001973946417187733e+00
5.002004265632917779e+00
5.002042730421729644e+00
5.002088268025748796e+00
5.002139031369210009e+00
5.002192096793064202e+00
5.002249865279503993e+00
5.002312462263710735e+00
5.002383973914168003e+00
5.002466338573924531e+00
5.002559373983150870e+00
5.002661878242125937e+00
5.002771330689047780e+00
5.002890371222948218e+00
5.003019724114766476e+00
5.003158466358637035e+00
5.003304902817091282e+00
5.003456282931350252e+00
5.003614868353091438e+00
5.003780885077050655e+00
5.003958311396618619e+00
5.004149450919559428e+00
5.004353965203247157e+00
5.004570985100202485e+00
5.004797857682190987e+00
5.005037121194384930e+00
5.005289330202125520e+00
5.005558623484306580e+00
5.005848255007498082e+00
5.006157106048397587e+00
5.006484664975635823e+00
5.006828551812997574e+00
5.007186006269386702e+00
5.007554243280521789e+00
5.007933788447610723e+00
5.008322867042354076e+00
5.008723209424845280e+00
5.009134231097036150e+00
5.009552898406022692e+00
5.009979678354197219e+00
5.010413273050420280e+00
5.010854724979930452e+00
5.011303348950081116e+00
5.011756158358388724e+00
5.012214121445052406e+00
5.012675683199399046e+00
5.013141895010107874e+00
5.013612666166359588e+00
5.014084016567998958e+00
5.014552771261865161e+00
5.015014710835152378e+00
5.015465644373528598e+00
5.015902362204126774e+00
5.016322928740613030e+00
5.016722932084434206e+00
5.017099297269218994e+00
5.017447118907207404e+00
5.017764245941275902e+00
5.018050268943393455e+00
5.018304302300297337e+00
5.018525394163066089e+00
5.018712170719139110e+00
5.018865227307162336e+00
5.018987755774490189e+00
5.019081000945500470e+00
5.019145694369418820e+00
5.019181574833546655e+00
5.019189676060542560e+00
5.019173700318407150e+00
5.019135382471342055e+00
5.019075648484488283e+00
5.018994449142104131e+00
5.018891674389799995e+00
5.018768700275307637e+00
5.018627660039550520e+00
5.018471511963492837e+00
5.018302808262145476e+00
5.018119994353240187e+00
5.017924006718879504e+00
5.017716621558850676e+00
5.017500610489135759e+00
5.017278748906885077e+00
5.017049265809093050e+00
5.016812531489614813e+00
5.016569961223487084e+00
5.016324285536740035e+00
5.016078679345285174e+00
5.015831430691962467e+00
5.015582579847161604e+00
5.015328105974679040e+00
5.015067542928938416e+00
5.014801360506300654e+00
5.014531899958586614e+00
5.014261399626469995e+00
5.013987746860570027e+00
5.013711311973370499e+00
5.013433380413539808e+00
5.013156391650177568e+00
5.012883528198785577e+00
5.012612742062396265e+00
5.012344542581326223e+00
5.012075549110508454e+00
5.011806066062039378e+00
5.011536247867829807e+00
5.011266737028694962e+00
5.010999461959785073e+00
5.010733958042895786e+00
5.010469677548592848e+00
5.010205315991973052e+00
5.009944397423153895e+00
5.009688938155507643e+00
5.009438763100392045e+00
5.009193887941277623e+00
5.008952676754182320e+00
5.008713782958423621e+00
5.008475435234344353e+00
5.008240560374891182e+00
5.008011174563056223e+00
5.007786918047552938e+00
5.007567305050527828e+00
5.007351054388768041e+00
5.007141654815262299e+00
5.006941714200859650e+00
5.006750993419176510e+00
5.006569549672042818e+00
5.006395660757755550e+00
5.006227953105900852e+00
5.006064748622211624e+00
5.005906503170463040e+00
5.005749832696947621e+00
5.005593629142004453e+00
5.005433591304080387e+00
5.005268547272042845e+00
5.005099164133626211e+00
5.004922277496863359e+00
5.004736771022637143e+00
5.004538834558535321e+00
5.004327360296357163e+00
5.004102519860226472e+00
5.003861397484053342e+00
5.003602569771667063e+00
5.003322561008592295e+00
5.003020170980801318e+00
5.002695778326798681e+00
5.002346687258888203e+00
5.001971300558853528e+00
5.001566753813732724e+00
5.001132167668750128e+00
5.000668625587334049e+00
5.000175162048747346e+00
4.999653757082035632e+00
4.999102710054923904e+00
4.998520498813798341e+00
4.997907501624634818e+00
4.997263315262012284e+00
4.996589279340319933e+00
4.995885322632007686e+00
4.995154407487921056e+00
4.994400113241486139e+00
4.993623844699672354e+00
4.992828483598045430e+00
4.992014923633745660e+00
4.991186316178850113e+00
4.990346707420162176e+00
4.989498233290128759e+00
4.988641513751559842e+00
4.987776232154780942e+00
4.986901790292672665e+00
4.986021830307057812e+00
4.985138399170449652e+00
4.984256751553825637e+00
4.983380008058361454e+00
4.982508941532784341e+00
4.981648885549718742e+00
4.980802063585932693e+00
4.979974862875159225e+00
4.979171400310213436e+00
4.978391717018300078e+00
4.977641963379197065e+00
4.976923793496303539e+00
4.976243998052290785e+00
4.975606662945560643e+00
4.975013597400598009e+00
4.974466015526762597e+00
4.973961115197947258e+00
4.973505307713260493e+00
4.973102106766511987e+00
4.972753218205382630e+00
4.972460597565135032e+00
4.972220100739708215e+00
4.972039187157263562e+00
4.971921690113579650e+00
4.971869358897878399e+00
4.971883554740546884e+00
4.971964472274033930e+00
4.972113894329144301e+00
4.972330136292351099e+00
4.972612997566087323e+00
4.972960838277561635e+00
4.973373591427429297e+00
4.973851339754387091e+00
4.974395507064387267e+00
4.974998821441756647e+00
4.975661843393670125e+00
4.976377981801260120e+00
4.977148221929299510e+00
4.977968867321241220e+00
4.978830191840159181e+00
4.979730119009243339e+00
4.980661390174852876e+00
4.981622694705354348e+00
4.982607879389749250e+00
4.983614513178097560e+00
4.984641982291566187e+00
4.985682308275925401e+00
4.986729856033550234e+00
4.987780634139403979e+00
4.988831096936688247e+00
4.989878755931481891e+00
4.990917905469165028e+00
4.991941202257500265e+00
4.992944783542977660e+00
4.993923443679439522e+00
4.994874225978480631e+00
4.995792166118251387e+00
4.996674633969293566e+00
4.997520559926258876e+00
4.998329539199100502e+00
4.999099638883696350e+00
4.999827012096272227e+00
5.000508489210830021e+00
5.001143825624810191e+00
5.001732864876018425e+00
5.002272377659308766e+00
5.002759220649230620e+00
5.003189630035984159e+00
5.003563855190502174e+00
5.003881192777977382e+00
5.004139284782783470e+00
5.004334804595188757e+00
5.004464905329721880e+00
5.004528926934787236e+00
5.004526884709690648e+00
5.004459502008018923e+00
5.004327059062403826e+00
5.004129495723378618e+00
5.003868017206174024e+00
5.003543854961376880e+00
5.003157843658906145e+00
5.002712340550703018e+00
5.002208235273344350e+00
5.001648291843219241e+00
5.001035379627927213e+00
5.000373409772500111e+00
4.999666675487742573e+00
4.998918858999595649e+00
4.998134279335126884e+00
4.997316597560629958e+00
4.996470464104995735e+00
4.995599883655295059e+00
4.994709831038698589e+00
4.993803299898491588e+00
4.992883027056442380e+00
4.991955672810064470e+00
4.991025526309596394e+00
4.990096161747562320e+00
4.989170268336521552e+00
4.988249714086041564e+00
4.987337478185281725e+00
4.986438689092381971e+00
4.985554999793156306e+00
4.984692323664409841e+00
4.983854157859666678e+00
4.983039611811024727e+00
4.982253715926987070e+00
4.981497129732948004e+00
4.980775959128717290e+00
4.980093352133610374e+00
4.979449779400805021e+00
4.978845165418664287e+00
4.978275707187336252e+00
4.977745195897502306e+00
4.977254528859836213e+00
4.976803493509274645e+00
4.976391039835494468e+00
4.976012611547689701e+00
4.975671532089096516e+00
4.975367625979911779e+00
4.975102688847315768e+00
4.974877546215634716e+00
4.974692248134148009e+00
4.974547667782959870e+00
4.974442904349621664e+00
4.974377906220238899e+00
4.974352163886855749e+00
4.974364810013415905e+00
4.974416103223542329e+00
4.974504182944277986e+00
4.974629295878317592e+00
4.974790742397512844e+00
4.974987579006906024e+00
4.975219327286089843e+00
4.975486465562338978e+00
4.975783788860048240e+00
4.976107964068854805e+00
4.976457577198948989e+00
4.976832431033459514e+00
4.977234314270522653e+00
4.977658790610936634e+00
4.978103298060801762e+00
4.978566970154848725e+00
4.979049905315247493e+00
4.979553983584251498e+00
4.980074813477900264e+00
4.980610494837369728e+00
4.981156483069267615e+00
4.981712968424168331e+00
4.982277385443654616e+00
4.982849261798169671e+00
4.983423588760401479e+00
4.983997906819191748e+00
4.984571505449918227e+00
4.985144735127893689e+00
4.985718745030669474e+00
4.986289884485509916e+00
4.986856627315488844e+00
4.987418844178525212e+00
4.987977363877205583e+00
4.988533466607539602e+00
4.989083814583924692e+00
4.989626557566432474e+00
4.990157621950117139e+00
4.990675293505397292e+00
4.991175735928323753e+00
4.991656997911837479e+00
4.992118337564376063e+00
4.992559650950339822e+00
4.992980467006770340e+00
4.993376521729138595e+00
4.993745593056288179e+00
4.994086896777358398e+00
4.994400312416460430e+00
4.994684894792940533e+00
4.994936347622629391e+00
4.995152487866784341e+00
4.995332618393207191e+00
4.995476491842621769e+00
4.995583569947833702e+00
4.995651523699256913e+00
4.995679870846419846e+00
4.995670367758926034e+00
4.995622998275999649e+00
4.995536949360018575e+00
4.995410643001294559e+00
4.995244165868706787e+00
4.995039601032830845e+00
4.994799322341777703e+00
4.994527138942131295e+00
4.994224795387335547e+00
4.993893930041441109e+00
4.993538502813527735e+00
4.993161386237690458e+00
4.992767459997186741e+00
4.992359243654856726e+00
4.991937718042384731e+00
4.991504637734245797e+00
4.991062621236991959e+00
4.990614525587510286e+00
4.990163446092259036e+00
4.989708359153224748e+00
4.989250112050426900e+00
4.988791248337578921e+00
4.988334929929329142e+00
4.987885393859102123e+00
4.987441781261218843e+00
4.987005117633594331e+00
4.986577797220302699e+00
4.986162746423137726e+00
4.985764311575543672e+00
4.985381003716241821e+00
4.985013768621932684e+00
4.984660521657417576e+00
4.984323790655682096e+00
4.984002757729241395e+00
4.983700380665459839e+00
4.983416833472648300e+00
4.983148612086871765e+00
4.982897324119905491e+00
4.982661094186106254e+00
4.982442133636424408e+00
4.982240057275841849e+00
4.982051036176482484e+00
4.981876400546380701e+00
4.981714187157550100e+00
4.981566417501517741e+00
4.981431806325191225e+00
4.981312835351772605e+00
4.981209198157512397e+00
4.981117336317175237e+00
4.981038667238527395e+00
4.980971386251249911e+00
4.980917612407565365e+00
4.980876713097304176e+00
4.980844994627613431e+00
4.980823702989353841e+00
4.980810964968031662e+00
4.980808791333902086e+00
4.980816431076009465e+00
4.980830471045546659e+00
4.980851960831996550e+00
4.980879271668589681e+00
4.980914347151036203e+00
4.980956082965920295e+00
4.981006970212535911e+00
4.981066541534588055e+00
4.981131805002428692e+00
4.981204072081221845e+00
4.981281676639540912e+00
4.981366867081000294e+00
4.981458840437903213e+00
4.981554479322135798e+00
4.981654952077866128e+00
4.981758553975002002e+00
4.981867276870386441e+00
4.981980405796990752e+00
4.982094864149318347e+00
4.982211707022714542e+00
4.982329325482922400e+00
4.982449563530014558e+00
4.982571501836852157e+00
4.982697519019917642e+00
4.982827014823183909e+00
4.982957224820480313e+00
4.983089332052244913e+00
4.983221835785283993e+00
4.983356808053999387e+00
4.983493310951367050e+00
4.983628425218836533e+00
4.983763168447390868e+00
4.983896011945530446e+00
4.984028801184817503e+00
4.984160711432545021e+00
4.984288860701694190e+00
4.984414148100389852e+00
4.984535128718911245e+00
4.984653514058067003e+00
4.984768619726150263e+00
4.984880566906852550e+00
4.984990552861912505e+00
4.985100070175452203e+00
4.985210810641495627e+00
4.985324867901129942e+00
4.985444646377786171e+00
4.985567169499322659e+00
4.985691208599805080e+00
4.985816838734522527e+00
4.985944883397518623e+00
4.986076891983596937e+00
4.986209241042582008e+00
4.986340299726201408e+00
4.986469964583141845e+00
4.986598876018747184e+00
4.986728229944334068e+00
4.986859636272044760e+00
4.986995101173148370e+00
4.987131536437868995e+00
4.987267618433310012e+00
4.987403383881521712e+00
4.987539622246024429e+00
4.987677722724821905e+00
4.987814148592497610e+00
4.987947285485188509e+00
4.988077042682760975e+00
4.988204106178800501e+00
4.988329695176998868e+00
4.988451259576450525e+00
4.988568726082068139e+00
4.988683823098163828e+00
4.988799144376736550e+00
4.988918328846541961e+00
4.989040237807405020e+00
4.989165787149888232e+00
4.989292078961355514e+00
4.989418679506256282e+00
4.989547275912685542e+00
4.989675300813017245e+00
4.989802572599349340e+00
4.989925577047018557e+00
4.990043561535625116e+00
4.990157837283535791e+00
4.990269433243868846e+00
4.990378958669228204e+00
4.990487052186129091e+00
4.990594070109276359e+00
4.990701785257756207e+00
4.990810404627323393e+00
4.990919814661815224e+00
4.991029327160418916e+00
4.991142872667611918e+00
4.991263053522185800e+00
4.991390655350611993e+00
4.991525959756896391e+00
4.991668223564253992e+00
4.991821687363759530e+00
4.991989309631959415e+00
4.992171917997971775e+00
4.992370226693079616e+00
4.992583520293906396e+00
4.992810730517581064e+00
4.993051334910765249e+00
4.993303661488669221e+00
4.993566681270229068e+00
4.993838421602475819e+00
4.994117067263204923e+00
4.994401068140495781e+00
4.994688369159330676e+00
4.994977622267533945e+00
4.995266695053060424e+00
4.995553709876467074e+00
4.995836872433055298e+00
4.996118895572353225e+00
4.996399765138258786e+00
4.996682714906266476e+00
4.996969134111633792e+00
4.997257352557710419e+00
4.997545682725242244e+00
4.997831240960142196e+00
4.998116034020415377e+00
4.998400071722200799e+00
4.998681383424184332e+00
4.998957998522301160e+00
4.999227085181255248e+00
4.999490654573518711e+00
4.999748720389532330e+00
5.000004327588456476e+00
5.000259430364447866e+00
5.000512908001171652e+00
5.000763327602969710e+00
5.001008178435938589e+00
5.001249419835137822e+00
5.001487367388533833e+00
5.001720223271028942e+00
5.001945977930652987e+00
5.002161992371755517e+00
5.002370040074663571e+00
5.002570456520397002e+00
5.002763676524835113e+00
5.002951220770107454e+00
5.003133882575409253e+00
5.003309015252367153e+00
5.003475287754759471e+00
5.003629403200671177e+00
5.003771001512856031e+00
5.003896512503476224e+00
5.004002825294361578e+00
5.004089247037398103e+00
5.004154652569183348e+00
5.004199695659541369e+00
5.004222416051403499e+00
5.004221396309428194e+00
5.004196446857519298e+00
5.004147157038666194e+00
5.004074532206273851e+00
5.003978696719848074e+00
5.003860206597590121e+00
5.003718108947492915e+00
5.003550930752522774e+00
5.003358979917234883e+00
5.003141896243310960e+00
5.002900315805442588e+00
5.002633549983716676e+00
5.002341492123075106e+00
5.002024090572365189e+00
5.001681967287430197e+00
5.001315509735712261e+00
5.000925717934140202e+00
5.000513253717787876e+00
5.000078596009977616e+00
4.999622731193074543e+00
4.999146263434655957e+00
4.998650848961539772e+00
4.998136584221490430e+00
4.997605212873883929e+00
4.997057685352035428e+00
4.996494423060783063e+00
4.995917185678251826e+00
4.995326201192208160e+00
4.994725673779019104e+00
4.994120036496886073e+00
4.993513420543737702e+00
4.992906827016837745e+00
4.992302357501454679e+00
4.991699772461422491e+00
4.991100091769463454e+00
4.990506613127059232e+00
4.989923673517175473e+00
4.989356601595052787e+00
4.988806048876710975e+00
4.988275157979794372e+00
4.987762530206807376e+00
4.987269351094134606e+00
4.986799134484597218e+00
4.986354367195733772e+00
4.985936218633420403e+00
4.985545317254133302e+00
4.985181858672866007e+00
4.984845777995059457e+00
4.984536730016688288e+00
4.984254213481317919e+00
4.983997588160556269e+00
4.983766194361370694e+00
4.983559352013390509e+00
4.983375312092821474e+00
4.983217833156804666e+00
4.983086510387357393e+00
4.982985849783863941e+00
4.982917341862912686e+00
4.982880099830790499e+00
4.982871975949373144e+00
4.982888213625982665e+00
4.982930767007045958e+00
4.982998739766761886e+00
4.983090052080212828e+00
4.983201513492375057e+00
4.983328206610739386e+00
4.983471348534210144e+00
4.983629172003698926e+00
4.983805010846686478e+00
4.983998989376109634e+00
4.984210389989298662e+00
4.984435965890868125e+00
4.984671707960648845e+00
4.984919332067352826e+00
4.985177657293959008e+00
4.985445082473439982e+00
4.985717869910282651e+00
4.985992108496708042e+00
4.986268900303972629e+00
4.986547130166424147e+00
4.986830069540871158e+00
4.987117578803434093e+00
4.987408589224203936e+00
4.987700287463947113e+00
4.987989457889332456e+00
4.988277498583181035e+00
4.988563487908673544e+00
4.988850468329025567e+00
4.989138726356311615e+00
4.989427002320868887e+00
4.989712781595868840e+00
4.989992851006669561e+00
4.990268455712927320e+00
4.990539082965685935e+00
4.990805480169934860e+00
4.991064684192521028e+00
4.991316068439615172e+00
4.991560806768816860e+00
4.991800944010598151e+00
4.992039064491970990e+00
4.992273329782172198e+00
4.992503557528241487e+00
4.992726251414850047e+00
4.992940391681029766e+00
4.993146332732274928e+00
4.993341023164673764e+00
4.993523197925520130e+00
4.993689190565479663e+00
4.993837957165073504e+00
4.993969477747435270e+00
4.994080840364896190e+00
4.994170436446422556e+00
4.994234950898082559e+00
4.994273154276289262e+00
4.994285510383178028e+00
4.994268583355569113e+00
4.994221350544229665e+00
4.994140672723860419e+00
4.994025017091170859e+00
4.993874581608086949e+00
4.993685718852193034e+00
4.993457287683250811e+00
4.993185750137183021e+00
4.992870949397895330e+00
4.992511891874584329e+00
4.992106869149121273e+00
4.991655650514276843e+00
4.991159354674728377e+00
4.990620517174813031e+00
4.990042767304095683e+00
4.989429605606112261e+00
4.988783787268315173e+00
4.988106982338342377e+00
4.987403194311174737e+00
4.986674202236446085e+00
4.985923578369529707e+00
4.985153522494347733e+00
4.984366446959885621e+00
4.983566810044560036e+00
4.982758923175844679e+00
4.981947343054327071e+00
4.981137220266373511e+00
4.980333589839847974e+00
4.979537317532214402e+00
4.978749899941597334e+00
4.977974784749659598e+00
4.977215558665903927e+00
4.976477579551849217e+00
4.975760560113106301e+00
4.975064712393199251e+00
4.974393398243103448e+00
4.973750223669323844e+00
4.973140816654178842e+00
4.972564656960876128e+00
4.972021118144602347e+00
4.971513584780603345e+00
4.971045509691446540e+00
4.970621866325942939e+00
4.970242838452664458e+00
4.969906047511009284e+00
4.969615874796269317e+00
4.969374804164377046e+00
4.969189047220258004e+00
4.969056658933966197e+00
4.968980713815524197e+00
4.968959440242595171e+00
4.968991198177080904e+00
4.969080805909450227e+00
4.969225196885506790e+00
4.969427756770143922e+00
4.969684839519301178e+00
4.970000159154276176e+00
4.970372488694827950e+00
4.970794311324697290e+00
4.971266100900809448e+00
4.971782376217285915e+00
4.972344616624155833e+00
4.972948121214845862e+00
4.973593554283120000e+00
4.974276167834736029e+00
4.974993559429981005e+00
4.975748696262576765e+00
4.976537205810287468e+00
4.977359540248849967e+00
4.978210800672510317e+00
4.979090638096073107e+00
4.979995641867257739e+00
4.980917723039723022e+00
4.981854202459192749e+00
4.982798864255286730e+00
4.983749435628392455e+00
4.984700876186230367e+00
4.985650758231617630e+00
4.986599645102955058e+00
4.987543936009148027e+00
4.988482551808099075e+00
4.989411697844604809e+00
4.990329914847951187e+00
4.991237813616733021e+00
4.992132314155438344e+00
4.993012270117738183e+00
4.993874142030812813e+00
4.994717013622261170e+00
4.995541123906709124e+00
4.996343573863244458e+00
4.997122944901323471e+00
4.997875938276386876e+00
4.998601677800154519e+00
4.999301621923780914e+00
4.999977319101429174e+00
5.000629849965309681e+00
5.001257022852635181e+00
5.001857482391034893e+00
5.002428691583310716e+00
5.002970270934140373e+00
5.003478845628535510e+00
5.003951658877169528e+00
5.004388280967807745e+00
5.004788158061539427e+00
5.005152293416295528e+00
5.005478858063553638e+00
5.005766683249357918e+00
5.006015982246581508e+00
5.006226951024117966e+00
5.006400554394903502e+00
5.006537663350435707e+00
5.006639501387806668e+00
5.006705044247762970e+00
5.006733595943630100e+00
5.006725399463871184e+00
5.006681243323223285e+00
5.006601996256472731e+00
5.006488225536855019e+00
5.006343189936565352e+00
5.006168713562625605e+00
5.005965609115053283e+00
5.005733828574854272e+00
5.005471801285135136e+00
5.005181321196691790e+00
5.004864519082442342e+00
5.004524810716943328e+00
5.004164339632229286e+00
5.003786170140341660e+00
5.003394508094029192e+00
5.002992445260719734e+00
5.002584003389314304e+00
5.002172313139274351e+00
5.001760541715158936e+00
5.001352526762023132e+00
5.000948338911368474e+00
5.000550744191243346e+00
5.000158913426532514e+00
4.999774926893844729e+00
4.999404035985901551e+00
4.999046418026521721e+00
4.998705643296674772e+00
4.998381175578074043e+00
4.998075552650228737e+00
4.997789221417590078e+00
4.997518663324846955e+00
4.997265397116973595e+00
4.997027207140312122e+00
4.996805434368984500e+00
4.996599515259699587e+00
4.996405414969163239e+00
4.996224156778739989e+00
4.996053331450062807e+00
4.995894040756361676e+00
4.995745340783583011e+00
4.995604355141955999e+00
4.995473327182669010e+00
4.995352031525659875e+00
4.995243965901869920e+00
4.995151321955460411e+00
4.995072880138146765e+00
4.995006614841955184e+00
4.994949733677756853e+00
4.994903925864462302e+00
4.994869929833773980e+00
4.994845688093890068e+00
4.994828739956690633e+00
4.994815756722789324e+00
4.994808163975802628e+00
4.994806214786629894e+00
4.994807808307929697e+00
4.994810470358467924e+00
4.994810969490798058e+00
4.994810782150551631e+00
4.994809728850987618e+00
4.994810067019234801e+00
4.994811187022887289e+00
4.994814925847631315e+00
4.994822185816183868e+00
4.994832537278007578e+00
4.994845159677962165e+00
4.994858708245620171e+00
4.994874484560159367e+00
4.994892346407460160e+00
4.994910878038673729e+00
4.994927888593111653e+00
4.994940989575288981e+00
4.994952473390322112e+00
4.994962838661330728e+00
4.994975081735929301e+00
4.994988324524775258e+00
4.995004376477035990e+00
4.995021940599135846e+00
4.995038027995206242e+00
4.995054177553565289e+00
4.995069465129807540e+00
4.995086441681658940e+00
4.995105177981484346e+00
4.995123507854467348e+00
4.995143462548902846e+00
4.995164501328424933e+00
4.995189556597203762e+00
4.995218942206290258e+00
4.995250492746880155e+00
4.995286382866495956e+00
4.995326035233619066e+00
4.995372431544991443e+00
4.995425972921247570e+00
4.995484440612079524e+00
4.995550079798729115e+00
4.995622269261099646e+00
4.995704069846711448e+00
4.995795486598678004e+00
4.995899356418690651e+00
4.996014196669153584e+00
4.996141055022770061e+00
4.996283861735308918e+00
4.996441445780392954e+00
4.996616042574340888e+00
4.996805558708899753e+00
4.997011353207223117e+00
4.997232048941246951e+00
4.997463059948229258e+00
4.997704758123898472e+00
4.997954346501672696e+00
4.998212833797031074e+00
4.998478513566249504e+00
4.998747047988170600e+00
4.999018506315941579e+00
4.999290297219002532e+00
4.999563120027478824e+00
4.999835000188495471e+00
5.000106864610160962e+00
5.000377731995132358e+00
5.000644777381268113e+00
5.000904420224424385e+00
5.001152822954054500e+00
5.001390456670369744e+00
5.001615851578708138e+00
5.001825814602370635e+00
5.002016580404188062e+00
5.002184660119410431e+00
5.002330324744280077e+00
5.002451602743411385e+00
5.002545514517867886e+00
5.002608202482978328e+00
5.002636593947126897e+00
5.002630647132345842e+00
5.002590090250770061e+00
5.002516632578510425e+00
5.002409510179598229e+00
5.002268282571051827e+00
5.002094049775217321e+00
5.001887847841891777e+00
5.001651895516728175e+00
5.001385919270281200e+00
5.001089491252963093e+00
5.000764283579950842e+00
5.000411158730452499e+00
5.000032528122132724e+00
4.999629731108611530e+00
4.999205527086919787e+00
4.998760335077709449e+00
4.998293547709650397e+00
4.997807177719836957e+00
4.997301946995025723e+00
4.996780469906693334e+00
4.996243163985376157e+00
4.995689798263076575e+00
4.995123524484399447e+00
4.994546158355834820e+00
4.993961917539301965e+00
4.993372986917558265e+00
4.992779858079914312e+00
4.992186425407592054e+00
4.991594857727351453e+00
4.991009809044363976e+00
4.990434327167632134e+00
4.989868646492424453e+00
4.989311981541279195e+00
4.988762802970770238e+00
4.988223894541325976e+00
4.987696231235923428e+00
4.987184064430357999e+00
4.986689658989372553e+00
4.986213160087529239e+00
4.985758071844640149e+00
4.985324763325216679e+00
4.984916500304997555e+00
4.984534062561751355e+00
4.984175525945784280e+00
4.983843149957420948e+00
4.983536458132031832e+00
4.983258177791895172e+00
4.983007571143270198e+00
4.982788365115583318e+00
4.982597057842821364e+00
4.982434595436960656e+00
4.982304034033029794e+00
4.982203086097895195e+00
4.982133429548873060e+00
4.982091008504092144e+00
4.982076749440919272e+00
4.982088034397627929e+00
4.982127027008853126e+00
4.982191137378275236e+00
4.982281316402539240e+00
4.982395700025542773e+00
4.982528009335681851e+00
4.982677711644379670e+00
4.982840682198463433e+00
4.983016575616954214e+00
4.983202039231716896e+00
4.983393009142190522e+00
4.983591258586556272e+00
4.983797167730690703e+00
4.984009307963014557e+00
4.984225592431784868e+00
4.984443202545106644e+00
4.984664248605430004e+00
4.984889414408415043e+00
4.985117621557027867e+00
4.985346979410559598e+00
4.985574990441265619e+00
4.985803875536830354e+00
4.986034266040832996e+00
4.986268690214666677e+00
4.986505468604329749e+00
4.986745377653451605e+00
4.986985728838654985e+00
4.987226390880707960e+00
4.987469600611541765e+00
4.987713386123244774e+00
4.987958338116471602e+00
4.988201673631731836e+00
4.988443267350261223e+00
4.988685214989994954e+00
4.988925533243631527e+00
4.989164713327950196e+00
4.989400039245551532e+00
4.989631438614045678e+00
4.989860904500995176e+00
4.990088185076776206e+00
4.990316251297655548e+00
4.990545580075294474e+00
4.990774414413781557e+00
4.990999900554479396e+00
4.991218502302825932e+00
4.991431002137423079e+00
4.991636484512300242e+00
4.991835445002823946e+00
4.992025086009116208e+00
4.992204910558822206e+00
4.992376427003357264e+00
4.992542065219197411e+00
4.992704748590653274e+00
4.992863089726482961e+00
4.993017522529876295e+00
4.993167056027044914e+00
4.993314655539755620e+00
4.993460558704275520e+00
4.993603722104047904e+00
4.993741802252073647e+00
4.993871932565409288e+00
4.993995745075110015e+00
4.994112763269979105e+00
4.994221294061455652e+00
4.994318355634053574e+00
4.994401045576845277e+00
4.994470517696057321e+00
4.994526699623269117e+00
4.994571578158242708e+00
4.994604829952764113e+00
4.994628288736744359e+00
4.994646130870274980e+00
4.994658148467020276e+00
4.994667299792232562e+00
4.994672994869938876e+00
4.994677269147828724e+00
4.994679448138372280e+00
4.994675847866779428e+00
4.994667079863461367e+00
4.994651030220879306e+00
4.994628431327031493e+00
4.994598127338425009e+00
4.994561076513813092e+00
4.994520794255982388e+00
4.994476731028730576e+00
4.994431259944427381e+00
4.994383523823085369e+00
4.994334954703549379e+00
4.994285023333827844e+00
4.994231176455829591e+00
4.994170199558463530e+00
4.994098418471727641e+00
4.994016180360080881e+00
4.993922768752414143e+00
4.993820301951231500e+00
4.993708589771155282e+00
4.993586135390538416e+00
4.993454802236843015e+00
4.993314730185407058e+00
4.993168748957428349e+00
4.993017336060616707e+00
4.992859068219873464e+00
4.992696241182599692e+00
4.992528917496417584e+00
4.992360218339925382e+00
4.992190698613738320e+00
4.992018793844943403e+00
4.991846949146455437e+00
4.991675114170973870e+00
4.991506517366832263e+00
4.991341650584107725e+00
4.991183828958638102e+00
4.991033228081978024e+00
4.990887043546281099e+00
4.990746682207428009e+00
4.990610513487226285e+00
4.990480453376984649e+00
