0.000000000000000000e+00
0.000000000000000000e+00
-1.314491896664549052e-08
-7.903340360826407031e-08
-2.461761744143587135e-07
-5.402451881764136149e-07
-1.018466160758180178e-06
-1.521639120483087450e-06
-2.281836920019487688e-06
2.051360331734034255e-07
5.638314772795640587e-06
1.640712436142166715e-05
3.791009601059160204e-05
7.081136632564269547e-05
1.180650160074492609e-04
1.845770055786034208e-04
2.757303236410280577e-04
3.989984101042411114e-04
5.583678564414642316e-04
7.614864042386672999e-04
1.012126338331427455e-03
1.320944000630106755e-03
1.690530162899221873e-03
2.132326309232439928e-03
2.652254906146254542e-03
3.249064293353285532e-03
3.935022112576689116e-03
4.708546307532513429e-03
5.581781622616971937e-03
6.553490665404525239e-03
7.635014039127554358e-03
8.841936868278707506e-03
1.017890853866788327e-02
1.165455861076566089e-02
1.325752509817334536e-02
1.499644963130208550e-02
1.687477735861989472e-02
1.889798237070295164e-02
2.106702340826245926e-02
2.336921988114568430e-02
2.582467271074506687e-02
2.842329604610654981e-02
3.118705196365567645e-02
3.411848051532956339e-02
3.723474813684674034e-02
4.053578300461026240e-02
4.401742292627545960e-02
4.768742485031339517e-02
5.154252661451551309e-02
5.558336479648801759e-02
5.980154557213041011e-02
6.421297324880810564e-02
6.880189253076764155e-02
7.355337960705014833e-02
7.846716387256835734e-02
8.354013009056303340e-02
8.879307968601438117e-02
9.423287434562895026e-02
9.987457795128081017e-02
1.056987009762212909e-01
1.117197494028494137e-01
1.179246292828008691e-01
1.243135998962805050e-01
1.308848862169668392e-01
1.376265190361425916e-01
1.445622049091741801e-01
1.516763780830786001e-01
1.589877860067770154e-01
1.664840327022954758e-01
1.741749815462514672e-01
1.820417330978796044e-01
1.901007543323919580e-01
1.983363114117071280e-01
2.067680404899999991e-01
2.154036520241186803e-01
2.242147569178030986e-01
2.332168523786948278e-01
2.423909441946433263e-01
2.517573289392874281e-01
2.613237254141257404e-01
2.711039624927925051e-01
2.810998575209068817e-01
2.912780336855339547e-01
3.016532139299797355e-01
3.122039024351523917e-01
3.229514340876028511e-01
3.339034752367422421e-01
3.450750665186331223e-01
3.564676169870779066e-01
3.680448667524740536e-01
3.798226038931296067e-01
3.917776135919974756e-01
4.039328853605673730e-01
4.162820152758047731e-01
4.288634018419669180e-01
4.416638485907003475e-01
4.546637670515463192e-01
4.678654078958913720e-01
4.812576429365560959e-01
4.948458449362204692e-01
5.086261205194876345e-01
5.226422409532950342e-01
5.368811051367210485e-01
5.513226835249350755e-01
5.659698240278648873e-01
5.808109430788442884e-01
5.958519212721274938e-01
6.110884623049185338e-01
6.265560535906239403e-01
6.422348908899709885e-01
6.580985753057883025e-01
6.741472486971306077e-01
6.903658394335198123e-01
7.067961327551290918e-01
7.233859030722067374e-01
7.401831500051901935e-01
7.571528701303887887e-01
7.743554870603968077e-01
7.917516664980340790e-01
8.093630163191247728e-01
8.271954159258294581e-01
8.452640466211724934e-01
8.636098520277430968e-01
8.821644620417048444e-01
9.009390632627894968e-01
9.198916224955014931e-01
9.390464047907284284e-01
9.584195928095273764e-01
9.780285624979426773e-01
9.978823284624507295e-01
1.017988231611101968e+00
1.038343625497668121e+00
1.058890011739580750e+00
1.079647307824938451e+00
1.100625017118303850e+00
1.121840808820574464e+00
1.143339364957659532e+00
1.165116424989550259e+00
1.187195828389971064e+00
1.209499464464036889e+00
1.232074530553667335e+00
1.254945450258104334e+00
1.278064077329485126e+00
1.301466627549974664e+00
1.325146847200243005e+00
1.349114041757432991e+00
1.373314576577989499e+00
1.397780564260332037e+00
1.422524476480333311e+00
1.447480564546434589e+00
1.472686498594133475e+00
1.498099208307115848e+00
1.523770771455614126e+00
1.549712071847765493e+00
1.575872650575487866e+00
1.602287128400652794e+00
1.628975453805773688e+00
1.655863607358782907e+00
1.683001866769640698e+00
1.710378222894518574e+00
1.738030200433581252e+00
1.765949194860308546e+00
1.794075451326220705e+00
1.822435791921465986e+00
1.851048427057117030e+00
1.879827366304248626e+00
1.908816991281360398e+00
1.937958679628223546e+00
1.967313478422016315e+00
1.996886272859424993e+00
2.026622879934163013e+00
2.056562960576862942e+00
2.086623797845692962e+00
2.116871400308461215e+00
2.147288897466511859e+00
2.177927461099476769e+00
2.208782473039479832e+00
2.239892685842366671e+00
2.271231732797475367e+00
2.302835274171681768e+00
2.334625218343587161e+00
2.366639485788197828e+00
2.398822372388691893e+00
2.431174591016622255e+00
2.463669662904591995e+00
2.496306190919728607e+00
2.529056294393391635e+00
2.561922295522542026e+00
2.594858754110188848e+00
2.627881219816060376e+00
2.660949271154256390e+00
2.694072783422323258e+00
2.727224407625051139e+00
2.760398211908193122e+00
2.793565459680409813e+00
2.826716893148274234e+00
2.859839261007160349e+00
2.892925863694995936e+00
2.925967221689075970e+00
2.958954668474049310e+00
2.991882577371449248e+00
3.024745440912098182e+00
3.057544639539570230e+00
3.090273716878742416e+00
3.122925198507160882e+00
3.155492566060872139e+00
3.187970138025136624e+00
3.220349989366384058e+00
3.252626030874105290e+00
3.284790940713735896e+00
3.316840360593648729e+00
3.348765247297140313e+00
3.380560765695425296e+00
3.412201679181905867e+00
3.443689389657827782e+00
3.474999907445761149e+00
3.506138694715353665e+00
3.537079027128072983e+00
3.567802029085012538e+00
3.598316808175893833e+00
3.628605013322683703e+00
3.658674912881704433e+00
3.688508646917196376e+00
3.718089476060720600e+00
3.747449880075307327e+00
3.776565332841725464e+00
3.805465472173543251e+00
3.834122519922109174e+00
3.862527521085592053e+00
3.890662045907826716e+00
3.918526411485524719e+00
3.946106701326223654e+00
3.973408878278585910e+00
4.000421653222891116e+00
4.027154598665090290e+00
4.053595533799978057e+00
4.079754031133504988e+00
4.105620682668539523e+00
4.131206334066244601e+00
4.156460960340353950e+00
4.181410549115988751e+00
4.206015420389030091e+00
4.230308452081534831e+00
4.254255249929281391e+00
4.277893276643606413e+00
4.301189623308035337e+00
4.324183259439321247e+00
4.346836219262930179e+00
4.369158237409445533e+00
4.391186018419118930e+00
4.412922060918661238e+00
4.434388823938221869e+00
4.455580006074757904e+00
4.476509764623495258e+00
4.497166579198690783e+00
4.517566378545614825e+00
4.537699792814108513e+00
4.557577482890937226e+00
4.577264619302604309e+00
4.596698512267921366e+00
4.615931246709679137e+00
4.634905081224297341e+00
4.653664787244653489e+00
4.672223961782311363e+00
4.690559485387657546e+00
4.708680429887627916e+00
4.726597166490410729e+00
4.744264544677590401e+00
4.761698852014397687e+00
4.778890734147882569e+00
4.795849829149102739e+00
4.812592748832559053e+00
4.829108149242258285e+00
4.845405167770243438e+00
4.861520843934870051e+00
4.877413547468042232e+00
4.893093349170542616e+00
4.908550649118281761e+00
4.923758067321635679e+00
4.938734711837626357e+00
4.953475559186793831e+00
4.967990993690349022e+00
4.982312674951412390e+00
4.996422833633282323e+00
5.010323207807400259e+00
5.024000182580807383e+00
5.037426563930371692e+00
5.050634513330320097e+00
5.063612591457227197e+00
5.076367577743390314e+00
5.088890512418607237e+00
5.101176567506650272e+00
5.113239031267026391e+00
5.125068967771390760e+00
5.136691947412351134e+00
5.148078737687925788e+00
5.159223208856443144e+00
5.170158865880827292e+00
5.180867934656004259e+00
5.191369210910657728e+00
5.201644939613202290e+00
5.211682583522656564e+00
5.221507359576085250e+00
5.231103648376325133e+00
5.240490935277799522e+00
5.249667320084432376e+00
5.258631893229344989e+00
5.267391581964353087e+00
5.275943614673474613e+00
5.284290944766858011e+00
5.292417594623425536e+00
5.300324418377735824e+00
5.308016497325756866e+00
5.315492899846889330e+00
5.322756115627147899e+00
5.329810092282154521e+00
5.336655205321170214e+00
5.343297278714039145e+00
5.349712005090572653e+00
5.355905949306347225e+00
5.361880724263050624e+00
5.367640535068370689e+00
5.373190306258060822e+00
5.378529420924046178e+00
5.383661016654827769e+00
5.388584704530098080e+00
5.393285440635540162e+00
5.397766564917422905e+00
5.402028842103339557e+00
5.406075819563723961e+00
5.409910098743296203e+00
5.413517508339739770e+00
5.416900995206691327e+00
5.420064232182361330e+00
5.423009089064456667e+00
5.425737813544132315e+00
5.428237376642085721e+00
5.430509925913669989e+00
5.432558649760344416e+00
5.434386734199383007e+00
5.435996184331037817e+00
5.437389550191023879e+00
5.438567802888014668e+00
5.439522641059616248e+00
5.440261346158245637e+00
5.440776653309026045e+00
5.441073920336225278e+00
5.441157645043590563e+00
5.441021233071245966e+00
5.440669843759992297e+00
5.440099091660835384e+00
5.439313327577568913e+00
5.438316705581404342e+00
5.437105600815869799e+00
5.435691080224373195e+00
5.434074984770873584e+00
5.432252607923606647e+00
5.430227194261412649e+00
5.427996749263862775e+00
5.425566521566965505e+00
5.422939380687334499e+00
5.420122321528054954e+00
5.417118685525514010e+00
5.413926449996091961e+00
5.410553248506643875e+00
5.407007386964417961e+00
5.403297493439771060e+00
5.399432142954922575e+00
5.395421677213764866e+00
5.391275622826672276e+00
5.386995545309638089e+00
5.382589165550326626e+00
5.378063433748339506e+00
5.373428165000531997e+00
5.368690376859757585e+00
5.363852076512429790e+00
5.358923762422654669e+00
5.353910728674979858e+00
5.348829997163862870e+00
5.343693917375654578e+00
5.338510643225759189e+00
5.333292354327291207e+00
5.328049436789600968e+00
5.322791030984967087e+00
5.317529957872478619e+00
5.312278139573185065e+00
5.307045916300860533e+00
5.301846888047303530e+00
5.296691765767183924e+00
5.291593097430314252e+00
5.286561701279723913e+00
5.281610004287803584e+00
5.276748014074409632e+00
5.271989109200085011e+00
5.267339345794762373e+00
5.262816448491657084e+00
5.258425113242709337e+00
5.254177326243961055e+00
5.250087302011096746e+00
5.246160514038646028e+00
5.242397896331393525e+00
5.238811845165335157e+00
5.235403038841329959e+00
5.232172079068265980e+00
5.229129274767480240e+00
5.226273015421472046e+00
5.223608864825806997e+00
5.221160930675110556e+00
5.218923125696024456e+00
5.216904385816893530e+00
5.215112303775391922e+00
5.213534652423700955e+00
5.212173055541358124e+00
5.211032770630560584e+00
5.210118064787828018e+00
5.209416836035095422e+00
5.208948441688559861e+00
5.208684113901696833e+00
5.208621951998799737e+00
5.208750023847102284e+00
5.209048085664986338e+00
5.209524368760764190e+00
5.210154551012098345e+00
5.210937054125248657e+00
5.211858487171708632e+00
5.212900005025445260e+00
5.214043126148759200e+00
5.215269726706324604e+00
5.216563540888606632e+00
5.217917066855012109e+00
5.219305404467164955e+00
5.220721071255981727e+00
5.222144548190414959e+00
5.223562589777290377e+00
5.224968219739972497e+00
5.226348051173268061e+00
5.227692333800373348e+00
5.228988582683382624e+00
5.230224646670399657e+00
5.231394086597142667e+00
5.232484939438877269e+00
5.233489620579061530e+00
5.234400135619221572e+00
5.235210223463950818e+00
5.235911999834357289e+00
5.236497708005486196e+00
5.236958161672233381e+00
5.237289368329225425e+00
5.237491713506757129e+00
5.237556268838821971e+00
5.237484935047692858e+00
5.237271593278862269e+00
5.236919604829169295e+00
5.236423624000168253e+00
5.235775116673326401e+00
5.234976430005048975e+00
5.234020845434283586e+00
5.232911686217998515e+00
5.231643515295004043e+00
5.230218779510473759e+00
5.228641353613352472e+00
5.226911690598941007e+00
5.225035392409778545e+00
5.223012868529773201e+00
5.220844324892974342e+00
5.218532259679055763e+00
5.216081910199142690e+00
5.213497597640968984e+00
5.210783901876427038e+00
5.207947987383819033e+00
5.204997023707843340e+00
5.201940762764428960e+00
5.198787783152077679e+00
5.195546002453778733e+00
5.192224177783941741e+00
5.188832321530795433e+00
5.185380290812469539e+00
5.181873507565475379e+00
5.178328560060476704e+00
5.174755641287778651e+00
5.171168911224818032e+00
5.167577194935296880e+00
5.163990980452513035e+00
5.160418973928904585e+00
5.156871550148941274e+00
5.153358022934413363e+00
5.149884347683405750e+00
5.146460755235171547e+00
5.143095979160285047e+00
5.139793556100343608e+00
5.136564214295361808e+00
5.133416068023656464e+00
5.130350559121582776e+00
5.127378749019120718e+00
5.124506720966314433e+00
5.121736223763440954e+00
5.119076732760881043e+00
5.116539548999285536e+00
5.114119373327707940e+00
5.111832698798393970e+00
5.109684288567518884e+00
5.107675053394054920e+00
5.105818039393638763e+00
5.104119927203868201e+00
5.102587551391337684e+00
5.101226821905588515e+00
5.100047979718659974e+00
5.099051934769962990e+00
5.098235902032468125e+00
5.097601867830965361e+00
5.097149148202153590e+00
5.096881174343288912e+00
5.096788846944110496e+00
5.096869998323382944e+00
5.097114869403303494e+00
5.097515290948213540e+00
5.098052618811489189e+00
5.098718461478711106e+00
5.099506741325020798e+00
5.100404792363405271e+00
5.101402217830181662e+00
5.102480781982303704e+00
5.103629806722164375e+00
5.104837144921183345e+00
5.106081694597959242e+00
5.107346361363886977e+00
5.108615036393165276e+00
5.109863983104586893e+00
5.111074383939266497e+00
5.112227224419474858e+00
5.113299472490906439e+00
5.114272729615330526e+00
5.115130245471954495e+00
5.115857015634537319e+00
5.116439646566868227e+00
5.116866338039399054e+00
5.117130162111134695e+00
5.117224940341547956e+00
5.117144021457643355e+00
5.116886354396702252e+00
5.116453321735026094e+00
5.115838762531638828e+00
5.115051336298347628e+00
5.114089153269888222e+00
5.112951550717116156e+00
5.111642057384014670e+00
5.110160047794342297e+00
5.108511387045145291e+00
5.106703519756555565e+00
5.104742369885206799e+00
5.102637441242696248e+00
5.100398037965059750e+00
5.098032208914519359e+00
5.095551474327804087e+00
5.092961194152596072e+00
5.090271106297733716e+00
5.087491505975489048e+00
5.084633269245388831e+00
5.081708818311456710e+00
5.078728562826876569e+00
5.075701718563799147e+00
5.072639897997144764e+00
5.069555337960485630e+00
5.066460736031299206e+00
5.063368990058666697e+00
5.060288410122161018e+00
5.057228858406309868e+00
5.054202697212462958e+00
5.051216251785522360e+00
5.048277539844280071e+00
5.045398575598960988e+00
5.042585342163805606e+00
5.039843348200086837e+00
5.037185758585694728e+00
5.034617081219914247e+00
5.032142119343046005e+00
5.029773593480352467e+00
5.027516588206056625e+00
5.025373252714637751e+00
5.023358065868382738e+00
5.021474503214125917e+00
5.019724401319985319e+00
5.018122005100016381e+00
5.016666675741439541e+00
5.015377175594335490e+00
5.014255458051924741e+00
5.013298234725956704e+00
5.012513287300830456e+00
5.011907387162214178e+00
5.011486525619988974e+00
5.011254723417227552e+00
5.011207975363944023e+00
5.011349207778116543e+00
5.011677176301022385e+00
5.012190484684546199e+00
5.012887431290585560e+00
5.013775236439545147e+00
5.014845839646299375e+00
5.016099225339134549e+00
5.017523328867395271e+00
5.019115386810740098e+00
5.020859443005759815e+00
5.022749047633847219e+00
5.024775797632178076e+00
5.026921790447671512e+00
5.029167586323459282e+00
5.031490783449847903e+00
5.033875497189004733e+00
5.036303834971626259e+00
5.038760294374664106e+00
5.041225856301028152e+00
5.043685465362506726e+00
5.046126492228943050e+00
5.048531290498215363e+00
5.050887782928187519e+00
5.053184478935439650e+00
5.055411800649602938e+00
5.057560973521909808e+00
5.059623789694748019e+00
5.061593379136763104e+00
5.063460681941949204e+00
5.065220404621801897e+00
5.066865692791185261e+00
5.068388688322745139e+00
5.069782954957924304e+00
5.071042631473980045e+00
5.072166618314227549e+00
5.073153929617843616e+00
5.073996537607750490e+00
5.074692905825219924e+00
5.075236352626822267e+00
5.075629406590602244e+00
5.075866981149307122e+00
5.075952833630733352e+00
5.075884023183613536e+00
5.075665544127701878e+00
5.075300990832626091e+00
5.074788143043994282e+00
5.074133170848368124e+00
5.073336633747098645e+00
5.072405620297070428e+00
5.071346662720318754e+00
5.070167098497624814e+00
5.068875797843213959e+00
5.067476793085809561e+00
5.065977354203935690e+00
5.064381493633265841e+00
5.062696205531831417e+00
5.060925900345321082e+00
5.059076449876303450e+00
5.057156502311701551e+00
5.055172520136112624e+00
5.053131690030569168e+00
5.051039810334915892e+00
5.048902582233422365e+00
5.046728741829864084e+00
5.044527452891341746e+00
5.042309260373585289e+00
5.040084432219736676e+00
5.037859745179884996e+00
5.035644323086017060e+00
5.033447423135513077e+00
5.031280095582478573e+00
5.029154904340975563e+00
5.027078333204262783e+00
5.025058252518646462e+00
5.023107172852030899e+00
5.021229676311482315e+00
5.019435527180898582e+00
5.017729939972627839e+00
5.016115863775479689e+00
5.014600188439357176e+00
5.013187295203675120e+00
5.011889641737210965e+00
5.010707553332315989e+00
5.009641573508845980e+00
5.008696522494422432e+00
5.007874988322721599e+00
5.007189403628574453e+00
5.006637830664977251e+00
5.006228620228931447e+00
5.005961551503852469e+00
5.005835731770487129e+00
5.005850721550516802e+00
5.006006774622360211e+00
5.006303566432902308e+00
5.006739547289321024e+00
5.007322111613462745e+00
5.008043673149656705e+00
5.008905312306594304e+00
5.009896051696848041e+00
5.011012095473120986e+00
5.012247230149219135e+00
5.013585475868890917e+00
5.015020331180999769e+00
5.016537697053860434e+00
5.018130229003143761e+00
5.019787534810018492e+00
5.021494550145578550e+00
5.023237417376948066e+00
5.025003161019993669e+00
5.026779054588986106e+00
5.028552657551480287e+00
5.030305610484793633e+00
5.032022359705879744e+00
5.033689066357328379e+00
5.035292730070068501e+00
5.036821034885361925e+00
5.038261930532173416e+00
5.039604609943346247e+00
5.040837126485424591e+00
5.041948877237159010e+00
5.042930198795515295e+00
5.043774233720618838e+00
5.044474974236804243e+00
5.045027233361619068e+00
5.045425060018317254e+00
5.045664085521714526e+00
5.045739287724138045e+00
5.045655443658472628e+00
5.045410561290919915e+00
5.045008673248232434e+00
5.044449669895113786e+00
5.043735422221365283e+00
5.042868649763406985e+00
5.041851764348686871e+00
5.040688357529582220e+00
5.039387356368245641e+00
5.037953895506800173e+00
5.036399264362992234e+00
5.034730455753746448e+00
5.032956692305746493e+00
5.031086787012758244e+00
5.029132950333297991e+00
5.027106552896440483e+00
5.025019566891135270e+00
5.022883216617048063e+00
5.020709340748726213e+00
5.018509965864360822e+00
5.016296272752225782e+00
5.014079774198472172e+00
5.011871234354914328e+00
5.009682372984828547e+00
5.007524127093496702e+00
5.005408704010189780e+00
5.003346523669898183e+00
5.001346044567763549e+00
4.999416261342704892e+00
4.997564270523726648e+00
4.995797280994592526e+00
4.994121215072808262e+00
4.992542724636732210e+00
4.991068240282476864e+00
4.989707110402526347e+00
4.988458440107645053e+00
4.987331008118928821e+00
4.986323841539562096e+00
4.985445926961838303e+00
4.984704340723690841e+00
4.984092422602113714e+00
4.983618946102794212e+00
4.983280311403211371e+00
4.983085112170661191e+00
4.983039087643260423e+00
4.983144153234892570e+00
4.983400328428827741e+00
4.983806967744016880e+00
4.984362434194766323e+00
4.985065341339788958e+00
4.985912741096100831e+00
4.986900689796886610e+00
4.988025358439765355e+00
4.989282437385401892e+00
4.990674791903576768e+00
4.992189991594634613e+00
4.993823497117840127e+00
4.995559459449134820e+00
4.997385060460650230e+00
4.999295384557330912e+00
5.001274508060301827e+00
5.003313312651004985e+00
5.005395014853563751e+00
5.007507634879437397e+00
5.009636936010208430e+00
5.011772473127926730e+00
5.013899332852448154e+00
5.016004928172910660e+00
5.018074572355831542e+00
5.020097203077162895e+00
5.022061018021193313e+00
5.023953792275276165e+00
5.025761605770671991e+00
5.027472075195396961e+00
5.029076528520668887e+00
5.030567989618861979e+00
5.031940376581038876e+00
5.033187873260463796e+00
5.034305077911700010e+00
5.035287895621147314e+00
5.036131046758380414e+00
5.036831157924022584e+00
5.037383133218970244e+00
5.037782865473416472e+00
5.038035509855833816e+00
5.038138600326488969e+00
5.038098748730840626e+00
5.037914783874871461e+00
5.037591946417809829e+00
5.037138549791992936e+00
5.036555339428010036e+00
5.035849859821023067e+00
5.035023269759835607e+00
5.034081721859397618e+00
5.033032885598363038e+00
5.031884491103112644e+00
5.030646326499402576e+00
5.029323395299135413e+00
5.027922641890464561e+00
5.026452228533445421e+00
5.024920824872671332e+00
5.023338302629411167e+00
5.021714452760636327e+00
5.020059608178555344e+00
5.018383083599030847e+00
5.016691282796084117e+00
5.014992064791142568e+00
5.013294373112141322e+00
5.011607531713664798e+00
5.009942389237106219e+00
5.008304257052362374e+00
5.006700182365597662e+00
5.005138616370381044e+00
5.003628476368606748e+00
5.002182359652936228e+00
5.000804838346660119e+00
4.999505727248609865e+00
4.998287541674793388e+00
4.997155602084816906e+00
4.996121190669358114e+00
4.995185209768234991e+00
4.994355803089558066e+00
4.993632121863185169e+00
4.993016864316880188e+00
4.992519962372600872e+00
4.992138761462986629e+00
4.991878726011484524e+00
4.991735449707478622e+00
4.991706661504569986e+00
4.991799920189070150e+00
4.992010107382076178e+00
4.992342001168863064e+00
4.992789798124567469e+00
4.993356171778277286e+00
4.994041297069625074e+00
4.994834508753255520e+00
4.995737030289009617e+00
4.996740687421397098e+00
4.997846877953842970e+00
4.999054011708930823e+00
5.000355750328735027e+00
5.001745224154427127e+00
5.003210694051221097e+00
5.004748600429729244e+00
5.006351401663260425e+00
5.008007019168573493e+00
5.009704059219795447e+00
5.011431675410705111e+00
5.013179671770767953e+00
5.014938430643514522e+00
5.016691839403346620e+00
5.018426015681462182e+00
5.020128758705095784e+00
5.021788899606899115e+00
5.023395903414920483e+00
5.024939690536692538e+00
5.026410444087222373e+00
5.027798582321837628e+00
5.029094660437539943e+00
5.030289352244573742e+00
5.031373552537400151e+00
5.032344067401129273e+00
5.033196058354216795e+00
5.033922805270986345e+00
5.034518371007279391e+00
5.034977512738541883e+00
5.035295138551729721e+00
5.035467223289298744e+00
5.035495428107090277e+00
5.035379737205214035e+00
5.035117423682814675e+00
5.034713093526071326e+00
5.034166132918900693e+00
5.033482057637876039e+00
5.032662738672797786e+00
5.031714071742598549e+00
5.030643608979287862e+00
5.029453720859589971e+00
5.028151040337386135e+00
5.026738584897818107e+00
5.025224771014753067e+00
5.023616099021734449e+00
5.021921506933272994e+00
5.020150315872728974e+00
5.018309087119400935e+00
5.016406440995037741e+00
5.014448912552893489e+00
5.012447340897619341e+00
5.010410941056311351e+00
5.008350276015103297e+00
5.006276361457408619e+00
5.004199406317771270e+00
5.002131350747645477e+00
5.000082695595323479e+00
4.998064883015453930e+00
4.996088821701108351e+00
4.994168142489492368e+00
4.992309111169874747e+00
4.990519251338540130e+00
4.988806927762328591e+00
4.987181780449448709e+00
4.985658180228768721e+00
4.984239604286252678e+00
4.982938182167111485e+00
4.981755192838011936e+00
4.980695057473479181e+00
4.979769881851374258e+00
4.978981180749236124e+00
4.978340526259838583e+00
4.977854879162609159e+00
4.977527519799172850e+00
4.977360744755118027e+00
4.977345174553905238e+00
4.977488738580708727e+00
4.977794640160267292e+00
4.978262563518350170e+00
4.978892871982519175e+00
4.979683788067761796e+00
4.980633483625116931e+00
4.981747563055815675e+00
4.983013751975359007e+00
4.984429883531393379e+00
4.985981737992824847e+00
4.987660407743515378e+00
4.989457488081516345e+00
4.991360273680747639e+00
4.993356485537350231e+00
4.995433068147957734e+00
4.997576270422994682e+00
4.999774074724971484e+00
5.002007851175128472e+00
5.004264074883519875e+00
5.006526991299450557e+00
5.008777551523506233e+00
5.011001312158168020e+00
5.013182244620383976e+00
5.015305138400854901e+00
5.017356284729304505e+00
5.019325488976302374e+00
5.021203273705307168e+00
5.022979567370478016e+00
5.024643759152952249e+00
5.026185940227571258e+00
5.027602719090046968e+00
5.028887350729766226e+00
5.030031401313010520e+00
5.031027129463020664e+00
5.031867586693826944e+00
5.032553213260236191e+00
5.033078683710757062e+00
5.033446234784189954e+00
5.033651885653946501e+00
5.033690662803695481e+00
5.033564499980406559e+00
5.033270689929472574e+00
5.032812507534968560e+00
5.032194640348302883e+00
5.031419204483377428e+00
5.030489086146103794e+00
5.029410164813149287e+00
5.028187690163601786e+00
5.026828152025687224e+00
5.025338037992466589e+00
5.023728297586192326e+00
5.022006200189341740e+00
5.020180142755259922e+00
5.018257871652592073e+00
5.016248506541002961e+00
5.014163281107891557e+00
5.012010207409607787e+00
5.009803836877096295e+00
5.007555358345259222e+00
5.005278431559552210e+00
5.002984133745182582e+00
5.000682360465276588e+00
4.998383354629028830e+00
4.996096420372474256e+00
4.993834183747518196e+00
4.991603798801649283e+00
4.989410128230798769e+00
4.987263034368504044e+00
4.985169935161816390e+00
4.983143933797822278e+00
4.981189543242203754e+00
4.979315247471080674e+00
4.977524211789118525e+00
4.975818970436799660e+00
4.974211248988855694e+00
4.972701906646240566e+00
4.971300554359902257e+00
4.970008954043139582e+00
4.968827018971194498e+00
4.967767678658117525e+00
4.966828535432566305e+00
4.966021008501400935e+00
4.965343266064872196e+00
4.964804295050551985e+00
4.964410031820287728e+00
4.964152504681249134e+00
4.964042060496857367e+00
4.964078049234220913e+00
4.964264253976860886e+00
4.964597479890207943e+00
4.965087470862190600e+00
4.965726387354652438e+00
4.966502683165590071e+00
4.967413435730257731e+00
4.968452733534493682e+00
4.969627000468888056e+00
4.970924138355172772e+00
4.972341924685157011e+00
4.973866236287272535e+00
4.975493299889481413e+00
4.977214788126861578e+00
4.979010817634976327e+00
4.980872370380078351e+00
4.982784528660689105e+00
4.984736556041154287e+00
4.986714993494662629e+00
4.988710445839080521e+00
4.990708987492236126e+00
4.992702507007035884e+00
4.994676970171842534e+00
4.996617320555362340e+00
4.998511652576839381e+00
5.000348429906284586e+00
5.002115608382141865e+00
5.003802433389341608e+00
5.005396635907806591e+00
5.006888993161834556e+00
5.008272550928512423e+00
5.009536638188281543e+00
5.010675197321095453e+00
5.011682854893722450e+00
5.012557547467865859e+00
5.013295700105944164e+00
5.013897102999606226e+00
5.014361725601472308e+00
5.014686044755495509e+00
5.014870697225548568e+00
5.014914217040047362e+00
5.014822629679099641e+00
5.014598938420519403e+00
5.014242788188264299e+00
5.013757315844400431e+00
5.013147950366241723e+00
5.012418405532939047e+00
5.011577863887055173e+00
5.010629903793437201e+00
5.009581768632037857e+00
5.008444090828400697e+00
5.007218022987347084e+00
5.005917271271448143e+00
5.004546206489305149e+00
5.003119621023636832e+00
5.001649092629652849e+00
5.000139921352368511e+00
4.998602816507320412e+00
4.997041643306713077e+00
4.995469330445031275e+00
4.993895694211223812e+00
4.992329783782461838e+00
4.990783278390865441e+00
4.989266557738285535e+00
4.987787019655209875e+00
4.986355799481374085e+00
4.984975675389271110e+00
4.983653135046464122e+00
4.982397718772394235e+00
4.981213422834974480e+00
4.980109695017437055e+00
4.979087558284502002e+00
4.978157804653148055e+00
4.977324408784607357e+00
4.976585646465520263e+00
4.975949216157296462e+00
4.975413026593724197e+00
4.974986710369686094e+00
4.974674025707044756e+00
4.974478571012714845e+00
4.974404024475353125e+00
4.974442827029252889e+00
4.974603141246462634e+00
4.974878660438680988e+00
4.975273611432041498e+00
4.975782865023340662e+00
4.976408956309881226e+00
4.977153428381409839e+00
4.978004358148304220e+00
4.978964494502274185e+00
4.980025178229539051e+00
4.981188849320735912e+00
4.982453962972487993e+00
4.983815346023169113e+00
4.985265834143487673e+00
4.986797235867111766e+00
4.988400766810505260e+00
4.990065773686496620e+00
4.991782920768586429e+00
4.993542990496483647e+00
4.995337783208219307e+00
4.997159109374611496e+00
4.999000118484824284e+00
5.000846906563371164e+00
5.002687023839087033e+00
5.004510565510126519e+00
5.006307834198804763e+00
5.008070411196085203e+00
5.009790062865348226e+00
5.011457947751613240e+00
5.013065105488628603e+00
5.014601784458489142e+00
5.016058496346800233e+00
5.017425439467755766e+00
5.018697889259187583e+00
5.019870213678209403e+00
5.020934629773822877e+00
5.021883369123664842e+00
5.022707625066963111e+00
5.023405512383308569e+00
5.023971275797213920e+00
5.024404561257090229e+00
5.024700833352382823e+00
5.024860549157585510e+00
5.024886614101108151e+00
5.024775794360886394e+00
5.024530837264011396e+00
5.024155152317234752e+00
5.023652637403555943e+00
5.023028157342323219e+00
5.022287543777474994e+00
5.021437564779171581e+00
5.020482876140722084e+00
5.019430803720006828e+00
5.018287286523829493e+00
5.017059363860736809e+00
5.015753830362212007e+00
5.014380109895122395e+00
5.012949129480969823e+00
5.011469844419611519e+00
5.009951176036252285e+00
5.008400107015027913e+00
5.006825010020389044e+00
5.005233763594284291e+00
5.003634254623309019e+00
5.002035329628840010e+00
5.000442037273302276e+00
4.998862527597799144e+00
4.997301031041994079e+00
4.995766145128859748e+00
4.994262704242123263e+00
4.992794437844406907e+00
4.991366367030989792e+00
4.989982463408361824e+00
4.988648439783702315e+00
4.987368409771572253e+00
4.986146652463923523e+00
4.984988044191251078e+00
4.983896539051185570e+00
4.982877666715632259e+00
4.981934844169864540e+00
4.981077405426750815e+00
4.980303759489308035e+00
4.979613256592403836e+00
4.979008690778265134e+00
4.978491830181429378e+00
4.978071004476498196e+00
4.977742938537250694e+00
4.977511954780769798e+00
4.977373727493089817e+00
4.977324357124147447e+00
4.977369698042151569e+00
4.977504187820581016e+00
4.977730743082340759e+00
4.978043164925751718e+00
4.978442652763900078e+00
4.978927254879947917e+00
4.979486363696033813e+00
4.980119218470627551e+00
4.980817581804567240e+00
4.981580558957629634e+00
4.982401530685000246e+00
4.983279445411733732e+00
4.984206389801673076e+00
4.985177131237558790e+00
4.986191279085451455e+00
4.987241477312618798e+00
4.988325034098798128e+00
4.989434011520915924e+00
4.990564639957720594e+00
4.991709765883260097e+00
4.992859473617845545e+00
4.994008486958318116e+00
4.995149360613995171e+00
4.996277464570574089e+00
4.997386648224762418e+00
4.998473442437223468e+00
4.999533991830519497e+00
5.000565031411221995e+00
5.001563044356277743e+00
5.002524817379286226e+00
5.003447048606443737e+00
5.004326259808707711e+00
5.005158291550445782e+00
5.005941644849348116e+00
5.006675825135874724e+00
5.007358889075089081e+00
5.007987928407358957e+00
5.008558941053319558e+00
5.009071494059729623e+00
5.009525019543338509e+00
5.009921081604529647e+00
5.010260645615029595e+00
5.010542870758193601e+00
5.010766869856136729e+00
5.010932396648544618e+00
5.011039575951266478e+00
5.011089009887630397e+00
5.011081295922607204e+00
5.011017551120578339e+00
5.010898926701603528e+00
5.010726570092347565e+00
5.010501503754612784e+00
5.010225071512367734e+00
5.009898411683943564e+00
5.009522974170949716e+00
5.009100044608320701e+00
5.008631057828869970e+00
5.008117598347570976e+00
5.007560771346295958e+00
5.006963666506315747e+00
5.006329395376351243e+00
5.005661108695175443e+00
5.004962167419697572e+00
5.004236140825059742e+00
5.003487850256468583e+00
5.002723180405999059e+00
5.001945962436700199e+00
5.001161092870139768e+00
5.000371697671913473e+00
4.999582914985919224e+00
4.998797136895563042e+00
4.998016452171112789e+00
4.997247305862809519e+00
4.996494915463234321e+00
4.995762873940373439e+00
4.995054149456525039e+00
4.994370789207720485e+00
4.993715028442645476e+00
4.993090356789731565e+00
4.992498074934087704e+00
4.991935847342215737e+00
4.991407274544440220e+00
4.990911818161808178e+00
4.990454119831524871e+00
4.990036428585850281e+00
4.989656475387716839e+00
4.989318344272876793e+00
4.989021604653652631e+00
4.988771217331494867e+00
4.988567547496614019e+00
4.988416023334695026e+00
4.988316905392539802e+00
4.988272532449308905e+00
4.988283360673785083e+00
4.988349540944882143e+00
4.988468486781903799e+00
4.988644512187430102e+00
4.988875155284740792e+00
4.989164170682171218e+00
4.989512593433001797e+00
4.989917765468098843e+00
4.990375822245813886e+00
4.990878614432848970e+00
4.991426437221207379e+00
4.992016802377737150e+00
4.992645629070437074e+00
4.993307498045003179e+00
4.993994349859392834e+00
4.994705502636466399e+00
4.995436812512312308e+00
4.996189528129732160e+00
4.996962080768978964e+00
4.997750699616707593e+00
4.998550479061640850e+00
4.999355099521316070e+00
5.000163785092271773e+00
5.000973492212333227e+00
5.001783683024086713e+00
5.002590288467446022e+00
5.003391660772004812e+00
5.004183361477892333e+00
5.004963446579616893e+00
5.005731241278094323e+00
5.006482766963285869e+00
5.007215481273574298e+00
5.007924740113062434e+00
5.008606797702354285e+00
5.009256549052638618e+00
5.009872126787644930e+00
5.010451347812755252e+00
5.010990813694639279e+00
5.011486624911172250e+00
5.011934283919376121e+00
5.012332926153881374e+00
5.012681939661248087e+00
5.012982969529671706e+00
5.013234941497190178e+00
5.013435892298563346e+00
5.013585661411029903e+00
5.013685223668558066e+00
5.013736769020300521e+00
5.013740481708930830e+00
5.013695127081858161e+00
5.013601675753283970e+00
5.013462292275193910e+00
5.013280441018554967e+00
5.013057918011012859e+00
5.012795058379682089e+00
5.012493126488091200e+00
5.012154381296398675e+00
5.011782363376382499e+00
5.011381411089364413e+00
5.010955816491309278e+00
5.010509621186916895e+00
5.010042409880821168e+00
5.009555989115300534e+00
5.009053621574107495e+00
5.008538555784885382e+00
5.008015578484897645e+00
5.007485944016640822e+00
5.006950910708671820e+00
5.006413497685260339e+00
5.005874005093044588e+00
5.005334769545859430e+00
5.004800928219027334e+00
5.004273105247682096e+00
5.003755140325789164e+00
5.003247249333921509e+00
5.002753003596131620e+00
5.002272800936166774e+00
5.001808592810098375e+00
5.001366144924227264e+00
5.000945549218719144e+00
5.000550728871290929e+00
5.000181249252324100e+00
4.999839800542956070e+00
4.999527901711680045e+00
4.999246224260695648e+00
4.998994979395337879e+00
4.998774537558475117e+00
4.998584698608883770e+00
4.998424792161950236e+00
4.998294034695991428e+00
4.998191678507993174e+00
4.998117605306016564e+00
4.998071158405202219e+00
4.998050404002698066e+00
4.998054984495956532e+00
4.998084144100992887e+00
4.998137667856626720e+00
4.998214496953860220e+00
4.998314514050707480e+00
4.998432744892761015e+00
4.998570808472558191e+00
4.998725256717280629e+00
4.998897243591472694e+00
4.999084057530835068e+00
4.999287386799678323e+00
4.999506334105953798e+00
4.999735658171102770e+00
4.999975412806944242e+00
5.000222270938084357e+00
5.000477282314077954e+00
5.000738350416050082e+00
5.001001003182008908e+00
5.001264965890421799e+00
5.001527168529553258e+00
5.001788115187062900e+00
5.002045584248825172e+00
5.002300877573414795e+00
5.002551565992160221e+00
5.002793874165489818e+00
5.003027376497611201e+00
5.003249482626542566e+00
5.003460824324264422e+00
5.003658501768931899e+00
5.003838827593699357e+00
5.004000815174057593e+00
5.004142408429160582e+00
5.004263106596171795e+00
5.004361939954087291e+00
5.004439950620270139e+00
5.004499420358313522e+00
5.004540186536012847e+00
5.004563717397375378e+00
5.004570045866984174e+00
5.004560728840860229e+00
5.004538271079635336e+00
5.004501924148624603e+00
5.004452628509004519e+00
5.004389414914746759e+00
5.004312287491608835e+00
5.004224654600816891e+00
5.004128983707028411e+00
5.004028361371579692e+00
5.003926119242656512e+00
5.003824985080259857e+00
5.003723647712591927e+00
5.003621538660350865e+00
5.003519800190675326e+00
5.003420273509670224e+00
5.003325089557890237e+00
5.003231977482188064e+00
5.003139809450928510e+00
5.003049653644535688e+00
5.002962821607341404e+00
5.002881417802398367e+00
5.002807945322108374e+00
5.002745487249320000e+00
5.002691955232855925e+00
5.002646646659684393e+00
5.002610453366630239e+00
5.002585005799170759e+00
5.002572972827452169e+00
5.002571718832601988e+00
5.002580146947999573e+00
5.002598982582691534e+00
5.002629562126364782e+00
5.002674705021907364e+00
5.002731536639747567e+00
5.002799496514617417e+00
5.002874080439924320e+00
5.002952710430963457e+00
5.003035547857998644e+00
5.003122356248915104e+00
5.003212720112771628e+00
5.003306544622302177e+00
5.003403047950834903e+00
5.003502085538477751e+00
5.003603040421278791e+00
5.003705544866518196e+00
5.003809356748953441e+00
5.003913656476780325e+00
5.004018208257749123e+00
5.004122412115230567e+00
5.004225875981047622e+00
5.004328135097295238e+00
5.004428680170223132e+00
5.004527223514287471e+00
5.004623035913225770e+00
5.004715857304525173e+00
5.004805220033865076e+00
5.004890610579294297e+00
5.004971718111900891e+00
5.005047890128460963e+00
5.005118828168032330e+00
5.005184060688023351e+00
5.005243082692738099e+00
5.005295515627492975e+00
5.005340914152454523e+00
5.005380490393269710e+00
5.005411816350076037e+00
5.005434717404547484e+00
5.005451085481451123e+00
5.005463462971507127e+00
5.005475162367926778e+00
5.005484986043428286e+00
5.005493610756365008e+00
5.005498333035918179e+00
5.005498685344770493e+00
5.005495989938914647e+00
5.005487596498402247e+00
5.005473028326939300e+00
5.005448903824270879e+00
5.005414362047866383e+00
5.005370488549651498e+00
5.005315881866098771e+00
5.005251682997750251e+00
5.005177028608577494e+00
5.005093707368779121e+00
5.005005613193916680e+00
5.004913027706624717e+00
5.004818633646773485e+00
5.004722141168149285e+00
5.004625831862049345e+00
5.004529207834111482e+00
5.004429167565959347e+00
5.004326364007847694e+00
5.004219013341770328e+00
5.004108314515160139e+00
5.003992978288860805e+00
5.003871149114400119e+00
5.003745673541978078e+00
5.003617408425614421e+00
5.003485736475393963e+00
5.003349387050673336e+00
5.003206500318899685e+00
5.003059902117655611e+00
5.002910504966111560e+00
5.002760756612824267e+00
5.002608842487516583e+00
5.002454959257575773e+00
5.002301198273035432e+00
5.002150364034879004e+00
5.002006432992476270e+00
5.001868251069518045e+00
5.001736904420958751e+00
5.001609565719100203e+00
5.001485795631142039e+00
5.001367193889874052e+00
5.001256230632845856e+00
5.001156841778267470e+00
5.001067673360068966e+00
5.000989323333908665e+00
5.000924035926421318e+00
5.000874794727263151e+00
5.000846413165402460e+00
5.000837566748800533e+00
5.000850019380290057e+00
5.000880600178921220e+00
5.000928677988545346e+00
5.000996755615183531e+00
5.001081809655138599e+00
5.001184333695404050e+00
5.001300446085936713e+00
5.001429002063652263e+00
5.001571653086995362e+00
5.001727110997146397e+00
5.001898464199459049e+00
5.002086411074106564e+00
5.002289356172387791e+00
5.002504538216000718e+00
5.002727725312418272e+00
5.002960133359140471e+00
5.003200900174981314e+00
5.003447425339674126e+00
5.003696118697826378e+00
5.003942816362088486e+00
5.004188170202380270e+00
5.004430994980341829e+00
5.004672582477636134e+00
5.004910782456703622e+00
5.005145915255257094e+00
5.005375214193322542e+00
5.005593669463253903e+00
5.005799867373264433e+00
5.005990231197631424e+00
5.006163621668077823e+00
5.006317082105510075e+00
5.006450619289957160e+00
5.006565848060257728e+00
5.006661348074979756e+00
5.006737569582020875e+00
5.006792542196182971e+00
5.006825620541187405e+00
5.006835038149567652e+00
5.006821317979904151e+00
5.006786217975732534e+00
5.006728595907171453e+00
5.006648401303519513e+00
5.006544213176076674e+00
5.006416876523126724e+00
5.006268304104287026e+00
5.006097505765336741e+00
5.005904834049124119e+00
5.005688557291704477e+00
5.005449932704050475e+00
5.005191457236486841e+00
5.004917106127666493e+00
5.004630746396559360e+00
5.004332784286068758e+00
5.004025030957834907e+00
5.003706193270461178e+00
5.003377591001169300e+00
5.003041879052594787e+00
5.002698123308197076e+00
5.002347460689320791e+00
5.001988011228218234e+00
5.001620514059736067e+00
5.001247718038333900e+00
5.000872595722152703e+00
5.000498317817521965e+00
5.000128316993190047e+00
4.999766094165219776e+00
4.999413162658287391e+00
4.999070324154865297e+00
4.998736908102701548e+00
4.998417580688665041e+00
4.998115164043674952e+00
4.997830562966237622e+00
4.997564193105618280e+00
4.997314984074155753e+00
4.997085798720191541e+00
4.996876585299443008e+00
4.996683677604715434e+00
4.996508307179730046e+00
4.996348312927703539e+00
4.996205519412007412e+00
4.996078655489084142e+00
4.995968092030208751e+00
4.995876029964832377e+00
4.995805240652820167e+00
4.995760470169893885e+00
4.995740128198936425e+00
4.995745859803697009e+00
4.995774143893337182e+00
4.995823945581046921e+00
4.995897724196379563e+00
4.995992057282542476e+00
4.996107335040409936e+00
4.996239158079092135e+00
4.996386074261804033e+00
4.996549752360275320e+00
4.996727017859061704e+00
4.996918528495421619e+00
4.997120754817566457e+00
4.997333597155353857e+00
4.997553948765685483e+00
4.997775640958984411e+00
4.997996984800387565e+00
4.998213456017960077e+00
4.998423681935358687e+00
4.998623899431962947e+00
4.998813400870253609e+00
4.998993509529222834e+00
4.999162096368213959e+00
4.999319144735178355e+00
4.999462027872047187e+00
4.999590865258193517e+00
4.999707705225860721e+00
4.999812815949384870e+00
4.999909219421510898e+00
4.999997943347384677e+00
5.000077514961426495e+00
5.000145994775061276e+00
5.000200857660797915e+00
5.000243423614714189e+00
5.000273411028151038e+00
5.000289039894536103e+00
5.000288584418097315e+00
5.000270440399848582e+00
5.000236892803307853e+00
5.000188436201510100e+00
5.000124140373167769e+00
5.000042438340109641e+00
4.999942106260653496e+00
4.999825782785859651e+00
4.999694846254508995e+00
4.999553267323147310e+00
4.999403364388938620e+00
4.999244989427473307e+00
4.999077662574794800e+00
4.998900233573015939e+00
4.998715632213946769e+00
4.998524964089241074e+00
4.998327363143412860e+00
4.998121813880947784e+00
4.997906759465781334e+00
4.997685002079902183e+00
4.997457689094094491e+00
4.997228882974681596e+00
4.997001089296039922e+00
4.996774598481802165e+00
4.996554025849996528e+00
4.996341201449482128e+00
4.996141506573854585e+00
4.995958591616450839e+00
4.995792931738048281e+00
4.995644597970617440e+00
4.995511584263963023e+00
4.995397255048824370e+00
4.995303919427763972e+00
4.995230784100216148e+00
4.995177775859569458e+00
4.995142499369771727e+00
4.995122830705454042e+00
4.995116560632681946e+00
4.995123591817186792e+00
4.995139774026551294e+00
4.995163063868617748e+00
4.995188159647600656e+00
4.995212616199363964e+00
4.995235646111625627e+00
4.995257732307739396e+00
4.995278391463884304e+00
4.995297759305191043e+00
4.995316028242901218e+00
4.995333184273418325e+00
4.995349537447997257e+00
4.995365019702090237e+00
4.995379871277342509e+00
4.995394323574815054e+00
4.995408547310595360e+00
4.995422744684126393e+00
4.995437020736950728e+00
4.995451532706589148e+00
4.995466479097464330e+00
4.995482074807601869e+00
4.995498508259857751e+00
4.995515899242106705e+00
4.995534492204405375e+00
4.995554393059081555e+00
4.995574988952809825e+00
4.995594735303401812e+00
4.995611658750076067e+00
4.995623957679581117e+00
4.995634183728344446e+00
4.995643551529012072e+00
4.995651703791320841e+00
4.995657474635612161e+00
4.995659635631257700e+00
4.995661102737597226e+00
4.995663402539160636e+00
4.995666362480791101e+00
4.995668949967316586e+00
4.995669922277543584e+00
4.995672304680579323e+00
4.995677724644433049e+00
4.995687662238145421e+00
4.995703963664949399e+00
4.995728992733295293e+00
4.995759311155071991e+00
4.995793502532998254e+00
4.995831263414239665e+00
4.995873098079701258e+00
4.995920342900444844e+00
4.995968943787394423e+00
4.996017023310651339e+00
4.996064065629271411e+00
4.996110414270898303e+00
4.996156987673257888e+00
4.996202807305036409e+00
4.996245366925961662e+00
4.996286292639217308e+00
4.996325122902292470e+00
4.996364583146881699e+00
4.996405110775616443e+00
4.996444811552886556e+00
4.996481144460507728e+00
4.996511325365522005e+00
4.996537047470579473e+00
4.996558519831983958e+00
4.996579210755539791e+00
4.996600529818920222e+00
4.996621900051492204e+00
4.996645182524468431e+00
4.996668962954670334e+00
4.996694512229540308e+00
4.996725159559527008e+00
4.996759846338198585e+00
4.996800051524432185e+00
4.996843601751270292e+00
4.996891143053900031e+00
4.996942147563341763e+00
4.996997419010978270e+00
4.997058147180024612e+00
4.997126454903874304e+00
4.997198836665731392e+00
4.997273740071934256e+00
4.997351010089872148e+00
4.997431206556169236e+00
4.997515845300763537e+00
4.997601080576091981e+00
4.997685178622737645e+00
4.997767841464043848e+00
4.997849550677599062e+00
4.997931518333168732e+00
4.998012658815967235e+00
4.998090087740819421e+00
4.998164938625085263e+00
4.998236098449814868e+00
4.998305672371897046e+00
4.998373248788665180e+00
4.998436373264666166e+00
4.998495556993548306e+00
4.998548678478365481e+00
4.998596141368289558e+00
4.998635666488808305e+00
4.998665409574424068e+00
4.998687054461005808e+00
4.998700505200212696e+00
4.998708432089442155e+00
4.998711079917229405e+00
4.998706958737422212e+00
4.998698205173096376e+00
4.998684799686852642e+00
4.998669717993434958e+00
4.998653458458685250e+00
4.998634420409182155e+00
4.998614912712330494e+00
4.998594824408031378e+00
4.998577276226682464e+00
4.998562842240175996e+00
4.998550498061200997e+00
4.998539237570335914e+00
4.998528089196739188e+00
4.998516153687929453e+00
4.998502330673478156e+00
4.998485774709230611e+00
4.998465517253467993e+00
4.998440682577752980e+00
4.998410393182972200e+00
4.998373673189749233e+00
4.998330570319053479e+00
4.998281388263534630e+00
4.998226991248634121e+00
4.998168318382782083e+00
4.998106294432041352e+00
4.998041139584351811e+00
4.997972498391140661e+00
4.997899820170681906e+00
4.997822301661911659e+00
4.997738774758146540e+00
4.997648128442781612e+00
4.997549034575315297e+00
4.997440324094459818e+00
4.997320612458825195e+00
4.997189236929954426e+00
4.997049770284757386e+00
4.996904297232940273e+00
4.996753798401296187e+00
4.996598533852338875e+00
4.996438507488311309e+00
4.996277698757439545e+00
4.996118221426696593e+00
4.995960533911675938e+00
4.995804239357204857e+00
4.995648200115502924e+00
4.995495986551359735e+00
4.995349185983033458e+00
4.995213026548118052e+00
4.995090902339980765e+00
4.994983910698757690e+00
4.994892406467662305e+00
4.994814982357748789e+00
4.994755464949959034e+00
4.994716498606685207e+00
4.994698278890536081e+00
4.994700961601883371e+00
4.994723091614394761e+00
4.994763089590667171e+00
4.994819306679961990e+00
4.994890227485409007e+00
4.994974906695967221e+00
4.995072109289426798e+00
4.995180992968340838e+00
4.995301126576919160e+00
4.995431782538029886e+00
4.995572535367641009e+00
4.995722579117821915e+00
4.995881383717018842e+00
4.996048626415389826e+00
4.996223559472666942e+00
4.996405562572138415e+00
4.996593720018821294e+00
4.996787165217059012e+00
4.996985113825606284e+00
4.997185718566135471e+00
4.997386823929802269e+00
4.997586067300247237e+00
4.997785778846550286e+00
4.997986932881134159e+00
4.998188553862232375e+00
4.998389336895155743e+00
4.998587443325626545e+00
4.998783599249975396e+00
4.998975837603170547e+00
4.999162037484308208e+00
4.999344599954745227e+00
4.999524708576461585e+00
4.999701672531625896e+00
4.999874235279820667e+00
5.000040729828140407e+00
5.000203936453869957e+00
5.000365345086863478e+00
5.000524423811546271e+00
5.000680260145998979e+00
5.000830626096538722e+00
5.000973497219345809e+00
5.001107042888142118e+00
5.001233361056036664e+00
5.001353005152157749e+00
5.001465205205564146e+00
5.001568078575615139e+00
5.001660094503272980e+00
5.001743529457559845e+00
5.001819053050091668e+00
5.001885987212840945e+00
5.001942463316915166e+00
5.001987049365376414e+00
5.002022152927198206e+00
5.002048783565365753e+00
5.002071207922377916e+00
5.002091462546919942e+00
5.002109714051435674e+00
5.002124885924819075e+00
5.002135393376190287e+00
5.002144180886059388e+00
5.002152265855653646e+00
5.002159062817768564e+00
5.002163004968855908e+00
5.002162133127235677e+00
5.002159185464802427e+00
5.002154963521128650e+00
5.002152423167094852e+00
5.002150665414625053e+00
5.002151263487280453e+00
5.002152578686904327e+00
5.002155583202214650e+00
5.002163618695880665e+00
5.002175752253927854e+00
5.002193806724346992e+00
5.002216045550261114e+00
5.002243456022073431e+00
5.002279583784941863e+00
5.002323437501865477e+00
5.002376982961970420e+00
5.002438412603179785e+00
5.002509045345897576e+00
5.002587158620545260e+00
5.002668075287902028e+00
5.002751245495119292e+00
5.002833385864459359e+00
5.002914391063339572e+00
5.002991514370031645e+00
5.003064540900475698e+00
5.003134999090060653e+00
5.003205420962720140e+00
5.003279259015060987e+00
5.003355202946067948e+00
5.003434019993246551e+00
5.003512715614586881e+00
5.003590800199844146e+00
5.003669753685779931e+00
5.003746832526474009e+00
5.003821681901998275e+00
5.003890718297287599e+00
5.003953064886107249e+00
5.004009918534382706e+00
5.004063032941147959e+00
5.004114643671735863e+00
5.004162161258235209e+00
5.004204891031793778e+00
5.004243615519907706e+00
5.004279827721137330e+00
5.004315606685076467e+00
5.004352431549877522e+00
5.004391172473504845e+00
5.004432495945319914e+00
5.004476714070142052e+00
5.004523963142372800e+00
5.004574276801385224e+00
5.004627527968213307e+00
5.004683736307733000e+00
5.004742584117876092e+00
5.004804035831429410e+00
5.004867880899647403e+00
5.004933819799872730e+00
5.005001705173591553e+00
5.005071281498486790e+00
5.005138801011446148e+00
5.005203451915832602e+00
5.005261516041310976e+00
5.005311957650075527e+00
5.005351578063521600e+00
5.005378432731332872e+00
5.005388863834042468e+00
5.005382298505240968e+00
5.005356443481826290e+00
5.005311026358352677e+00
5.005243371184290524e+00
5.005149710783109107e+00
5.005029044560463269e+00
5.004879194003835963e+00
5.004699446269618157e+00
5.004488449813173645e+00
5.004247383074210909e+00
5.003978380308794272e+00
5.003681302358703675e+00
5.003357459818319697e+00
