0.000000000000000000e+00
0.000000000000000000e+00
-1.304007355429348668e-08
-7.826398132237957749e-08
-2.431873122077378869e-07
-5.312697408044188538e-07
-9.968023164219632958e-07
-1.492480894285108585e-06
-2.261244460441958045e-06
1.344500981304007391e-06
1.132890413146014718e-05
3.076394967365560224e-05
6.446018762517273905e-05
1.173572423272162984e-04
1.948468940668136233e-04
3.023596754633219768e-04
4.467696598135265876e-04
6.328378146849902852e-04
8.678187890313895057e-04
1.158370496179941247e-03
1.510208481397512428e-03
1.929130041446569521e-03
2.425000527348401998e-03
3.000517272796513965e-03
3.664036625470997767e-03
4.424396240558506853e-03
5.288741075839879097e-03
6.263768458213688634e-03
7.361268782462956212e-03
8.584964656677129824e-03
9.945504748668551609e-03
1.145852052554118851e-02
1.312661685928333093e-02
1.497329437121379912e-02
1.699612238391865274e-02
1.919619017228115301e-02
2.159327083214749102e-02
2.418446355446804766e-02
2.696526938065517756e-02
2.995199941977490232e-02
3.314185344561566132e-02
3.652106040104855650e-02
4.011402063950527536e-02
4.391145371779430623e-02
4.790150933846462622e-02
5.209425949439037279e-02
5.648257934435833849e-02
6.107961737498272814e-02
6.589827173336973432e-02
7.090275996312132845e-02
7.611875348671905128e-02
8.153552406414976694e-02
8.715983741864197221e-02
9.300490015133851263e-02
9.904067271336548794e-02
1.052927594719790805e-01
1.117353939352893205e-01
1.183985727368258717e-01
1.252779781161212358e-01
1.323400085507297208e-01
1.396131127415561057e-01
1.470666628418826338e-01
1.547305470047854736e-01
1.625960951386355713e-01
1.706656276522540427e-01
1.789308887062930897e-01
1.873960542021656239e-01
1.960575824318790683e-01
2.048883723555469938e-01
2.138989787636662310e-01
2.230849223671819148e-01
2.324537640152837259e-01
2.420014839707280430e-01
2.517558115063573410e-01
2.616843503056432430e-01
2.718129413662817018e-01
2.821135895787145742e-01
2.926129632531073721e-01
3.033063393174080247e-01
3.141608052788643635e-01
3.251885204850106237e-01
3.363720672665505007e-01
3.477390831051734854e-01
3.592848711548713436e-01
3.710151117382911035e-01
3.829512875615027623e-01
3.950918834744360786e-01
4.074509637890723623e-01
4.199807923375037388e-01
4.327053301869300261e-01
4.456153922615912477e-01
4.587160366116431742e-01
4.720033734379676105e-01
4.854881172715094229e-01
4.991952364979651002e-01
5.130777459679510821e-01
5.271688597737218540e-01
5.414594882069494464e-01
5.559564953385259800e-01
5.706838744221593984e-01
5.856227617798710483e-01
6.007739060459997837e-01
6.161275797425176393e-01
6.316918962536717252e-01
6.474888485012914030e-01
6.634980707703496128e-01
6.797201972542666892e-01
6.961420922814273160e-01
7.127679782448672619e-01
7.295909267006778220e-01
7.466243987618350619e-01
7.638645189343357123e-01
7.813258867798708041e-01
7.990040867863558161e-01
8.169126110611819591e-01
8.350498502789401867e-01
8.534029751358890303e-01
8.719772928295993486e-01
8.907727306424045866e-01
9.097368424473667448e-01
9.288989239273930387e-01
9.482549946843052968e-01
9.678308206139469849e-01
9.876289933262730747e-01
1.007640940481272063e+00
1.027876605325785064e+00
1.048332773977366017e+00
1.068940185838785917e+00
1.089731680685130044e+00
1.110695843034830821e+00
1.131857981020060189e+00
1.153219582372751795e+00
1.174751316839304449e+00
1.196483868890848346e+00
1.218402182394113797e+00
1.240534843736734727e+00
1.262866737180796006e+00
1.285423850351420150e+00
1.308203477197733555e+00
1.331195756727305168e+00
1.354413899713602820e+00
1.377820033365336094e+00
1.401440116697397986e+00
1.425251778894511157e+00
1.449277226263133267e+00
1.473519946867076547e+00
1.497936827474681376e+00
1.522550765806285789e+00
1.547344598108379321e+00
1.572337505155651183e+00
1.597528228098003433e+00
1.622919756704418015e+00
1.648510214620678038e+00
1.674303170972911925e+00
1.700297765070049483e+00
1.726509870821086867e+00
1.752922329240886645e+00
1.779548506074992709e+00
1.806381913953868157e+00
1.833413368993846326e+00
1.860649403863994245e+00
1.888064104848948821e+00
1.915675005251017415e+00
1.943471955591288491e+00
1.971469716363993596e+00
1.999666225248423634e+00
2.028099026018229445e+00
2.056755356126872325e+00
2.085668563181009905e+00
2.114795741373148630e+00
2.144166125589457295e+00
2.173759850793925086e+00
2.203598479562846268e+00
2.233659979635325143e+00
2.263950747781840356e+00
2.294430257612315227e+00
2.325099126630869151e+00
2.355920705133524251e+00
2.386880392366495851e+00
2.417948600584117091e+00
2.449098862939921961e+00
2.480318700605479876e+00
2.511583391958323919e+00
2.542874934011546184e+00
2.574170131021586538e+00
2.605451084905711312e+00
2.636694938474741789e+00
2.667886277967539410e+00
2.699009467893686676e+00
2.730049642854776693e+00
2.760993446642007854e+00
2.791828605466928792e+00
2.822533585363474540e+00
2.853099676900950232e+00
2.883516930872049855e+00
2.913762468629923497e+00
2.943829252058115742e+00
2.973731657796946148e+00
3.003458821111765431e+00
3.032984525495615369e+00
3.062337178522196446e+00
3.091488682561960744e+00
3.120457248025980679e+00
3.149202076726999699e+00
3.177705992990579542e+00
3.205983325773324566e+00
3.234018363290871889e+00
3.261822573476876652e+00
3.289382743173684620e+00
3.316708719068612865e+00
3.343762897783364885e+00
3.370562855535592650e+00
3.397074913316812328e+00
3.423320817285623097e+00
3.449274467760170992e+00
3.474962245756234136e+00
3.500358690553750485e+00
3.525492524438943232e+00
3.550380629831399570e+00
3.575045704179848904e+00
3.599495407873239294e+00
3.623707479768838891e+00
3.647696391874398980e+00
3.671439105802621672e+00
3.694955148035135029e+00
3.718216399484719936e+00
3.741257054143991123e+00
3.764048210912790182e+00
3.786613072687234904e+00
3.808933543497171392e+00
3.831032959753122302e+00
3.852891718679513744e+00
3.874530219369974215e+00
3.895917391115274686e+00
3.917088951402750041e+00
3.938013264471139863e+00
3.958721408182230395e+00
3.979179212385263842e+00
3.999412559801188038e+00
4.019422985845651830e+00
4.039201087289897352e+00
4.058758196168986920e+00
4.078142407470791042e+00
4.097345120245067918e+00
4.116361274057476649e+00
4.135184189611522676e+00
4.153810108238308985e+00
4.172229042583555092e+00
4.190456082159131235e+00
4.208489499622434238e+00
4.226325153642743970e+00
4.243962487512678017e+00
4.261396891409010124e+00
4.278622016244978177e+00
4.295646102958769141e+00
4.312479125791639056e+00
4.329119015270322279e+00
4.345568569236845313e+00
4.361818742090314949e+00
4.377882634931654415e+00
4.393747327858060103e+00
4.409418726497738916e+00
4.424894135528653294e+00
4.440174449020473979e+00
4.455263798767177263e+00
4.470165480905619937e+00
4.484876467519846699e+00
4.499398036533442280e+00
4.513729090028848923e+00
4.527868770891275929e+00
4.541815954977121983e+00
4.555571059518900512e+00
4.569129518800822076e+00
4.582497710519877643e+00
4.595667342477885775e+00
4.608648309045878300e+00
4.621442378097620818e+00
4.634056660467233968e+00
4.646459280782785584e+00
4.658661878639307474e+00
4.670669280820932023e+00
4.682486051851356912e+00
4.694091135793770242e+00
4.705480748945320535e+00
4.716673101717080208e+00
4.727652231985176812e+00
4.738433172041024655e+00
4.749023495250788152e+00
4.759403020673838469e+00
4.769579843813028575e+00
4.779560193353738384e+00
4.789318140083397957e+00
4.798860998684014056e+00
4.808187768989647282e+00
4.817259250217522215e+00
4.826079624229515197e+00
4.834628993207060965e+00
4.842909462982261104e+00
4.850897344285095336e+00
4.858601109915817950e+00
4.866024326616372520e+00
4.873175222211923341e+00
4.880057352119531622e+00
4.886661898428049433e+00
4.892998164826479979e+00
4.899065638714876769e+00
4.904875904255953323e+00
4.910440151625719452e+00
4.915766891771403024e+00
4.920853708916749447e+00
4.925712330573643882e+00
4.930351996356094446e+00
4.934778405064189855e+00
4.938984894984805862e+00
4.942991630667293634e+00
4.946788809233749085e+00
4.950386520260416923e+00
4.953766884440028662e+00
4.956937571996295588e+00
4.959905735784614578e+00
4.962674651080215327e+00
4.965236777597510809e+00
4.967608979427659222e+00
4.969769328766904692e+00
4.971724463933550275e+00
4.973480815672718158e+00
4.975030498289905623e+00
4.976392951840006518e+00
4.977557373875223234e+00
4.978530111843190831e+00
4.979316337787947688e+00
4.979917577476642876e+00
4.980335028850875645e+00
4.980568702862999686e+00
4.980611730929865644e+00
4.980473709976701358e+00
4.980145964561431882e+00
4.979629027223615445e+00
4.978948625004319339e+00
4.978099106302884991e+00
4.977092757648256871e+00
4.975923017686631589e+00
4.974595566517140632e+00
4.973119608885076204e+00
4.971498357778814103e+00
4.969731149202611498e+00
4.967832137918498425e+00
4.965802590376164893e+00
4.963654221123483090e+00
4.961398303931977338e+00
4.959041451191928296e+00
4.956593040800121308e+00
4.954061966812637330e+00
4.951462425565746450e+00
4.948804928636578282e+00
4.946100633120564360e+00
4.943361296033886632e+00
4.940600034570722165e+00
4.937829577302960793e+00
4.935064676380185311e+00
4.932318759238747852e+00
4.929603489315537601e+00
4.926929898238209482e+00
4.924308444237737170e+00
4.921749727404145069e+00
4.919261958575276594e+00
4.916856444603232568e+00
4.914541481858519134e+00
4.912326402342346299e+00
4.910220223194388112e+00
4.908233994519737742e+00
4.906372517472533445e+00
4.904649184024361119e+00
4.903070870465065845e+00
4.901648675477529693e+00
4.900395671850467316e+00
4.899315357109928826e+00
4.898423411300801611e+00
4.897714680558465261e+00
4.897205775579831943e+00
4.896889916820844846e+00
4.896769975139222630e+00
4.896867169620863436e+00
4.897175447842500695e+00
4.897701593576393897e+00
4.898440177305065646e+00
4.899389416365348637e+00
4.900546381412470787e+00
4.901908978609764489e+00
4.903489153771126929e+00
4.905274340449297554e+00
4.907260315506184689e+00
4.909435211657012132e+00
4.911790885566198916e+00
4.914320440827334657e+00
4.917000570534193926e+00
4.919819807945217782e+00
4.922767272530521154e+00
4.925828104852165268e+00
4.928994158445324736e+00
4.932240270017112849e+00
4.935557876466241112e+00
4.938925942419496451e+00
4.942332289455857897e+00
4.945760931609597399e+00
4.949191916523900225e+00
4.952614068327870100e+00
4.956010205684627579e+00
4.959365038214649246e+00
4.962669013677562191e+00
4.965905957160914319e+00
4.969063040255034203e+00
4.972130392728769444e+00
4.975096407471620630e+00
4.977944749532664304e+00
4.980674351988756854e+00
4.983268224237882293e+00
4.985718836723291858e+00
4.988018611608469044e+00
4.990165537534678286e+00
4.992156801609719530e+00
4.993993399976218051e+00
4.995667080371106294e+00
4.997185981063569038e+00
4.998543358533109604e+00
4.999740286408389522e+00
5.000775086520635959e+00
5.001650260849321405e+00
5.002357132224763525e+00
5.002903311899329353e+00
5.003295968113864234e+00
5.003539114123607412e+00
5.003637604354346458e+00
5.003588998279931310e+00
5.003394553977462245e+00
5.003063049669774998e+00
5.002593862693223592e+00
5.001986800450298531e+00
5.001249601710053838e+00
5.000383958015057750e+00
4.999391314703437672e+00
4.998278058710905469e+00
4.997048929053756083e+00
4.995710347908946858e+00
4.994266034829828449e+00
4.992729644793483246e+00
4.991102340835544382e+00
4.989395959544393300e+00
4.987619621026726513e+00
4.985780646968098750e+00
4.983895179498407657e+00
4.981964290011140939e+00
4.980001087057803311e+00
4.978014137464975342e+00
4.976004891562675780e+00
4.973988859969590060e+00
4.971966626513216525e+00
4.969954427498790572e+00
4.967961536365959496e+00
4.965995715278599398e+00
4.964067503679009619e+00
4.962190861720058521e+00
4.960370440352176225e+00
4.958619825560067973e+00
4.956947490293002190e+00
4.955366796422219444e+00
4.953886510002827315e+00
4.952516348976111260e+00
4.951269454080079235e+00
4.950155583116624847e+00
4.949192482325645237e+00
4.948401615563246203e+00
4.947790918480072797e+00
4.947371645252620631e+00
4.947146979588484150e+00
4.947125520228343731e+00
4.947300044248748030e+00
4.947678680743027080e+00
4.948257068606961795e+00
4.949043279874075552e+00
4.950033582958329959e+00
4.951209040570009101e+00
4.952581984984625763e+00
4.954138939070452885e+00
4.955877055662622155e+00
4.957790471154202017e+00
4.959853803950299067e+00
4.962075886565196825e+00
4.964436007427917907e+00
4.966926458912838349e+00
4.969534211593616746e+00
4.972255852061261194e+00
4.975066018539417989e+00
4.977971529203403911e+00
4.980956298249710201e+00
4.984010201829422115e+00
4.987119870322692883e+00
4.990273241239536972e+00
4.993445621567715875e+00
4.996628612714756557e+00
4.999799660581102145e+00
5.002942725556840387e+00
5.006042012709131406e+00
5.009079587894430752e+00
5.012039713400355367e+00
5.014907544094076464e+00
5.017666211563101442e+00
5.020308366852751725e+00
5.022824213343612954e+00
5.025204005080216696e+00
5.027444712209457656e+00
5.029537945973628688e+00
5.031475487190240514e+00
5.033250440197939213e+00
5.034856827395911338e+00
5.036287805127854789e+00
5.037537328365202072e+00
5.038611962112541143e+00
5.039503508645053032e+00
5.040219184446090850e+00
5.040757549616450284e+00
5.041124107713752522e+00
5.041315513874345733e+00
5.041334561729512664e+00
5.041190021192363702e+00
5.040886999429843307e+00
5.040433998616119737e+00
5.039836013788065117e+00
5.039100552374204511e+00
5.038227551528890125e+00
5.037222650373061050e+00
5.036092146062930652e+00
5.034842530587394727e+00
5.033480985561092247e+00
5.032010262557943037e+00
5.030434869477231175e+00
5.028760738620239756e+00
5.026994326660115142e+00
5.025143543729264195e+00
5.023213678249796033e+00
5.021208429136951423e+00
5.019133583703717427e+00
5.016995578059633587e+00
5.014802397885998353e+00
5.012565100738486379e+00
5.010291068950375681e+00
5.007989246049604048e+00
5.005669699111661153e+00
5.003340312489947372e+00
5.001012853035411432e+00
4.998694068738898544e+00
4.996395616927823191e+00
4.994126892039259857e+00
4.991896331557710731e+00
4.989713876494843880e+00
4.987588742622811822e+00
4.985531503358562766e+00
4.983550638803918353e+00
4.981655822792728117e+00
4.979856852689464652e+00
4.978162308731753249e+00
4.976579598733860799e+00
4.975120840469080541e+00
4.973794789561707397e+00
4.972605995634275189e+00
4.971567227491813235e+00
4.970691190609412224e+00
4.969980018907860675e+00
4.969448476159647576e+00
4.969094788344278868e+00
4.968922606115861562e+00
4.968938409572633219e+00
4.969144284444095838e+00
4.969537631178440051e+00
4.970124010944904747e+00
4.970919076109471924e+00
4.971913752833547306e+00
4.973119369873941764e+00
4.974528966376722039e+00
4.976146748939691555e+00
4.977960260043082563e+00
4.979976586083112444e+00
4.982184988984999841e+00
4.984586665461001154e+00
4.987182213196692970e+00
4.989962011704383471e+00
4.992913482913910350e+00
4.996017826328217559e+00
4.999273758063256246e+00
5.002658207247195676e+00
5.006161617765363836e+00
5.009760349819597280e+00
5.013442385027346404e+00
5.017185380885539558e+00
5.020972410569129352e+00
5.024791534671721571e+00
5.028630814084944944e+00
5.032481749484476907e+00
5.036335732767519779e+00
5.040185714492736224e+00
5.044024330506263532e+00
5.047844588587222070e+00
5.051640109548507063e+00
5.055403888652262978e+00
5.059129589626727430e+00
5.062811029980121447e+00
5.066442337164817289e+00
5.070016280839382716e+00
5.073530128726898347e+00
5.076976006159721777e+00
5.080348317155777060e+00
5.083643033037124503e+00
5.086854705343185401e+00
5.089975019226012698e+00
5.093004235455928175e+00
5.095933515856204465e+00
5.098761025795875312e+00
5.101481730470595721e+00
5.104090507755217665e+00
5.106581762412723435e+00
5.108954428563055039e+00
5.111202491650518986e+00
5.113318423310456495e+00
5.115311910191712386e+00
5.117174712101157930e+00
5.118905529955562805e+00
5.120497396418985048e+00
5.121945248076852586e+00
5.123250944445070232e+00
5.124411698410448857e+00
5.125421748066482763e+00
5.126284930015144070e+00
5.126998974362548367e+00
5.127562193924722678e+00
5.127974801974532149e+00
5.128237589111713568e+00
5.128353394771157703e+00
5.128319846646091307e+00
5.128147543122222096e+00
5.127829817396749590e+00
5.127373971280803744e+00
5.126779782896093707e+00
5.126047992979339440e+00
5.125181073819450539e+00
5.124186158974817218e+00
5.123063790400675721e+00
5.121813183923416446e+00
5.120443075050763682e+00
5.118955624302082619e+00
5.117360991587095675e+00
5.115662084867411252e+00
5.113861745198422071e+00
5.111962603231125613e+00
5.109974549909287234e+00
5.107902570118360686e+00
5.105756989617997732e+00
5.103539272596294474e+00
5.101267779966052629e+00
5.098944628586228767e+00
5.096582114298994881e+00
5.094184579451736639e+00
5.091765326609071884e+00
5.089334972699341542e+00
5.086905219753441010e+00
5.084482009609398112e+00
5.082081632961688022e+00
5.079711372603831876e+00
5.077382110108791480e+00
5.075097998281179024e+00
5.072868892749010428e+00
5.070699695249257566e+00
5.068597835202870883e+00
5.066564611693081588e+00
5.064609037538228442e+00
5.062736151416956432e+00
5.060944000085054739e+00
5.059236045231283008e+00
5.057613647182643390e+00
5.056082283456980520e+00
5.054649514903485574e+00
5.053304095466792489e+00
5.052056969230235062e+00
5.050903786470354540e+00
5.049851983909666941e+00
5.048905617793261413e+00
5.048053694044409845e+00
5.047307064955292688e+00
5.046659644370136810e+00
5.046116587420162780e+00
5.045681164202449054e+00
5.045332398724910128e+00
5.045084295396860874e+00
5.044923852079715054e+00
5.044860859935337949e+00
5.044889664594715661e+00
5.045009737592821786e+00
5.045214094445740649e+00
5.045509149525946313e+00
5.045882678796237641e+00
5.046325607356314968e+00
5.046833974067752138e+00
5.047402697448316822e+00
5.048031238634768769e+00
5.048711140845601797e+00
5.049444015268868213e+00
5.050225912947839291e+00
5.051054884363597175e+00
5.051928005759305229e+00
5.052842518781013759e+00
5.053789191414303161e+00
5.054760012943929404e+00
5.055751615781969299e+00
5.056759692896789282e+00
5.057784810756032812e+00
5.058821832631413606e+00
5.059866198246066205e+00
5.060910310839000559e+00
5.061946872492018912e+00
5.062973067109170167e+00
5.063983052243176353e+00
5.064969826732460767e+00
5.065925467182580633e+00
5.066842538510146987e+00
5.067718343232455958e+00
5.068546564225736795e+00
5.069321525041642573e+00
5.070040015224996033e+00
5.070698788334313534e+00
5.071296364721540328e+00
5.071827536803367842e+00
5.072290313039604648e+00
5.072680071723345563e+00
5.072996938396873823e+00
5.073239294421557410e+00
5.073405467477325459e+00
5.073494873503851643e+00
5.073504181670189794e+00
5.073434298050755409e+00
5.073281969719731777e+00
5.073048990530127256e+00
5.072732403029854176e+00
5.072334062804634947e+00
5.071852879611012277e+00
5.071289582004008700e+00
5.070647242267785515e+00
5.069929892023263385e+00
5.069139511634765505e+00
5.068281015728769212e+00
5.067357921947895250e+00
5.066371854518711082e+00
5.065322922368703296e+00
5.064212513466535448e+00
5.063044086297212587e+00
5.061821186443028253e+00
5.060547801305709470e+00
5.059226471235213296e+00
5.057862196763214691e+00
5.056458962907252719e+00
5.055021085341630638e+00
5.053551603605209053e+00
5.052051855971273930e+00
5.050526822109874914e+00
5.048980823804792628e+00
5.047419468064959780e+00
5.045847254594025166e+00
5.044267391611991336e+00
5.042681869168935904e+00
5.041096835334955450e+00
5.039516680141149507e+00
5.037948216845451022e+00
5.036396550436673891e+00
5.034863213201222543e+00
5.033355517585930805e+00
5.031877678831276235e+00
5.030432045956310994e+00
5.029019681860861013e+00
5.027638884534295194e+00
5.026295236100611241e+00
5.024991564949211842e+00
5.023729389657436428e+00
5.022509442915378486e+00
5.021329139297066035e+00
5.020194011156617009e+00
5.019107493435203793e+00
5.018070878510534349e+00
5.017085707833230046e+00
5.016149426077663342e+00
5.015267968301831303e+00
5.014445189585148732e+00
5.013682875831782404e+00
5.012982451592743693e+00
5.012342287277043340e+00
5.011764402997851420e+00
5.011245891315103229e+00
5.010785495315849936e+00
5.010385163885712423e+00
5.010040360366166290e+00
5.009751631592573418e+00
5.009516902708620378e+00
5.009335302722813132e+00
5.009203624886633399e+00
5.009118619387210813e+00
5.009079967048658766e+00
5.009087321703031392e+00
5.009139126274444465e+00
5.009231964038393770e+00
5.009364989880180197e+00
5.009538430306769818e+00
5.009742837264843374e+00
5.009973114035731534e+00
5.010223909277176979e+00
5.010492853797679835e+00
5.010777899041478634e+00
5.011069536614868980e+00
5.011363436538432303e+00
5.011652401961092629e+00
5.011934280410114795e+00
5.012206062446985300e+00
5.012463573231997316e+00
5.012700270782860734e+00
5.012911374844316370e+00
5.013096771217589342e+00
5.013253700542901647e+00
5.013378338092645770e+00
5.013464638987263022e+00
5.013509821282406520e+00
5.013512384240512709e+00
5.013472134392706892e+00
5.013388582175595687e+00
5.013259129753336651e+00
5.013083954030648215e+00
5.012862975230440554e+00
5.012597540827467668e+00
5.012288291832430964e+00
5.011934525525196804e+00
5.011541452003641872e+00
5.011112600458784705e+00
5.010651292396708811e+00
5.010160076772793403e+00
5.009638668900355363e+00
5.009093846609814271e+00
5.008528638301415370e+00
5.007945884695275574e+00
5.007348932517691864e+00
5.006738423524423887e+00
5.006118556825445154e+00
5.005493635801599339e+00
5.004866950852796315e+00
5.004241191787645704e+00
5.003617326771840901e+00
5.002997995136306386e+00
5.002389474665746683e+00
5.001792350342497251e+00
5.001210351964458845e+00
5.000644249958917875e+00
5.000096520377324438e+00
4.999573688326404586e+00
4.999076101077722711e+00
4.998608364282177696e+00
4.998170139608906659e+00
4.997763677133249871e+00
4.997395587047564369e+00
4.997066017171368557e+00
4.996780161621048322e+00
4.996537331627680878e+00
4.996342124981804744e+00
4.996196094421669009e+00
4.996095750840378713e+00
4.996043610350227482e+00
4.996037614491999790e+00
4.996080357010709072e+00
4.996172993823186914e+00
4.996313079350859887e+00
4.996495879327178535e+00
4.996715794091345586e+00
4.996971713953884731e+00
4.997260945269139221e+00
4.997584138640434936e+00
4.997933256902963528e+00
4.998307169207604872e+00
4.998702479989502123e+00
4.999120297708783411e+00
4.999561195017074411e+00
5.000019246765648795e+00
5.000493341625904975e+00
5.000981809438443726e+00
5.001485228815353956e+00
5.002004977741516534e+00
5.002536422887123635e+00
5.003077560083246667e+00
5.003625119940615207e+00
5.004176050328886127e+00
5.004728253164564933e+00
5.005278042496419388e+00
5.005822164730406421e+00
5.006357472741282066e+00
5.006879880854165243e+00
5.007387025782144008e+00
5.007874764294601988e+00
5.008339667969621267e+00
5.008778516517256918e+00
5.009187371411597312e+00
5.009563434698856454e+00
5.009902782940541144e+00
5.010202190668557876e+00
5.010457905528371114e+00
5.010666411125336062e+00
5.010826919262532542e+00
5.010939832038482145e+00
5.011005373091673043e+00
5.011021607859064808e+00
5.010986680924897740e+00
5.010900477753958526e+00
5.010765129622077652e+00
5.010582711189991656e+00
5.010355825662619722e+00
5.010086614504463576e+00
5.009775961279874679e+00
5.009427443981175010e+00
5.009041906796399601e+00
5.008621571563188546e+00
5.008167413190010464e+00
5.007682939261201227e+00
5.007170553818347969e+00
5.006634990736844593e+00
5.006077590711417891e+00
5.005503359042111633e+00
5.004915064327422058e+00
5.004320187136534592e+00
5.003723959080877748e+00
5.003128576964142482e+00
5.002539150506260412e+00
5.001957532294096787e+00
5.001391515150668710e+00
5.000846615113320404e+00
5.000326445452870416e+00
4.999834165103735906e+00
4.999372992642225455e+00
4.998944646470250497e+00
4.998551141969861611e+00
4.998193559400739616e+00
4.997873583525421104e+00
4.997592894785108264e+00
4.997352949116381282e+00
4.997155418541283645e+00
4.997000674704090706e+00
4.996891001049430514e+00
4.996829349762761829e+00
4.996811287773078369e+00
4.996834369813795362e+00
4.996895483596955678e+00
4.996996190906275004e+00
4.997134462757740536e+00
4.997312210402225396e+00
4.997530646598671744e+00
4.997782598580008617e+00
4.998067973102218176e+00
4.998382976236529274e+00
4.998728652219063484e+00
4.999105031224675422e+00
4.999505230257995869e+00
4.999927125903554703e+00
5.000368203851170534e+00
5.000827888506240271e+00
5.001306997644490160e+00
5.001799115645474636e+00
5.002301080184764714e+00
5.002810481223053607e+00
5.003326787384934526e+00
5.003850019643789615e+00
5.004374188440626092e+00
5.004896836089676171e+00
5.005415074075346915e+00
5.005928869279807181e+00
5.006436952422147257e+00
5.006933801579063648e+00
5.007416809978670003e+00
5.007883604946320233e+00
5.008333925376420304e+00
5.008766123498564760e+00
5.009175314227825915e+00
5.009558433624690998e+00
5.009913725512809002e+00
5.010240372787005292e+00
5.010537552139497031e+00
5.010803509349710083e+00
5.011037826570457376e+00
5.011243433295523353e+00
5.011422000727391968e+00
5.011576981157772614e+00
5.011709094694591471e+00
5.011820470881425571e+00
5.011911070388518574e+00
5.011978928833045188e+00
5.012025788691603090e+00
5.012050687554068240e+00
5.012054772429467953e+00
5.012037294569957169e+00
5.011995794780152558e+00
5.011931756155165729e+00
5.011844013135480225e+00
5.011734413716541603e+00
5.011601358351827074e+00
5.011448381540894559e+00
5.011277143114774901e+00
5.011091114336221786e+00
5.010895388776034132e+00
5.010688536425650597e+00
5.010474163086683141e+00
5.010254037564219054e+00
5.010032317990035899e+00
5.009813500454249002e+00
5.009596204774053874e+00
5.009383315907391498e+00
5.009176749510292126e+00
5.008980376718167982e+00
5.008799167217287795e+00
5.008632407763574435e+00
5.008481741247299723e+00
5.008346208722864290e+00
5.008229155389194887e+00
5.008132559235741965e+00
5.008055406597044623e+00
5.007996103756664041e+00
5.007951312984872949e+00
5.007923076734946299e+00
5.007912277259234379e+00
5.007917104561415478e+00
5.007935223743620767e+00
5.007963069212926221e+00
5.008002106061973713e+00
5.008053092834376052e+00
5.008113757552416168e+00
5.008181494477974560e+00
5.008252907026396805e+00
5.008329569207343290e+00
5.008411287491980168e+00
5.008499404568063085e+00
5.008591131934733376e+00
5.008685733875096524e+00
5.008781936609954855e+00
5.008882989514455986e+00
5.008991006318316508e+00
5.009105705007748099e+00
5.009226840803235881e+00
5.009352234242319568e+00
5.009480367027058456e+00
5.009610657732769035e+00
5.009741754246711309e+00
5.009873029267251532e+00
5.010002918163150909e+00
5.010130967845976002e+00
5.010255820857197229e+00
5.010377902699469033e+00
5.010497997117993485e+00
5.010617402124983855e+00
5.010738232400100856e+00
5.010857095843014974e+00
5.010973075948489175e+00
5.011086017157716732e+00
5.011196647830140627e+00
5.011306600509043641e+00
5.011412206910383915e+00
5.011512267546561539e+00
5.011606567049232908e+00
5.011695943469014480e+00
5.011781626012009383e+00
5.011862741367723473e+00
5.011936840004119986e+00
5.012004161592405360e+00
5.012062851170841604e+00
5.012113320486453638e+00
5.012153410407547582e+00
5.012182719550395404e+00
5.012201342993716224e+00
5.012210923562011367e+00
5.012212885733676515e+00
5.012209252485988031e+00
5.012201808022433980e+00
5.012186836532415590e+00
5.012163694928965185e+00
5.012132364324858536e+00
5.012093893112248288e+00
5.012049245750164417e+00
5.011994183901331112e+00
5.011928321965603672e+00
5.011850905152601676e+00
5.011763185946834120e+00
5.011666233152713978e+00
5.011561414296370920e+00
5.011450918665718568e+00
5.011330975335653193e+00
5.011201448640417055e+00
5.011061685266534838e+00
5.010912258443052103e+00
5.010754673131370573e+00
5.010584866278433580e+00
5.010402465373838155e+00
5.010206714649314108e+00
5.009998730648869802e+00
5.009779414631987393e+00
5.009550273832495293e+00
5.009313035667505076e+00
5.009067678772476384e+00
5.008813659925575479e+00
5.008550235149082042e+00
5.008280492801781669e+00
5.008006387301351836e+00
5.007727733184215602e+00
5.007443940029111751e+00
5.007154024899568512e+00
5.006861538481530260e+00
5.006568338856664191e+00
5.006279814117220006e+00
5.005999627713677569e+00
5.005728792086808987e+00
5.005467635956226680e+00
5.005215240590838555e+00
5.004975896295724702e+00
5.004751368672221368e+00
5.004546994403570537e+00
5.004367430549680584e+00
5.004213416180207652e+00
5.004086629240407369e+00
5.003985742167204265e+00
5.003909433609441848e+00
5.003855975805417522e+00
5.003828394962109627e+00
5.003830373041781243e+00
5.003861547342019378e+00
5.003922074322105118e+00
5.004010507740527025e+00
5.004125556029826782e+00
5.004265205540210815e+00
5.004432383046003352e+00
5.004629599951655905e+00
5.004856851656438899e+00
5.005115085501673278e+00
5.005402737088950893e+00
5.005718059145364940e+00
5.006060792595599551e+00
5.006427507304107571e+00
5.006818622328793822e+00
5.007230547123110220e+00
5.007660848178423052e+00
5.008109560326194476e+00
5.008569668286000365e+00
5.009038951859329458e+00
5.009509482138309266e+00
5.009978176445218701e+00
5.010443537958416016e+00
5.010905101053865884e+00
5.011364426367434177e+00
5.011817147672625872e+00
5.012261225298495937e+00
5.012690930605383066e+00
5.013103737883718658e+00
5.013499883801195267e+00
5.013879424982222943e+00
5.014242616683693754e+00
5.014586733893009018e+00
5.014909936838301441e+00
5.015207006182970773e+00
5.015476313975158362e+00
5.015718700807992647e+00
5.015934378985766884e+00
5.016123645153347965e+00
5.016284227889483027e+00
5.016412656350513366e+00
5.016506137490725159e+00
5.016563642957701852e+00
5.016585218081239361e+00
5.016573077417199933e+00
5.016526756631431105e+00
5.016446088124287606e+00
5.016328920517337586e+00
5.016176863331568647e+00
5.015990236718427475e+00
5.015771011393737489e+00
5.015521270055542935e+00
5.015241037234883237e+00
5.014932217002134429e+00
5.014596536942045546e+00
5.014236067980747613e+00
5.013853711560588344e+00
5.013450841717641993e+00
5.013027843907694070e+00
5.012587589919784925e+00
5.012131927199879655e+00
5.011664666868964169e+00
5.011188126504638518e+00
5.010706690624574300e+00
5.010222571678678349e+00
5.009735976830343773e+00
5.009250772074084423e+00
5.008768447898548359e+00
5.008293768577498639e+00
5.007828752361459301e+00
5.007376036420684073e+00
5.006932632699828467e+00
5.006497789919595043e+00
5.006071555428426301e+00
5.005654904507320424e+00
5.005248794481378383e+00
5.004855427444200977e+00
5.004477495849351421e+00
5.004111889265697499e+00
5.003757476620596556e+00
5.003414278365892365e+00
5.003083148077351439e+00
5.002766539678197510e+00
5.002460472993772278e+00
5.002163519691896099e+00
5.001875688322108715e+00
5.001597834918869445e+00
5.001331330631151317e+00
5.001077854894324659e+00
5.000840187296494044e+00
5.000615281947180080e+00
5.000401944685950895e+00
5.000200362410619270e+00
5.000011345874741053e+00
4.999837344344927992e+00
4.999674487263185974e+00
4.999521287195606511e+00
4.999377885498328844e+00
4.999244959876163463e+00
4.999124690853280484e+00
4.999014104251038759e+00
4.998913191994872385e+00
4.998823630735498291e+00
4.998747974527288918e+00
4.998690996887383164e+00
4.998651202642579783e+00
4.998630280136351800e+00
4.998625269705885721e+00
4.998635544216019078e+00
4.998663679524549153e+00
4.998706683814749141e+00
4.998765195501260195e+00
4.998835623171403952e+00
4.998916748669221199e+00
4.999010484405085109e+00
4.999115380570515299e+00
4.999234101455882318e+00
4.999366691773980520e+00
4.999509855173751127e+00
4.999665668355524950e+00
4.999832619494049446e+00
5.000013690768032149e+00
5.000208563441633558e+00
5.000415270915477883e+00
5.000630183546096674e+00
5.000848145196436612e+00
5.001069511650351629e+00
5.001292460514454419e+00
5.001518852142838867e+00
5.001748138992335946e+00
5.001977615254220133e+00
5.002205471312847429e+00
5.002430768357809754e+00
5.002652811808731670e+00
5.002871326981333411e+00
5.003086113119717737e+00
5.003297157837299558e+00
5.003504530256835281e+00
5.003708420014230995e+00
5.003908979064076057e+00
5.004106403282133186e+00
5.004300709674355474e+00
5.004486839128878373e+00
5.004661460304853371e+00
5.004822525391576349e+00
5.004968602322262150e+00
5.005098344050566084e+00
5.005209772736051832e+00
5.005300316913271708e+00
5.005371979354168666e+00
5.005423861397649610e+00
5.005454252518466873e+00
5.005460598742575762e+00
5.005439459128757207e+00
5.005392925149282135e+00
5.005319381879163032e+00
5.005217218223479314e+00
5.005083209370714492e+00
5.004915018902610591e+00
5.004714358692506693e+00
5.004480131512025309e+00
5.004211339840182404e+00
5.003909800854959400e+00
5.003576679771282620e+00
5.003216429410017874e+00
5.002828467433788617e+00
5.002413529028632233e+00
5.001973148082830889e+00
5.001509611589351145e+00
5.001027307195105465e+00
5.000526586753764491e+00
5.000012847056130028e+00
4.999486506191531454e+00
4.998948129994313483e+00
4.998400910293201882e+00
4.997845712882916125e+00
4.997287176681200371e+00
4.996725951937476928e+00
4.996167376173178631e+00
4.995613211972156797e+00
4.995062537362318089e+00
4.994519015160839182e+00
4.993983182815354027e+00
4.993460111638049703e+00
4.992951472943167879e+00
4.992455754933397216e+00
4.991976682191234360e+00
4.991514387337010916e+00
4.991073659752947478e+00
4.990656615403933571e+00
4.990262678807122043e+00
4.989890903701525104e+00
4.989542633948367722e+00
4.989218507578115691e+00
4.988922218793522489e+00
4.988650158589225114e+00
4.988398851232122233e+00
4.988168519978860793e+00
4.987958528605737740e+00
4.987770861500390396e+00
4.987605960594006405e+00
4.987462013653925830e+00
4.987342795842772070e+00
4.987250291482990150e+00
4.987184647653696956e+00
4.987146066805792977e+00
4.987131689727752004e+00
4.987144910483833904e+00
4.987186393211806568e+00
4.987254137210759275e+00
4.987346098255577509e+00
4.987456848314242741e+00
4.987587697301272271e+00
4.987736674118998792e+00
4.987907246593597854e+00
4.988100160882089185e+00
4.988313963972243137e+00
4.988545870520385783e+00
4.988791121393651551e+00
4.989051320776552778e+00
4.989325382113666940e+00
4.989611409586134805e+00
4.989905792679848240e+00
4.990203775670589259e+00
4.990506143402517303e+00
4.990811444986820611e+00
4.991122519988775430e+00
4.991439287308812922e+00
4.991759964395524385e+00
4.992082941290200360e+00
4.992407885808706425e+00
4.992734449785411144e+00
4.993062691670119513e+00
4.993387504872143445e+00
4.993705073092343127e+00
4.994013723731250742e+00
4.994311832264274109e+00
4.994598513785958538e+00
4.994868256971447984e+00
4.995116841364860782e+00
4.995342741199046976e+00
4.995543814059556276e+00
4.995718554575205417e+00
4.995861164964945367e+00
4.995968139684036302e+00
4.996037803343706507e+00
4.996069316044658315e+00
4.996060817572496759e+00
4.996012557246931607e+00
4.995924284314014585e+00
4.995796309053176287e+00
4.995628860141361649e+00
4.995423039975787738e+00
4.995181151884819926e+00
4.994904631725725075e+00
4.994596806126859967e+00
4.994259003321852575e+00
4.993895327295389208e+00
4.993508877228226339e+00
4.993101069811011428e+00
4.992673920314038227e+00
4.992227339293087596e+00
4.991763338218653701e+00
4.991285858000839681e+00
4.990798597964668737e+00
4.990305766645097840e+00
4.989811159889423919e+00
4.989318910534702667e+00
4.988829804393672518e+00
4.988348655621731353e+00
4.987876560497308098e+00
4.987418763297821300e+00
4.986977495807434657e+00
4.986551515045787752e+00
4.986144792582122065e+00
4.985757458838848244e+00
4.985394965517549792e+00
4.985058625187008374e+00
4.984746507550804395e+00
4.984462607219098729e+00
4.984206422302154493e+00
4.983983956608204480e+00
4.983796153604267865e+00
4.983640732835262099e+00
4.983520768196536999e+00
4.983436009292705471e+00
4.983392055537766652e+00
4.983390448396599837e+00
4.983427693390328095e+00
4.983508036800701646e+00
4.983630887868854664e+00
4.983801877780857481e+00
4.984022295924874335e+00
4.984292457311453539e+00
4.984610885924698920e+00
4.984972714058162779e+00
4.985380540325346388e+00
4.985834238587918854e+00
4.986332286356988774e+00
4.986871906428637757e+00
4.987449573374392209e+00
4.988061973772050628e+00
4.988704247943164916e+00
4.989372042066458235e+00
4.990061669147613621e+00
4.990769290722016471e+00
4.991491562000516247e+00
4.992225257626773605e+00
4.992966946608424550e+00
4.993713350168467180e+00
4.994460796958803961e+00
4.995205749220252400e+00
4.995944991654753586e+00
4.996674888378977997e+00
4.997391842252612015e+00
4.998092324457168445e+00
4.998772816828488175e+00
4.999429659417866212e+00
5.000059309474227831e+00
5.000658690801857986e+00
5.001225212647616658e+00
5.001761344431935541e+00
5.002266259214876776e+00
5.002739212459921703e+00
5.003178188300728912e+00
5.003582439369560042e+00
5.003954809553028404e+00
5.004294571376444623e+00
5.004601082040967874e+00
5.004872431068720928e+00
5.005107967055442586e+00
5.005309769216032656e+00
5.005479481316211121e+00
5.005617440774145166e+00
5.005723055231425356e+00
5.005796068052801751e+00
5.005834978479465569e+00
5.005839868401449344e+00
5.005809754011493418e+00
5.005745856649514103e+00
5.005650430134768847e+00
5.005527743631315474e+00
5.005380261418683752e+00
5.005208818679018457e+00
5.005013480325502861e+00
5.004792477981461651e+00
5.004549032812279918e+00
5.004283999585819487e+00
5.004000359148991883e+00
5.003700932626887088e+00
5.003388255824608777e+00
5.003066485476954206e+00
5.002738097821636920e+00
5.002405800436898531e+00
5.002072799009546600e+00
5.001741974194811036e+00
5.001417188783451984e+00
5.001101080094739082e+00
5.000796430603875464e+00
5.000506766614778442e+00
5.000234428373439677e+00
4.999983011176150960e+00
4.999754944619994923e+00
4.999553424165856796e+00
4.999382473499786705e+00
4.999240664326856987e+00
4.999131246571699272e+00
4.999052233294853487e+00
4.999005843148835559e+00
4.998992078596995015e+00
4.999006585539820691e+00
4.999051256482990979e+00
4.999123620354141373e+00
4.999225458652283294e+00
4.999357571965585834e+00
4.999515925003717776e+00
4.999696443612259067e+00
4.999892942505458571e+00
5.000104583548883319e+00
5.000328689134249771e+00
5.000560288457700509e+00
5.000793184536078684e+00
5.001021416942158737e+00
5.001243190123270566e+00
5.001454987312237144e+00
5.001652706908562784e+00
5.001834481871256344e+00
5.001996711893506919e+00
5.002139167190097879e+00
5.002262926968314538e+00
5.002366404952981682e+00
5.002449511979276231e+00
5.002509724442416150e+00
5.002547653080465118e+00
5.002564434044097119e+00
5.002558984102715378e+00
5.002531327936366345e+00
5.002479866841374800e+00
5.002405210962084681e+00
5.002308393004847531e+00
5.002189518479196018e+00
5.002049793792454402e+00
5.001889888220962810e+00
5.001712208246376079e+00
5.001520634745743266e+00
5.001316428524936519e+00
5.001102019423183442e+00
5.000878075906570963e+00
5.000647085165169869e+00
5.000409182110366224e+00
5.000165692256326899e+00
4.999919784875150874e+00
4.999675170672620794e+00
4.999436316998239427e+00
4.999202715070481418e+00
4.998976112609294198e+00
4.998754397971119978e+00
4.998537406684396167e+00
4.998327478305933269e+00
4.998124176287588760e+00
4.997931049881069399e+00
4.997748987027941681e+00
4.997575580184846267e+00
4.997413773597716435e+00
4.997263140050261399e+00
4.997127333996385090e+00
4.997007379723279463e+00
4.996900633001267522e+00
4.996810316625550641e+00
4.996735472991630900e+00
4.996680407589800588e+00
4.996646230973336600e+00
4.996629863098996260e+00
4.996633401689095422e+00
4.996653692788886048e+00
4.996692227492084193e+00
4.996746956742343926e+00
4.996810852730622088e+00
4.996883443965553617e+00
4.996960285728773599e+00
4.997041032569460306e+00
4.997122888633960258e+00
4.997204689564163083e+00
4.997289077820235903e+00
4.997374084250981063e+00
4.997460818685569350e+00
4.997547187920637235e+00
4.997633478850103117e+00
4.997717663006833178e+00
4.997799850156505741e+00
4.997882501132760780e+00
4.997964324600969732e+00
4.998046347958943869e+00
4.998126668123505034e+00
4.998205800181231950e+00
4.998281487844860926e+00
4.998354109049751415e+00
4.998426173789403570e+00
4.998496459265217240e+00
4.998566079273797591e+00
4.998632976351283119e+00
4.998697699679971684e+00
4.998757942499572948e+00
4.998811977411600438e+00
4.998862591105494246e+00
4.998911171093564754e+00
4.998957750456388460e+00
4.999001815900187218e+00
4.999042525220643185e+00
4.999083507544341387e+00
4.999126963004449919e+00
4.999173254770206576e+00
4.999222376340979324e+00
4.999273044223875750e+00
4.999323892923050572e+00
4.999373527470955203e+00
4.999425149763913723e+00
4.999480932232902575e+00
4.999540771771202152e+00
4.999604407976360854e+00
4.999670775904299092e+00
4.999742707413600051e+00
4.999821611185539361e+00
4.999905730596724496e+00
4.999993221740218985e+00
5.000081035912948835e+00
5.000171126629205709e+00
5.000263300499858232e+00
5.000359083431752616e+00
5.000456836837323671e+00
5.000556644582169419e+00
5.000655778422001596e+00
5.000753925153035517e+00
5.000852968300674384e+00
5.000950925861465279e+00
5.001048071942272522e+00
5.001141140841857791e+00
5.001230223671511155e+00
5.001317098251521820e+00
5.001403737402498884e+00
5.001491689234017102e+00
5.001582410762995146e+00
5.001678144502431422e+00
5.001774681395828814e+00
5.001869996189117984e+00
5.001963406604692963e+00
5.002054737591163480e+00
5.002144822784678979e+00
5.002234141751173091e+00
5.002323854285273264e+00
5.002413890854437106e+00
5.002503969193416111e+00
5.002593088167698987e+00
5.002680185780841171e+00
5.002763792331309745e+00
5.002842474914134918e+00
5.002914908322485310e+00
5.002979512646774651e+00
5.003034885124281850e+00
5.003079898850039342e+00
5.003117777771758590e+00
5.003150659882440010e+00
5.003178627806692980e+00
5.003201565026749620e+00
5.003218336027560831e+00
5.003230368118014582e+00
5.003240677855423257e+00
5.003248082575950662e+00
5.003254070406761400e+00
5.003256398912267144e+00
5.003255531238824716e+00
5.003251280550172098e+00
5.003247169021483920e+00
5.003245284528088810e+00
5.003245596996126032e+00
5.003247610629472319e+00
5.003250188293743683e+00
5.003256627520888955e+00
5.003268877689835747e+00
5.003286906157728531e+00
5.003310149123999295e+00
5.003337094146399266e+00
5.003366027412110562e+00
5.003394996056438337e+00
5.003426443893101982e+00
5.003460404484638246e+00
5.003499994862929512e+00
5.003546874130250899e+00
5.003599479261890970e+00
5.003655770158499827e+00
5.003712487614817128e+00
5.003770684155738557e+00
5.003830351059427528e+00
5.003888782046837846e+00
5.003942893914050671e+00
5.003989122317275218e+00
5.004028336222386741e+00
5.004059801272219055e+00
5.004080846577985575e+00
5.004088288480985192e+00
5.004078878154964549e+00
5.004053099444123021e+00
5.004009943781407621e+00
5.003946506152846752e+00
5.003859718297594128e+00
5.003746164827593823e+00
5.003607074418092715e+00
5.003440639008755575e+00
5.003244558409775777e+00
5.003015601211215468e+00
5.002750391107972483e+00
5.002449924522067271e+00
5.002113365181709348e+00
5.001739467107676695e+00
5.001325020999633608e+00
5.000868092053555536e+00
5.000369030223213329e+00
4.999828759939395795e+00
4.999248031512820489e+00
4.998626064867698560e+00
4.997963274479830353e+00
4.997262194142662928e+00
4.996525535718522981e+00
4.995756836594067885e+00
4.994957891688668106e+00
4.994130066991768757e+00
4.993276791558586503e+00
4.992400837601147501e+00
4.991507182256304631e+00
4.990598409087382947e+00
4.989679558561170403e+00
4.988755938769306120e+00
4.987833790616120311e+00
4.986920885727728958e+00
4.986019089580501884e+00
4.985132307470764523e+00
4.984265826703037305e+00
4.983425292731252121e+00
4.982619031951752042e+00
4.981848732070055519e+00
4.981116501376953387e+00
4.980429611713613980e+00
4.979786767349567711e+00
4.979192802668539031e+00
4.978646157705213682e+00
4.978146926336911804e+00
4.977702088155774085e+00
4.977309056580987878e+00
4.976972170420912889e+00
4.976689447858361426e+00
4.976460157190439659e+00
4.976291874800800485e+00
4.976179967797352610e+00
4.976130510857320388e+00
4.976139970743088448e+00
4.976209069299502907e+00
4.976344103603613789e+00
4.976542519195927383e+00
4.976810263018114355e+00
4.977143612275822804e+00
4.977546919207079590e+00
4.978020269195539527e+00
4.978558228383762163e+00
4.979161676089271182e+00
4.979825028623446670e+00
4.980548170204266434e+00
4.981323826904400676e+00
4.982149135316713995e+00
4.983025942589146773e+00
4.983949860702259649e+00
4.984919811929566791e+00
4.985929741407735705e+00
4.986978427837593486e+00
4.988061180929644678e+00
4.989169584135516367e+00
4.990298760007126688e+00
4.991442383746607980e+00
4.992595508689984918e+00
4.993751893113359763e+00
4.994903096701011513e+00
4.996043366338118297e+00
4.997166635910972765e+00
4.998267552549943815e+00
4.999339077020988675e+00
5.000373241747722020e+00
5.001364252413615930e+00
5.002306098486290153e+00
5.003196388403877926e+00
5.004031662563786398e+00
5.004808469857083608e+00
5.005522536481724849e+00
5.006170725072728089e+00
5.006751445191906846e+00
5.007261599968182431e+00
5.007698749634432289e+00
5.008062571133482521e+00
5.008354247710664175e+00
5.008575106966307366e+00
5.008723575468174261e+00
5.008798763863740788e+00
5.008801089693150743e+00
5.008731711572328216e+00
5.008592794882425814e+00
5.008386720056006602e+00
5.008116609314749113e+00
5.007785304943391580e+00
5.007395884068973402e+00
5.006951606618533113e+00
5.006455966430077176e+00
5.005912280464837494e+00
5.005324191795954114e+00
5.004698083894618676e+00
5.004038231121668012e+00
5.003348373072513233e+00
5.002631321447260859e+00
5.001888514207966985e+00
5.001124109672672624e+00
5.000342469709284643e+00
4.999546603160268887e+00
4.998739224644667800e+00
4.997921508299476123e+00
4.997096338914996494e+00
4.996268473984962988e+00
4.995439498992927163e+00
4.994613138260609375e+00
4.993789463462596778e+00
4.992971316995387987e+00
4.992163935499553951e+00
4.991367865102654733e+00
4.990586815746790528e+00
4.989820511313445728e+00
4.989071056442626606e+00
4.988344095396168854e+00
4.987639791937835909e+00
4.986962159397371863e+00
4.986311038853891375e+00
4.985687762992746741e+00
4.985098678777284853e+00
4.984543040963180793e+00
4.984025783809193477e+00
4.983546218397387761e+00
4.983106128061481677e+00
4.982712059514889269e+00
4.982364371354052857e+00
4.982068136288143378e+00
4.981822423758276663e+00
4.981631487207779152e+00
4.981494105579623799e+00
4.981413570437874583e+00
4.981388985154047155e+00
4.981419986533294875e+00
4.981505719358395368e+00
4.981649270151104147e+00
4.981850102767642952e+00
4.982111149002160566e+00
4.982434382308568388e+00
4.982815430108751720e+00
4.983254781458821725e+00
4.983742330093231310e+00
4.984276165869380826e+00
4.984851585198486923e+00
4.985466533471193173e+00
4.986124231089201331e+00
4.986815141234841597e+00
4.987540843058672735e+00
4.988295538369860616e+00
4.989081062916961073e+00
4.989896475393620356e+00
4.990734636280979686e+00
4.991594280097928937e+00
4.992470010463443408e+00
4.993363121543374916e+00
4.994272030759897341e+00
4.995191358719315744e+00
4.996117405910339926e+00
4.997046787534202394e+00
4.997978963796342988e+00
4.998913474474397489e+00
4.999843943435993587e+00
5.000766861755694848e+00
5.001680634338701914e+00
5.002583389524663637e+00
5.003474477995482061e+00
5.004347162936177540e+00
5.005198764000382106e+00
5.006026789490428897e+00
5.006830359641758044e+00
5.007607654203025227e+00
5.008355640042869261e+00
5.009072757829276412e+00
5.009754773993341459e+00
5.010398396719543790e+00
5.011000768821982199e+00
5.011559004318264066e+00
5.012071830723729526e+00
5.012537932414856456e+00
5.012955348622349483e+00
5.013321834076491790e+00
5.013640882354525097e+00
5.013910946380642386e+00
5.014135174174157328e+00
5.014310844466385753e+00
5.014438378168565080e+00
5.014517652280923166e+00
5.014544392088724045e+00
5.014522156503812056e+00
5.014452900972977467e+00
5.014337568974881698e+00
5.014175992927341952e+00
5.013964140697210858e+00
5.013708055897444282e+00
5.013407716213553300e+00
5.013070687672881220e+00
5.012697606853035559e+00
5.012288625559594202e+00
5.011849532595660683e+00
5.011381229705002660e+00
5.010891348591831829e+00
5.010382048732425986e+00
5.009855079821136314e+00
5.009313174097624000e+00
5.008759372069325977e+00
5.008199079616751703e+00
5.007636632828797119e+00
5.007072060054922780e+00
5.006509237832212911e+00
5.005950157700861602e+00
5.005400909802699694e+00
5.004866189493620610e+00
5.004346699661399001e+00
5.003844866513097678e+00
5.003363771646105462e+00
5.002908806673072029e+00
5.002485805435858524e+00
5.002095348260187535e+00
5.001741648896419257e+00
5.001422217509530199e+00
5.001139678380273068e+00
5.000894515349348701e+00
5.000690736102691325e+00
5.000530109128733969e+00
5.000415767033403291e+00
5.000349006841708466e+00
5.000329975452325826e+00
5.000361779764345371e+00
5.000438884635508785e+00
5.000559394414590741e+00
5.000719982086734738e+00
5.000918316821621801e+00
5.001152144501971542e+00
5.001420724558698794e+00
5.001720632947105116e+00
5.002053747399766159e+00
5.002420782520493603e+00
5.002819257861992774e+00
5.003249307646474797e+00
5.003706488422177578e+00
5.004186926520490353e+00
5.004688850454116711e+00
5.005207241623724101e+00
5.005737841202938299e+00
5.006276690139495500e+00
5.006817636079215816e+00
5.007358645684145237e+00
5.007893501891813592e+00
5.008418861850223003e+00
5.008929782844207423e+00
5.009420747458062095e+00
5.009889197050651610e+00
5.010329311228415960e+00
5.010737490541361083e+00
5.011108902282140676e+00
5.011438185981534232e+00
5.011724964062741705e+00
5.011967997307947620e+00
5.012167217190436119e+00
5.012319825840242160e+00
5.012422958285607244e+00
5.012475522052555199e+00
5.012478364612906745e+00
5.012434399258346218e+00
5.012345175566151667e+00
5.012211534865199880e+00
5.012034111320971874e+00
5.011815528627484362e+00
5.011559676807372909e+00
5.011269657742230876e+00
5.010949221719055657e+00
5.010600985866038748e+00
5.010224832538514583e+00
5.009823234584182217e+00
5.009399476852268052e+00
5.008956342171877907e+00
5.008496549706906720e+00
5.008020046707243544e+00
5.007529766242953428e+00
5.007027043830605706e+00
5.006515153627844050e+00
5.005995696838947850e+00
5.005469957422467253e+00
5.004938522446902738e+00
5.004404642153533977e+00
5.003869721312077523e+00
5.003337134029718136e+00
5.002807886395603809e+00
5.002282721009106758e+00
5.001764405425638493e+00
5.001254112627358417e+00
5.000755745116622464e+00
5.000270946789534321e+00
4.999800152201204995e+00
4.999346488583831238e+00
