0.000000000000000000e+00
0.000000000000000000e+00
-1.341464667348192254e-08
-8.103437721729280364e-08
-2.540456807764712658e-07
-5.641539428324904886e-07
-1.076900825864868010e-06
-1.599276565684703627e-06
-2.421540757495676861e-06
-3.285389229858991910e-06
-4.098364279343513501e-06
-4.968298362655330889e-06
-2.786887544061753864e-06
2.076206237688895485e-06
1.137871362516307055e-05
2.954005331048394181e-05
5.668904233971263344e-05
9.498909415924571627e-05
1.486940106588008239e-04
2.225204307796957188e-04
3.237907525362970730e-04
4.540517024906876573e-04
6.158451207193140582e-04
8.132202953311209103e-04
1.052504073104501298e-03
1.338500495276093855e-03
1.677425506732106546e-03
2.079000885805726631e-03
2.550085413477063898e-03
3.100047040006757328e-03
3.732814717313885904e-03
4.464526700994611227e-03
5.301276224872708727e-03
6.256080347320676360e-03
7.330371293446659789e-03
8.522924336812136639e-03
9.849084618708727618e-03
1.130552172960960430e-02
1.290512755813323989e-02
1.464554503860198906e-02
1.652038291396819639e-02
1.854569077791892728e-02
2.071366772355758695e-02
2.304080933632576128e-02
2.552686304154121524e-02
2.816283196510993569e-02
3.095081985296928989e-02
3.389318496288979549e-02
3.697653085293496622e-02
4.021213680805887231e-02
4.359710008206093418e-02
4.712615967097007197e-02
5.080706686081611079e-02
5.461797714533531134e-02
5.857588410677635332e-02
6.268079012932503691e-02
6.694590181412421459e-02
7.137142151894294850e-02
7.594912112059318265e-02
8.068629950585093358e-02
8.559863925280299102e-02
9.069305002989497266e-02
9.596853137316430082e-02
1.014134830266448378e-01
1.070327568084212672e-01
1.128199845582458088e-01
1.187848919660064451e-01
1.249488288194152419e-01
1.312925267249557271e-01
1.378163188725921307e-01
1.445079207450362668e-01
1.513734775811645394e-01
1.584322547942611514e-01
1.656857156783553831e-01
1.731500011712523990e-01
1.807978284388991885e-01
1.886665755540344325e-01
1.967255985766861170e-01
2.049681007892105444e-01
2.134084332019303143e-01
2.220433974296067425e-01
2.308888393670533445e-01
2.399148184091065006e-01
2.491640061170075082e-01
2.586054259568664748e-01
2.682310676604721111e-01
2.780274128943892586e-01
2.880009901553602925e-01
2.981768465072126562e-01
3.085276913672895804e-01
3.191031301051588387e-01
3.298724639445753670e-01
3.408313798934431427e-01
3.519984686404676322e-01
3.633717608481854544e-01
3.749681258231610248e-01
3.867922353774518873e-01
3.988268017798871634e-01
4.110867607623547859e-01
4.235631978541821163e-01
4.362989497214763701e-01
4.492781496077983272e-01
4.624750602275340405e-01
4.758947038680522157e-01
4.895532143146006931e-01
5.034308171302287471e-01
5.175514709979504024e-01
5.319033658534497722e-01
5.465380954772443012e-01
5.614368355304212299e-01
5.765766418010207506e-01
5.919811689883681671e-01
6.076391041308852881e-01
6.234990096122238201e-01
6.395922207862348996e-01
6.558800363570662650e-01
6.723503017455552122e-01
6.890282249480697008e-01
7.059095895320387504e-01
7.229533636599988489e-01
7.401373052627056026e-01
7.574659097224681892e-01
7.749733269244641898e-01
7.926510334044902795e-01
8.105312049418894604e-01
8.285577321082560065e-01
8.467742514640299589e-01
8.651504254371135127e-01
8.837148392230478322e-01
9.024375653296915489e-01
9.213137304812877293e-01
9.403325450450389367e-01
9.595157921344249496e-01
9.788159263164012414e-01
9.982609403163401618e-01
1.017811665537974086e+00
1.037504192593714292e+00
1.057321965697428201e+00
1.077267378571650003e+00
1.097327402833124577e+00
1.117509084942957420e+00
1.137797602418085585e+00
1.158206239941736770e+00
1.178699558976312955e+00
1.199296804669519600e+00
1.219975560906549683e+00
1.240762892964502484e+00
1.261640096905847663e+00
1.282612730267663981e+00
1.303665665391107620e+00
1.324808880093713892e+00
1.346032840016504251e+00
1.367353183034082598e+00
1.388745425942560230e+00
1.410228022339960141e+00
1.431786788705011304e+00
1.453434456589838053e+00
1.475159586671014988e+00
1.496973057988306044e+00
1.518863042596002355e+00
1.540840045216699483e+00
1.562885123494287543e+00
1.585009938481469982e+00
1.607207812073846664e+00
1.629487007859369063e+00
1.651838907006402568e+00
1.674265316727777231e+00
1.696769438985009870e+00
1.719351667168756315e+00
1.742001134160180875e+00
1.764703434708734475e+00
1.787454992535730369e+00
1.810252326729913763e+00
1.833090707066675318e+00
1.855958775284906492e+00
1.878846067193170599e+00
1.901747223141809773e+00
1.924655150178095075e+00
1.947561656239649386e+00
1.970456551316401184e+00
1.993328896763941538e+00
2.016167968514582576e+00
2.038959740403315735e+00
2.061695910695215961e+00
2.084360924962183947e+00
2.106942113640925651e+00
2.129427553418299812e+00
2.151802598240992737e+00
2.174055680039546523e+00
2.196167069676539629e+00
2.218159748318812241e+00
2.240008016827723214e+00
2.261694558861872206e+00
2.283226119282861788e+00
2.304625700715204228e+00
2.325854910615106519e+00
2.346928383114954109e+00
2.367854036095758730e+00
2.388588682416101783e+00
2.409152990582605458e+00
2.429546648266931452e+00
2.449752413037439513e+00
2.469778105023523906e+00
2.489622050526759001e+00
2.509257158044001734e+00
2.528693467381617932e+00
2.547917031052730152e+00
2.566941046717784225e+00
2.585776449444911140e+00
2.604384146931788546e+00
2.622766472104212543e+00
2.640900576117655607e+00
2.658795964720866323e+00
2.676431957486293367e+00
2.693821722272059294e+00
2.710944252017161382e+00
2.727818243506571871e+00
2.744398890736720276e+00
2.760715727809092801e+00
2.776782547238490828e+00
2.792637556794307585e+00
2.808285996916912275e+00
2.823748493197582476e+00
2.839040378335140336e+00
2.854174686673305761e+00
2.869156872037075257e+00
2.883980872634074988e+00
2.898650945428035364e+00
2.913195682767054873e+00
2.927610704901835170e+00
2.941915820840022011e+00
2.956103625300547488e+00
2.970185277465006379e+00
2.984142372611185756e+00
2.997983925345560685e+00
3.011712591651102500e+00
3.025334472659250817e+00
3.038850238326212150e+00
3.052262806895395642e+00
3.065578923228403863e+00
3.078805456164500409e+00
3.091942328217646363e+00
3.104985582831522706e+00
3.117923555377146272e+00
3.130751173499247031e+00
3.143480612042566680e+00
3.156119849684854817e+00
3.168670728209634913e+00
3.181145217421671223e+00
3.193535847666880034e+00
3.205851366522928458e+00
3.218074101212641036e+00
3.230209369662424557e+00
3.242257143262049279e+00
3.254203130009790890e+00
3.266056046488901909e+00
3.277819358113428727e+00
3.289498850110193828e+00
3.301093705895563613e+00
3.312591824534556029e+00
3.323991525176188233e+00
3.335298274758478954e+00
3.346520256999156118e+00
3.357657945159098656e+00
3.368722492459437667e+00
3.379711319211146314e+00
3.390627264979502176e+00
3.401459951403758009e+00
3.412210550311228552e+00
3.422883371117731333e+00
3.433480874303003638e+00
3.444001746180673784e+00
3.454440441134592366e+00
3.464800660613199579e+00
3.475086315873285425e+00
3.485299823287149490e+00
3.495440206530709748e+00
3.505502731803078920e+00
3.515484728220124477e+00
3.525391511324067473e+00
3.535226898792405592e+00
3.544991225007195990e+00
3.554680677655358778e+00
3.564292965534348934e+00
3.573833208087105806e+00
3.583305077555794860e+00
3.592709615829606129e+00
3.602045816186089766e+00
3.611315461996216669e+00
3.620516931417603335e+00
3.629651121500153454e+00
3.638715162280221183e+00
3.647710711362976976e+00
3.656633642914910443e+00
3.665484991672654402e+00
3.674266009929795462e+00
3.682975094917436021e+00
3.691615769270081948e+00
3.700185675624032111e+00
3.708685336115975506e+00
3.717115512493271989e+00
3.725475171807427266e+00
3.733773908618111648e+00
3.742012106779236902e+00
3.750192556384225107e+00
3.758315405252595109e+00
3.766382256749291280e+00
3.774399271610398010e+00
3.782369317415375409e+00
3.790295463803429410e+00
3.798178949359077627e+00
3.806021255257744151e+00
3.813827136757988345e+00
3.821600860956329448e+00
3.829345194700378485e+00
3.837062747481483349e+00
3.844755984547752359e+00
3.852427533867972986e+00
3.860078228119033117e+00
3.867708509567397090e+00
3.875318629744666232e+00
3.882907976511138504e+00
3.890478287342208574e+00
3.898030922415870680e+00
3.905564688447135779e+00
3.913080142739433054e+00
3.920575767758506469e+00
3.928048408034461758e+00
3.935498206618445849e+00
3.942923834922927195e+00
3.950322171452658626e+00
3.957692849043028982e+00
3.965033063295501314e+00
3.972341698411124611e+00
3.979618166688102754e+00
3.986860252621788003e+00
3.994065284135956073e+00
4.001232759359497848e+00
4.008362296226638755e+00
4.015458210709708986e+00
4.022520118358750452e+00
4.029548061493057887e+00
4.036542603972574028e+00
4.043505022528787407e+00
4.050436770322940028e+00
4.057337231639049691e+00
4.064204556944988944e+00
4.071036722663068375e+00
4.077834097746038111e+00
4.084596808555745362e+00
4.091327627900266606e+00
4.098028352263592744e+00
4.104699720147274355e+00
4.111341095569753357e+00
4.117949452403210309e+00
4.124525612595699720e+00
4.131069900992534905e+00
4.137584664228580067e+00
4.144072926047466687e+00
4.150535337927960811e+00
4.156970789435530556e+00
4.163376331332350411e+00
4.169751855734014967e+00
4.176099404695654549e+00
4.182421078684950722e+00
4.188718426826620878e+00
4.194995218518400293e+00
4.201248410943174250e+00
4.207476218345784780e+00
4.213678444626951070e+00
4.219855383041524632e+00
4.226011130216742018e+00
4.232146120670462253e+00
4.238263500931883421e+00
4.244363276961469644e+00
4.250444107058668486e+00
4.256507592800283568e+00
4.262553391459609209e+00
4.268583324554588110e+00
4.274597306254531937e+00
4.280595193508292873e+00
4.286575247648384490e+00
4.292537508609917118e+00
4.298483641150619761e+00
4.304413908723023319e+00
4.310328626039651390e+00
4.316223732832100701e+00
4.322095464471008341e+00
4.327942627671386155e+00
4.333764793279792471e+00
4.339562810066367682e+00
4.345337433221962087e+00
4.351087791326667897e+00
4.356814033988144708e+00
4.362515646818306614e+00
4.368192273381379387e+00
4.373843448761132180e+00
4.379466357830193779e+00
4.385058622959283170e+00
4.390618695023682072e+00
4.396144859197761434e+00
4.401636487844612589e+00
4.407089383605148569e+00
4.412501397731926289e+00
4.417871181371834766e+00
4.423196430805352186e+00
4.428477244976189553e+00
4.433714386823798925e+00
4.438910650017883874e+00
4.444065604808952408e+00
4.449178753498222783e+00
4.454249400499489475e+00
4.459277041557456300e+00
4.464262873235370854e+00
4.469205920699265810e+00
4.474105532768395399e+00
4.478959891501095747e+00
4.483767692449715625e+00
4.488529553416396922e+00
4.493247768583919388e+00
4.497921384575987780e+00
4.502555030289318694e+00
4.507145453992512429e+00
4.511697258952286127e+00
4.516212376359131753e+00
4.520689943137792710e+00
4.525133888724473863e+00
4.529541646245148989e+00
4.533917043212083442e+00
4.538259856405881365e+00
4.542571371498731914e+00
4.546854498389390820e+00
4.551108070316938203e+00
4.555334815982012842e+00
4.559535200300841140e+00
4.563710432651666871e+00
4.567862013283399136e+00
4.571991522017148313e+00
4.576100417974617862e+00
4.580188727977898999e+00
4.584252317550805422e+00
4.588289292159703159e+00
4.592299575808670653e+00
4.596283136609222275e+00
4.600240099135066707e+00
4.604172547164584905e+00
4.608078958991194796e+00
4.611956177654888300e+00
4.615802296403075822e+00
4.619615630510474524e+00
4.623398664596702012e+00
4.627150415483142432e+00
4.630873413386965787e+00
4.634565170112276533e+00
4.638220729830885958e+00
4.641841875317717303e+00
4.645426212552214551e+00
4.648976820114278929e+00
4.652492133083963033e+00
4.655972561243199692e+00
4.659418568912172098e+00
4.662824889126444106e+00
4.666193334165240181e+00
4.669521167877340950e+00
4.672808836403513411e+00
4.676058181527281477e+00
4.679269297722006726e+00
4.682441796663429301e+00
4.685570603314068272e+00
4.688656064274933755e+00
4.691697373989250686e+00
4.694695781770374943e+00
4.697649949196008201e+00
4.700561370256569838e+00
4.703431068065789589e+00
4.706259706619408512e+00
4.709049258235123325e+00
4.711800383928444802e+00
4.714514682593970107e+00
4.717193691733507777e+00
4.719838807883886211e+00
4.722451706233647073e+00
4.725034397247459772e+00
4.727589424553539921e+00
4.730117897096302926e+00
4.732622522118713704e+00
4.735105284604455456e+00
4.737568162086631673e+00
4.740013113769914632e+00
4.742441275867845363e+00
4.744851791116620809e+00
4.747242061796810297e+00
4.749614695760633332e+00
4.751970793905879731e+00
4.754311330321456808e+00
4.756635396334554677e+00
4.758940336111213476e+00
4.761228650364305537e+00
4.763500563207292871e+00
4.765758418443823530e+00
4.768000519278670524e+00
4.770224518182899054e+00
4.772429460141087709e+00
4.774615859094287096e+00
4.776784616860772381e+00
4.778938829454804527e+00
4.781077711883212622e+00
4.783200812789823786e+00
4.785310101363089430e+00
4.787405830028679254e+00
4.789490889462854284e+00
4.791566151383544359e+00
4.793635633590842993e+00
4.795700046423102769e+00
4.797758117023136037e+00
4.799812360408928669e+00
4.801863183531192014e+00
4.803913664820817608e+00
4.805964649918702314e+00
4.808019829544452506e+00
4.810079544189600043e+00
4.812141330543188822e+00
4.814206923696427332e+00
4.816275053623347624e+00
4.818348066511780381e+00
4.820425166043670551e+00
4.822509001943499740e+00
4.824598497155339949e+00
4.826689702275427152e+00
4.828783135268124305e+00
4.830876262936028454e+00
4.832970334443482230e+00
4.835063464942606970e+00
4.837156155708465022e+00
4.839245261552963306e+00
4.841330062601002737e+00
4.843411717566880270e+00
4.845487323555382808e+00
4.847556197050245430e+00
4.849614751043946015e+00
4.851661798360974664e+00
4.853694145235451174e+00
4.855710931721360701e+00
4.857708245071799880e+00
4.859681736382873041e+00
4.861629742535980014e+00
4.863549725565344595e+00
4.865440545234115177e+00
4.867300455275207938e+00
4.869127782139212712e+00
4.870919457528025021e+00
4.872673328372866486e+00
4.874387358877092957e+00
4.876061920675665462e+00
4.877695332917602045e+00
4.879288024011286140e+00
4.880838361981542306e+00
4.882343175414236569e+00
4.883800795826346963e+00
4.885209694209725839e+00
4.886568785014778982e+00
4.887877182963519473e+00
4.889131140711931778e+00
4.890328724834351881e+00
4.891467595252422029e+00
4.892547426375774222e+00
4.893569187748459726e+00
4.894535287994173700e+00
4.895445579293396854e+00
4.896301869007970708e+00
4.897103806513574575e+00
4.897854989472057774e+00
4.898556227165487442e+00
4.899210039231207681e+00
4.899819159249988232e+00
4.900383242930498540e+00
4.900906396175947144e+00
4.901389594006564820e+00
4.901835547167087803e+00
4.902247934716965183e+00
4.902625556591178935e+00
4.902972201596226043e+00
4.903289049196269289e+00
4.903578515987123687e+00
4.903844324670012966e+00
4.904083613421048149e+00
4.904299913685048473e+00
4.904492241985375145e+00
4.904663909080650086e+00
4.904819536612580855e+00
4.904957094484221791e+00
4.905080409779426276e+00
4.905187531014186142e+00
4.905281850940760080e+00
4.905364698807921364e+00
4.905435842539395352e+00
4.905500183783683354e+00
4.905556599067736556e+00
4.905608913333368015e+00
4.905657347196925144e+00
4.905702778085347937e+00
4.905746025567156110e+00
4.905787636002737706e+00
4.905832560875666104e+00
4.905880690345753692e+00
4.905934958833482185e+00
4.905995221662547756e+00
4.906063365622637562e+00
4.906139397847680605e+00
4.906224578389180913e+00
4.906323587860195623e+00
4.906436120358510067e+00
4.906565811292483481e+00
4.906711999478964970e+00
4.906877798794984535e+00
4.907062985471664973e+00
4.907264478954703080e+00
4.907486007365614356e+00
4.907727630383551976e+00
4.907993778347252700e+00
4.908282456233381552e+00
4.908595298736569745e+00
4.908929750046906904e+00
4.909284396751997903e+00
4.909662780224558709e+00
4.910062303043183363e+00
4.910484425819691801e+00
4.910926481954035694e+00
4.911386843866883289e+00
4.911868950820743152e+00
4.912370291224895880e+00
4.912891361846803306e+00
4.913430004253266148e+00
4.913985123879490935e+00
4.914559406846044531e+00
4.915149501322981784e+00
4.915754412136253748e+00
4.916370569191153450e+00
4.916994894280310113e+00
4.917628333627457771e+00
4.918272411807651956e+00
4.918929456307765236e+00
4.919597224801059099e+00
4.920275388195391564e+00
4.920960767253514945e+00
4.921651589556809370e+00
4.922348094268913066e+00
4.923051983549470378e+00
4.923765738590832441e+00
4.924487315773244944e+00
4.925216897635932511e+00
4.925950710608836935e+00
4.926687001644845409e+00
4.927426909341689587e+00
4.928171734496232581e+00
4.928924278452273988e+00
4.929682295679326920e+00
4.930445866345639416e+00
4.931211382209534477e+00
4.931977225302928147e+00
4.932744252815121300e+00
4.933514077349775206e+00
4.934289369269482251e+00
4.935067952185146822e+00
4.935849733560555563e+00
4.936630815475457013e+00
4.937409986539952556e+00
4.938187716736666566e+00
4.938962302117816172e+00
4.939735354616514584e+00
4.940506074189415564e+00
4.941271658524146737e+00
4.942033004000059293e+00
4.942789046823254928e+00
4.943541513740292714e+00
4.944289603888265106e+00
4.945030674397221659e+00
4.945765612184278126e+00
4.946493461339942499e+00
4.947215989663474645e+00
4.947932446434371911e+00
4.948644910588138046e+00
4.949352341949216694e+00
4.950051410480611480e+00
4.950742544814223045e+00
4.951423562376970899e+00
4.952095518543597308e+00
4.952756312473889366e+00
4.953402708529705656e+00
4.954034569545861189e+00
4.954649648688014274e+00
4.955248544759330187e+00
4.955829887374517462e+00
4.956395323037383172e+00
4.956947197749491885e+00
4.957485149412629966e+00
4.958010190486191071e+00
4.958521010822830810e+00
4.959018640837846270e+00
4.959505795001266648e+00
4.959984014055905277e+00
4.960457618928726831e+00
4.960928866773126167e+00
4.961398184060331396e+00
4.961865011363502553e+00
4.962328049599405766e+00
4.962790418028113493e+00
4.963253315932332654e+00
4.963716522625863270e+00
4.964178757987200541e+00
4.964638269230008838e+00
4.965098024777353736e+00
4.965559033512354503e+00
4.966026213824034308e+00
4.966501904412389479e+00
4.966986731163442137e+00
4.967480225994466814e+00
4.967980268283962886e+00
4.968490358389199280e+00
4.969011693767487969e+00
4.969543948716699688e+00
4.970085962510883526e+00
4.970635120368777748e+00
4.971194760895548903e+00
4.971765919647394227e+00
4.972348121016500144e+00
4.972940229981420046e+00
4.973539274505553109e+00
4.974148669935045675e+00
4.974769471979914925e+00
4.975401242993054751e+00
4.976042683295188063e+00
4.976691770202692489e+00
4.977346688530619900e+00
4.978005168608600428e+00
4.978669599465304962e+00
4.979339536226566665e+00
4.980018411970909220e+00
4.980706915504510945e+00
4.981403809956487017e+00
4.982106310895856538e+00
4.982810756064232294e+00
4.983518331221516995e+00
4.984227812535340973e+00
4.984941980115348947e+00
4.985661048016720720e+00
4.986383361912543499e+00
4.987108570954971398e+00
4.987837654969863976e+00
4.988572262472682262e+00
4.989315108678511024e+00
4.990063314086964574e+00
4.990815956241657858e+00
4.991568119175007645e+00
4.992317650637795978e+00
4.993064069173505537e+00
4.993808067611624324e+00
4.994550977445413764e+00
4.995289454109242300e+00
4.996022445432118708e+00
4.996750257409385831e+00
4.997474220118693466e+00
4.998195986247830014e+00
4.998912755719593370e+00
4.999623534254006962e+00
5.000328765831166145e+00
5.001029847434931064e+00
5.001728432572655869e+00
5.002422011367253951e+00
5.003109548560551012e+00
5.003787123955061311e+00
5.004453137464096812e+00
5.005107285625508773e+00
5.005747953823974861e+00
5.006375859475902246e+00
5.006989495515099975e+00
5.007585950887971649e+00
5.008165358699135261e+00
5.008726504503957955e+00
5.009270144424609050e+00
5.009795765376857446e+00
5.010305044560901422e+00
5.010798978491894928e+00
5.011278516485565326e+00
5.011744232869916438e+00
5.012196753530973048e+00
5.012636595054739352e+00
5.013064057103566284e+00
5.013479543610684708e+00
5.013883324510626238e+00
5.014275727777950387e+00
5.014656930140428237e+00
5.015027209206693648e+00
5.015386862217657615e+00
5.015736269152930582e+00
5.016075653976969306e+00
5.016405260211997508e+00
5.016725273675494812e+00
5.017035930401854138e+00
5.017337416022293439e+00
5.017630276366345399e+00
5.017914643942587460e+00
5.018190650458657309e+00
5.018458998820954697e+00
5.018719664982730144e+00
5.018972538414621098e+00
5.019217533285940114e+00
5.019454334530259132e+00
5.019683166503186023e+00
5.019903495221609724e+00
5.020114558751907374e+00
5.020316849856849117e+00
5.020509407094892573e+00
5.020692115131047295e+00
5.020864380563821783e+00
5.021025957300540910e+00
5.021176503611009423e+00
5.021318283912938440e+00
5.021454641179393441e+00
5.021585873480166384e+00
5.021714006684000253e+00
5.021838427831630369e+00
5.021960499978836090e+00
5.022078675295438721e+00
5.022189396240960058e+00
5.022292311334262571e+00
5.022384944998870893e+00
5.022467466521287172e+00
5.022537322093943324e+00
5.022590523439669496e+00
5.022626156944991038e+00
5.022641280219635185e+00
5.022635901565175587e+00
5.022606982218078997e+00
5.022550645640097677e+00
5.022465490272246313e+00
5.022349205428712438e+00
5.022201288847231382e+00
5.022019001992398479e+00
5.021798510683679773e+00
5.021537791790419369e+00
5.021235952137016234e+00
5.020892589336238387e+00
5.020508839359485442e+00
5.020082156268858675e+00
5.019612253515028932e+00
5.019097430204951138e+00
5.018537197841309805e+00
5.017932635454440238e+00
5.017282396165633429e+00
5.016585776416564002e+00
5.015840283615494499e+00
5.015045343695188507e+00
5.014202446697258786e+00
5.013313628641866693e+00
5.012382344065212436e+00
5.011409593356751735e+00
5.010396679175996404e+00
5.009346850944661256e+00
5.008262858225011271e+00
5.007148805616401077e+00
5.006007521582746200e+00
5.004841763062380267e+00
5.003651830015680702e+00
5.002440523041388865e+00
5.001211509538791233e+00
4.999969579188129565e+00
4.998719618452690305e+00
4.997462508214614907e+00
4.996201082302234475e+00
4.994939307404658635e+00
4.993682256473205960e+00
4.992435576451919488e+00
4.991199870688817875e+00
4.989977608082793559e+00
4.988772777451179863e+00
4.987589844522975824e+00
4.986435403956078538e+00
4.985309530777835008e+00
4.984214072359704595e+00
4.983153681812786395e+00
4.982131004540227615e+00
4.981147951541447405e+00
4.980204651264452664e+00
4.979299184886717633e+00
4.978436616567875284e+00
4.977620382217670780e+00
4.976853024719263274e+00
4.976134747175479767e+00
4.975463874099756545e+00
4.974845135902965509e+00
4.974281257672214629e+00
4.973772817758821851e+00
4.973319142518543678e+00
4.972915996482575096e+00
4.972566781325244989e+00
4.972273278200978197e+00
4.972035163102650479e+00
4.971851284077370536e+00
4.971719243062639570e+00
4.971637075806015105e+00
4.971604163236428064e+00
4.971613503150385860e+00
4.971664224900980145e+00
4.971749939323147238e+00
4.971869325023820174e+00
4.972015704354946664e+00
4.972186503364448562e+00
4.972382499343458662e+00
4.972599556903098517e+00
4.972836725330654239e+00
4.973088747012170963e+00
4.973353674440386563e+00
4.973632424614133463e+00
4.973920885613861032e+00
4.974218405010851995e+00
4.974519995945249740e+00
4.974823953649704755e+00
4.975130858133292477e+00
4.975437044045635027e+00
4.975741324229844942e+00
4.976039081579752832e+00
4.976328905998477659e+00
4.976611295557329839e+00
4.976887913672933372e+00
4.977161076283762142e+00
4.977428643303671407e+00
4.977690815972843019e+00
4.977949156938799469e+00
4.978206084194339631e+00
4.978464706773617188e+00
4.978723370629109191e+00
4.978982219910928819e+00
4.979237815263430456e+00
4.979489297411155313e+00
4.979737599464814757e+00
4.979984646356414579e+00
4.980233204747301023e+00
4.980481296824972759e+00
4.980729102502325922e+00
4.980978262285451486e+00
4.981231213892558962e+00
4.981491405452349142e+00
4.981757058082828316e+00
4.982028669203379501e+00
4.982302724412390305e+00
4.982578176120974867e+00
4.982856082292952848e+00
4.983133114232429328e+00
4.983408417022535453e+00
4.983677863376893669e+00
4.983940033829519223e+00
4.984195660530337690e+00
4.984446458453992257e+00
4.984694904434244123e+00
4.984939136235724710e+00
4.985179220708767289e+00
4.985416873442687802e+00
4.985654561939397489e+00
4.985895550670782050e+00
4.986138203433462479e+00
4.986382896779783636e+00
4.986626264462925562e+00
4.986867373018274208e+00
4.987107147938321106e+00
4.987343447274278141e+00
4.987576896427879269e+00
4.987805435835133139e+00
4.988029787066142084e+00
4.988252770463684982e+00
4.988473484265367297e+00
4.988693512073466785e+00
4.988911302174190432e+00
4.989127887106249659e+00
4.989343316732654188e+00
4.989556848342280304e+00
4.989767320985656340e+00
4.989973254102033628e+00
4.990173021211040449e+00
4.990365072331143459e+00
4.990551194204700280e+00
4.990730717937213790e+00
4.990905663232072520e+00
4.991075646738276639e+00
4.991241406398579272e+00
4.991404773882343271e+00
4.991567980768843782e+00
4.991733648041948967e+00
4.991904654736385005e+00
4.992084437581464584e+00
4.992271118844613831e+00
4.992464312865151577e+00
4.992665147009057947e+00
4.992875399562282546e+00
4.993097950993789169e+00
4.993330275631261195e+00
4.993571470501584564e+00
4.993822520608764748e+00
4.994084992269735679e+00
4.994361799648712186e+00
4.994650193984369047e+00
4.994949662918904743e+00
4.995257524317810116e+00
4.995575732505629141e+00
4.995903876340696215e+00
4.996239579087801808e+00
4.996579359537669518e+00
4.996918922169812483e+00
4.997258833638139386e+00
4.997597716814585311e+00
4.997937762505122450e+00
4.998278883612464085e+00
4.998618944539437337e+00
4.998960019900211549e+00
4.999301723791965024e+00
4.999646981647916100e+00
4.999996310836381852e+00
5.000347840255802367e+00
5.000699775545601966e+00
5.001050210102206073e+00
5.001397328107362483e+00
5.001739579467778363e+00
5.002080137758260214e+00
5.002420835598116788e+00
5.002762123523956994e+00
5.003103904156692039e+00
5.003445453858682335e+00
5.003788860841402730e+00
5.004133531293579296e+00
5.004476427091963053e+00
5.004818381546741968e+00
5.005157702146775911e+00
5.005495784311301932e+00
5.005831416352398477e+00
5.006161453044721377e+00
5.006486469088802238e+00
5.006804946913132603e+00
5.007118272959003136e+00
5.007425605050035422e+00
5.007728654752234831e+00
5.008026540047239017e+00
5.008316583289514234e+00
5.008599514989863444e+00
5.008874034537684317e+00
5.009141565180134315e+00
5.009400919816206610e+00
5.009649352795194410e+00
5.009887432838540100e+00
5.010113899252127467e+00
5.010330080213707404e+00
5.010535237743269477e+00
5.010730766477744069e+00
5.010917881755841741e+00
5.011097764066172466e+00
5.011271465076815979e+00
5.011440042323183519e+00
5.011604467547249975e+00
5.011765798191291310e+00
5.011925009629440098e+00
5.012082991591404024e+00
5.012240720717916709e+00
5.012399103353479823e+00
5.012559141172776123e+00
5.012721763430842969e+00
5.012887999574402897e+00
5.013056102554062754e+00
5.013228364131162351e+00
5.013404216720471318e+00
5.013586522034118254e+00
5.013775517298589612e+00
5.013968857182871552e+00
5.014166474482725455e+00
5.014364395803521113e+00
5.014561171131889594e+00
5.014757393236020988e+00
5.014954613513063819e+00
5.015155384829951046e+00
5.015357416654688372e+00
5.015560468706054209e+00
5.015763018271638174e+00
5.015967915422035794e+00
5.016175969737334484e+00
5.016386170192376426e+00
5.016596653825358132e+00
5.016804832379087031e+00
5.017012925586414873e+00
5.017221160485162201e+00
5.017433365612043339e+00
5.017651224109096475e+00
5.017874148423536518e+00
5.018100868194117048e+00
5.018328945143832875e+00
5.018560768860145238e+00
5.018796880329713161e+00
5.019035867518500282e+00
5.019275830025539342e+00
5.019514059937313810e+00
5.019752690783456650e+00
5.019991918737754411e+00
5.020235458566561171e+00
5.020485114707365248e+00
5.020740300520076360e+00
5.020999702113433827e+00
5.021260897061541328e+00
5.021526192343547912e+00
5.021796219731434974e+00
5.022069630875006574e+00
5.022344448576435916e+00
5.022617969131781379e+00
5.022892246591611709e+00
5.023167599617258006e+00
5.023442581659868011e+00
5.023715053005830988e+00
5.023982443018572219e+00
5.024246695554571929e+00
5.024508149149585101e+00
5.024770472599882964e+00
5.025035233880150720e+00
5.025301977219750249e+00
5.025569243310709311e+00
5.025834791744817842e+00
5.026100883456637192e+00
5.026367980940957381e+00
5.026634864276966042e+00
5.026899448363802314e+00
5.027159221480360429e+00
5.027416179041138022e+00
5.027670527520348820e+00
5.027921275860387951e+00
5.028166802982556582e+00
5.028405322945434186e+00
5.028639566312301135e+00
5.028870542189794790e+00
5.029100149954424559e+00
5.029325826084928508e+00
5.029546647081839517e+00
5.029758586316127378e+00
5.029960041521807312e+00
5.030151333576758255e+00
5.030333840447235971e+00
5.030509203440267640e+00
5.030675156107861312e+00
5.030831305869613246e+00
5.030978775323126762e+00
5.031119532148112583e+00
5.031255659210253306e+00
5.031385079501887070e+00
5.031507256814037099e+00
5.031619712142963330e+00
5.031722653955911007e+00
5.031813932229523445e+00
5.031895127222631103e+00
5.031968955728913784e+00
5.032035324429849688e+00
5.032096225415113366e+00
5.032150732931436998e+00
5.032200470744387033e+00
5.032243890269413100e+00
5.032277982796760973e+00
5.032302459660670912e+00
5.032315061011570556e+00
5.032316408317958789e+00
5.032304590904344010e+00
5.032281054680892041e+00
5.032248754027490278e+00
5.032207658799555894e+00
5.032159707547355865e+00
5.032104101736288193e+00
5.032042446072403585e+00
5.031975595360812292e+00
5.031903396608497836e+00
5.031825424974043059e+00
5.031740802592788775e+00
5.031648539762202610e+00
5.031547665476058917e+00
5.031436786289519070e+00
5.031314327233664230e+00
5.031178872912383859e+00
5.031028938275954765e+00
5.030863163472345967e+00
5.030679827594391362e+00
5.030477498808137327e+00
5.030254698769383914e+00
5.030009763912491216e+00
5.029741239232205174e+00
5.029447607063882941e+00
5.029127821439140611e+00
5.028780632802480000e+00
5.028405925818913325e+00
5.028002145962051195e+00
5.027568727807333993e+00
5.027104373724393227e+00
5.026608517767124695e+00
5.026080218591921778e+00
5.025520421640210067e+00
5.024932743721836736e+00
5.024319204800955951e+00
5.023681126051775969e+00
5.023019125350943526e+00
5.022334144824377233e+00
5.021628763341539070e+00
5.020903496557110657e+00
5.020158947968120344e+00
5.019395858236783248e+00
5.018614814468854490e+00
5.017816667595141666e+00
5.017001858317487795e+00
5.016171737053626067e+00
5.015329858550065190e+00
5.014477136769525778e+00
5.013613905945055294e+00
5.012742943057053147e+00
5.011865832769506035e+00
5.010986086764567915e+00
5.010105046295755038e+00
5.009222681933276355e+00
5.008342119046680807e+00
5.007464486249916469e+00
5.006593674683205819e+00
5.005731476062171836e+00
5.004876720347636088e+00
5.004032916539542519e+00
5.003200626113645022e+00
5.002384169065585695e+00
5.001585294344654820e+00
5.000802521893016106e+00
5.000039540418616646e+00
4.999296316840878163e+00
4.998577547260754095e+00
4.997885011472933847e+00
4.997217048295968134e+00
4.996577548423045023e+00
4.995966431723170231e+00
4.995388498828940982e+00
4.994845955372983148e+00
4.994338342325026048e+00
4.993864117377633249e+00
4.993419439980026020e+00
4.993006359824176954e+00
4.992625618764396478e+00
4.992275162042315806e+00
4.991952476204569500e+00
4.991653486174725707e+00
4.991379981731259186e+00
4.991131181475901180e+00
4.990909917914504668e+00
4.990718138889604916e+00
4.990554803908997528e+00
4.990417883751177008e+00
4.990304018083223880e+00
4.990214341554054300e+00
4.990148044192427079e+00
4.990108702239774985e+00
4.990098665917718002e+00
4.990116666086211517e+00
4.990159776919715462e+00
4.990224558977604197e+00
4.990312870830491576e+00
4.990425879281207955e+00
4.990561285937400449e+00
4.990715432247340821e+00
4.990884753285169673e+00
4.991071084780812406e+00
4.991273698570400263e+00
4.991495598690778301e+00
4.991738041160822981e+00
4.992000422241360980e+00
4.992279920583785113e+00
4.992573379637866182e+00
4.992882486997364921e+00
4.993207347436069199e+00
4.993546624859987126e+00
4.993897014824865366e+00
4.994255678510485019e+00
4.994623261323391183e+00
4.995000114074168884e+00
4.995384095279693959e+00
4.995771963229596935e+00
4.996161046890736479e+00
4.996552311448573924e+00
4.996945553055226696e+00
4.997343949010789821e+00
4.997748720875202721e+00
4.998158525457797374e+00
4.998573580166517871e+00
4.998995386516869033e+00
4.999426250351787004e+00
4.999869389726042890e+00
5.000322143590270940e+00
5.000783700576246105e+00
5.001255137292863751e+00
5.001737884065332373e+00
5.002235040670457877e+00
5.002743871962849198e+00
5.003263310311560019e+00
5.003794288305764226e+00
5.004338139189607126e+00
5.004897963298684971e+00
5.005470994344181968e+00
5.006056163093275835e+00
5.006653676187820423e+00
5.007263760497993488e+00
5.007887935718721373e+00
5.008521934455460567e+00
5.009162528893178035e+00
5.009809024339741512e+00
5.010460827654426907e+00
5.011118250495022686e+00
5.011781949332184460e+00
5.012452875679558773e+00
5.013127100473469433e+00
5.013801801210469478e+00
5.014476331552690347e+00
5.015150302356307321e+00
5.015823954051557898e+00
5.016494076555792603e+00
5.017159553548517614e+00
5.017821628606144557e+00
5.018482149994198949e+00
5.019144376000587826e+00
5.019806532940094712e+00
5.020468841573422658e+00
5.021127970075434988e+00
5.021782859420603096e+00
5.022434704309527653e+00
5.023080135589663264e+00
5.023718444561784402e+00
5.024345698883955436e+00
5.024960195278946884e+00
5.025562689086620516e+00
5.026151768719975266e+00
5.026729892609838934e+00
5.027296605637494586e+00
5.027850094070855036e+00
5.028392226701798862e+00
5.028922082787575576e+00
5.029442772312285648e+00
5.029954036815288632e+00
5.030454567043306291e+00
5.030945712780774848e+00
5.031427709354282740e+00
5.031903229808630584e+00
5.032371976791144341e+00
5.032832135712923538e+00
5.033281263305070752e+00
5.033717753557684915e+00
5.034139318919005568e+00
5.034544336429061850e+00
5.034935711888794074e+00
5.035314317425910957e+00
5.035680773003225141e+00
5.036034053830627855e+00
5.036373865312162579e+00
5.036702738149289260e+00
5.037020630581500846e+00
5.037326385794402839e+00
5.037617181433560631e+00
5.037890681723329322e+00
5.038147833464862835e+00
5.038388899440140456e+00
5.038616654077739732e+00
5.038831425445350121e+00
5.039031966371657845e+00
5.039216608857933544e+00
5.039383362891351581e+00
5.039530183967402266e+00
5.039655915336882508e+00
5.039763062769746504e+00
5.039853232424905904e+00
5.039925740250584596e+00
5.039980331641820577e+00
5.040016245468252443e+00
5.040035913061548634e+00
5.040040928966446288e+00
5.040033506180588319e+00
5.040015096565438668e+00
5.039984389437558221e+00
5.039943803172754144e+00
5.039894273431236194e+00
5.039838392344498708e+00
5.039776688191304643e+00
5.039707503636564390e+00
5.039633263220276937e+00
5.039554556013283282e+00
5.039474133514997511e+00
5.039393090979394252e+00
5.039311245494719316e+00
5.039227853679294711e+00
5.039143703497210858e+00
5.039058422205233256e+00
5.038972341708103819e+00
5.038884902383395037e+00
5.038795233267552298e+00
5.038704115423567664e+00
5.038610601687066648e+00
5.038514926797905247e+00
5.038416487417377354e+00
5.038315215503059719e+00
5.038210290103413591e+00
5.038103411738953596e+00
5.037997618458425642e+00
5.037891830430557327e+00
5.037787036990005518e+00
5.037680438283089757e+00
5.037572658547390780e+00
5.037465953325112267e+00
5.037358449959387308e+00
5.037250716827069041e+00
5.037139620074262858e+00
5.037025523820152451e+00
5.036909294269239723e+00
5.036792899166426807e+00
5.036678852514556048e+00
5.036564547485864907e+00
5.036449833234033946e+00
5.036335297134898248e+00
5.036222692328698791e+00
5.036114472505829553e+00
5.036008107206976447e+00
5.035902886429062697e+00
5.035794201047352203e+00
5.035680527045583332e+00
5.035562065999215520e+00
5.035440270557259623e+00
5.035317359381545010e+00
5.035190933673833413e+00
5.035060835509751698e+00
5.034928111612054558e+00
5.034794781469929426e+00
5.034663585481424342e+00
5.034532471980158519e+00
5.034401173797625972e+00
5.034265864464645190e+00
5.034125257359078454e+00
5.033979821811622735e+00
5.033831024012720867e+00
5.033681048519170531e+00
5.033527657502523844e+00
5.033370548599591210e+00
5.033210986742009396e+00
5.033050927111138328e+00
5.032893121001501768e+00
5.032735515386987935e+00
5.032577906475593998e+00
5.032416452300926046e+00
5.032249662113567723e+00
5.032078180109342824e+00
5.031903477591654905e+00
5.031727873032173726e+00
5.031549096220364170e+00
5.031366706454385884e+00
5.031182108354944837e+00
5.030997220185775554e+00
5.030814893600720872e+00
5.030633090009173358e+00
5.030451530480017475e+00
5.030268441048640682e+00
5.030086045769233571e+00
5.029904377591986275e+00
5.029721598402786320e+00
5.029534750861305525e+00
5.029340667539464960e+00
5.029140423407035598e+00
5.028933797517048276e+00
5.028723366019502983e+00
5.028509506640211235e+00
5.028291282245144878e+00
5.028071155511960377e+00
5.027849757206813486e+00
5.027630378362910157e+00
5.027414307167009433e+00
5.027200364043193481e+00
5.026986176111924109e+00
5.026768950746582476e+00
5.026549892892318461e+00
5.026328633465992901e+00
5.026107944083587853e+00
5.025888508727029524e+00
5.025669086539372721e+00
5.025452305247259943e+00
5.025238472522421063e+00
5.025031185132634803e+00
5.024831959196550457e+00
5.024639588241648802e+00
5.024451919646185871e+00
5.024265877717358109e+00
5.024082744048161686e+00
5.023901957106960303e+00
5.023726431784404589e+00
5.023557032329215133e+00
5.023392512669039967e+00
5.023235580084098650e+00
5.023086439195273201e+00
5.022948965626951257e+00
5.022824743800978098e+00
5.022714363393554926e+00
5.022617780101667151e+00
5.022536003106456093e+00
5.022469095337387834e+00
5.022417719397877178e+00
5.022381692166623779e+00
5.022361019089536249e+00
5.022355161564143522e+00
5.022364127769201936e+00
5.022388642128158942e+00
5.022428450044778891e+00
5.022483560052303453e+00
5.022553768093302118e+00
5.022638801197126135e+00
5.022739858991072559e+00
5.022852449976444866e+00
5.022975784494146723e+00
5.023105081720814269e+00
5.023238970693738814e+00
5.023378218850658605e+00
5.023521631863506087e+00
5.023671510909290205e+00
5.023828096166790935e+00
5.023989792224557327e+00
5.024159000721366120e+00
5.024335686304212345e+00
5.024523210265280149e+00
5.024722690564185967e+00
5.024932708833903305e+00
5.025152737983106022e+00
5.025383478925166791e+00
5.025625921451088551e+00
5.025882322900529608e+00
5.026149016079094700e+00
5.026423613038448757e+00
5.026706025582341475e+00
5.026996382661699236e+00
5.027296284605352383e+00
5.027601897251396501e+00
5.027910673004178932e+00
5.028222513013123951e+00
5.028537474833963294e+00
5.028856889457044232e+00
5.029182204343912943e+00
5.029515289217767915e+00
5.029852999933597246e+00
5.030193339959319943e+00
5.030536354259188769e+00
5.030882634856340019e+00
5.031233365350004760e+00
5.031584986225303702e+00
5.031935206354197554e+00
5.032284075208540486e+00
5.032632029131588247e+00
5.032980116382774760e+00
5.033329803646143574e+00
5.033682873659368617e+00
5.034036223739917659e+00
5.034388330169554671e+00
5.034739123508867209e+00
5.035089247860547346e+00
5.035439806469317325e+00
5.035790003985700203e+00
5.036137230657574904e+00
5.036480410136816133e+00
5.036819574423668122e+00
5.037155395076211128e+00
5.037488784269030795e+00
5.037816012390490705e+00
5.038135337569351613e+00
5.038446566798324255e+00
5.038750236835863205e+00
5.039047414884503695e+00
5.039337868858661196e+00
5.039620824326362047e+00
5.039899350479777773e+00
5.040175192617413202e+00
5.040453213416575373e+00
5.040736114495039111e+00
5.041024488732754882e+00
5.041317723673373052e+00
5.041614398193148716e+00
5.041917783115595242e+00
5.042229256779492630e+00
5.042551737614513918e+00
5.042883713543952595e+00
5.043226017766237135e+00
5.043575823344826681e+00
5.043932781369030671e+00
5.044299117997826265e+00
5.044672578387499939e+00
5.045053266361892774e+00
5.045438189991354072e+00
5.045827067122399257e+00
5.046216239743468890e+00
5.046605195925174314e+00
5.046995452382206260e+00
5.047384356596111843e+00
5.047772414386807682e+00
5.048155927286086531e+00
5.048534391895471707e+00
5.048910081759628632e+00
5.049281425513860277e+00
5.049650413953300720e+00
5.050015507787999347e+00
5.050378118791219784e+00
5.050736851394709959e+00
5.051087868325945252e+00
5.051431940272983923e+00
5.051766705401775859e+00
5.052093463168080056e+00
5.052410040125782764e+00
5.052717637066330703e+00
5.053020334244307854e+00
5.053317353856351168e+00
5.053611242455033015e+00
5.053900434803751729e+00
5.054186105523792882e+00
5.054466645643650224e+00
5.054737902768491331e+00
5.055000112113146926e+00
5.055250416547596437e+00
5.055488969721436021e+00
5.055713903271199072e+00
5.055925942380518734e+00
5.056128236204923354e+00
5.056319617778601838e+00
5.056501206327769005e+00
5.056671966314856270e+00
5.056832227316293782e+00
5.056979301181230291e+00
5.057115023295002842e+00
5.057240663683579385e+00
5.057355298828870360e+00
5.057459470825806491e+00
5.057550463043691380e+00
5.057629851000921661e+00
5.057698394754507554e+00
5.057758521047027500e+00
5.057812618213312739e+00
5.057858669055232070e+00
5.057897072169535768e+00
5.057928886029942284e+00
5.057956484563721489e+00
5.057982629878051917e+00
5.058005426002738503e+00
5.058024545830513752e+00
5.058035970054873154e+00
5.058038488394188903e+00
5.058032458103802753e+00
5.058014130178447587e+00
5.057981631774996600e+00
5.057930620168876956e+00
5.057859161492046951e+00
5.057766893585754708e+00
5.057649283395690532e+00
5.057504441082087965e+00
5.057327491134015141e+00
5.057117099385318504e+00
5.056871964703855582e+00
5.056589446641115870e+00
5.056267425655930126e+00
5.055907775625197331e+00
5.055512416004744658e+00
5.055080842054990420e+00
5.054612913220729808e+00
5.054106284170951646e+00
5.053564499482121164e+00
5.052989202230776300e+00
5.052381912968661126e+00
5.051741817868854234e+00
5.051067989818360360e+00
5.050362643204237223e+00
5.049628743879104320e+00
5.048867265186809838e+00
5.048076773337625056e+00
5.047256311006449003e+00
5.046407923377655536e+00
5.045533862240216827e+00
5.044636320300003973e+00
5.043718800447484440e+00
5.042783613778254903e+00
5.041829558290144675e+00
5.040856195814511942e+00
5.039865363962552358e+00
5.038859267659089092e+00
5.037840870298048834e+00
5.036812964506052204e+00
5.035778579018613144e+00
5.034736191160580354e+00
5.033685827307006200e+00
5.032629152066607325e+00
5.031568379230400012e+00
5.030506255380411851e+00
5.029444249622126328e+00
5.028382446743149714e+00
5.027325814418096783e+00
5.026277230955263242e+00
5.025238637081883120e+00
5.024211383364699302e+00
5.023195375032327270e+00
5.022196709788938840e+00
5.021219208441276116e+00
5.020265554688472243e+00
5.019337955616017588e+00
5.018435539953013169e+00
5.017565304912229074e+00
5.016730381004115280e+00
5.015934479511876987e+00
5.015179925016662210e+00
5.014465801469584427e+00
5.013793456308144769e+00
5.013161684251923766e+00
5.012572324215968322e+00
5.012024760186275074e+00
5.011518315277594837e+00
5.011053340337770834e+00
5.010627917401093256e+00
5.010242519355911917e+00
5.009897137075264517e+00
5.009591109562267164e+00
5.009324458945143554e+00
5.009095584857810479e+00
5.008904669429708356e+00
5.008750952086946207e+00
5.008636062858229820e+00
5.008554871748736481e+00
5.008501922856619437e+00
5.008474455006023618e+00
5.008469795865774898e+00
5.008486514536732770e+00
5.008524095553974043e+00
5.008580656557413135e+00
5.008656061247990010e+00
5.008749427528188747e+00
5.008859896783785182e+00
5.008987017230198902e+00
5.009129954802871154e+00
5.009288290164501944e+00
5.009461675028385130e+00
5.009649171329172646e+00
5.009850410263124054e+00
5.010064689314993380e+00
5.010291383269311893e+00
5.010530403240653463e+00
5.010778383261594193e+00
5.011033277458581736e+00
5.011293384100381054e+00
5.011557493939136521e+00
5.011824322066342319e+00
5.012092620062713166e+00
5.012362204625342876e+00
5.012631998325769445e+00
5.012901355310414253e+00
5.013169517519955320e+00
5.013435684408132254e+00
5.013699714488420334e+00
5.013960807009669729e+00
5.014218523337575562e+00
5.014472096025082593e+00
5.014720974008623600e+00
5.014964758160593838e+00
5.015202814436587886e+00
5.015434665254387525e+00
5.015659609402599806e+00
5.015877064134063978e+00
5.016086869205418353e+00
5.016292763411136946e+00
5.016496707818540735e+00
5.016703794731829369e+00
5.016917162149283627e+00
5.017137772443774679e+00
5.017365678980085342e+00
5.017599607746187296e+00
5.017843274197612224e+00
5.018098590507243273e+00
5.018365783880535780e+00
5.018644187863054995e+00
5.018932045868667480e+00
5.019231430630268775e+00
5.019541323299590019e+00
5.019857662360252881e+00
5.020181022624553790e+00
5.020509017336251212e+00
5.020843082706512917e+00
5.021181355084361364e+00
5.021525660160067517e+00
5.021874802674235916e+00
5.022224783527733827e+00
5.022576165276648297e+00
5.022926728393019680e+00
5.023277929130078867e+00
5.023628210241974479e+00
5.023973848077536886e+00
5.024315234276534703e+00
5.024650509956362754e+00
5.024980790617945559e+00
5.025304945635678422e+00
5.025624364729108784e+00
5.025937740321340108e+00
5.026242275836946938e+00
5.026538244954381618e+00
5.026824172030274873e+00
5.027101059372609093e+00
5.027367817445729692e+00
5.027625816783938717e+00
5.027873721237366311e+00
5.028108787949268077e+00
5.028331202066575578e+00
5.028539558186267300e+00
5.028734634093081191e+00
5.028915185521428910e+00
5.029080585951988702e+00
5.029230239766721233e+00
5.029364066331718064e+00
5.029481900029885821e+00
5.029584083215404178e+00
5.029670634775493809e+00
5.029742237425481655e+00
5.029799004218612701e+00
5.029841057931145443e+00
5.029868746577369265e+00
5.029882540919890843e+00
5.029884120145244886e+00
5.029875722492826995e+00
5.029859679715256604e+00
5.029838819977840991e+00
5.029811434593531416e+00
5.029777608587421511e+00
5.029738640903043567e+00
5.029696280980962442e+00
5.029653090947786787e+00
5.029607007709810063e+00
5.029557787605107855e+00
5.029506336209842665e+00
5.029454712654941595e+00
5.029405494976334268e+00
5.029359450816653698e+00
5.029316367685340516e+00
5.029274785059049790e+00
5.029232984964280284e+00
5.029193700800194122e+00
5.029158085446348458e+00
5.029125872444371481e+00
5.029095635594811320e+00
5.029065667701895670e+00
5.029034736760902291e+00
5.029002747979490984e+00
5.028969821877788071e+00
5.028936254220559121e+00
5.028901437794798923e+00
5.028864001179123022e+00
5.028822243864658148e+00
5.028776993284943764e+00
5.028726248805423182e+00
5.028668216652249612e+00
5.028605946613489586e+00
5.028540627508437666e+00
5.028472312981277170e+00
5.028400243491878641e+00
5.028323272516963982e+00
5.028245150716056600e+00
5.028167471703155478e+00
5.028090733982636173e+00
5.028014429993010737e+00
5.027937605482539318e+00
5.027859346837749932e+00
5.027778449197313648e+00
5.027697485134950739e+00
5.027615918367184022e+00
5.027536468812278336e+00
5.027458972902051570e+00
5.027383365173838214e+00
5.027309781931354138e+00
5.027238423562622849e+00
5.027169425379497625e+00
5.027103143994708923e+00
5.027039724624727590e+00
5.026979423066612718e+00
5.026922453189280660e+00
5.026869042626593398e+00
5.026819501718517991e+00
5.026774053828801492e+00
5.026732951466935440e+00
5.026696502062502070e+00
5.026664947438063358e+00
5.026638604899877905e+00
5.026617703471809584e+00
5.026602625361654475e+00
5.026593784590611236e+00
5.026587667186054986e+00
5.026583478132039318e+00
5.026582510821996586e+00
5.026581766722761913e+00
5.026580678663036927e+00
5.026575166626888524e+00
5.026564075072116999e+00
5.026548243847962283e+00
5.026529733815283230e+00
5.026511531591700610e+00
5.026491982641915435e+00
5.026471218802787355e+00
5.026445893341032090e+00
5.026415349951302680e+00
5.026380705156650031e+00
5.026338985523494785e+00
5.026289187901007871e+00
5.026227528907646125e+00
5.026152854197015074e+00
5.026065806307187245e+00
5.025964392897030564e+00
5.025849319443395302e+00
5.025719239784693926e+00
5.025574792528813894e+00
5.025419113410924510e+00
5.025251328552429619e+00
5.025073521023903922e+00
5.024884876607272233e+00
5.024686853586051605e+00
5.024483033882740202e+00
5.024272551106574447e+00
5.024057757983269035e+00
5.023837492445769826e+00
5.023613162933203924e+00
5.023383300675366314e+00
5.023146039990994183e+00
5.022904326243612161e+00
5.022658597657742696e+00
5.022408309689078365e+00
5.022152021060052540e+00
5.021887891253743241e+00
5.021618556192431804e+00
5.021345161458763862e+00
5.021072102411005211e+00
5.020801307389798573e+00
5.020533067694220364e+00
5.020266452187958528e+00
5.019999659208867371e+00
5.019735584294710229e+00
5.019475044364396510e+00
5.019217535181256906e+00
5.018961422814341766e+00
5.018704437667790508e+00
5.018449238946948832e+00
5.018196487983976439e+00
5.017950606251422307e+00
5.017713025732253307e+00
5.017482329605434721e+00
5.017261919005129300e+00
5.017052210698191850e+00
5.016857861856285794e+00
5.016680279428426203e+00
5.016517806982908390e+00
5.016373127278226818e+00
5.016244797500138297e+00
5.016135677414303551e+00
5.016045973876779307e+00
5.015971440387247959e+00
5.015913294123774513e+00
5.015869014098598200e+00
5.015840794165442595e+00
5.015827796991970011e+00
5.015826113999673375e+00
5.015836701019752653e+00
5.015857052369130820e+00
5.015888947391970554e+00
5.015930658531463138e+00
5.015984984546986603e+00
5.016050723985855164e+00
5.016124573730950331e+00
5.016207167505373654e+00
5.016296884696086700e+00
5.016395900146190634e+00
5.016502702049065121e+00
5.016613878588278119e+00
5.016729938685049461e+00
5.016849196403374123e+00
5.016973124937241124e+00
5.017100381217051819e+00
5.017232959977437012e+00
5.017369855185125793e+00
5.017507950280878148e+00
5.017647953731092514e+00
5.017788010005925337e+00
5.017929551656444609e+00
5.018071227240463728e+00
5.018214123276150573e+00
5.018355751036753354e+00
5.018496395749126648e+00
5.018638424676928445e+00
5.018779846298593306e+00
5.018921397336844059e+00
5.019060294012623658e+00
5.019196621392937985e+00
5.019332641297104658e+00
5.019466307171704500e+00
5.019598332502964944e+00
5.019725939993831432e+00
5.019849157891320246e+00
5.019970254077660066e+00
5.020089709515767495e+00
5.020206785089420087e+00
5.020319916046308784e+00
5.020427502690899324e+00
5.020532315409826474e+00
