0.000000000000000000e+00
0.000000000000000000e+00
-1.311683604399150142e-08
-7.882688692006921522e-08
-2.453720651374168609e-07
-5.378250887133616340e-07
-1.012610936186320269e-06
-1.513919504532168190e-06
-2.276862231838094276e-06
5.242679446837444522e-07
7.190316956666720487e-06
2.076875911484421468e-05
4.753262763301793016e-05
8.888324750046198834e-05
1.486157721785730896e-04
2.323467380313105457e-04
3.462348974255747766e-04
4.968470058349794402e-04
6.930976270643896117e-04
9.410697690157123277e-04
1.250317050418061791e-03
1.630189596017999482e-03
2.088446049293680128e-03
2.633645525476140895e-03
3.279541051289243652e-03
4.032160779735250236e-03
4.902918404242200510e-03
5.908077201148672665e-03
7.049945211311978502e-03
8.350351220270795308e-03
9.805558687349957142e-03
1.141810140599886468e-02
1.320540807237307289e-02
1.516511640538851548e-02
1.731313220252672994e-02
1.964571497430484329e-02
2.215867213000934435e-02
2.486973575343768422e-02
2.777512422790210170e-02
3.088465801467578375e-02
3.420106581439654597e-02
3.773083022823016386e-02
4.148327103843370972e-02
4.544355890741030857e-02
4.962493262281100076e-02
5.402399591197649953e-02
5.863213322152774354e-02
6.345017991056124684e-02
6.848306260099096265e-02
7.369424245347661051e-02
7.910359523286504546e-02
8.469540021409673047e-02
9.048922917833013280e-02
9.649121007909459979e-02
1.026663073061911402e-01
1.090268786906210680e-01
1.155578537939993683e-01
1.222804745196310883e-01
1.291877814291922388e-01
1.362758602856604384e-01
1.435422458409277569e-01
1.509962376116720517e-01
1.586391874312368944e-01
1.664691486119238562e-01
1.744905009030310039e-01
1.827148099898306399e-01
1.911381073950735865e-01
1.997434528826682043e-01
2.085340490101782740e-01
2.175011493920294692e-01
2.266644700526206369e-01
2.359936072586981959e-01
2.455118962286918227e-01
2.552101357935874226e-01
2.650921633004156841e-01
2.751520218609778134e-01
2.853976752518622151e-01
2.958219613789526692e-01
3.064491965531317974e-01
3.172538270710913988e-01
3.282610120533912546e-01
3.394717492817848070e-01
3.508657219170539521e-01
3.624534775971381961e-01
3.742216195820777802e-01
3.861828198193519857e-01
3.983464171647042029e-01
4.107066561936349447e-01
4.232742204426736543e-01
4.360721947907418850e-01
4.490970911740273519e-01
4.623227741478890263e-01
4.757580985783546601e-01
4.893872155903785659e-01
5.032337918042152358e-01
5.172982480286569817e-01
5.315547051190347982e-01
5.460121729134530533e-01
5.606533088444681789e-01
5.754916217087718833e-01
5.905349650143596474e-01
6.058043303250284506e-01
6.212973346470804792e-01
6.369854905365915920e-01
6.528798820733041630e-01
6.689638902901620110e-01
6.852827765702218521e-01
7.018299963234871930e-01
7.185697176217050730e-01
7.355116452931376170e-01
7.526354338883370909e-01
7.699850811718913501e-01
7.875348248242349802e-01
8.052740385292977976e-01
8.231908752678841479e-01
8.412868311165779822e-01
8.595946790932623705e-01
8.780815174340215190e-01
8.967347028016057209e-01
9.155716135262456090e-01
9.345814802407231836e-01
9.537975110768286413e-01
9.732043983696906375e-01
9.928315844296424775e-01
1.012644208884140973e+00
1.032627792572876846e+00
1.052800264572998579e+00
1.073151419377228244e+00
1.093707373356720414e+00
1.114466250157257532e+00
1.135399513459106613e+00
1.156531138634582456e+00
1.177838280415435479e+00
1.199345448231597722e+00
1.221035726284881440e+00
1.242884028172393629e+00
1.264938843464751494e+00
1.287168898796935412e+00
1.309595072483916711e+00
1.332206242298980436e+00
1.355018725609679953e+00
1.378024289822479265e+00
1.401190080857177334e+00
1.424543206906218940e+00
1.448074803566833157e+00
1.471804819321532731e+00
1.495722758984466383e+00
1.519849348282714896e+00
1.544156630253692875e+00
1.568635933613678812e+00
1.593313405728242094e+00
1.618175780987641810e+00
1.643243038868806405e+00
1.668501835083863627e+00
1.693974280571839408e+00
1.719651224827668301e+00
1.745509090638062588e+00
1.771564758038423060e+00
1.797800526833436496e+00
1.824237284874818732e+00
1.850891115879915061e+00
1.877702181553743355e+00
1.904703512406251908e+00
1.931866657948396737e+00
1.959223261093996360e+00
1.986749737477205402e+00
2.014460478043459180e+00
2.042377076363466326e+00
2.070502739167116690e+00
2.098850615239046036e+00
2.127426336026093878e+00
2.156232159352204913e+00
2.185277123665711585e+00
2.214559118962189377e+00
2.244061181759735124e+00
2.273802221035857940e+00
2.303743021702666649e+00
2.333845844483275478e+00
2.364091325020690082e+00
2.394450524067778030e+00
2.424907670235533441e+00
2.455438556885618073e+00
2.486031503891843908e+00
2.516654489254850358e+00
2.547275326466459155e+00
2.577872014260190969e+00
2.608422098374265641e+00
2.638900470948118304e+00
2.669286284661191555e+00
2.699561412548917350e+00
2.729707286572355063e+00
2.759706673836606505e+00
2.789529056763547565e+00
2.819159205174344596e+00
2.848589785313504930e+00
2.877804529881375917e+00
2.906799915051359040e+00
2.935562837338346220e+00
2.964120779251950832e+00
2.992455346798795546e+00
3.020592682576078492e+00
3.048508219933408814e+00
3.076228850102323609e+00
3.103728385186094840e+00
3.131005006050962880e+00
3.158066842770475446e+00
3.184941916680235074e+00
3.211626651501554797e+00
3.238134637093442958e+00
3.264435034012693304e+00
3.290543256020444840e+00
3.316431272244352080e+00
3.342120650029080764e+00
3.367589168763059249e+00
3.392859037136930045e+00
3.417926662182706021e+00
3.442803063607113856e+00
3.467480871891873484e+00
3.491984307980435354e+00
3.516316409325497716e+00
3.540457482552426427e+00
3.564388964390652337e+00
3.588098566746609208e+00
3.611622252678768685e+00
3.634967422699825867e+00
3.658153901314633138e+00
3.681178217148678655e+00
3.704019651627438403e+00
3.726657977318660997e+00
3.749098232006923936e+00
3.771364479279415427e+00
3.793454296803371761e+00
3.815357685303585544e+00
3.837060115551846007e+00
3.858577027535336157e+00
3.879902818417446664e+00
3.901044855332272299e+00
3.921993117546932694e+00
3.942732703900234448e+00
3.963271749234097197e+00
3.983602099633114069e+00
4.003731532311336494e+00
4.023673076844113794e+00
4.043406155323881812e+00
4.062941608643432012e+00
4.082260285830398239e+00
4.101370618557830916e+00
4.120287153935334068e+00
4.138992408728501715e+00
4.157500198101899080e+00
4.175793137764832963e+00
4.193881724095247066e+00
4.211768570160768554e+00
4.229438096499345434e+00
4.246904589152238785e+00
4.264175834870240323e+00
4.281257916903397742e+00
4.298149397587678777e+00
4.314834301686189200e+00
4.331334963059327414e+00
4.347652218556305570e+00
4.363791047549148594e+00
4.379720698809524748e+00
4.395468685841461109e+00
4.411015883898635082e+00
4.426380944466490774e+00
4.441544645047087236e+00
4.456494412636656577e+00
4.471253665900130514e+00
4.485805822825331468e+00
4.500169302439590346e+00
4.514326080298324939e+00
4.528263770556351098e+00
4.542004676079651304e+00
4.555532906269927906e+00
4.568878996586700936e+00
4.582019415116211469e+00
4.594951597666642407e+00
4.607692210888764350e+00
4.620221840357682019e+00
4.632554637408158982e+00
4.644673747038743805e+00
4.656580927586459140e+00
4.668292135214709759e+00
4.679788960432911260e+00
4.691084531760120413e+00
4.702162353014850638e+00
4.713023733115100811e+00
4.723685525870227053e+00
4.734131937241458310e+00
4.744376628613375502e+00
4.754404728627108945e+00
4.764218293046855734e+00
4.773831984615229729e+00
4.783229792332552854e+00
4.792424361920260445e+00
4.801401256537340956e+00
4.810162150478266341e+00
4.818722581481836187e+00
4.827069043135545634e+00
4.835213963007829463e+00
4.843144184565446153e+00
4.850861454820535101e+00
4.858378991103075251e+00
4.865682630157373012e+00
4.872783055519960271e+00
4.879667233443162999e+00
4.886335879778764379e+00
4.892802344179056462e+00
4.899054039335154265e+00
4.905101778125665390e+00
4.910934222555063400e+00
4.916552397227190951e+00
4.921967702126407218e+00
4.927166989660167751e+00
4.932159707164669449e+00
4.936934710955523720e+00
4.941488312697313923e+00
4.945836735582254562e+00
4.949972459888360987e+00
4.953906285679243737e+00
4.957621538555526008e+00
4.961113530909918801e+00
4.964387659346961357e+00
4.967439765846632937e+00
4.970281021809482169e+00
4.972901034569645162e+00
4.975289435154104822e+00
4.977457230603599569e+00
4.979396712249421597e+00
4.981123997485541466e+00
4.982629075115823092e+00
4.983918538904093865e+00
4.985010449430250290e+00
4.985907422891162177e+00
4.986618647342823785e+00
4.987140004663072723e+00
4.987480435362360964e+00
4.987644438268891811e+00
4.987640715098225819e+00
4.987474233998203665e+00
4.987144621355676932e+00
4.986660416467333157e+00
4.986026012046480993e+00
4.985249812571550088e+00
4.984337687833453323e+00
4.983299362404491006e+00
4.982142861081506169e+00
4.980875172807122553e+00
4.979507322056437424e+00
4.978049099488401907e+00
4.976507135672712856e+00
4.974892016692304963e+00
4.973212466581010460e+00
4.971479807390117855e+00
4.969704484088564911e+00
4.967894720776226514e+00
4.966062142892028852e+00
4.964217075450565453e+00
4.962371132416870445e+00
4.960535489661839215e+00
4.958722599489833627e+00
4.956938979966786007e+00
4.955191965295221657e+00
4.953491204275039195e+00
4.951844859911348706e+00
4.950266486896422791e+00
4.948760366333869065e+00
4.947338941140321467e+00
4.946004634691623991e+00
4.944760479523090169e+00
4.943618804333953953e+00
4.942581004096416208e+00
4.941660198016313288e+00
4.940855963645724103e+00
4.940178109972026554e+00
4.939632696328905226e+00
4.939214558830706814e+00
4.938931952348201371e+00
4.938781652065216576e+00
4.938773684613397386e+00
4.938914019213979323e+00
4.939205202022558083e+00
4.939647181415921295e+00
4.940238811159496812e+00
4.940981656471257644e+00
4.941881312513713986e+00
4.942927624667054154e+00
4.944114756891495155e+00
4.945435520419842135e+00
4.946882153758769718e+00
4.948452835986381970e+00
4.950129574397571730e+00
4.951906339535481649e+00
4.953764270404346526e+00
4.955690489718683978e+00
4.957679786542424694e+00
4.959715959439048305e+00
4.961790648857125952e+00
4.963886696407565857e+00
4.965993170151481451e+00
4.968100170055398834e+00
4.970195039073000309e+00
4.972264762381086278e+00
4.974294958868990868e+00
4.976276151398193015e+00
4.978196491459381257e+00
4.980046202549708312e+00
4.981812807926905506e+00
4.983483992228280535e+00
4.985047802338373302e+00
4.986492319414388419e+00
4.987804369041693775e+00
4.988981671566140363e+00
4.990017176130782772e+00
4.990910783046852650e+00
4.991656196350227503e+00
4.992251712353896309e+00
4.992701743030918848e+00
4.992999221784992336e+00
4.993147426061330663e+00
4.993141943202351385e+00
4.992982308720235629e+00
4.992673779246396215e+00
4.992217769962733698e+00
4.991619816725140879e+00
4.990891229291444908e+00
4.990037465770727820e+00
4.989066957314497230e+00
4.987984667872076727e+00
4.986798022096044392e+00
4.985517703299408687e+00
4.984151759599333431e+00
4.982711813752538355e+00
4.981207849835046275e+00
4.979650135789999155e+00
4.978049239371904910e+00
4.976416615997442783e+00
4.974762734775432627e+00
4.973100077514537531e+00
4.971439982806333369e+00
4.969791657780297633e+00
4.968163263355383386e+00
4.966560986791740184e+00
4.964996217642911880e+00
4.963478713487275762e+00
4.962016921942123737e+00
4.960618667160161088e+00
4.959286782299169083e+00
4.958033462022432225e+00
4.956867603738793093e+00
4.955797685016879228e+00
4.954832954634913911e+00
4.953980021183380877e+00
4.953246037443170380e+00
4.952642944608816933e+00
4.952170406212100140e+00
4.951838669185529618e+00
4.951643264428715163e+00
4.951582706393677036e+00
4.951664485242220692e+00
4.951884248834106828e+00
4.952247152831409593e+00
4.952747677545997540e+00
4.953390561398120617e+00
4.954175644200297768e+00
4.955091567318889112e+00
4.956140971090646552e+00
4.957314980756492240e+00
4.958617398124189890e+00
4.960045028757305907e+00
4.961594479363415466e+00
4.963258285056801888e+00
4.965022620689127919e+00
4.966887090932582183e+00
4.968845636826012324e+00
4.970892599653455868e+00
4.973018576335167751e+00
4.975215236376977046e+00
4.977472905498004252e+00
4.979779811035848880e+00
4.982125900220133019e+00
4.984499296825386949e+00
4.986889264117933429e+00
4.989284239243723107e+00
4.991673100125051832e+00
4.994044368546464163e+00
4.996386298667647274e+00
4.998687414061287804e+00
5.000936577748516854e+00
5.003122838269927541e+00
5.005234661679724084e+00
5.007261197995403812e+00
5.009192661773422373e+00
5.011025089304902203e+00
5.012752242516734569e+00
5.014365681540229325e+00
5.015857192408302190e+00
5.017217285316445619e+00
5.018445627894260852e+00
5.019536526408052701e+00
5.020489677768206427e+00
5.021300310399388955e+00
5.021960908900950926e+00
5.022473117765043682e+00
5.022831255141650963e+00
5.023036279324446518e+00
5.023090137685652934e+00
5.022994877654131329e+00
5.022753691091205397e+00
5.022376853986647127e+00
5.021869957237507620e+00
5.021237428947355141e+00
5.020483352630401797e+00
5.019612844153309439e+00
5.018635475649499966e+00
5.017558156191372021e+00
5.016392128183507104e+00
5.015145237161777736e+00
5.013825399144552719e+00
5.012441299422643937e+00
5.011001144363544491e+00
5.009514382495544815e+00
5.007988849594257275e+00
5.006434173895977224e+00
5.004860668792389333e+00
5.003276820047759088e+00
5.001693245037457380e+00
5.000117678656240905e+00
4.998560483916661745e+00
4.997030242099425479e+00
4.995536273880859746e+00
4.994087826474566505e+00
4.992696112259288554e+00
4.991365626319309357e+00
4.990100895180365370e+00
4.988908527134916504e+00
4.987795300944708465e+00
4.986773186638020050e+00
4.985844552605412261e+00
4.985018479614518050e+00
4.984294625832698777e+00
4.983674328937195419e+00
4.983167731589638549e+00
4.982773377462290654e+00
4.982501419330946035e+00
4.982354266713373114e+00
4.982325632073916211e+00
4.982419634456745960e+00
4.982632223977707220e+00
4.982970914519391670e+00
4.983436127654277570e+00
4.984028362049721217e+00
4.984743649302981972e+00
4.985579037456772333e+00
4.986530057131312255e+00
4.987590012638829506e+00
4.988753718375228630e+00
4.990013774870893926e+00
4.991364009170791149e+00
4.992797282277603443e+00
4.994310772060413406e+00
4.995890253423710625e+00
4.997522981553337296e+00
4.999198790728113906e+00
5.000907965390942955e+00
5.002641778676771622e+00
5.004391834377313941e+00
5.006150372861887021e+00
5.007903341292406552e+00
5.009638913958337270e+00
5.011347029595640379e+00
5.013018487482336916e+00
5.014644782780674603e+00
5.016217608838346997e+00
5.017729166685606756e+00
5.019171957164074271e+00
5.020538503169083455e+00
5.021821446060203975e+00
5.023013397990727213e+00
5.024112571342850053e+00
5.025115657537245539e+00
5.026017934991979352e+00
5.026813931702637461e+00
5.027497863112949439e+00
5.028069271049463218e+00
5.028525484739803986e+00
5.028868046789432000e+00
5.029095678548330284e+00
5.029204953699374592e+00
5.029196891773610290e+00
5.029069947170212274e+00
5.028826350586608207e+00
5.028465147705867722e+00
5.027989301623896345e+00
5.027403682114677252e+00
5.026708834933238279e+00
5.025908097567156396e+00
5.025001926737025393e+00
5.023993381502226185e+00
5.022887502627567891e+00
5.021690380143122745e+00
5.020408598052457982e+00
5.019045749621586339e+00
5.017606029974418291e+00
5.016095152812199309e+00
5.014519730078177417e+00
5.012887142317491218e+00
5.011205156015352991e+00
5.009481521265701787e+00
5.007724431919053920e+00
5.005942142324641964e+00
5.004143123643592261e+00
5.002335861044123533e+00
5.000528920607759886e+00
4.998730919825031371e+00
4.996950558142854604e+00
4.995196549909306505e+00
4.993477592038106927e+00
4.991802470402908476e+00
4.990182222591830197e+00
4.988620326088858192e+00
4.987121799456073035e+00
4.985692772286129504e+00
4.984340301470948198e+00
4.983075553642702715e+00
4.981900990845752553e+00
4.980825069638084912e+00
4.979848004000378303e+00
4.978977691175534126e+00
4.978218622373534963e+00
4.977566567825270738e+00
4.977026945406687553e+00
4.976596637794864719e+00
4.976282291764510646e+00
4.976087625211223830e+00
4.976012581035613280e+00
4.976055475052564070e+00
4.976207568988321839e+00
4.976472489394365262e+00
4.976851563833772474e+00
4.977342691764354399e+00
4.977943651311218964e+00
4.978649500988544752e+00
4.979456661053122346e+00
4.980361589796961752e+00
4.981358075447502642e+00
4.982440000854554185e+00
4.983599092073860426e+00
4.984828023024023835e+00
4.986118885286273894e+00
4.987463408269110943e+00
4.988853130944195691e+00
4.990278860636177427e+00
4.991732394553841878e+00
4.993205313392104827e+00
4.994684431411448244e+00
4.996159202315035408e+00
4.997618046708528716e+00
4.999053069509689529e+00
5.000453318812077441e+00
5.001808883406345885e+00
5.003111031063025571e+00
5.004352132313078627e+00
5.005524317033711590e+00
5.006620841629925600e+00
5.007638919286551804e+00
5.008573439054313958e+00
5.009422416918102527e+00
5.010181670419994404e+00
5.010849345632020224e+00
5.011427042715375535e+00
5.011911980293814572e+00
5.012304206684355279e+00
5.012600615274285687e+00
5.012800796318923169e+00
5.012906425630798246e+00
5.012920590495348883e+00
5.012846878730350397e+00
5.012684876211578100e+00
5.012435995415442491e+00
5.012102474161082455e+00
5.011688176580363141e+00
5.011197520867580302e+00
5.010632399954491945e+00
5.009996431358747948e+00
5.009294725470835985e+00
5.008533433788116440e+00
5.007717789523895568e+00
5.006854001619514882e+00
5.005947558172639589e+00
5.005005543269808399e+00
5.004037549011999708e+00
5.003051308580332091e+00
5.002054857649497421e+00
5.001054587327532275e+00
5.000057107397013922e+00
4.999068773128682253e+00
4.998095032163554663e+00
4.997142120861107983e+00
4.996215201803143380e+00
4.995320201852019970e+00
4.994462400936184210e+00
4.993649777733383033e+00
4.992882393338380353e+00
4.992161410041748404e+00
4.991489820145665668e+00
4.990871239863931663e+00
4.990312828012406499e+00
4.989813584127128721e+00
4.989377910160125218e+00
4.989002083391548048e+00
4.988685042858721275e+00
4.988430392835886629e+00
4.988235612474980485e+00
4.988105308926332526e+00
4.988040316571150434e+00
4.988035588384682306e+00
4.988094099917524282e+00
4.988212964105493974e+00
4.988396259154267653e+00
4.988644714466370367e+00
4.988957335575558538e+00
4.989330407715477200e+00
4.989756322837508584e+00
4.990236316992974430e+00
4.990768489538764285e+00
4.991350371650493223e+00
4.991976881436146485e+00
4.992643248326220196e+00
4.993343676961103483e+00
4.994071069023648946e+00
4.994819937086741213e+00
4.995583730823437207e+00
4.996356916985550178e+00
4.997133635244407124e+00
4.997907961047328484e+00
4.998679870626964394e+00
4.999447143188752385e+00
5.000206745079794679e+00
5.000954678691069688e+00
5.001686757392326932e+00
5.002398162669578596e+00
5.003084961212316273e+00
5.003745458833018134e+00
5.004377227461972666e+00
5.004979648924506641e+00
5.005548893584943038e+00
5.006081546767688906e+00
5.006575416549183366e+00
5.007028512767590200e+00
5.007440007104612789e+00
5.007808268702662602e+00
5.008133718780316102e+00
5.008414564262218427e+00
5.008647637925185414e+00
5.008831524885334119e+00
5.008965797516592211e+00
5.009051379020401207e+00
5.009088807039970170e+00
5.009079470380402022e+00
5.009024855934276488e+00
5.008926456088391710e+00
5.008786774112102158e+00
5.008607139086542759e+00
5.008389637490926027e+00
5.008136136720149345e+00
5.007848489063053243e+00
5.007528970876901298e+00
5.007179171072510648e+00
5.006801193060545607e+00
5.006398480499355763e+00
5.005977447891800658e+00
5.005543140137761249e+00
5.005099475572079015e+00
5.004650511669186841e+00
5.004199049735635008e+00
5.003748023884564411e+00
5.003299800681143772e+00
5.002856752092212922e+00
5.002421101482780408e+00
5.001994931476384743e+00
5.001580488125057400e+00
5.001179660262734750e+00
5.000794631170302651e+00
5.000427320042819979e+00
5.000079754071506066e+00
4.999754149692329008e+00
4.999453747814717630e+00
4.999175048081401229e+00
4.998916039897326691e+00
4.998676414007519497e+00
4.998456345146720992e+00
4.998257806228672884e+00
4.998076883351629363e+00
4.997912016438519345e+00
4.997763486702193170e+00
4.997632475264568441e+00
4.997522207034949204e+00
4.997429652579326920e+00
4.997354543355492673e+00
4.997293392915478805e+00
4.997247033316840614e+00
4.997214009538025081e+00
4.997190657488268073e+00
4.997179135305072961e+00
4.997178486780708084e+00
4.997191794065970250e+00
4.997220666844609305e+00
4.997263552963945088e+00
4.997318407039370136e+00
4.997381313804750036e+00
4.997453584958081230e+00
4.997535299163526012e+00
4.997623988108925275e+00
4.997716791898229260e+00
4.997809739418544339e+00
4.997903908666438078e+00
4.997998704368463940e+00
4.998096912650607848e+00
4.998199274622120214e+00
4.998304193558386288e+00
4.998409278577407910e+00
4.998511377962518765e+00
4.998611789688681917e+00
4.998709956228945650e+00
4.998803598711479168e+00
4.998889608102130566e+00
4.998964711831161978e+00
4.999029859619426475e+00
4.999084788801359203e+00
4.999132073617750471e+00
4.999172152279155235e+00
4.999203929983289107e+00
4.999230000479822245e+00
4.999250994758424937e+00
4.999270386190130644e+00
4.999289380238135294e+00
4.999306854257103971e+00
4.999320524308807023e+00
4.999327626094548727e+00
4.999329557230178800e+00
4.999326111698995767e+00
4.999319955469350596e+00
4.999311306472760563e+00
4.999298534670038485e+00
4.999283793719610181e+00
4.999266946375960252e+00
4.999250918437851077e+00
4.999236239295809625e+00
4.999220987629036550e+00
4.999205047280651293e+00
4.999189410360653341e+00
4.999175808906677787e+00
4.999166349181562552e+00
4.999163275714621157e+00
4.999169464541139973e+00
4.999182095398666981e+00
4.999200197964913883e+00
4.999224003100775526e+00
4.999254374426330472e+00
4.999293281602678718e+00
4.999337165848358744e+00
4.999384616519330748e+00
4.999435564571998114e+00
4.999490713811485243e+00
4.999551480690954897e+00
4.999618530333047595e+00
4.999691298281780050e+00
4.999768793330534145e+00
4.999849662658763627e+00
4.999932270533408385e+00
5.000014692925851101e+00
5.000094847016970157e+00
5.000170642974786972e+00
5.000240305079148406e+00
5.000306647786872283e+00
5.000371049427428716e+00
5.000433584641665874e+00
5.000493758883327367e+00
5.000550639255902929e+00
5.000606685168110133e+00
5.000662096733227813e+00
5.000715022360907369e+00
5.000762620558032445e+00
5.000801596996841347e+00
5.000832811406813683e+00
5.000855531617069083e+00
5.000871567377123128e+00
5.000880047384067772e+00
5.000883005562879902e+00
5.000884258874518373e+00
5.000884116423510051e+00
5.000885261625623635e+00
5.000887199640235536e+00
5.000892286824488941e+00
5.000899772078224892e+00
5.000906391451676924e+00
5.000912690756336154e+00
5.000916650212269943e+00
5.000919521438149218e+00
5.000919663997914988e+00
5.000914809703966846e+00
5.000906903872522236e+00
5.000896201788703088e+00
5.000886221642860896e+00
5.000878188197523500e+00
5.000871377217255720e+00
5.000866573970554008e+00
5.000865962574454926e+00
5.000872383941161736e+00
5.000889720772824454e+00
5.000916706063285311e+00
5.000954139184173641e+00
5.000998654405552912e+00
5.001049359583261911e+00
5.001107684083248905e+00
5.001170549386146469e+00
5.001237408884767532e+00
5.001304191926460696e+00
5.001369524680044698e+00
5.001434221386875656e+00
5.001499786430937178e+00
5.001568391125617019e+00
5.001637246187744523e+00
5.001705420513606448e+00
5.001773007766311174e+00
5.001840692514521791e+00
5.001909448004294489e+00
5.001978805487011570e+00
5.002046705044773667e+00
5.002115549466540578e+00
5.002185440569152597e+00
5.002259934500759009e+00
5.002340422526900809e+00
5.002425869659488988e+00
5.002514402831874207e+00
5.002603007846481376e+00
5.002693434434913655e+00
5.002785487932124298e+00
5.002877233450271355e+00
5.002965938777632182e+00
5.003048471541113429e+00
5.003126124840199473e+00
5.003198477954573953e+00
5.003265696813322450e+00
5.003324891862429347e+00
5.003376003711454523e+00
5.003420768094220428e+00
5.003458162050665514e+00
5.003489864105796769e+00
5.003514890941298532e+00
5.003534774221916948e+00
5.003549258906132557e+00
5.003556216053984151e+00
5.003552848487597515e+00
5.003536187503923927e+00
5.003507309933629799e+00
5.003465410764765586e+00
5.003408089937148695e+00
5.003332376168546425e+00
5.003235584623618060e+00
5.003118715319288867e+00
5.002981867255150483e+00
5.002827356053023422e+00
5.002655808446434982e+00
5.002466650088755351e+00
5.002262548846631240e+00
5.002044399888692539e+00
5.001815421362844738e+00
5.001576954969642053e+00
5.001328416285542033e+00
5.001072890912619862e+00
5.000811160472657946e+00
5.000547089786704369e+00
5.000281951935467539e+00
5.000018860665586651e+00
4.999757550717768062e+00
4.999499728405353949e+00
4.999249581476180815e+00
4.999006508910537327e+00
4.998772855462014775e+00
4.998547327523559680e+00
4.998330923119069347e+00
4.998127701455236327e+00
4.997936659218253475e+00
4.997760190670820890e+00
4.997596755386772394e+00
4.997448000465961826e+00
4.997312536095710023e+00
4.997185508958504663e+00
4.997066819281759109e+00
4.996953143687428600e+00
4.996844876953840497e+00
4.996739423159017868e+00
4.996637078817443012e+00
4.996540946779282066e+00
4.996449903198957543e+00
4.996365885832787512e+00
4.996287272605552943e+00
4.996215134170345351e+00
4.996152025293997490e+00
4.996095183426952246e+00
4.996044268603874627e+00
4.995995695847525120e+00
4.995949197975425804e+00
4.995901552350699326e+00
4.995847307788647385e+00
4.995784773552297331e+00
4.995710151596433057e+00
4.995622350546039314e+00
4.995518374611130241e+00
4.995398239950156416e+00
4.995263394052600781e+00
4.995112469708986147e+00
4.994945859546281675e+00
4.994761640439248751e+00
4.994560701763695931e+00
4.994345626561410789e+00
4.994120141538299862e+00
4.993888523010975966e+00
4.993651117096161940e+00
4.993409934835945307e+00
4.993163647866313504e+00
4.992913437197421089e+00
4.992662272034648296e+00
4.992409170913014727e+00
4.992155486057017200e+00
4.991899237530741829e+00
4.991641211333189609e+00
4.991384120202128294e+00
4.991131846839998332e+00
4.990889507914398671e+00
4.990657232748781702e+00
4.990437778858904494e+00
4.990229578493599938e+00
4.990033828122977688e+00
4.989854164878343212e+00
4.989689294314447743e+00
4.989541304102603547e+00
4.989407828096736885e+00
4.989289783630956876e+00
4.989188933801341541e+00
4.989107247274804813e+00
4.989045985569681818e+00
4.989006182654265764e+00
4.988989374414522615e+00
4.988995931669924389e+00
4.989027051571611970e+00
4.989082988849696143e+00
4.989164500017506221e+00
4.989273776891496759e+00
4.989405603152556878e+00
4.989557031267179532e+00
4.989725941982909418e+00
4.989911202289953884e+00
4.990113051128431287e+00
4.990326220788850797e+00
4.990548187200770869e+00
4.990777911827758651e+00
4.991015505310939737e+00
4.991262365230221043e+00
4.991514364839394702e+00
4.991769670513320989e+00
4.992027795393814138e+00
4.992289261617560925e+00
4.992555389874477889e+00
4.992822341960717836e+00
4.993088304814746081e+00
4.993350667641361262e+00
4.993611191608806621e+00
4.993869877816041303e+00
4.994129514177193307e+00
4.994390382082064761e+00
4.994650244493831437e+00
4.994907874395001279e+00
4.995162664358367088e+00
4.995414431043762704e+00
4.995663126115551300e+00
4.995904464614441487e+00
4.996136401933481963e+00
4.996358541850796087e+00
4.996571321566453783e+00
4.996775435679457367e+00
4.996967275314829315e+00
4.997145323795130878e+00
4.997309511196664999e+00
4.997460540416514441e+00
4.997599705881302867e+00
4.997728618956034374e+00
4.997848728396792950e+00
4.997957176077044039e+00
4.998052801838939629e+00
4.998135805628126427e+00
4.998207020074924678e+00
4.998267326960203150e+00
4.998313406770912515e+00
4.998343867454542178e+00
4.998358771075591456e+00
4.998358896094350357e+00
4.998345592479662258e+00
4.998320336587702251e+00
4.998284755310949734e+00
4.998240557218878166e+00
4.998189522697566112e+00
4.998133467327778412e+00
4.998074226480883731e+00
4.998013604408106936e+00
4.997948329317360994e+00
4.997876734839729274e+00
4.997798482937716003e+00
4.997713826619065713e+00
4.997623545223824237e+00
4.997527080209903438e+00
4.997423161225371224e+00
4.997314597455762453e+00
4.997202442934714384e+00
4.997090965857705847e+00
4.996982235418608198e+00
4.996876089418281097e+00
4.996776690524046494e+00
4.996685413507718998e+00
4.996607409970808433e+00
4.996545414769995475e+00
4.996499884150896520e+00
4.996470205524445873e+00
4.996453847950532712e+00
4.996453925854520861e+00
4.996471513771912676e+00
4.996505964099423380e+00
4.996555729097680754e+00
4.996617736801498566e+00
4.996694774254219595e+00
4.996786955556826726e+00
4.996898113851430345e+00
4.997027642055410723e+00
4.997178587707687747e+00
4.997351389582265213e+00
4.997542297857809679e+00
4.997753008342343151e+00
4.997981185968027873e+00
4.998228814843104217e+00
4.998495450316921662e+00
4.998777455593452324e+00
4.999071454721495833e+00
4.999373829643236178e+00
4.999681115354404959e+00
4.999989705885754532e+00
5.000296068917022829e+00
5.000596728417085579e+00
5.000888121779071938e+00
5.001166806611228033e+00
5.001430101561354924e+00
5.001679528391915319e+00
5.001915238126176888e+00
5.002136007844466548e+00
5.002340029868292959e+00
5.002525934352535231e+00
5.002695931213902547e+00
5.002850632880808668e+00
5.002989188338623272e+00
5.003110042362465926e+00
5.003211821456431174e+00
5.003295992556018312e+00
5.003362837712271194e+00
5.003414826471350274e+00
5.003452129719306640e+00
5.003473696281660388e+00
5.003481551978845587e+00
5.003476087083916113e+00
5.003460146576042433e+00
5.003434153428178099e+00
5.003396920986349805e+00
5.003350663102108520e+00
5.003295643367680512e+00
5.003234840967569319e+00
5.003168942863928770e+00
5.003099666033746118e+00
5.003024800485806445e+00
5.002944098348605984e+00
5.002859105217146940e+00
5.002772066379773896e+00
5.002686054893646705e+00
5.002599425121089460e+00
5.002512336299631102e+00
5.002426602580460901e+00
5.002344667875084028e+00
5.002270158539404044e+00
5.002201373643119453e+00
5.002138925372500822e+00
5.002079338339036063e+00
5.002021544432147415e+00
5.001966687898032227e+00
5.001913865526087299e+00
5.001860937872782742e+00
5.001804984943822419e+00
5.001742802374877783e+00
5.001675760448791586e+00
5.001603521663578356e+00
5.001526707020470752e+00
5.001441761535474484e+00
5.001347194622153047e+00
5.001243288983473256e+00
5.001131005185539991e+00
5.001011873205078118e+00
5.000885147499738892e+00
5.000752696451617574e+00
5.000616800161895803e+00
5.000475238413436330e+00
5.000327571221513168e+00
5.000174860368368890e+00
5.000018800767955796e+00
4.999861647478191173e+00
4.999700990403889378e+00
4.999536306253521190e+00
4.999368583160338275e+00
4.999199494059082483e+00
4.999031325868216413e+00
4.998864765624401407e+00
4.998698939113764617e+00
4.998537373590170141e+00
4.998381213509364152e+00
4.998235191116926934e+00
4.998101886604798594e+00
4.997981743086945983e+00
4.997873989456219412e+00
4.997776319413331336e+00
4.997691740161624985e+00
4.997621336114478119e+00
4.997564549363103126e+00
4.997519814438071251e+00
4.997484297008138121e+00
4.997460711797117483e+00
4.997449897748534653e+00
4.997451151706132855e+00
4.997462820566812347e+00
4.997482125128241748e+00
4.997511686759622762e+00
4.997551699418196769e+00
4.997606692405039297e+00
4.997678953304508731e+00
4.997768708577001284e+00
4.997875037097924356e+00
4.997995342731097246e+00
4.998132560800383040e+00
4.998287846248220312e+00
4.998460683922838044e+00
4.998649618427823960e+00
4.998852148826790298e+00
4.999067142296207855e+00
4.999295395917815021e+00
4.999532322797549000e+00
4.999775886337828545e+00
5.000019958287101218e+00
5.000261199444155480e+00
5.000498265016447341e+00
5.000731027524541794e+00
5.000960044309121777e+00
5.001181292801720524e+00
5.001392960033936852e+00
5.001594695828481818e+00
5.001786968230828023e+00
5.001970640558377035e+00
5.002142037644610184e+00
5.002299664456024253e+00
5.002443328069149153e+00
5.002573682477323480e+00
5.002691882399466827e+00
5.002799394109841202e+00
5.002897528156262652e+00
5.002983110945296019e+00
5.003054810410922926e+00
5.003112481574152781e+00
5.003156700974886739e+00
5.003188031192494556e+00
5.003202797693758086e+00
5.003199415621439883e+00
5.003177556647080415e+00
5.003137776875029807e+00
5.003080932614485832e+00
5.003007253944034005e+00
5.002917124074976130e+00
5.002814502096827098e+00
5.002701601102108597e+00
5.002579368320384745e+00
5.002448025425055178e+00
5.002307582344018400e+00
5.002162163560369024e+00
5.002014222839005875e+00
5.001867344318979391e+00
5.001720649818980569e+00
5.001575402901599077e+00
5.001429355046803416e+00
5.001282559321352572e+00
5.001137182316833574e+00
5.000991135626191131e+00
5.000844884426424386e+00
5.000695588882172693e+00
5.000542998188267418e+00
5.000389038142841081e+00
5.000236552977095350e+00
5.000089615066627857e+00
4.999947499432694009e+00
4.999811649802234470e+00
4.999681593957449266e+00
4.999561335682029650e+00
4.999452764182443332e+00
4.999355900907048955e+00
4.999269820698628131e+00
4.999192214845771254e+00
4.999126166668811599e+00
4.999072797214703989e+00
4.999031624770814197e+00
4.999001305231449699e+00
4.998979270020591059e+00
4.998968430236073068e+00
4.998969174825415251e+00
4.998986145796316727e+00
4.999021919211900311e+00
4.999076766172019681e+00
4.999150123871458185e+00
4.999239483089712444e+00
4.999348123963516244e+00
4.999477435970272943e+00
4.999626979209076616e+00
4.999795536674153773e+00
4.999980189237338557e+00
5.000183759960871832e+00
5.000407228316706920e+00
5.000649627200854930e+00
5.000909274495732859e+00
5.001183451577616346e+00
5.001469168994170822e+00
5.001762867975574345e+00
5.002064633644710767e+00
5.002370749409835504e+00
5.002680642786959453e+00
5.002990538734534809e+00
5.003299634601512835e+00
5.003609457626528645e+00
5.003917551353164406e+00
5.004224017090685095e+00
5.004525733325220216e+00
5.004822135805674144e+00
5.005109515316375379e+00
5.005382175441424053e+00
5.005637664753535887e+00
5.005871749404410487e+00
5.006082444391737774e+00
5.006266245688836491e+00
5.006422481784190026e+00
5.006551466030591868e+00
5.006651194976234009e+00
5.006720964112842509e+00
5.006758401194178809e+00
5.006763850318325382e+00
5.006738640037887933e+00
5.006683300231173028e+00
5.006599564189611939e+00
5.006487442376612584e+00
5.006349362414852067e+00
5.006189219505116306e+00
5.006009383518770228e+00
5.005811915565804071e+00
5.005598088000493107e+00
5.005369208101708267e+00
5.005126330592263528e+00
5.004870228581654423e+00
5.004601336587744420e+00
5.004320275020378794e+00
5.004027397931145593e+00
5.003723428976313947e+00
5.003408817183749413e+00
5.003084458541646740e+00
5.002751785461382994e+00
5.002412296627241517e+00
5.002067947295088857e+00
5.001720522065240537e+00
5.001371928919629894e+00
5.001024149302915944e+00
5.000679233093338283e+00
5.000339297112601500e+00
5.000006545428711036e+00
4.999679560047168181e+00
4.999359263163586142e+00
4.999049110319991662e+00
4.998747814987380522e+00
4.998457009792852901e+00
4.998174552321958508e+00
4.997900998164492847e+00
4.997639069967496184e+00
4.997391798627155879e+00
4.997162112016754421e+00
4.996953294110077159e+00
4.996769766547308755e+00
4.996609510519133046e+00
4.996472167466357917e+00
4.996358745229021459e+00
4.996270964332445885e+00
4.996212609503940527e+00
4.996180598012228913e+00
4.996174005581354827e+00
4.996193461370944000e+00
4.996240408233656005e+00
4.996318504367311952e+00
4.996424695043181430e+00
4.996559213944067324e+00
4.996716970935752400e+00
4.996895610209843852e+00
4.997095479894719361e+00
4.997313743908248007e+00
4.997552002374373359e+00
4.997809471641026846e+00
4.998082092464262161e+00
4.998371003013396319e+00
4.998674136553250769e+00
4.998993371766350613e+00
4.999328234646759128e+00
4.999675505537828357e+00
5.000030824136278973e+00
5.000388645198486692e+00
5.000748209547543510e+00
5.001106995087408968e+00
5.001460702609563214e+00
5.001804296080314849e+00
5.002132989879988223e+00
5.002445814799806989e+00
5.002741203069976272e+00
5.003019943315824669e+00
5.003280700952104532e+00
5.003521425299635617e+00
5.003742688060095034e+00
5.003944181412746772e+00
5.004127421010574395e+00
5.004291617948850579e+00
5.004435059339098935e+00
5.004558622952841596e+00
5.004661745731079137e+00
5.004745972439938129e+00
5.004811524571209702e+00
5.004860142957709535e+00
5.004891199198840290e+00
5.004902818803033782e+00
5.004895926978728760e+00
5.004870219630479511e+00
5.004827131577125776e+00
5.004765787296286739e+00
5.004684110734900493e+00
5.004582927882959886e+00
5.004461918272364862e+00
5.004322550906155520e+00
5.004164830962483101e+00
5.003991256388191644e+00
5.003803896135005758e+00
5.003601200724306253e+00
5.003383658336760575e+00
5.003152817426533616e+00
5.002911048302709496e+00
5.002660812171459526e+00
5.002400232268780833e+00
5.002129638841659620e+00
5.001850572632909220e+00
5.001565402685016259e+00
5.001276846206099691e+00
5.000985323148132267e+00
5.000689647062034560e+00
5.000392473129839033e+00
5.000094171272874810e+00
4.999798214560658316e+00
4.999505549663962434e+00
4.999216414647461804e+00
4.998935584420623357e+00
4.998666176529886762e+00
4.998411011336657772e+00
4.998172919353756072e+00
4.997955735748920603e+00
4.997756550772402662e+00
4.997574381785753417e+00
4.997409475384564814e+00
4.997262791790354264e+00
4.997136771608429839e+00
4.997028145430896018e+00
4.996936340214970684e+00
4.996862432536953058e+00
4.996808463944405254e+00
4.996778400115950980e+00
4.996770221572882420e+00
4.996784804019192450e+00
4.996818116375293606e+00
4.996868776206907725e+00
4.996938400420410709e+00
4.997023405277220220e+00
4.997123316855219599e+00
4.997233432552826926e+00
4.997352074005691591e+00
4.997479533826051146e+00
4.997617354777692533e+00
4.997768281272661817e+00
4.997929684187335297e+00
4.998101232483101342e+00
4.998278395908934968e+00
4.998459351531280070e+00
4.998644358742100557e+00
4.998829339298469954e+00
4.999012539836628299e+00
4.999188960644467272e+00
4.999356439004703390e+00
4.999514507095381255e+00
4.999661110670357900e+00
4.999796822297438936e+00
4.999919807233899505e+00
5.000026909628003224e+00
5.000118123398213932e+00
5.000192002098128086e+00
5.000249203758366789e+00
5.000288587364418724e+00
5.000310403951959692e+00
5.000315768587687337e+00
5.000306568703897447e+00
5.000284694479130820e+00
5.000252678405311180e+00
5.000212500157583229e+00
5.000161905718784716e+00
5.000100355825203735e+00
5.000028324897218823e+00
4.999947321477163698e+00
4.999858748844642875e+00
4.999759764109555249e+00
4.999649459176511712e+00
4.999528110676259907e+00
4.999397090437636137e+00
4.999258030230924632e+00
4.999113054803386191e+00
4.998964558389783264e+00
4.998813880893217210e+00
4.998662022535503624e+00
4.998509439199046334e+00
4.998356442234292096e+00
4.998203276951610263e+00
4.998049861254913573e+00
4.997896220671755430e+00
4.997742170977218734e+00
4.997587452155348942e+00
4.997431946552168824e+00
4.997275326947492324e+00
4.997117452739548327e+00
4.996958013015609268e+00
4.996796743429075427e+00
4.996633486400168245e+00
4.996469809382032778e+00
4.996308418127518358e+00
4.996152951341863435e+00
4.996002195092660081e+00
4.995857099412750024e+00
4.995716053048890437e+00
4.995581551750001736e+00
4.995453558989611409e+00
4.995329839751866174e+00
4.995212497987595590e+00
4.995100791963560383e+00
4.994997811035066348e+00
4.994903966027123943e+00
4.994818202580137090e+00
4.994740778158230476e+00
4.994672607357426131e+00
4.994615327615105294e+00
4.994571446978299356e+00
4.994537863998486316e+00
4.994513271182588809e+00
4.994497863842919827e+00
4.994492566991761251e+00
4.994499638841300104e+00
4.994515535075263024e+00
4.994538740772334506e+00
4.994569261807995986e+00
4.994607965041000242e+00
4.994656588726725133e+00
4.994714499961633969e+00
4.994778484514031724e+00
4.994850011400925993e+00
4.994927718563053176e+00
4.995013758966746487e+00
4.995107980825054028e+00
4.995207431444944390e+00
4.995310377616482000e+00
4.995415307411970041e+00
4.995521255087154167e+00
4.995627225346910727e+00
4.995732559187385569e+00
4.995836971661124615e+00
4.995940003998626366e+00
4.996041442768695440e+00
4.996140920685651743e+00
4.996238119972917779e+00
4.996332911213909433e+00
4.996424991505270086e+00
4.996514226717923890e+00
4.996600335946355109e+00
4.996682989232291483e+00
4.996762112889486573e+00
4.996837383907336338e+00
4.996908699402633047e+00
4.996975754842209128e+00
4.997038306168328781e+00
4.997096372952732679e+00
4.997151749881963312e+00
4.997204770173924615e+00
4.997256820372354191e+00
4.997305058201822803e+00
4.997348624764057057e+00
4.997384246292570609e+00
4.997411467545247454e+00
4.997427283197688475e+00
4.997429201611307548e+00
4.997414879155335221e+00
4.997382132682474776e+00
4.997328885264221476e+00
4.997252977608231284e+00
4.997153573237819835e+00
4.997033006405918520e+00
4.996892847974312879e+00
4.996736924821969517e+00
4.996566884411957510e+00
4.996383463392493951e+00
4.996190412516233970e+00
4.995989784399506028e+00
4.995786336889948664e+00
4.995582555650261547e+00
4.995378835263189821e+00
4.995176674785551718e+00
4.994978417387692105e+00
4.994786934802768030e+00
4.994606017085252425e+00
4.994433868756978256e+00
4.994270558270155647e+00
4.994117610181211475e+00
4.993977210145904344e+00
4.993852495594411245e+00
4.993745310005262006e+00
4.993656214751765354e+00
4.993585273266299751e+00
4.993531185473776723e+00
4.993497676161578802e+00
4.993484635780559344e+00
4.993496339090860658e+00
4.993534520007895772e+00
4.993596876310410160e+00
4.993686945252346021e+00
4.993804044546784837e+00
4.993952553691567431e+00
4.994134176848682216e+00
4.994347907481940574e+00
4.994591663694234462e+00
4.994860725654515221e+00
4.995156889176222137e+00
4.995479889353963365e+00
4.995827407269032960e+00
4.996196292294414754e+00
4.996581603689344675e+00
4.996984528890104471e+00
4.997404317734988055e+00
4.997838438516707171e+00
4.998283473728449167e+00
4.998735115146487828e+00
4.999190609073489888e+00
4.999648457830995874e+00
5.000107837943584599e+00
5.000568497916908939e+00
5.001025159498901473e+00
5.001474579675348586e+00
5.001914977981004817e+00
5.002345396606479255e+00
5.002764847828301775e+00
5.003168171337100567e+00
5.003552237106713818e+00
5.003915306208880587e+00
5.004256524918824667e+00
5.004575456558018942e+00
5.004872217839807291e+00
5.005145877236722995e+00
5.005391970547139024e+00
5.005607869560122047e+00
5.005792175336033267e+00
5.005944211911633523e+00
5.006063146516905427e+00
5.006146294418946319e+00
5.006191644072756297e+00
5.006199024211606563e+00
5.006168256894676816e+00
5.006100250896058590e+00
5.005993618065484263e+00
5.005847297715014577e+00
5.005661702429867965e+00
5.005437072305001678e+00
5.005174596769728090e+00
5.004874976290381916e+00
5.004541835648931070e+00
5.004178796945132568e+00
5.003787876157082870e+00
5.003372089019037183e+00
5.002932817799961462e+00
5.002473945109165321e+00
5.002000261073924037e+00
5.001513765057540972e+00
5.001018240576601492e+00
5.000514924129462635e+00
5.000007201334453200e+00
4.999495726389802108e+00
4.998983839539803853e+00
4.998477071164168173e+00
4.997977013489223630e+00
4.997488067125894773e+00
4.997010823724784778e+00
4.996548899611451766e+00
4.996105453496792137e+00
4.995682841366150484e+00
4.995283373346545375e+00
4.994908573007204922e+00
4.994560442356386964e+00
4.994241100748994633e+00
4.993949258061119778e+00
4.993688326714554648e+00
4.993459601694712369e+00
4.993260392000894221e+00
4.993093826001505420e+00
4.992958954147989736e+00
4.992859804354603526e+00
4.992798079963767677e+00
4.992772639418479486e+00
4.992781375771381924e+00
4.992819462575943668e+00
4.992888506826939299e+00
4.992988292592571042e+00
4.993116375179022626e+00
4.993269919277162572e+00
4.993443608795288036e+00
4.993639038958580301e+00
4.993855482273729329e+00
4.994090216447593988e+00
4.994339984402986765e+00
4.994600034066470684e+00
4.994871414163144507e+00
4.995152617608191292e+00
4.995446316012174925e+00
4.995753119838417966e+00
4.996071228337468639e+00
4.996398026523174885e+00
4.996729568419042700e+00
4.997066884924653785e+00
4.997409352649929914e+00
4.997754308422091007e+00
4.998098386329594689e+00
4.998437692885283390e+00
4.998772941705767359e+00
4.999103192341509683e+00
4.999429279332045617e+00
4.999748638858084959e+00
5.000060801793818399e+00
5.000362541926089754e+00
5.000653412406330212e+00
5.000934379220937309e+00
5.001203002286141341e+00
5.001458771907720369e+00
5.001698604122733371e+00
5.001922176227902028e+00
5.002130275358442901e+00
5.002320763402613224e+00
5.002492935908021465e+00
5.002643805042835012e+00
5.002773185855704519e+00
5.002882708738552786e+00
5.002975101050916251e+00
5.003053094948636925e+00
5.003115940437648845e+00
5.003164076282637929e+00
5.003195263083553002e+00
5.003209728589509631e+00
5.003208571477962607e+00
5.003189833004661580e+00
5.003153047744351767e+00
5.003095414066853763e+00
5.003016848076301315e+00
5.002919038046319322e+00
5.002804735746402720e+00
5.002676796509120116e+00
5.002534539379346334e+00
5.002379104100335816e+00
5.002212569374759887e+00
5.002037495333869543e+00
5.001856521643865960e+00
5.001667858805674882e+00
5.001471501939166231e+00
5.001268838714974407e+00
5.001061908636408759e+00
5.000853310708122557e+00
5.000643494460897287e+00
5.000431069225238723e+00
5.000218698173926946e+00
5.000006686594502092e+00
4.999798672754480755e+00
4.999595803428606544e+00
4.999398956407025807e+00
4.999208958052262730e+00
4.999026433747425280e+00
4.998851991627528690e+00
4.998686172008678597e+00
4.998529511928722080e+00
4.998382537137880277e+00
4.998245675690636602e+00
4.998119427427814898e+00
4.998004236990751359e+00
4.997900553696022818e+00
4.997808892527761060e+00
4.997730127839536962e+00
4.997660939177662520e+00
4.997601446296251915e+00
4.997548245500005315e+00
4.997500693459227428e+00
4.997460945901624818e+00
4.997426680059803061e+00
4.997398639755489036e+00
4.997373879718293388e+00
4.997352196368088251e+00
4.997335878700183365e+00
4.997322785750663243e+00
4.997313691647074840e+00
4.997305779310342366e+00
4.997298935671503628e+00
4.997295368993589726e+00
4.997293963298077735e+00
4.997296839666022450e+00
4.997302977011940150e+00
4.997314426494932071e+00
4.997330427198839686e+00
4.997347529750485684e+00
4.997366523601748156e+00
4.997385422991290405e+00
4.997405565275046868e+00
4.997425585632379708e+00
4.997441864759827546e+00
4.997454842645607798e+00
4.997462497656749214e+00
4.997465985175737480e+00
4.997463801984055820e+00
4.997453872099364425e+00
4.997438379135060060e+00
4.997417826808601582e+00
4.997395952656011886e+00
4.997374253338280781e+00
4.997352225091386657e+00
4.997329699869811570e+00
4.997306763175952682e+00
4.997283733952869511e+00
4.997260948894622246e+00
4.997238913257683102e+00
4.997218177930994543e+00
4.997199287411135948e+00
4.997182844976275184e+00
4.997169578225665099e+00
4.997155950565436378e+00
4.997140677642390116e+00
4.997124196965094356e+00
4.997107814384005309e+00
4.997093702826029826e+00
4.997079173465106550e+00
4.997063589131073513e+00
4.997047812523167210e+00
4.997033462496554002e+00
4.997023016118989247e+00
4.997013938631940988e+00
4.997005672787277142e+00
4.996997070171133259e+00
4.996986824853308029e+00
4.996973592204237313e+00
4.996960784742337403e+00
4.996950349932963498e+00
4.996942739281299950e+00
4.996937863321297968e+00
4.996934889021584780e+00
4.996937943117891301e+00
4.996949364703112906e+00
4.996970031074678076e+00
4.997000068185815103e+00
4.997038704591767022e+00
4.997085022462496973e+00
4.997137834547983992e+00
4.997195587974936792e+00
4.997256661925428389e+00
4.997319163397848207e+00
4.997381276448220611e+00
4.997441259419508341e+00
4.997499990269505865e+00
4.997554769340865732e+00
4.997605511799418032e+00
4.997649261282720801e+00
4.997685957140718394e+00
4.997717387510427045e+00
4.997743048769850205e+00
4.997765336683448467e+00
4.997784213802740183e+00
4.997801699065100856e+00
4.997816574827964153e+00
4.997830059545311343e+00
4.997845485875811455e+00
4.997861927236160184e+00
4.997881202790382282e+00
4.997901616880631614e+00
4.997924189667178219e+00
4.997952205992265640e+00
4.997984601254072068e+00
4.998023177622314073e+00
4.998066097204070246e+00
4.998114543901253981e+00
4.998166561685001064e+00
4.998217417452914368e+00
4.998266378160995949e+00
4.998310167332610021e+00
4.998348570393363666e+00
4.998378881006002139e+00
4.998401492668281598e+00
4.998418713837827987e+00
4.998429468154873767e+00
4.998434960360257584e+00
4.998433486931983083e+00
4.998425884218678839e+00
4.998411886577752483e+00
4.998390378628184472e+00
4.998359823429282756e+00
4.998318223913456038e+00
4.998263553969819917e+00
4.998194191443992018e+00
4.998112240300770281e+00
4.998018215119162555e+00
4.997914210974494509e+00
4.997799842345784782e+00
4.997677017801698263e+00
4.997549500593242655e+00
4.997417258329015510e+00
4.997282402624633413e+00
4.997144159327517876e+00
4.997004159695724645e+00
4.996864909555086776e+00
4.996724775086412329e+00
4.996584404108370236e+00
4.996445655922661544e+00
4.996311120583931675e+00
4.996184257592330979e+00
4.996063208046626514e+00
4.995948190155696800e+00
4.995840740350334208e+00
4.995743275934158234e+00
4.995659422992988929e+00
4.995587294914088261e+00
4.995527346173561867e+00
4.995475593462847641e+00
4.995430811678319927e+00
4.995393678964842543e+00
4.995364948208241174e+00
4.995344887692278135e+00
4.995333778472646813e+00
4.995332166501409432e+00
4.995340156392865438e+00
4.995358106244327523e+00
4.995386024992421348e+00
4.995424049512457110e+00
4.995472831848983830e+00
4.995527525844027039e+00
4.995585571245264589e+00
4.995645791457009821e+00
4.995708003902781691e+00
4.995772676325376693e+00
4.995835188736181820e+00
4.995893089945401933e+00
4.995945324084694938e+00
4.995991800294231844e+00
4.996032829933773733e+00
4.996069274036654129e+00
4.996101994099536370e+00
4.996128227870886285e+00
4.996147404096063838e+00
4.996156043291648530e+00
4.996153651121512773e+00
4.996141057369040794e+00
4.996115748091341402e+00
4.996077080316116970e+00
4.996021819271353692e+00
4.995949609669132485e+00
4.995861929271577573e+00
4.995761189431160432e+00
4.995650385085701473e+00
4.995528499901502606e+00
4.995396667978003968e+00
4.995257321370973891e+00
4.995113878835200971e+00
4.994970208721442262e+00
4.994825418757484314e+00
4.994680683844000768e+00
4.994533449959218885e+00
4.994383779017463887e+00
4.994233444974035763e+00
