0.000000000000000000e+00
0.000000000000000000e+00
-1.213244104292243574e-08
-7.176211965997936522e-08
-2.066811657641664825e-07
-4.551418214759905611e-07
-8.731451134735835462e-07
-1.287876771129959102e-06
-1.960813137884542998e-06
2.729457442001147170e-06
1.666297797328297422e-05
4.163193876138393101e-05
8.490967923989952456e-05
1.503413718774026402e-04
2.466940682961648321e-04
3.786429286583368049e-04
5.554612249716225350e-04
7.857295580788554654e-04
1.073684067337125556e-03
1.424651861993879789e-03
1.842674844770044807e-03
2.332699791400045901e-03
2.900154896883578096e-03
3.548553668765636049e-03
4.283401154784770987e-03
5.107815720944019686e-03
6.026495926885218520e-03
7.045740344433398458e-03
8.169070416001889684e-03
9.402758114842986459e-03
1.074871712258300763e-02
1.221160703232727039e-02
1.379917540481529446e-02
1.551204987695655943e-02
1.735799365570984271e-02
1.933807724049530982e-02
2.147172205975495310e-02
2.375157319834671904e-02
2.617667787602387733e-02
2.875318669608079719e-02
3.147763096621476742e-02
3.436952882340394561e-02
3.741863452723467182e-02
4.062309705546342936e-02
4.397920363476717776e-02
4.748972081473315510e-02
5.116424077084505417e-02
5.499870591690981386e-02
5.901940994790041972e-02
6.321423851778948388e-02
6.758119993737184139e-02
7.211743795206988772e-02
7.682834410002675751e-02
8.172658794453586950e-02
8.679917626908266459e-02
9.207195334961854050e-02
9.752798252633057552e-02
1.031633805566116446e-01
1.089809887938781585e-01
1.149912994437499586e-01
1.212056803040786473e-01
1.276130216651245042e-01
1.342261218362136577e-01
1.410365795426650470e-01
1.480357670121474345e-01
1.552156823210997516e-01
1.625793456368727907e-01
1.701439564757628309e-01
1.778910815053267036e-01
1.858242636256498548e-01
1.939395617776197289e-01
2.022455208831113738e-01
2.107383530669492688e-01
2.194103001885694681e-01
2.282846718364042460e-01
2.373458945088667282e-01
2.465955232911391237e-01
2.560266106658263263e-01
2.656342601113600987e-01
2.754382335477157384e-01
2.854300689034745542e-01
2.956142806344315144e-01
3.059873234563156297e-01
3.165793608956619098e-01
3.273972725205703260e-01
3.384188103013320292e-01
3.496602904134077927e-01
3.611087989144606825e-01
3.728009068303388962e-01
3.847050678067487905e-01
3.968092440896314743e-01
4.091022848420424185e-01
4.215875493817609621e-01
4.342843579583447466e-01
4.471904408269207765e-01
4.602877198987286866e-01
4.735838352971357135e-01
4.870747350983899993e-01
5.007732652955335650e-01
5.146765243344587626e-01
5.287498544984143845e-01
5.430042874150555754e-01
5.574228858285229515e-01
5.720492874913493120e-01
5.868613075547496338e-01
6.018323075108806819e-01
6.169837259583752509e-01
6.322980701260845215e-01
6.477953409486095770e-01
6.634695016675274948e-01
6.792949365906995052e-01
6.952805327706615968e-01
7.114176880650798784e-01
7.277349399857799828e-01
7.442220711045545167e-01
7.609311508469861485e-01
7.778432308965008701e-01
7.949220716290753552e-01
8.121719765000623426e-01
8.295796155267043392e-01
8.471710883908553091e-01
8.649407564931197445e-01
8.828714918427748026e-01
9.009770952992719462e-01
9.192500960164349255e-01
9.376802741818704989e-01
9.562760102086343972e-01
9.750591241650856666e-01
9.940430831246650500e-01
1.013192739420441413e+00
1.032509450846222698e+00
1.051974291735199740e+00
1.071604590349701791e+00
1.091426111393479559e+00
1.111444297962693062e+00
1.131650777988938428e+00
1.152062412434128769e+00
1.172651439838913845e+00
1.193436454468278063e+00
1.214401475124863738e+00
1.235547136002091317e+00
1.256890031033066846e+00
1.278463607960251824e+00
1.300265525513199849e+00
1.322263272934464551e+00
1.344449466400651438e+00
1.366832917862443653e+00
1.389406968288926958e+00
1.412180370026139942e+00
1.435185331039934065e+00
1.458419624500779888e+00
1.481848896675614924e+00
1.505464318924455203e+00
1.529272953205613739e+00
1.553306590252427677e+00
1.577558258705644034e+00
1.601991215878037611e+00
1.626616936855820983e+00
1.651417635612992374e+00
1.676390227013139000e+00
1.701547990971115976e+00
1.726868990593461550e+00
1.752371412449387877e+00
1.778041571312455771e+00
1.803882938557176185e+00
1.829893888168839799e+00
1.856101094418076913e+00
1.882513159447220863e+00
1.909087592297104896e+00
1.935844405823258674e+00
1.962756203346757378e+00
1.989854422741440976e+00
2.017111915283707813e+00
2.044564789467362864e+00
2.072220567398575852e+00
2.100094762974289875e+00
2.128190749817399308e+00
2.156539002590684539e+00
2.185121759110001616e+00
2.213954125576524490e+00
2.242996679478196143e+00
2.272267676525620228e+00
2.301762460403946609e+00
2.331432570152786710e+00
2.361273618870285418e+00
2.391235409908798459e+00
2.421316047840622598e+00
2.451486116581467645e+00
2.481729785137680722e+00
2.512022739582565833e+00
2.542339922123459495e+00
2.572672585182694149e+00
2.603000036411789342e+00
2.633303960495499307e+00
2.663563994102982058e+00
2.693762663536575896e+00
2.723886457615402712e+00
2.753910139732865137e+00
2.783823534184006743e+00
2.813610509567765483e+00
2.843277209930924698e+00
2.872809666328934419e+00
2.902216917210129310e+00
2.931483977966812482e+00
2.960620223217515168e+00
2.989610754185227925e+00
3.018483744793443613e+00
3.047215286427049197e+00
3.075831106834916895e+00
3.104305406742601026e+00
3.132659298115281654e+00
3.160865055256395273e+00
3.188942919903307249e+00
3.216861890488176723e+00
3.244617808990984287e+00
3.272223697834520717e+00
3.299668899708300351e+00
3.326961406403094124e+00
3.354090696507006530e+00
3.381027737789660481e+00
3.407806943588763460e+00
3.434395428829699615e+00
3.460820113354235783e+00
3.487045596771746858e+00
3.513060887985736347e+00
3.538882003956348221e+00
3.564497622185260450e+00
3.589917727642566447e+00
3.615175682240039379e+00
3.640223127537280945e+00
3.665085185699969550e+00
3.689780965977222049e+00
3.714250813656359895e+00
3.738520494633227553e+00
3.762543514900714037e+00
3.786347356968432276e+00
3.809936412506609305e+00
3.833264337711840053e+00
3.856343921356706783e+00
3.879139805965929000e+00
3.901662746601610277e+00
3.923882921867876128e+00
3.945819688969163685e+00
3.967445279293565719e+00
3.988781753712205447e+00
4.009807950192002757e+00
4.030549889736680491e+00
4.051017461948900333e+00
4.071225184135942143e+00
4.091175512009171733e+00
4.110922931366471467e+00
4.130427842073944866e+00
4.149733771019486817e+00
4.168840644293336339e+00
4.187754512959031672e+00
4.206470346384554304e+00
4.224999431305437980e+00
4.243332834177524049e+00
4.261508090429812157e+00
4.279483016663103712e+00
4.297295910053759549e+00
4.314910151892215495e+00
4.332339200907260768e+00
4.349558172159701641e+00
4.366556988888293134e+00
4.383368043833285377e+00
4.399972368412524482e+00
4.416388072901279216e+00
4.432628061705142564e+00
4.448698531322986760e+00
4.464568307333499853e+00
4.480223677092106449e+00
4.495690652065785109e+00
4.510948729448825745e+00
4.526013957195789139e+00
4.540897406273394665e+00
4.555601721935778947e+00
4.570143998795062501e+00
4.584499617748766909e+00
4.598681701355486595e+00
4.612672264509707354e+00
4.626479438477069550e+00
4.640116589003116410e+00
4.653572827511339938e+00
4.666856142216234460e+00
4.679954489403276519e+00
4.692866989307908909e+00
4.705592549973038885e+00
4.718124962978867742e+00
4.730484203033951118e+00
4.742654296093490096e+00
4.754636766844298812e+00
4.766420732670333393e+00
4.778008863859679600e+00
4.789390282564666812e+00
4.800602039032486168e+00
4.811643061571625246e+00
4.822511123352554385e+00
4.833204021387603966e+00
4.843719187908676282e+00
4.854060223036315236e+00
4.864206741982008531e+00
4.874161639147307490e+00
4.883910091453101288e+00
4.893456658058669362e+00
4.902810109787489878e+00
4.911953125529791464e+00
4.920894256763960861e+00
4.929618770413901174e+00
4.938130473428274492e+00
4.946441889935042191e+00
4.954538337522055969e+00
4.962428198390510303e+00
4.970099537306334803e+00
4.977559458547140991e+00
4.984808433585669718e+00
4.991834448509719024e+00
4.998648722701576119e+00
5.005255542331244811e+00
5.011657045417334366e+00
5.017852026157881618e+00
5.023830298119094984e+00
5.029617978268172251e+00
5.035214446120764187e+00
5.040618042283560030e+00
5.045827109747433425e+00
5.050839475327038919e+00
5.055674841039681233e+00
5.060326867335343870e+00
5.064793076150918338e+00
5.069069075816178049e+00
5.073152398698830723e+00
5.077043166988397083e+00
5.080739073389077376e+00
5.084238386385941055e+00
5.087556282215619063e+00
5.090689970188640778e+00
5.093641574614547807e+00
5.096409216158889421e+00
5.098989690475963954e+00
5.101381706082129597e+00
5.103581267827058454e+00
5.105588022106195112e+00
5.107414326899553103e+00
5.109064429932141493e+00
5.110535979204678725e+00
5.111824521505140773e+00
5.112931752138637265e+00
5.113853283532760585e+00
5.114592728399537158e+00
5.115150347583792723e+00
5.115531346992455042e+00
5.115738063146225478e+00
5.115765950573939236e+00
5.115618892597365353e+00
5.115296473229633989e+00
5.114803896757172730e+00
5.114146889137434648e+00
5.113326260509299281e+00
5.112347686203527530e+00
5.111214527251529027e+00
5.109932568135070241e+00
5.108507615836667348e+00
5.106950859191226044e+00
5.105269463869142044e+00
5.103468681933688522e+00
5.101558029415415696e+00
5.099540809901760952e+00
5.097427939387369378e+00
5.095225863816548184e+00
5.092950064303684243e+00
5.090611763360310071e+00
5.088218573691655422e+00
5.085779842349101187e+00
5.083306017728853377e+00
5.080805405291128451e+00
5.078285777481605479e+00
5.075759236129333551e+00
5.073236817332317017e+00
5.070732957335521540e+00
5.068255696209480021e+00
5.065816308619788266e+00
5.063421449276020780e+00
5.061082421006966925e+00
5.058808861585666783e+00
5.056602344127703041e+00
5.054471266033458754e+00
5.052418807806778211e+00
5.050455190601159217e+00
5.048588575186539806e+00
5.046817075373936312e+00
5.045148034008550830e+00
5.043582846733141167e+00
5.042132230760861589e+00
5.040804527463722096e+00
5.039606832998204666e+00
5.038539190875696683e+00
5.037606034340668337e+00
5.036807745831418437e+00
5.036143761488010462e+00
5.035616046252061828e+00
5.035220261054447199e+00
5.034958695179184929e+00
5.034830430640241161e+00
5.034843842566579575e+00
5.034989295837105416e+00
5.035269118782700559e+00
5.035672871556700514e+00
5.036189753871977537e+00
5.036821748551546740e+00
5.037557120781959163e+00
5.038394694563568699e+00
5.039321703624546345e+00
5.040333845031082838e+00
5.041422009107291657e+00
5.042569725897728006e+00
5.043769694727480157e+00
5.045007585745871381e+00
5.046275260907232330e+00
5.047560660254776010e+00
5.048848423373520689e+00
5.050128534895002907e+00
5.051388043772996106e+00
5.052616775047599873e+00
5.053803030040678657e+00
5.054939250808772933e+00
5.056017310482082472e+00
5.057028602671441497e+00
5.057963291716392362e+00
5.058812490862423239e+00
5.059570788752849602e+00
5.060233184557969111e+00
5.060796845194512450e+00
5.061254096527212809e+00
5.061599133063667821e+00
5.061828949370048569e+00
5.061939470640012040e+00
5.061928951385292308e+00
5.061795665713820114e+00
5.061537754162076297e+00
5.061159581689957498e+00
5.060660085639777428e+00
5.060044086425425469e+00
5.059313080756785652e+00
5.058470978661301132e+00
5.057525328769209239e+00
5.056478280424000715e+00
5.055335376932144520e+00
5.054100264160753753e+00
5.052776792048336851e+00
5.051372771113038063e+00
5.049895375071881354e+00
5.048353075085994845e+00
5.046753088681814603e+00
5.045100460051415325e+00
5.043403825609801494e+00
5.041670735775349854e+00
5.039910316317198991e+00
5.038132160155891270e+00
5.036344393639681449e+00
5.034554375409004301e+00
5.032768509386894351e+00
5.030992739497540001e+00
5.029237430541632747e+00
5.027511706798192925e+00
5.025823622642871413e+00
5.024180318563101544e+00
5.022588098495123887e+00
5.021053054033635554e+00
5.019581071435329278e+00
5.018178168981190623e+00
5.016849876194116042e+00
5.015601371823665389e+00
5.014438069238183360e+00
5.013369634224887683e+00
5.012394836916442387e+00
5.011515074818248650e+00
5.010732061116809355e+00
5.010049507914895450e+00
5.009476266092474539e+00
5.009010230227228355e+00
5.008656896649713808e+00
5.008411163034701907e+00
5.008276933421234922e+00
5.008253708571515972e+00
5.008332086397655480e+00
5.008512577178277247e+00
5.008787129378266201e+00
5.009157045154219112e+00
5.009620082086271964e+00
5.010170268385060410e+00
5.010800200967438833e+00
5.011497191680915897e+00
5.012258380620130183e+00
5.013078372372635982e+00
5.013949229089863735e+00
5.014861977218039613e+00
5.015804781435378779e+00
5.016773491097935356e+00
5.017761251373538123e+00
5.018761611474999995e+00
5.019768327517756035e+00
5.020775225652703178e+00
5.021772604851374666e+00
5.022753474308499833e+00
5.023708645968087971e+00
5.024630624471553730e+00
5.025510737343080514e+00
5.026343585295923511e+00
5.027122994704492420e+00
5.027842250733024265e+00
5.028493742091899144e+00
5.029070489188974591e+00
5.029568364141827175e+00
5.029984761370663193e+00
5.030318048378770612e+00
5.030562872538661523e+00
5.030714830082227529e+00
5.030771447793898510e+00
5.030731136353074007e+00
5.030593118128686037e+00
5.030357159861682526e+00
5.030022993536054088e+00
5.029590696991739662e+00
5.029060439654942982e+00
5.028432599195596708e+00
5.027709500008579191e+00
5.026894867831226854e+00
5.025993386992571033e+00
5.025009827205296098e+00
5.023946053349728658e+00
5.022804342993850035e+00
5.021588443928712842e+00
5.020303059780353294e+00
5.018953565919154869e+00
5.017545580678934414e+00
5.016084751450771151e+00
5.014577137940877449e+00
5.013029056751483026e+00
5.011446990483754860e+00
5.009837482386583218e+00
5.008206934445851743e+00
5.006561968141550523e+00
5.004909239524358178e+00
5.003255341166013892e+00
5.001607117169851513e+00
4.999971129262203107e+00
4.998353871071093302e+00
4.996763625108950002e+00
4.995209633373968394e+00
4.993703968041890207e+00
4.992252488398305488e+00
4.990864772164574248e+00
4.989544766658297270e+00
4.988300985061874471e+00
4.987137188726415538e+00
4.986059114077439958e+00
4.985070604049912646e+00
4.984178072923175939e+00
4.983385979720704739e+00
4.982701198944205601e+00
4.982134536170715222e+00
4.981684942134971372e+00
4.981360710786041146e+00
4.981157675554361397e+00
4.981078362363707157e+00
4.981124419897178690e+00
4.981296062722186946e+00
4.981594561553875700e+00
4.982019334352889572e+00
4.982570985249558326e+00
4.983255215949692563e+00
4.984064487434306301e+00
4.984999876684823583e+00
4.986049993924181578e+00
4.987207331872861360e+00
4.988472597367446859e+00
4.989834649033229930e+00
4.991290879316014006e+00
4.992829050041122763e+00
4.994444479859754260e+00
4.996128414190693867e+00
4.997865022189301953e+00
4.999646602637451309e+00
5.001459827340525521e+00
5.003296925193947864e+00
5.005146439737958808e+00
5.006993981219214795e+00
5.008829751677198239e+00
5.010642130292338514e+00
5.012421564973277732e+00
5.014157715953273531e+00
5.015841439730806428e+00
5.017462069011611625e+00
5.019007498390358535e+00
5.020465076632182999e+00
5.021827137983720490e+00
5.023084929651897568e+00
5.024233921907227618e+00
5.025266543842236366e+00
5.026179390839616623e+00
5.026972381017484892e+00
5.027646494201697180e+00
5.028203126333034234e+00
5.028638081020987194e+00
5.028950543078907209e+00
5.029141939553744223e+00
5.029214329823232354e+00
5.029170122231668927e+00
5.029012026219941589e+00
5.028742774586507203e+00
5.028365611817070757e+00
5.027883923213312123e+00
5.027301053378113949e+00
5.026620414006838011e+00
5.025845812904963239e+00
5.024984459552296556e+00
5.024042691040167874e+00
5.023028737428912649e+00
5.021949743080266870e+00
5.020811836990842991e+00
5.019621464136371003e+00
5.018386784392724564e+00
5.017115427750477252e+00
5.015816143351921497e+00
5.014496066171057365e+00
5.013161166358121257e+00
5.011817672747501007e+00
5.010470885980256917e+00
5.009130517441161778e+00
5.007804675746091227e+00
5.006500073719153399e+00
5.005223027664551516e+00
5.003979366022477393e+00
5.002774532634148841e+00
5.001613415378461269e+00
5.000500757220516235e+00
4.999441234740743312e+00
4.998439659375080169e+00
4.997500222671159342e+00
4.996630954864747842e+00
4.995830360326296571e+00
4.995098360601193832e+00
4.994437064501769719e+00
4.993848389695711987e+00
4.993339634287483619e+00
4.992908010791366813e+00
4.992556907992189430e+00
4.992281136355672722e+00
4.992078366811698587e+00
4.991951976401110436e+00
4.991898016614218392e+00
4.991918914805943075e+00
4.992009845761427478e+00
4.992173840341935787e+00
4.992409703800301024e+00
4.992710197171042807e+00
4.993075498616169838e+00
4.993499750247072377e+00
4.993984649715793367e+00
4.994528593508374748e+00
4.995126825807463256e+00
4.995772528959285808e+00
4.996455769551767290e+00
4.997174905402435030e+00
4.997924441484585145e+00
4.998700077844632439e+00
4.999497190279734049e+00
5.000311951277627287e+00
5.001139194307699043e+00
5.001973407653943049e+00
5.002808778075352514e+00
5.003638901350870860e+00
5.004457110402956488e+00
5.005257486266867062e+00
5.006033980039730658e+00
5.006780905363931389e+00
5.007493174685015092e+00
5.008167551768793579e+00
5.008803724957481052e+00
5.009399393623544583e+00
5.009951153559460302e+00
5.010456539852395252e+00
5.010910818775966113e+00
5.011310172466411750e+00
5.011652865758016162e+00
5.011938059678151980e+00
5.012165781868473502e+00
5.012332430736944566e+00
5.012435218211114929e+00
5.012473297218178026e+00
5.012446444415338931e+00
5.012358144874537125e+00
5.012208846359365033e+00
5.011998770124129976e+00
5.011729032731466305e+00
5.011401211245768650e+00
5.011017868666761466e+00
5.010582242606990810e+00
5.010096469408684250e+00
5.009566582924537492e+00
5.008996804541760106e+00
5.008391560650280461e+00
5.007754971197656779e+00
5.007090228310636881e+00
5.006402990556173549e+00
5.005697988382392438e+00
5.004976889527254613e+00
5.004243179968410615e+00
5.003501183799319740e+00
5.002756688630990212e+00
5.002015428653769469e+00
5.001283562517576442e+00
5.000568126327209484e+00
4.999870960823111332e+00
4.999195390901378211e+00
4.998546176290921572e+00
4.997928522600644463e+00
4.997350281550401618e+00
4.996812749652974617e+00
4.996320854089074004e+00
4.995873583516886818e+00
4.995471765509654993e+00
4.995121683812547175e+00
4.994821765589374962e+00
4.994576590898293311e+00
4.994383526536483764e+00
4.994246012725715111e+00
4.994163903211091160e+00
4.994130809049900144e+00
4.994148030064613941e+00
4.994211162028448392e+00
4.994322117779019798e+00
4.994479643765452614e+00
4.994676917034748698e+00
4.994914652451488024e+00
4.995188466727348064e+00
4.995499776925504953e+00
4.995846394400656365e+00
4.996224992524444630e+00
4.996631659555792027e+00
4.997060394946098327e+00
4.997512021351218081e+00
4.997985487904011315e+00
4.998478118057906094e+00
4.998986433397591966e+00
4.999505361456035857e+00
5.000035861607252663e+00
5.000576895836353231e+00
5.001125793482721349e+00
5.001678962807714512e+00
5.002232200380026583e+00
5.002780951100944229e+00
5.003320883910715722e+00
5.003852369326710736e+00
5.004374061252534034e+00
5.004883322033643722e+00
5.005376738633573019e+00
5.005851289916396496e+00
5.006307741093993791e+00
5.006744961950540862e+00
5.007160302202760427e+00
5.007550594050048431e+00
5.007913336518763359e+00
5.008249138395844291e+00
5.008558247487603587e+00
5.008842933632045025e+00
5.009103350795417242e+00
5.009338385022788387e+00
5.009547477297096485e+00
5.009731017376839013e+00
5.009889539729415198e+00
5.010022860530376043e+00
5.010127005612089235e+00
5.010199943014963964e+00
5.010241000100583264e+00
5.010249921631845460e+00
5.010227370133003788e+00
5.010173904501213471e+00
5.010090466007902421e+00
5.009978248520134514e+00
5.009838438244848646e+00
5.009672473917096802e+00
5.009481654061318068e+00
5.009267467154503883e+00
5.009031780647426935e+00
5.008776565982342888e+00
5.008504012735874866e+00
5.008216399072052738e+00
5.007916025674284732e+00
5.007605302581877638e+00
5.007286559479625865e+00
5.006962271990569313e+00
5.006634944478363991e+00
5.006307007620425686e+00
5.005980899954527885e+00
5.005659122752339485e+00
5.005344214761942467e+00
5.005038630465358018e+00
5.004745526897103503e+00
5.004462029120267275e+00
5.004186966536880554e+00
5.003920582948566675e+00
5.003663642039837711e+00
5.003417798137607342e+00
5.003183349022956250e+00
5.002958974043220763e+00
5.002748573651849995e+00
5.002553287582784947e+00
5.002378552561938641e+00
5.002227716330752472e+00
5.002101818450108262e+00
5.002000968825384142e+00
5.001922992217667563e+00
5.001871872578129263e+00
5.001849811425281622e+00
5.001856937233906564e+00
5.001892733911599720e+00
5.001955250708933320e+00
5.002044198925222673e+00
5.002162287787150774e+00
5.002305594126309707e+00
5.002474102678323931e+00
5.002662383953655478e+00
5.002868134195531447e+00
5.003091166226739439e+00
5.003332392762029457e+00
5.003594782746011660e+00
5.003875188606405899e+00
5.004173550999337472e+00
5.004485138247333431e+00
5.004807907345316664e+00
5.005142575132272675e+00
5.005484742785416330e+00
5.005833051654121846e+00
5.006182343999466156e+00
5.006530472601375514e+00
5.006877355652471273e+00
5.007224070171435670e+00
5.007572532633861151e+00
5.007920169385692510e+00
5.008266268821976119e+00
5.008606571892818771e+00
5.008939558083734589e+00
5.009265028128943698e+00
5.009579257743976832e+00
5.009880326709320819e+00
5.010163580945304673e+00
5.010427531118115674e+00
5.010672042167355400e+00
5.010898593014648128e+00
5.011108221265098805e+00
5.011298676861991375e+00
5.011468909552862172e+00
5.011616145263037225e+00
5.011739630319721250e+00
5.011836534442923430e+00
5.011905548262951982e+00
5.011946289425327272e+00
5.011958701637417413e+00
5.011942985592254374e+00
5.011899657471881042e+00
5.011829419316567780e+00
5.011733290072373670e+00
5.011612106062314886e+00
5.011467067276901943e+00
5.011299169616616034e+00
5.011109291756368656e+00
5.010898537611431891e+00
5.010667886951781114e+00
5.010418582124477993e+00
5.010151717116897885e+00
5.009868961958056310e+00
5.009575877500540564e+00
5.009276398898875549e+00
5.008973250252969578e+00
5.008668514484384104e+00
5.008363465977677009e+00
5.008060418901808752e+00
5.007762372953661334e+00
5.007467286916294391e+00
5.007175084905543194e+00
5.006887186461903561e+00
5.006605848403490988e+00
5.006334265129481764e+00
5.006070261983042613e+00
5.005813698651110144e+00
5.005565907111233059e+00
5.005329126281504948e+00
5.005106782795700759e+00
5.004896584259185488e+00
5.004698901897135066e+00
5.004509685313168532e+00
5.004327508615168618e+00
5.004153053009719798e+00
5.003985796341510195e+00
5.003824242887857210e+00
5.003666486138316216e+00
5.003510160645308957e+00
5.003357922987850870e+00
5.003210721960130059e+00
5.003067962819550019e+00
5.002928412895489174e+00
5.002790171600716818e+00
5.002656197998511800e+00
5.002527395434515078e+00
5.002408094605267586e+00
5.002300015086144747e+00
5.002203284542844131e+00
5.002117344628856266e+00
5.002040490669966921e+00
5.001976194189697189e+00
5.001926413130783011e+00
5.001891214166604094e+00
5.001870233473670879e+00
5.001861465749748881e+00
5.001868784557514935e+00
5.001894147127818435e+00
5.001937607738141445e+00
5.001998754494774602e+00
5.002076134595040635e+00
5.002168314789374293e+00
5.002273445312816591e+00
5.002389136345077425e+00
5.002513146360356266e+00
5.002642884875601048e+00
5.002776032804464812e+00
5.002910007142415516e+00
5.003046943095466048e+00
5.003186811904376086e+00
5.003333060356741413e+00
5.003487115043169453e+00
5.003648010554678116e+00
5.003813916488505598e+00
5.003981878000265837e+00
5.004153632639862792e+00
5.004329231238879849e+00
5.004506795282431142e+00
5.004683713025369407e+00
5.004856821360953667e+00
5.005027610666074267e+00
5.005195779266723655e+00
5.005359214588024130e+00
5.005515269075475615e+00
5.005661001239857910e+00
5.005797639691224710e+00
5.005925197188695108e+00
5.006046592534473483e+00
5.006162792040920628e+00
5.006272738759362184e+00
5.006375592618207193e+00
5.006470791210377413e+00
5.006557799342044923e+00
5.006636286831416705e+00
5.006705592588478915e+00
5.006765141912692840e+00
5.006814102364661068e+00
5.006851615234701569e+00
5.006877505199009981e+00
5.006895727912851868e+00
5.006908976851920379e+00
5.006918515289508598e+00
5.006925192299605420e+00
5.006929123399969761e+00
5.006930243433964201e+00
5.006928310798177684e+00
5.006922691512666113e+00
5.006912786453542097e+00
5.006897809079895012e+00
5.006876982842151769e+00
5.006849559103649483e+00
5.006814636677082042e+00
5.006771412250163422e+00
5.006718905843372092e+00
5.006656253622423058e+00
5.006583132963205784e+00
5.006503482829358198e+00
5.006420011506927281e+00
5.006333988500338172e+00
5.006246381574820603e+00
5.006157276477244622e+00
5.006066589286129798e+00
5.005974135366777489e+00
5.005879263622263764e+00
5.005781508856961715e+00
5.005680044298569165e+00
5.005574113815600690e+00
5.005462986003184511e+00
5.005346024805257699e+00
5.005222741649994589e+00
5.005092600086279653e+00
5.004955243072979343e+00
5.004810658474958096e+00
5.004663402573710229e+00
5.004516644389871871e+00
5.004372195913959764e+00
5.004231667700727471e+00
5.004095687005241544e+00
5.003964839806351428e+00
5.003839384238736976e+00
5.003719265540632399e+00
5.003604610409158937e+00
5.003495182651597872e+00
5.003390837233085087e+00
5.003291275497096180e+00
5.003196740574704648e+00
5.003107687109650925e+00
5.003024742422195636e+00
5.002948686550872992e+00
5.002880778220051283e+00
5.002816526191809388e+00
5.002753172037691876e+00
5.002689405382179544e+00
5.002624567603261241e+00
5.002558539589434972e+00
5.002487402246832637e+00
5.002409650921388895e+00
5.002325785165219862e+00
5.002237224211484090e+00
5.002146022725417751e+00
5.002049805238410585e+00
5.001948089679271625e+00
5.001842045584262486e+00
5.001733534546136895e+00
5.001625156007275308e+00
5.001514698626041699e+00
5.001401841533869685e+00
5.001287839520290213e+00
5.001174659361631747e+00
5.001064887275487258e+00
5.000961440136224567e+00
5.000868047778994629e+00
5.000782955070526725e+00
5.000706127076909979e+00
5.000638964376912909e+00
5.000583529486821277e+00
5.000543275620357164e+00
5.000515868287100929e+00
5.000501221090589254e+00
5.000497538885602111e+00
5.000508158919901192e+00
5.000534636534784028e+00
5.000576801978085406e+00
5.000633862766470372e+00
5.000704101024229686e+00
5.000785472754423644e+00
5.000875669101287890e+00
5.000972098408301925e+00
5.001072132948820581e+00
5.001172918377477572e+00
5.001271579654919641e+00
5.001365477943826576e+00
5.001456725576926665e+00
5.001546220982481472e+00
5.001633237496052153e+00
5.001716595364767315e+00
5.001794693761538291e+00
5.001870374416965248e+00
5.001945076815816904e+00
5.002018441313909491e+00
5.002089601851099410e+00
5.002156789394126335e+00
5.002217989152327959e+00
5.002270928451822307e+00
5.002313581293479139e+00
5.002344261787862401e+00
5.002361223113752864e+00
5.002362868761323966e+00
5.002347644646564007e+00
5.002314006793225687e+00
5.002260664957489666e+00
5.002186079462902946e+00
5.002088876301336029e+00
5.001968873515638236e+00
5.001829377412708943e+00
5.001672351676882400e+00
5.001498571149915584e+00
5.001308282818556883e+00
5.001102030184032543e+00
5.000883991140786300e+00
5.000657063946042591e+00
5.000424564592454324e+00
5.000185986496420654e+00
4.999942270945672007e+00
4.999691224750046459e+00
4.999433152135376091e+00
4.999170072562907130e+00
4.998905092831615882e+00
4.998642089776609509e+00
4.998380422703835535e+00
4.998121305610898624e+00
4.997867580745285032e+00
4.997622725944880884e+00
4.997391657028264156e+00
4.997173807155258274e+00
4.996971183884807211e+00
4.996781377531505974e+00
4.996604300103999918e+00
4.996442775875247655e+00
4.996294479314156156e+00
4.996160295251674377e+00
4.996036979779518994e+00
4.995923931086353242e+00
4.995822875173678845e+00
4.995736494380897064e+00
4.995669383825649845e+00
4.995620619291354814e+00
4.995592123430602882e+00
4.995581236792411062e+00
4.995587688271687199e+00
4.995614369289748780e+00
4.995658950029670642e+00
4.995722398214770266e+00
4.995801386867446681e+00
4.995895203851890898e+00
4.996006425942090878e+00
4.996132479120774406e+00
4.996274100324868961e+00
4.996428020183726559e+00
4.996594095003588976e+00
4.996769145891799546e+00
4.996946898621304811e+00
4.997125273194893857e+00
4.997299620450272428e+00
4.997468261808887036e+00
4.997627220821365235e+00
4.997775552102163843e+00
4.997914108882456574e+00
4.998040667927622138e+00
4.998154861085846612e+00
4.998253904894724542e+00
4.998337700047328802e+00
4.998407438440978012e+00
4.998461268476009245e+00
4.998498924262153587e+00
4.998517897883925976e+00
4.998518293688818837e+00
4.998502128782263298e+00
4.998472475871957421e+00
4.998432609091095102e+00
4.998382253550507137e+00
4.998322328744969845e+00
4.998250895949593264e+00
4.998168461123994710e+00
4.998076806847519649e+00
4.997974265866495180e+00
4.997860991914340190e+00
4.997734366493815195e+00
4.997594560009011921e+00
4.997443564773122127e+00
4.997284375612209395e+00
4.997120711185554676e+00
4.996951993477116716e+00
4.996779702544730029e+00
4.996605281845251767e+00
4.996430282906214160e+00
4.996256464809696318e+00
4.996084415853540683e+00
4.995914556455383959e+00
4.995746608224283847e+00
4.995580189094463996e+00
4.995414939128377974e+00
4.995250006966807099e+00
4.995084851120182634e+00
4.994918481015182543e+00
4.994750068948185628e+00
4.994578982569790604e+00
4.994409149919218471e+00
4.994243586246436273e+00
4.994083508696919083e+00
4.993929768918593304e+00
4.993782458786431455e+00
4.993645255739378896e+00
4.993519828362900093e+00
4.993405009756373580e+00
4.993298802735793629e+00
4.993198062336581700e+00
4.993104547035458474e+00
4.993017838323996926e+00
4.992941061273723946e+00
4.992875336945563625e+00
4.992819324761203603e+00
4.992776268261059691e+00
4.992746503920335144e+00
4.992734004197682651e+00
4.992740716042153970e+00
4.992765988877200911e+00
4.992808074142941699e+00
4.992863646277384326e+00
4.992934595259996833e+00
4.993021263030516188e+00
4.993121715977014041e+00
4.993233241929830868e+00
4.993352186705145357e+00
4.993480021317648898e+00
4.993616332129734658e+00
4.993762948165809235e+00
4.993917258667919690e+00
4.994079612164918025e+00
4.994246862723652924e+00
4.994419083303932361e+00
4.994598885073487260e+00
4.994784536051724011e+00
4.994977276369160002e+00
4.995174575845872766e+00
4.995376867919389952e+00
4.995584028537546573e+00
4.995794973789876359e+00
4.996008675440377189e+00
4.996223385899491554e+00
4.996437481331802211e+00
4.996649381674058255e+00
4.996857206977136201e+00
4.997059181078499890e+00
4.997253188478923747e+00
4.997437271799125114e+00
4.997610141976901232e+00
4.997774769521483584e+00
4.997932817588725207e+00
4.998084520788098395e+00
4.998229549021625751e+00
4.998367185524830170e+00
4.998498697129242885e+00
4.998626847339026291e+00
4.998750324423588687e+00
4.998870001116000772e+00
4.998983476364218248e+00
4.999091015297152829e+00
4.999194766569115878e+00
4.999297066272400336e+00
4.999400207388379869e+00
4.999506524696180065e+00
4.999618696092793968e+00
4.999733917552212858e+00
4.999851087878625755e+00
4.999970408572983693e+00
5.000092710598539547e+00
5.000219616784882248e+00
5.000347487318498096e+00
5.000474667518568062e+00
5.000600994962436374e+00
5.000727069207635545e+00
5.000854186534118284e+00
5.000978576016779975e+00
5.001098635203371501e+00
5.001214108129198088e+00
5.001325707479546523e+00
5.001434545104557650e+00
5.001542117490599182e+00
5.001650360587217570e+00
5.001756043571213617e+00
5.001858001544306376e+00
5.001956174007783140e+00
5.002051242149601507e+00
5.002144519637504949e+00
5.002232368148097130e+00
5.002313312811011770e+00
5.002387170118445248e+00
5.002454616075548088e+00
5.002516800134610087e+00
5.002573536510745988e+00
5.002624009775163749e+00
5.002671187023798538e+00
5.002716305704952404e+00
5.002763572178945850e+00
5.002815086019389845e+00
5.002870904232540106e+00
5.002929898865684955e+00
5.002990133359261016e+00
5.003054115960537729e+00
5.003122621073551990e+00
5.003194755192078347e+00
5.003268670106470140e+00
5.003342013798817156e+00
5.003417023264035812e+00
5.003494239567943147e+00
5.003574657549314075e+00
5.003659569329746759e+00
5.003751012857237335e+00
5.003845433822998956e+00
5.003941257667893439e+00
5.004038218657651527e+00
5.004136807031162704e+00
5.004238228245801778e+00
5.004338501745067447e+00
5.004435788017860709e+00
5.004529597747302994e+00
5.004620277078054791e+00
5.004708661676548154e+00
5.004790721831075651e+00
5.004864689435040148e+00
5.004930014402766858e+00
5.004987084862937863e+00
5.005036733711300201e+00
5.005079838384105528e+00
5.005117113610891622e+00
5.005145501952780407e+00
5.005164090422609569e+00
5.005169170089925679e+00
5.005159814780624217e+00
5.005137169835203181e+00
5.005103342895442786e+00
5.005060956207150191e+00
5.005008535477379006e+00
5.004946817214647403e+00
5.004877829657914390e+00
5.004804367305758284e+00
5.004730024420703138e+00
5.004653597249697050e+00
5.004575707757894065e+00
5.004493415545720580e+00
5.004406306002337601e+00
5.004315811567057182e+00
5.004223431985875159e+00
5.004130595153248429e+00
5.004038852270743298e+00
5.003949936771816098e+00
5.003865412430887893e+00
5.003786931414206940e+00
5.003716031028009326e+00
5.003654457488147855e+00
5.003604416864973814e+00
5.003562187667985661e+00
5.003525825002282268e+00
5.003494651589128317e+00
5.003468653991870241e+00
5.003448716017004472e+00
5.003430294239946008e+00
5.003410978908936713e+00
5.003389766910400382e+00
5.003366425177370402e+00
5.003341335375148802e+00
5.003313389884129769e+00
5.003280532458154184e+00
5.003244801000979791e+00
5.003206294973202795e+00
5.003168458924915463e+00
5.003132483230725569e+00
5.003097371596664011e+00
5.003061078619497337e+00
5.003020855696225233e+00
5.002978333886997753e+00
5.002933312566303137e+00
5.002885677824080446e+00
5.002835385334030605e+00
5.002782592117139160e+00
5.002727322322601644e+00
5.002669745097221288e+00
5.002609945414872250e+00
5.002548043513955101e+00
5.002484270124980981e+00
5.002419526204751499e+00
5.002350190705904254e+00
5.002274747193144577e+00
5.002193075465323879e+00
5.002105933446721941e+00
5.002014502082304581e+00
5.001915381476567113e+00
5.001807218538882438e+00
5.001690089013713703e+00
5.001564870011346642e+00
5.001433004606798960e+00
5.001296201963260302e+00
5.001156559344663854e+00
5.001016295841245629e+00
5.000877780542059448e+00
5.000743451109436855e+00
5.000615779478384759e+00
5.000497831302046059e+00
5.000386875802933950e+00
5.000281887548328363e+00
5.000183146409974633e+00
5.000091610569791456e+00
5.000009290017472630e+00
4.999932630253309362e+00
4.999860080499487047e+00
4.999791603600890255e+00
4.999727948867069394e+00
4.999670433998393726e+00
4.999620736819047728e+00
4.999581271657075554e+00
4.999549389286254808e+00
4.999524565127500431e+00
4.999508110104650349e+00
4.999501998669874325e+00
4.999509796525525296e+00
4.999529353493996631e+00
4.999561075600500892e+00
4.999601162117612851e+00
4.999648130326241002e+00
4.999703157702169776e+00
4.999762535374320471e+00
4.999825345244897967e+00
4.999887123815422996e+00
4.999946102271495718e+00
5.000002835285558334e+00
5.000058721205858703e+00
5.000116309569856199e+00
5.000173425776591074e+00
5.000229928372134758e+00
5.000287257581656597e+00
5.000347660234838010e+00
5.000414341715804234e+00
5.000485425162768394e+00
5.000561147257394090e+00
5.000637762555561139e+00
5.000714205861731543e+00
5.000791201297832167e+00
5.000868781082970393e+00
5.000946124996695552e+00
5.001022051116157385e+00
5.001095332619439837e+00
5.001169333266731520e+00
5.001245989091399835e+00
5.001325726546053119e+00
5.001408354825978009e+00
5.001492962315385427e+00
5.001578371943613099e+00
5.001663130009253777e+00
5.001745532238561331e+00
5.001823779260444525e+00
5.001895894580224322e+00
5.001959901069926495e+00
5.002014299663419372e+00
5.002061923104041519e+00
5.002104029119649020e+00
5.002140436903275145e+00
5.002170316816475726e+00
5.002192672937812112e+00
5.002210742733145032e+00
5.002226143396396374e+00
5.002240492342675537e+00
5.002255550544646212e+00
5.002273203626678821e+00
5.002289948311804402e+00
5.002304014940450294e+00
5.002314975096082250e+00
5.002323028328532928e+00
5.002328826199804013e+00
5.002333328281232561e+00
5.002337805889250255e+00
5.002343799157237925e+00
5.002352860686071878e+00
5.002366557584313256e+00
5.002386635099240308e+00
5.002415173630864409e+00
5.002448634411844175e+00
5.002485139560589822e+00
5.002524142597970069e+00
5.002565833029505526e+00
5.002611041573976181e+00
5.002655489847231962e+00
5.002696839060802425e+00
5.002734303441533470e+00
5.002767811088991046e+00
5.002797798136882967e+00
5.002821425634604857e+00
5.002838486511895333e+00
5.002850823405601943e+00
5.002861140179152066e+00
5.002873147488275940e+00
5.002885997197295431e+00
5.002900756651937897e+00
5.002914984546072752e+00
5.002928614378611805e+00
5.002943610050420986e+00
5.002957782261943542e+00
5.002971221597105611e+00
5.002980877063524900e+00
5.002986332972938044e+00
5.002989126087045157e+00
5.002990121814214319e+00
5.002988959417485226e+00
5.002985331564191895e+00
5.002978173428196840e+00
5.002967926454946479e+00
5.002955837890256774e+00
5.002938499209920842e+00
5.002914948953764984e+00
5.002885653205665584e+00
5.002851977254247906e+00
5.002815816978906760e+00
5.002776716834848258e+00
5.002735206362774356e+00
5.002687684268673607e+00
5.002632782658544386e+00
5.002570727876370249e+00
5.002502616344934872e+00
5.002429952038434990e+00
5.002349783688766927e+00
5.002261242944730846e+00
5.002164862345887641e+00
5.002061970433206106e+00
5.001954251829521247e+00
5.001838983394192972e+00
5.001715485569076414e+00
5.001584527356536469e+00
5.001447672652068022e+00
5.001307093318538399e+00
5.001165323857204470e+00
5.001025209337459643e+00
5.000884668560685142e+00
5.000743399703861947e+00
5.000602428954080025e+00
5.000463507048769962e+00
5.000329182812929041e+00
5.000196844836682253e+00
5.000065870791658540e+00
4.999937107129007074e+00
4.999812193609758815e+00
4.999693671487257518e+00
4.999578869216129817e+00
4.999467202642918551e+00
4.999358692489549227e+00
4.999253796873599498e+00
4.999153153713777442e+00
4.999057618895531796e+00
4.998968315640450299e+00
4.998886340077953072e+00
4.998812921293066758e+00
4.998749276128584995e+00
4.998696664379896681e+00
4.998656699591303543e+00
4.998628711231506649e+00
4.998611112403669843e+00
4.998600964708240113e+00
4.998600548984835079e+00
4.998610237167452119e+00
4.998628662012053248e+00
4.998653573698830677e+00
4.998681868878194656e+00
4.998715456002393864e+00
4.998754344701302976e+00
4.998798932211940382e+00
4.998849707304034773e+00
4.998907688211185807e+00
4.998969520388638621e+00
4.999034863107373106e+00
4.999100032078567679e+00
4.999164142545778233e+00
4.999228589159903535e+00
4.999290703714359907e+00
4.999350325453560728e+00
4.999404138575774148e+00
4.999451553893742073e+00
4.999494162255433416e+00
4.999534497165586622e+00
4.999576087400783742e+00
4.999617903500331195e+00
4.999660898454022728e+00
4.999702516824473086e+00
4.999742613502311528e+00
4.999783030909020987e+00
4.999821451378521964e+00
4.999857902238146856e+00
4.999889239137994323e+00
4.999915003180507078e+00
4.999936777940024335e+00
4.999957111778208230e+00
4.999979428215888255e+00
5.000002510752532991e+00
5.000027171168479612e+00
5.000051690759141465e+00
5.000077895019207297e+00
5.000105006722737500e+00
5.000130034601318663e+00
5.000154138319197195e+00
5.000176007631236708e+00
5.000197548260913116e+00
5.000218178180513284e+00
5.000240066584665577e+00
5.000263083139435238e+00
5.000284570851365018e+00
5.000305845965634433e+00
5.000325802485461324e+00
5.000346328555610675e+00
5.000367047803015552e+00
5.000385110068605421e+00
5.000401725526905317e+00
5.000415672021924607e+00
5.000428966344341752e+00
5.000441147892277449e+00
5.000449360533973930e+00
5.000454766118207495e+00
5.000456164193754383e+00
5.000455513806380203e+00
5.000452366981487096e+00
5.000447763809650503e+00
5.000439785954374550e+00
5.000429271239851481e+00
5.000416435032681406e+00
5.000401219751518411e+00
5.000383400160653302e+00
5.000362423919441746e+00
5.000337696830111867e+00
5.000308673398403236e+00
5.000277072917968191e+00
5.000241036601662969e+00
5.000200914838649702e+00
5.000154324649199289e+00
5.000101324152500304e+00
5.000044369846880166e+00
4.999986741040199689e+00
4.999932962125464897e+00
4.999882806376851896e+00
4.999838302363939668e+00
4.999797647940294354e+00
4.999761492277329467e+00
4.999732840305957993e+00
4.999710112354086355e+00
4.999694581395314863e+00
4.999683681369361921e+00
4.999677723091164872e+00
4.999678954241109530e+00
4.999690579423924142e+00
4.999717386491841609e+00
4.999758515917940294e+00
4.999815939796400599e+00
4.999887063578944968e+00
4.999971805271935743e+00
5.000073001078573220e+00
5.000188205178140777e+00
5.000318303267716757e+00
5.000459988546801959e+00
5.000612637811585159e+00
5.000778631811275687e+00
5.000955356695934384e+00
5.001143433136179262e+00
5.001339523234648254e+00
5.001543416065408643e+00
5.001751568150951677e+00
5.001961649098678464e+00
5.002172282171681417e+00
5.002382596546098625e+00
5.002592070569530591e+00
5.002800385804161643e+00
5.003007397783235000e+00
5.003213000093831297e+00
5.003417142761183989e+00
5.003619696368707181e+00
5.003820653018785869e+00
5.004019815196527610e+00
5.004212573283596477e+00
5.004396209028793230e+00
5.004564928488117737e+00
5.004715676700008942e+00
5.004847364259196851e+00
5.004959971784859185e+00
5.005053365520446995e+00
5.005123882974743310e+00
5.005170102120622744e+00
5.005191770076066859e+00
5.005189636234294248e+00
5.005164084593866747e+00
5.005113273492185044e+00
5.005037986748954282e+00
5.004940422737140793e+00
5.004823941133085263e+00
5.004691808019865462e+00
5.004543817798707828e+00
5.004381400003199865e+00
5.004205456740324465e+00
5.004016711871240197e+00
5.003815903841617896e+00
5.003603427643987800e+00
5.003379674154433410e+00
5.003144957303168994e+00
5.002899599234673644e+00
5.002643807708385459e+00
5.002377878028067215e+00
5.002101954343826762e+00
5.001816325104893934e+00
5.001521144575537647e+00
5.001217089398862115e+00
5.000908515519561170e+00
5.000597705721022912e+00
5.000290344256074881e+00
4.999989658157439898e+00
4.999697086746904162e+00
4.999412922850908991e+00
4.999136028560907441e+00
4.998870471987038933e+00
4.998618168189286948e+00
4.998379615350724059e+00
4.998154374706656355e+00
4.997940534493984011e+00
4.997741959682763913e+00
4.997560308530093032e+00
4.997395994971602917e+00
4.997248317004279627e+00
4.997115278384747228e+00
4.997000706522825020e+00
4.996906330661016860e+00
4.996832485353674969e+00
4.996778584365832998e+00
4.996743356917154877e+00
4.996725140996145953e+00
4.996721583773775066e+00
4.996732468084823964e+00
4.996758440392017775e+00
4.996802011936828158e+00
4.996859775319619779e+00
4.996930536398588529e+00
4.997014650948269576e+00
4.997113307783306091e+00
4.997229294966831326e+00
4.997359524931683339e+00
4.997503497427253194e+00
4.997656120177281558e+00
4.997815149541867896e+00
4.997980155408305869e+00
4.998151863854301880e+00
4.998332223430200116e+00
4.998517915088607211e+00
4.998707850951625176e+00
4.998902451176118866e+00
4.999102985657673415e+00
4.999311829958032583e+00
4.999525994978768040e+00
4.999744706939829086e+00
4.999963226526899618e+00
5.000179311916156166e+00
5.000392723236156911e+00
5.000602410346193238e+00
5.000806630425079113e+00
5.001003395322633160e+00
5.001190801396887764e+00
5.001371482726107764e+00
5.001546293873260218e+00
5.001714945364664544e+00
5.001876336321156025e+00
5.002029202379207007e+00
5.002176586644643486e+00
5.002319802580321273e+00
5.002458677565599920e+00
5.002592355081731945e+00
5.002719175353567138e+00
5.002837168550040126e+00
5.002944705480630638e+00
5.003043449357073236e+00
5.003133273053835595e+00
5.003216646326626993e+00
5.003293659858327302e+00
5.003362847025428550e+00
5.003426110324372011e+00
5.003483335798527776e+00
5.003537202360028857e+00
5.003588022621269005e+00
5.003634114455352666e+00
5.003677501416684770e+00
5.003717927670956911e+00
5.003758183469915188e+00
5.003798575721601694e+00
5.003841281904760407e+00
5.003884749700237222e+00
5.003929824939851834e+00
5.003979462281723301e+00
5.004032187540007115e+00
5.004089168048387215e+00
5.004147963397129750e+00
5.004208915162755567e+00
5.004274338859989513e+00
5.004342088418936463e+00
5.004412583870737841e+00
5.004482713522313553e+00
5.004552161604088667e+00
5.004622514237572872e+00
5.004694309643394234e+00
5.004766650967225061e+00
5.004838295843376805e+00
5.004907300112694024e+00
5.004972271331511458e+00
5.005031902933418486e+00
5.005080131906010088e+00
5.005113105956856323e+00
5.005128282408853657e+00
5.005123990109871635e+00
5.005099224787421086e+00
5.005053119421220664e+00
5.004985347328922529e+00
5.004895579446322351e+00
5.004783723078883639e+00
5.004649826077959496e+00
5.004493833104364242e+00
5.004316643806389742e+00
5.004121276321106038e+00
5.003909091087274774e+00
5.003683542641097048e+00
5.003446115883283696e+00
5.003200399348729732e+00
5.002947947154038566e+00
5.002688447604172417e+00
5.002425460139505731e+00
5.002160162622325323e+00
5.001896948809020138e+00
5.001637911604933429e+00
5.001382527644029352e+00
5.001134609369776385e+00
5.000895139495125541e+00
5.000668810917279217e+00
5.000457986569246671e+00
5.000262518184474203e+00
5.000081276254943141e+00
4.999911225693514538e+00
4.999754994794940899e+00
4.999612822722858674e+00
4.999484758492774183e+00
4.999370780181354945e+00
4.999270046133764467e+00
4.999184224041394842e+00
4.999115641959227752e+00
4.999068741024690787e+00
4.999041877811992940e+00
4.999036641043363538e+00
4.999049970508073315e+00
4.999080908922930888e+00
4.999131864626413346e+00
4.999199630120290117e+00
4.999284619023542930e+00
4.999382978412773681e+00
4.999493602845338280e+00
4.999618326728684892e+00
4.999753811317948937e+00
4.999900266356286593e+00
5.000053645656896251e+00
5.000212914688032306e+00
5.000379379154633597e+00
5.000553021864484471e+00
5.000732875843982406e+00
5.000917238579581259e+00
5.001104103983828431e+00
5.001291164593287597e+00
5.001475820844509812e+00
5.001655348060168649e+00
5.001826915224529380e+00
5.001987688919045105e+00
5.002134684897476369e+00
5.002265812862182415e+00
5.002383052562813681e+00
5.002486924226845488e+00
5.002576766866707381e+00
5.002651156676448885e+00
5.002709092400484003e+00
5.002753290706761113e+00
5.002784768622815292e+00
5.002803180758356838e+00
5.002807536064510785e+00
5.002796877204537473e+00
5.002774003270180181e+00
5.002740649221099289e+00
5.002701359515643098e+00
5.002658702836936477e+00
5.002613278248911222e+00
5.002564775700314215e+00
5.002512254383047363e+00
5.002459064744045669e+00
5.002406794036373228e+00
5.002355335139303527e+00
5.002303851804329682e+00
5.002250867894483477e+00
5.002199577115108653e+00
5.002151347448681840e+00
5.002108562685180893e+00
5.002068455096897459e+00
5.002030281455819072e+00
5.001991662570372199e+00
5.001954258085324234e+00
5.001917536059490743e+00
5.001884076619617758e+00
5.001854238199165970e+00
5.001826131233108264e+00
5.001802019931935739e+00
5.001781600058173183e+00
5.001767874359947186e+00
5.001761454692323028e+00
5.001760574731969555e+00
5.001763386171885983e+00
5.001767842360647087e+00
5.001771752682622640e+00
5.001773012065175550e+00
5.001772040435759514e+00
5.001765233872871974e+00
5.001751491356123402e+00
5.001726594649669622e+00
5.001689448946568639e+00
5.001640880921336851e+00
5.001582711984815965e+00
5.001517451129334546e+00
5.001443346043529026e+00
5.001360919339062683e+00
5.001272028725074925e+00
5.001179274929169694e+00
5.001086075383652130e+00
5.000991009067226045e+00
5.000894475610408563e+00
5.000793347678560430e+00
5.000687012293790090e+00
5.000576660580416721e+00
5.000464409220447770e+00
5.000353225985025851e+00
5.000241454535580665e+00
5.000129432131952711e+00
5.000018930624655411e+00
4.999912577731019603e+00
4.999813956230363843e+00
4.999721521635955845e+00
4.999635767055159441e+00
4.999556478553865979e+00
4.999483373177651124e+00
4.999415864994230851e+00
4.999353134439739499e+00
4.999294283966014163e+00
4.999238301649171490e+00
4.999184207719231665e+00
4.999130887690413694e+00
4.999078656168135737e+00
4.999028463506551390e+00
4.998981867156402359e+00
4.998940701413379095e+00
4.998907385574132611e+00
4.998879059609901532e+00
4.998854550952967379e+00
4.998834169314653408e+00
4.998818860158501742e+00
4.998810439894152857e+00
4.998805538406889681e+00
4.998802701663811021e+00
4.998802060434321071e+00
4.998804501092021013e+00
4.998811495608609157e+00
4.998824840178206941e+00
4.998847047492821716e+00
4.998875091112642721e+00
4.998907985798506814e+00
4.998945919356264866e+00
4.998989951854528435e+00
4.999041992939964985e+00
4.999098486818328801e+00
4.999158150047951388e+00
4.999220969157249783e+00
4.999287826797882417e+00
4.999360460380048998e+00
4.999435276772782544e+00
4.999510933553754199e+00
4.999587415523781608e+00
4.999665696669325143e+00
4.999747063435568961e+00
4.999833284683481871e+00
4.999926808571399484e+00
5.000024661162823847e+00
5.000125834226563981e+00
5.000230541137934637e+00
5.000339804479810191e+00
5.000455464061307254e+00
5.000574041224973953e+00
5.000694174749733989e+00
5.000815903816330454e+00
5.000940124943810794e+00
5.001068491090046919e+00
5.001197505967648560e+00
5.001325771819757016e+00
5.001452198710250485e+00
5.001576053930405941e+00
5.001696589404678761e+00
5.001812160277700592e+00
5.001920614877677806e+00
5.002023971995300577e+00
5.002122500559278429e+00
5.002214656641669421e+00
5.002298213170803365e+00
5.002370772577783953e+00
5.002434152650609533e+00
5.002488754789307990e+00
5.002538002479782975e+00
5.002583189273215325e+00
5.002623899245596029e+00
5.002663662537894851e+00
5.002703625016808431e+00
5.002748255987615522e+00
5.002799693571367889e+00
5.002857665300332712e+00
5.002921057959981432e+00
5.002987408164851324e+00
5.003059182080402678e+00
5.003136877885050460e+00
5.003219143396204771e+00
5.003304040163716770e+00
5.003388679867572186e+00
5.003475146034694454e+00
5.003563505738934047e+00
5.003655743060594574e+00
5.003749648418237328e+00
5.003845339745244480e+00
5.003939636761284504e+00
5.004031861510089385e+00
5.004123447483365794e+00
5.004211765129078948e+00
5.004296611325774968e+00
5.004374671198388747e+00
5.004445290683729120e+00
