0.000000000000000000e+00
0.000000000000000000e+00
-1.256831751561548987e-08
-7.485159699172071096e-08
-2.246849192033551147e-07
-4.913499117265020223e-07
-9.303826129780645461e-07
-1.390094931821295397e-06
-2.126546334011437099e-06
2.470015150493054670e-06
1.630453143548039148e-05
4.120334733556774262e-05
8.447583049814966867e-05
1.500183412088062715e-04
2.463820831133035254e-04
3.802958757830765969e-04
5.534221300138144131e-04
7.749020376456885973e-04
1.048200584317556146e-03
1.382602944339623996e-03
1.782762601341119279e-03
2.259104929233899522e-03
2.814224331940522530e-03
3.462989970411172944e-03
4.206530570353380835e-03
5.058902471627107697e-03
6.029440432156436130e-03
7.122461541856639489e-03
8.349409594501368617e-03
9.711521609987130987e-03
1.121660624381434247e-02
1.286530469294917128e-02
1.465824429627787459e-02
1.660305847164522675e-02
1.870019231673609311e-02
2.095458169218431671e-02
2.336796511646638611e-02
2.594374020334611758e-02
2.867927332159409676e-02
3.157753904100785158e-02
3.463121552702316808e-02
3.786037017341980365e-02
4.126334388491044447e-02
4.483509172436129370e-02
4.857885856863391333e-02
5.249365945097338865e-02
5.660015393730532390e-02
6.089296628471743689e-02
6.536343146797549131e-02
7.001428206201922022e-02
7.484359790321719330e-02
7.986091603275669026e-02
8.506416191097630752e-02
9.043796230789555302e-02
9.599400032993683773e-02
1.017224173688543593e-01
1.076556919955862363e-01
1.137763308429372983e-01
1.200954030894887947e-01
1.266144089841497455e-01
1.333117740296972387e-01
1.401970498704565304e-01
1.472562735223424957e-01
1.545234297656667422e-01
1.619975828075063407e-01
1.696864282035482063e-01
1.775854479217183479e-01
1.856658451699864931e-01
1.939383231544148933e-01
2.023873673820149599e-01
2.110514335775029449e-01
2.199271499061238866e-01
2.290210693025243605e-01
2.383313154124868660e-01
2.478285007619512592e-01
2.575471543216359960e-01
2.674565457248341827e-01
2.775864254378926366e-01
2.879111718082081328e-01
2.984225558185231164e-01
3.091302656077993261e-01
3.200102149390827710e-01
3.311027728461872766e-01
3.423822902583729122e-01
3.538854204558979921e-01
3.655848001384389701e-01
3.774722932719838941e-01
3.895688508891713697e-01
4.018545614623678097e-01
4.143495594405782190e-01
4.270383035087239598e-01
4.398979746245992306e-01
4.529359423064839296e-01
4.661691628837239532e-01
4.796019886874806071e-01
4.932444476031910274e-01
5.070937560939442479e-01
5.211666940593373543e-01
5.354358147525440925e-01
5.499283837222707083e-01
5.646206377887379446e-01
5.795491908931384994e-01
5.947260152244221443e-01
6.101155566119800255e-01
6.257408689403188840e-01
6.416122971915853013e-01
6.577314053916585301e-01
6.740932117843281279e-01
6.907240342044483894e-01
7.076305626773486956e-01
7.247445451163898600e-01
7.420917104625355254e-01
7.596304165267597774e-01
7.774016117000233095e-01
7.954071079635274266e-01
8.136063050174365818e-01
8.320274733447682314e-01
8.506268905543933334e-01
8.694344948672901863e-01
8.884160958671223352e-01
9.075925158404957171e-01
9.269419061088217671e-01
9.464788686179770316e-01
9.661920582198750829e-01
9.860960136794698627e-01
1.006180285110438888e+00
1.026427189006771101e+00
1.046835943355525878e+00
1.067413152351344818e+00
1.088162270679439159e+00
1.109066315784419610e+00
1.130098332061732824e+00
1.151279433860744383e+00
1.172599538459743407e+00
1.194078892364467404e+00
1.215714174404109560e+00
1.237532464160884471e+00
1.259524129524196567e+00
1.281711507930721083e+00
1.304087272777522566e+00
1.326651271476710914e+00
1.349417725696528958e+00
1.372337061061824626e+00
1.395420652523006178e+00
1.418673847808803234e+00
1.442104440822566724e+00
1.465731378688777564e+00
1.489554031982386784e+00
1.513565834655726361e+00
1.537770372524225992e+00
1.562165485515559338e+00
1.586751834049189736e+00
1.611504555835688635e+00
1.636462837352717692e+00
1.661611117019618389e+00
1.686963382854426818e+00
1.712506471767390792e+00
1.738257406845058028e+00
1.764241129054988200e+00
1.790425757064784129e+00
1.816820298328364558e+00
1.843404513492548746e+00
1.870193568363154091e+00
1.897198406352960998e+00
1.924413167133295577e+00
1.951829291477167549e+00
1.979479004039728540e+00
2.007338689460718584e+00
2.035443833961450899e+00
2.063793870105707473e+00
2.092343622341119591e+00
2.121095362796746819e+00
2.150015069141351098e+00
2.179104274406396424e+00
2.208350742950402790e+00
2.237739168300592496e+00
2.267243829860650983e+00
2.296824899806939158e+00
2.326465810432396530e+00
2.356140817298851609e+00
2.385833932056389717e+00
2.415524219169579379e+00
2.445192662372551951e+00
2.474818409576378553e+00
2.504387646808587053e+00
2.533875969543419870e+00
2.563273192539177625e+00
2.592574876441918530e+00
2.621755968227349243e+00
2.650802367820702443e+00
2.679688957824669426e+00
2.708404880657158564e+00
2.736930616989098120e+00
2.765256861343346362e+00
2.793363608016930399e+00
2.821243089332543086e+00
2.848854042186699242e+00
2.876195763244591141e+00
2.903228870525322414e+00
2.929996603622398776e+00
2.956486571922264606e+00
2.982735489501915804e+00
3.008724726333580346e+00
3.034482747211418641e+00
3.059989968433342256e+00
3.085273090496025272e+00
3.110312183990440627e+00
3.135132750167808791e+00
3.159709352149925543e+00
3.184061604633293019e+00
3.208197733058891110e+00
3.232140318050346295e+00
3.255886043205223235e+00
3.279444655075035353e+00
3.302765322818718374e+00
3.325865632190666332e+00
3.348761383190117069e+00
3.371459866657219528e+00
3.393966113223992220e+00
3.416275287761650681e+00
3.438384746208153153e+00
3.460264118804893485e+00
3.481932774677238385e+00
3.503362866535148612e+00
3.524572409286460761e+00
3.545584961070975982e+00
3.566371267929038691e+00
3.586925650730094617e+00
3.607228821411094355e+00
3.627305825843773146e+00
3.647136708393059479e+00
3.666744104518853131e+00
3.686151250495873555e+00
3.705334314002953100e+00
3.724314377202950332e+00
3.743041338815651820e+00
3.761544288291894134e+00
3.779808416261636328e+00
3.797829544439279559e+00
3.815593463077509018e+00
3.833129820718728986e+00
3.850396954908334557e+00
3.867413750781976578e+00
3.884158683910333476e+00
3.900658719434701993e+00
3.916887824430429710e+00
3.932862629785501607e+00
3.948565122976266828e+00
3.964011169567071668e+00
3.979172367944680655e+00
3.994080080881081685e+00
4.008703814640008467e+00
4.023059970035515853e+00
4.037134045257531056e+00
4.050941623344384013e+00
4.064456902637444635e+00
4.077734342708549953e+00
4.090733262195549003e+00
4.103469208373986099e+00
4.115965907468758012e+00
4.128225773467980808e+00
4.140281053676568845e+00
4.152115840806924751e+00
4.163752776279413759e+00
4.175142308368646304e+00
4.186303892030680096e+00
4.197243233814203833e+00
4.207965043678248307e+00
4.218488776578867672e+00
4.228781318559610369e+00
4.238855782642327874e+00
4.248724218502008654e+00
4.258357676758730115e+00
4.267763810648882661e+00
4.276955705776179784e+00
4.285902889265978288e+00
4.294614631428682827e+00
4.303102928891145318e+00
4.311338215961418641e+00
4.319330959811172654e+00
4.327088349356613683e+00
4.334583060636482799e+00
4.341811044707259981e+00
4.348783782615623039e+00
4.355468857779463576e+00
4.361882955326994882e+00
4.368028470172843569e+00
4.373903944387397047e+00
4.379528840675315671e+00
4.384905156984290286e+00
4.390029958381614250e+00
4.394910220994910688e+00
4.399574547901115018e+00
4.404017878367862515e+00
4.408264897360763435e+00
4.412334833636245790e+00
4.416226438477000471e+00
4.419961991205176410e+00
4.423556036546190562e+00
4.427024502649268278e+00
4.430383163585624118e+00
4.433631363108119672e+00
4.436786038472614102e+00
4.439859148755035179e+00
4.442862352921923552e+00
4.445810366466006691e+00
4.448714062168559913e+00
4.451583456888161372e+00
4.454431944682561095e+00
4.457269323363266089e+00
4.460110154643021296e+00
4.462966726317368682e+00
4.465852602913342295e+00
4.468776290013752650e+00
4.471752257838212508e+00
4.474792063727342395e+00
4.477907098128758534e+00
4.481100829436742039e+00
4.484389855458699614e+00
4.487778168215714736e+00
4.491288309290371927e+00
4.494919597103558928e+00
4.498685924901925759e+00
4.502597429349386893e+00
4.506645100607836518e+00
4.510840868844950613e+00
4.515179017379248094e+00
4.519673606052362125e+00
4.524326618208848849e+00
4.529144630029166230e+00
4.534133075668777657e+00
4.539293550445998804e+00
4.544626796438659966e+00
4.550141818120445159e+00
4.555828303887810016e+00
4.561686347916091400e+00
4.567697971656287770e+00
4.573860774233306614e+00
4.580166103436914327e+00
4.586592358543838621e+00
4.593129601671661177e+00
4.599757056429352176e+00
4.606464937522376957e+00
4.613238678171601492e+00
4.620057166411841720e+00
4.626906603171788923e+00
4.633768874003850513e+00
4.640629623129330916e+00
4.647472965314351612e+00
4.654287165000402737e+00
4.661060514047110637e+00
4.667780214145148321e+00
4.674432154490911095e+00
4.681006227328741609e+00
4.687488871409857261e+00
4.693879707052672323e+00
4.700168403580152976e+00
4.706356428458654761e+00
4.712438430979216442e+00
4.718406048610174430e+00
4.724250402643644264e+00
4.729957626059019482e+00
4.735531309440100145e+00
4.740958592488730083e+00
4.746244353249037040e+00
4.751382129981481128e+00
4.756363338127099993e+00
4.761194749071561816e+00
4.765862522318327521e+00
4.770372569456064582e+00
4.774711732461416780e+00
4.778872721388304434e+00
4.782858071520292853e+00
4.786661731793845576e+00
4.790290258123840239e+00
4.793728723719086204e+00
4.796984853937592774e+00
4.800061902298894623e+00
4.802953374578920354e+00
4.805662107660737981e+00
4.808176402940717686e+00
4.810499549850192125e+00
4.812637131705251647e+00
4.814598512693610388e+00
4.816387566968168166e+00
4.818006262823308461e+00
4.819458547725642639e+00
4.820750908746684438e+00
4.821892625733579685e+00
4.822887962355578928e+00
4.823740119680130611e+00
4.824453461661303066e+00
4.825042753077410929e+00
4.825517620413863895e+00
4.825883320018018452e+00
4.826145190137739682e+00
4.826309275056536841e+00
4.826387438343208380e+00
4.826387576515426048e+00
4.826318781588796902e+00
4.826190318585013017e+00
4.826011986684625832e+00
4.825793179169868274e+00
4.825543455750322508e+00
4.825272452504014709e+00
4.824990318146175738e+00
4.824706817836142747e+00
4.824432530485667669e+00
4.824172815427758110e+00
4.823934068743715109e+00
4.823724734120646396e+00
4.823552741975168701e+00
4.823430204427445744e+00
4.823360756760108004e+00
4.823349216228693948e+00
4.823403337870136198e+00
4.823530144153505006e+00
4.823743737416683608e+00
4.824046603722840665e+00
4.824450224472552229e+00
4.824952802902431337e+00
4.825556652939290814e+00
4.826272434762092445e+00
4.827100689282986856e+00
4.828053819408985703e+00
4.829127266129824569e+00
4.830332611820075783e+00
4.831673427990053504e+00
4.833153952231978856e+00
4.834773107936953807e+00
4.836518484523868899e+00
4.838395603916025856e+00
4.840405802151537706e+00
4.842551158389426291e+00
4.844828111252167169e+00
4.847233198603966287e+00
4.849761890491821603e+00
4.852417074462748836e+00
4.855185375234461809e+00
4.858054454347468187e+00
4.861015545448636566e+00
4.864060170373295300e+00
4.867185874900195941e+00
4.870377740284774326e+00
4.873627803346487930e+00
4.876918901523921157e+00
4.880236940404746981e+00
4.883571516296242088e+00
4.886913366636608913e+00
4.890254657885407141e+00
4.893581516167495593e+00
4.896881533881995097e+00
4.900140062889429160e+00
4.903346709331842135e+00
4.906492311975331866e+00
4.909568948170514702e+00
4.912569074651570666e+00
4.915485926291318641e+00
4.918309195658537192e+00
4.921030333062978990e+00
4.923635972759099921e+00
4.926117618104787432e+00
4.928469426354737060e+00
4.930686226358981017e+00
4.932764279416174347e+00
4.934691956362098786e+00
4.936465856602759494e+00
4.938083777895540649e+00
4.939544555714697083e+00
4.940846995881170933e+00
4.941988806149334224e+00
4.942970950251789120e+00
4.943791889941663520e+00
4.944453591278166193e+00
4.944957255704672150e+00
4.945311287960381108e+00
4.945518416634172354e+00
4.945587515483952146e+00
4.945523240470668824e+00
4.945328433771958743e+00
4.945010947619905117e+00
4.944576248375108563e+00
4.944034339373340359e+00
4.943389452581633314e+00
4.942652265985835847e+00
4.941832259332168853e+00
4.940938087587584349e+00
4.939979819094171276e+00
4.938964482878675177e+00
4.937901445363988451e+00
4.936798572128047624e+00
4.935665191595783874e+00
4.934510957409970366e+00
4.933346620311371389e+00
4.932180820589295855e+00
4.931023564522496905e+00
4.929882618149153295e+00
4.928768875559203622e+00
4.927690459375613230e+00
4.926651440521115255e+00
4.925661742424005674e+00
4.924726527740591386e+00
4.923856992607348992e+00
4.923058406745426829e+00
4.922342333381408253e+00
4.921718686742121207e+00
4.921194130403335087e+00
4.920774562877948455e+00
4.920463710834617643e+00
4.920265235805297621e+00
4.920189004696319479e+00
4.920231814302851170e+00
4.920392181121158615e+00
4.920670528237122809e+00
4.921067822661596480e+00
4.921593127038677018e+00
4.922241503011781205e+00
4.923017463844614916e+00
4.923913758706646604e+00
4.924925629657106896e+00
4.926058862146335926e+00
4.927305766802626330e+00
4.928668988954619579e+00
4.930139793020084760e+00
4.931719512652949611e+00
4.933405658763247104e+00
4.935184956055478800e+00
4.937055957179861565e+00
4.939007918697194910e+00
4.941039715122776066e+00
4.943146197062329605e+00
4.945318806480959672e+00
4.947547252636746329e+00
4.949816884708003073e+00
4.952121874999599882e+00
4.954453446131543259e+00
4.956800555598334768e+00
4.959151019167499896e+00
4.961492129426795294e+00
4.963816309284765360e+00
4.966113363068897613e+00
4.968371582638820172e+00
4.970578132879337474e+00
4.972723237883648117e+00
4.974798124146064815e+00
4.976796509635050825e+00
4.978710982513029570e+00
4.980531582396824142e+00
4.982252873938877613e+00
4.983866704117853708e+00
4.985369041275579782e+00
4.986752405923206233e+00
4.988013765823443357e+00
4.989152935605843275e+00
4.990163293268878419e+00
4.991043285291987708e+00
4.991786076810556416e+00
4.992389786441225219e+00
4.992854971114891072e+00
4.993182651747362755e+00
4.993374805126683746e+00
4.993433522616856912e+00
4.993360362036497690e+00
4.993162167335272628e+00
4.992840279827239769e+00
4.992401164958599757e+00
4.991847027877692966e+00
4.991183690617208235e+00
4.990418909380560208e+00
4.989559866974476954e+00
4.988612680325630322e+00
4.987583575958732141e+00
4.986477874035360358e+00
4.985305497536779207e+00
4.984074932972312411e+00
4.982794396618725585e+00
4.981471511910082306e+00
4.980112819115044331e+00
4.978726870755077805e+00
4.977323649267078487e+00
4.975912518838764065e+00
4.974502843657852225e+00
4.973103754410864497e+00
4.971725411007524187e+00
4.970372593591333654e+00
4.969052692542195615e+00
4.967774420122027301e+00
4.966546796674252029e+00
4.965383183697581693e+00
4.964288354928015679e+00
4.963272652218459591e+00
4.962340079808949866e+00
4.961498777384280245e+00
4.960755974168299609e+00
4.960109693894504623e+00
4.959567550870000119e+00
4.959129845390437552e+00
4.958804228792307534e+00
4.958597578706560149e+00
4.958510819703681349e+00
4.958544876980468530e+00
4.958693957240194905e+00
4.958963284236253877e+00
4.959356927987995434e+00
4.959874931578401203e+00
4.960518253599170535e+00
4.961291252528194917e+00
4.962186329443816213e+00
4.963196289022330454e+00
4.964315784578088753e+00
4.965541877527599013e+00
4.966877026338940126e+00
4.968312067915563901e+00
4.969844538052444527e+00
4.971461137016182086e+00
4.973153336574201333e+00
4.974918726463679164e+00
4.976745739509228272e+00
4.978628597487572804e+00
4.980553936292294814e+00
4.982514406819705144e+00
4.984498443682555013e+00
4.986490639974239691e+00
4.988480171044233025e+00
4.990453893621327630e+00
4.992401077379348351e+00
4.994309473861816784e+00
4.996170795042875312e+00
4.997975793261889343e+00
4.999715194036129517e+00
5.001378385801675819e+00
5.002956777890090301e+00
5.004443541248205563e+00
5.005833554346921233e+00
5.007123109330298583e+00
5.008303367202045386e+00
5.009369111065628211e+00
5.010315271546008198e+00
5.011137974192264366e+00
5.011834155474664598e+00
5.012401122455360181e+00
5.012837569978893626e+00
5.013139951457143084e+00
5.013307851520240277e+00
5.013339639587666596e+00
5.013241028014909340e+00
5.013013828631829760e+00
5.012662580136548307e+00
5.012191529099235154e+00
5.011602439593861646e+00
5.010902581002900646e+00
5.010095912229607151e+00
5.009190736648032605e+00
5.008193261485883951e+00
5.007111098330804921e+00
5.005954333033750814e+00
5.004730318200180328e+00
5.003448075663635919e+00
5.002115953427146877e+00
5.000741208803248128e+00
4.999332469117235611e+00
4.997896836560557610e+00
4.996443841617892900e+00
4.994983847599814730e+00
4.993524231475185537e+00
4.992075153749774508e+00
4.990642758321357064e+00
4.989237040739847195e+00
4.987865318816496085e+00
4.986531203996730000e+00
4.985243346553636101e+00
4.984006345283579442e+00
4.982829546641896812e+00
4.981719764408061302e+00
4.980680489551614798e+00
4.979719025876711669e+00
4.978836787280033427e+00
4.978036307480523170e+00
4.977328010809013215e+00
4.976712867554613950e+00
4.976197116721757574e+00
4.975780687455423568e+00
4.975468723748216249e+00
4.975265932616182774e+00
4.975168347854502571e+00
4.975179734493011097e+00
4.975297658082433294e+00
4.975525961324907875e+00
4.975868770175017275e+00
4.976325353004373397e+00
4.976893751055338377e+00
4.977570040181613642e+00
4.978348984375930542e+00
4.979228312254285527e+00
4.980200463563537738e+00
4.981260341734028430e+00
4.982402080774643416e+00
4.983619446933604813e+00
4.984910442263223551e+00
4.986260666281319587e+00
4.987659765065050266e+00
4.989098547429180464e+00
4.990568973303176392e+00
4.992063183814622107e+00
4.993573427975513290e+00
4.995092993408776216e+00
4.996612046689129727e+00
4.998124300420617949e+00
4.999621106565332873e+00
5.001095868826246793e+00
5.002538701475001126e+00
5.003940197408533130e+00
5.005291875034904692e+00
5.006586133122778115e+00
5.007815071449017275e+00
5.008971514284944249e+00
5.010051745429968229e+00
5.011049593419170556e+00
5.011959952891206882e+00
5.012775921702719906e+00
5.013492118001319220e+00
5.014106086410917484e+00
5.014611120477654005e+00
5.015004577257074381e+00
5.015283542156554475e+00
5.015448583543635763e+00
5.015499303822741339e+00
5.015436362644994261e+00
5.015261653701180045e+00
5.014974808117711014e+00
5.014578128701411508e+00
5.014071889950298733e+00
5.013459278812968378e+00
5.012741704603993931e+00
5.011924804991449101e+00
5.011013737341728280e+00
5.010014499595728310e+00
5.008931245154109035e+00
5.007768977379766007e+00
5.006533870047297441e+00
5.005233900195326768e+00
5.003877238279548223e+00
5.002471349632707565e+00
5.001023311859337461e+00
4.999541941082446428e+00
4.998037523424594397e+00
4.996519621109931641e+00
4.994998106902807322e+00
4.993482494896618995e+00
4.991982091164556934e+00
4.990506315326658893e+00
4.989065790569751080e+00
4.987665319091050264e+00
4.986313842183320411e+00
4.985014675503937731e+00
4.983773198446599828e+00
4.982600633671849799e+00
4.981499975195498031e+00
4.980480671471329224e+00
4.979545006772846172e+00
4.978701928055255799e+00
4.977957891395655921e+00
4.977310262492267157e+00
4.976766830219296445e+00
4.976326010583308701e+00
4.975996174311605458e+00
4.975783710128036219e+00
4.975690798621964284e+00
4.975718724774068846e+00
4.975864746002352845e+00
4.976127744922285601e+00
4.976514007011298979e+00
4.977017048084977802e+00
4.977639717766885852e+00
4.978372489297633763e+00
4.979209434622769770e+00
4.980153139391784833e+00
4.981195023665073940e+00
4.982335148611905851e+00
4.983563329735638980e+00
4.984879267671945335e+00
4.986276919850948453e+00
4.987742580929639402e+00
4.989272011974694720e+00
4.990852964082600707e+00
4.992481974968554503e+00
4.994150826940180643e+00
4.995849137315396149e+00
4.997564076790456333e+00
4.999280804404858891e+00
5.000991062233095086e+00
5.002684744307640763e+00
5.004354412713889921e+00
5.005989873716478300e+00
5.007581449607258151e+00
5.009120423355941654e+00
5.010598911503200803e+00
5.012007394442205666e+00
5.013338887253646625e+00
5.014590375283603407e+00
5.015759482765441035e+00
5.016845585489516424e+00
5.017841686988119498e+00
5.018744538137560163e+00
5.019551514694337691e+00
5.020262132817750356e+00
5.020877204397564242e+00
5.021395221622530158e+00
5.021817329535128493e+00
5.022138521866739147e+00
5.022359079206227150e+00
5.022475328240407322e+00
5.022484774911873728e+00
5.022390145404361128e+00
5.022192133987418927e+00
5.021894946141265414e+00
5.021498351810596894e+00
5.021002298152172472e+00
5.020414212910556451e+00
5.019736137507581297e+00
5.018975488660955442e+00
5.018134723125123209e+00
5.017216327978396784e+00
5.016228031782532071e+00
5.015173959774994472e+00
5.014061604706669506e+00
5.012895733011985655e+00
5.011683146623994389e+00
5.010432035593415101e+00
5.009149773387337135e+00
5.007843173561716377e+00
5.006518613664531436e+00
5.005182794002914548e+00
5.003842157689953218e+00
5.002503249911689487e+00
5.001172013847255293e+00
4.999855163512849643e+00
4.998558481602096926e+00
4.997287988780164447e+00
4.996050127936624285e+00
4.994850913627169930e+00
4.993696437297485247e+00
4.992592757685207161e+00
4.991545759705923402e+00
4.990564833028338754e+00
4.989650498075508089e+00
4.988804114876412399e+00
4.988029610632085387e+00
4.987330610869549652e+00
4.986716684406720113e+00
4.986187085365973104e+00
4.985740401825032642e+00
4.985380375987015000e+00
4.985109280129989884e+00
4.984937713375411583e+00
4.984864783576786529e+00
4.984896170057919740e+00
4.985028750690263522e+00
4.985266323721598170e+00
4.985609869471381295e+00
4.986051116621683654e+00
4.986591304427575366e+00
4.987223890608738941e+00
4.987950329369495783e+00
4.988770030251334475e+00
4.989678035786936583e+00
4.990668402126620329e+00
4.991728536448071907e+00
4.992856900280903787e+00
4.994048821366022572e+00
4.995297739914248858e+00
4.996595168671201570e+00
4.997932410797666591e+00
4.999300168863127780e+00
5.000688112637589278e+00
5.002086023649761515e+00
5.003483097365686305e+00
5.004868648758717953e+00
5.006232111266442075e+00
5.007564514836854386e+00
5.008860534838027512e+00
5.010112868210859105e+00
5.011313073820061526e+00
5.012452154493518108e+00
5.013524363225885239e+00
5.014524458161184306e+00
5.015449726543018016e+00
5.016295802703687912e+00
5.017057240045257771e+00
5.017731956130452531e+00
5.018316148741728711e+00
5.018808664342945924e+00
5.019205468705481010e+00
5.019506810399328778e+00
5.019715157410686857e+00
5.019833709717353543e+00
5.019866461685017711e+00
5.019813301736579803e+00
5.019675316071228188e+00
5.019456465659754230e+00
5.019161259798424979e+00
5.018794556303040721e+00
5.018361530384138902e+00
5.017867544820622250e+00
5.017315163282766832e+00
5.016706765560521752e+00
5.016045932365670978e+00
5.015337081296459054e+00
5.014585083616986516e+00
5.013793238965883248e+00
5.012962905509487754e+00
5.012097513271585925e+00
5.011201037658468138e+00
5.010278431369082242e+00
5.009334875313656177e+00
5.008375994531529152e+00
5.007407652480618587e+00
5.006434779880659214e+00
5.005461952133195780e+00
5.004493417484777495e+00
5.003533206625001561e+00
5.002585089324134593e+00
5.001652915893213702e+00
5.000740305675284603e+00
4.999851014880555056e+00
4.998988470478074930e+00
4.998156104503290287e+00
4.997357703415767460e+00
4.996596854893581074e+00
4.995877295477406221e+00
4.995202346636074431e+00
4.994576268537062269e+00
4.994002279123383126e+00
4.993478598265068236e+00
4.993011608688251890e+00
4.992601619778292310e+00
4.992256273074166195e+00
4.991980865342632967e+00
4.991778521617964870e+00
4.991650313973516440e+00
4.991592706373052302e+00
4.991610901398674471e+00
4.991708867890850776e+00
4.991889091922060651e+00
4.992152230391369905e+00
4.992498249584899739e+00
4.992926166342662064e+00
4.993439659724103308e+00
4.994031301910148990e+00
4.994694508487449447e+00
4.995425110334621444e+00
4.996218645149932414e+00
4.997075969079601165e+00
4.997987131277191075e+00
4.998945034319626224e+00
4.999945201749072865e+00
5.000983072096572890e+00
5.002057782733904112e+00
5.003159864122139311e+00
5.004283904159533058e+00
5.005419034535155909e+00
5.006556890035138707e+00
5.007691586116417959e+00
5.008813511232003357e+00
5.009915107140406221e+00
5.010986765200361681e+00
5.012021912956699410e+00
5.013015968600377903e+00
5.013966569701300280e+00
5.014870426828131222e+00
5.015725682849153877e+00
5.016528499970300814e+00
5.017272449309094995e+00
5.017954917797906589e+00
5.018571590172214769e+00
5.019120918089612360e+00
5.019601404504939524e+00
5.020012010434732552e+00
5.020351433927283225e+00
5.020617075810299035e+00
5.020809041509495252e+00
5.020926612490878682e+00
5.020969609293246094e+00
5.020936997994871476e+00
5.020826930129992149e+00
5.020643376937227842e+00
5.020389292636978418e+00
5.020067004175949421e+00
5.019677255662251092e+00
5.019220311181711303e+00
5.018700095253157301e+00
5.018119616309271613e+00
5.017481828132735799e+00
5.016788375848996395e+00
5.016040384868252211e+00
5.015241454789507003e+00
5.014396055514085404e+00
5.013509708965288247e+00
5.012588657388554303e+00
5.011637509415016289e+00
5.010660728762015736e+00
5.009664936835036109e+00
5.008655721346006118e+00
5.007641001815065884e+00
5.006626438522800093e+00
5.005616009408698552e+00
5.004612578550444724e+00
5.003617822328674691e+00
5.002638207996355391e+00
5.001678223857748407e+00
5.000741756210195454e+00
4.999832364047038347e+00
4.998952386329043485e+00
4.998108802238572679e+00
4.997306613573898382e+00
4.996545993113984174e+00
4.995833856860270927e+00
4.995171888271443095e+00
4.994567600252202588e+00
4.994027293311527060e+00
4.993552682349553073e+00
4.993146469505598262e+00
4.992807863565256632e+00
4.992536708103587628e+00
4.992330420134685198e+00
4.992192845610997409e+00
4.992122662054470972e+00
4.992124079933718761e+00
4.992199895095408735e+00
4.992349234011352443e+00
4.992569866136043366e+00
4.992855176024465713e+00
4.993206750296383944e+00
4.993624697245985011e+00
4.994106647365123663e+00
4.994649214700190853e+00
4.995248003445892593e+00
4.995898099832563943e+00
4.996594587929873654e+00
4.997331874735980506e+00
4.998104110949068257e+00
4.998905335806636430e+00
4.999729487218289137e+00
5.000570642419484457e+00
5.001422606177952090e+00
5.002279226027752657e+00
5.003134258158828729e+00
5.003981538482333846e+00
5.004815700419571023e+00
5.005635847889211121e+00
5.006439606465723280e+00
5.007223169870999691e+00
5.007982003234652701e+00
5.008711525194672554e+00
5.009408512927917556e+00
5.010069051750329905e+00
5.010687134296027523e+00
5.011259202204970009e+00
5.011783221356895801e+00
5.012258024655608324e+00
5.012683032520440563e+00
5.013057636835006825e+00
5.013381028205482259e+00
5.013652018189755921e+00
5.013869251825242124e+00
5.014031205095676569e+00
5.014136244731349557e+00
5.014185733294439729e+00
5.014182166095566551e+00
5.014126556265844137e+00
5.014019425755109616e+00
5.013860257250931873e+00
5.013650697601701900e+00
5.013394036834802669e+00
5.013093679586168250e+00
5.012753269636745834e+00
5.012375568749125598e+00
5.011964299196120187e+00
5.011522839778777438e+00
5.011054301002737965e+00
5.010561316201206594e+00
5.010046657399948700e+00
5.009512971864756636e+00
5.008963579537089927e+00
5.008404993528244198e+00
5.007842038275417629e+00
5.007279456855471267e+00
5.006721576528366136e+00
5.006172896699722763e+00
5.005637484678741700e+00
5.005119425022717117e+00
5.004622754679735053e+00
5.004151266591365221e+00
5.003709086106831627e+00
5.003299879098053182e+00
5.002929628493005154e+00
5.002596523577087062e+00
5.002300534901880980e+00
5.002043342349790755e+00
5.001826637128107045e+00
5.001655612086615577e+00
5.001527264259491901e+00
5.001442124752064622e+00
5.001396958289405781e+00
5.001395868029212544e+00
5.001440794732188166e+00
5.001531784416873627e+00
5.001667931409318868e+00
5.001847468627381943e+00
5.002068143443900716e+00
5.002327369818229563e+00
5.002622160719472966e+00
5.002949461558600319e+00
5.003305931085487934e+00
5.003688294658204860e+00
5.004093053297839155e+00
5.004517269612989594e+00
5.004959557981929485e+00
5.005412200273714696e+00
5.005869573125384164e+00
5.006327804768227807e+00
5.006783835993849685e+00
5.007234945254170455e+00
5.007673756958687328e+00
5.008094909371579639e+00
5.008494677165295172e+00
5.008870108382548203e+00
5.009218931527580132e+00
5.009539257133152290e+00
5.009829427836234750e+00
5.010087966819997796e+00
5.010313694769288340e+00
5.010505353988850885e+00
5.010661828735615053e+00
5.010784013824309824e+00
5.010875303404177750e+00
5.010937766063730869e+00
5.010972402935154335e+00
5.010979947895397579e+00
5.010960288418576880e+00
5.010913171170399139e+00
5.010838866432316685e+00
5.010738773460618134e+00
5.010612675205922351e+00
5.010461352209678587e+00
5.010283976367791325e+00
5.010082299674976980e+00
5.009858931529450388e+00
5.009614260497617266e+00
5.009349707386570927e+00
5.009064651358055897e+00
5.008760998326468261e+00
5.008442202883887084e+00
5.008112733441518749e+00
5.007777310314702746e+00
5.007436737681854488e+00
5.007093402597237564e+00
5.006746309253504279e+00
5.006396958421101218e+00
5.006048694255879283e+00
5.005700764249196411e+00
5.005354875552585625e+00
5.005009334872593918e+00
5.004665053191711621e+00
5.004325026872683324e+00
5.003992649058926823e+00
5.003671516071189096e+00
5.003365417144375549e+00
5.003079225796389196e+00
5.002811752486158170e+00
5.002563346869428607e+00
5.002335816084523046e+00
5.002131605337490683e+00
5.001955151039291891e+00
5.001804509771173635e+00
5.001679317758537024e+00
5.001581211093000690e+00
5.001512385223179535e+00
5.001477490459222963e+00
5.001474230941971300e+00
5.001504049299404286e+00
5.001562623738431412e+00
5.001648315529459765e+00
5.001763093912162894e+00
5.001903066721865798e+00
5.002068707899312017e+00
5.002255514276335191e+00
5.002462899212846814e+00
5.002686974530229591e+00
5.002921301343598692e+00
5.003164823272387096e+00
5.003413573962758321e+00
5.003667463132303261e+00
5.003923715663265881e+00
5.004177344286005358e+00
5.004427552738349050e+00
5.004671186444472397e+00
5.004908173264126070e+00
5.005136122976552748e+00
5.005355513070832707e+00
5.005568276916753767e+00
5.005772721295368655e+00
5.005969148066951036e+00
5.006155001496090051e+00
5.006330364451867965e+00
5.006496977967334061e+00
5.006654515353156754e+00
5.006805273418440727e+00
5.006949179929805815e+00
5.007086701833768139e+00
5.007214101844592591e+00
5.007329754590181814e+00
5.007433473349673925e+00
5.007525876539884457e+00
5.007607659113718412e+00
5.007675399536390515e+00
5.007727611822199165e+00
5.007764300567222548e+00
5.007786122826518138e+00
5.007793777057092832e+00
5.007784493095248202e+00
5.007757645100363142e+00
5.007714216685863029e+00
5.007655988316992435e+00
5.007584811206916342e+00
5.007499234359721108e+00
5.007399286907176617e+00
5.007282365215952602e+00
5.007148468894893512e+00
5.006998599581430121e+00
5.006831205990176059e+00
5.006646540816884539e+00
5.006442616153520930e+00
5.006220210380865510e+00
5.005981115605696807e+00
5.005724369902178950e+00
5.005450530406102772e+00
5.005157898478225675e+00
5.004847468007372235e+00
5.004522045683131637e+00
5.004185478854939362e+00
5.003842020798489720e+00
5.003492003697918022e+00
5.003137558568283794e+00
5.002778809610767929e+00
5.002419145610198292e+00
5.002059640940292873e+00
5.001699270252152552e+00
5.001341223586365459e+00
5.000986039470896038e+00
5.000637745875878615e+00
5.000297634694737425e+00
4.999969268385332732e+00
4.999651996586483627e+00
4.999347373750071988e+00
4.999059774875651563e+00
4.998788409400742871e+00
4.998535921238374868e+00
4.998300528917472896e+00
4.998083175271760936e+00
4.997887474354368642e+00
4.997711300384264810e+00
4.997555959783506196e+00
4.997418050589051752e+00
4.997296798937033380e+00
4.997194073358561361e+00
4.997110751699666231e+00
4.997046799715616494e+00
4.997001676410445015e+00
4.996974258860580775e+00
4.996964552444993934e+00
4.996974902283988662e+00
4.997001624731935543e+00
4.997044212921180062e+00
4.997097578109830351e+00
4.997159210402175589e+00
4.997229178255080839e+00
4.997304021143943231e+00
4.997383778836234747e+00
4.997465482135893033e+00
4.997548792441964594e+00
4.997636221941219148e+00
4.997726017018439215e+00
4.997819276913658904e+00
4.997913809461177692e+00
4.998009876390577588e+00
4.998110355330288357e+00
4.998213738618075830e+00
4.998321327795863134e+00
4.998430909063324989e+00
4.998543094392523756e+00
4.998655464961782258e+00
4.998762889854265978e+00
4.998864156292406769e+00
4.998955654265014203e+00
4.999036488687274016e+00
4.999103753963140662e+00
4.999157450600182351e+00
4.999199268101370386e+00
4.999227848868472712e+00
4.999243715180204717e+00
4.999244964226384980e+00
4.999232358983720204e+00
4.999208358561158860e+00
4.999173914531715113e+00
4.999128660715654426e+00
4.999071570800155406e+00
4.999001773220956402e+00
4.998922375037803789e+00
4.998835144357292926e+00
4.998744917816951627e+00
4.998654559233695949e+00
4.998564863174690842e+00
4.998475815027489944e+00
4.998386487194806271e+00
4.998300587923734106e+00
4.998220054765699416e+00
4.998145071102774395e+00
4.998074971747122675e+00
4.998008351817265549e+00
4.997948712224610901e+00
4.997897622704044807e+00
4.997858553628907963e+00
4.997829928831201585e+00
4.997812967781214866e+00
4.997804899018960079e+00
4.997805599608693861e+00
4.997817575228400422e+00
4.997838518575298927e+00
4.997869152179919006e+00
4.997906152822543469e+00
4.997949196102563718e+00
4.998000066953246723e+00
4.998060679847840859e+00
4.998132722664159644e+00
4.998217968575191961e+00
4.998318912989927476e+00
4.998431777234657147e+00
4.998554624586834194e+00
4.998686739762781883e+00
4.998828160425183853e+00
4.998979958703277937e+00
4.999137497262566399e+00
4.999298321658283584e+00
4.999461378601850470e+00
4.999626546294898333e+00
4.999794097261041514e+00
4.999964852386622916e+00
5.000140057054817788e+00
5.000315624305518014e+00
5.000489444581331711e+00
5.000660627090842247e+00
5.000829078888060053e+00
5.000995206234517099e+00
5.001154546828479930e+00
5.001304697922900999e+00
5.001444698458077376e+00
5.001574426067530332e+00
5.001694015187679199e+00
5.001801031872166625e+00
5.001891862887425155e+00
5.001966026842131541e+00
5.002021648797676079e+00
5.002058976397386836e+00
5.002076661541363656e+00
5.002076388962745312e+00
5.002061146192429142e+00
5.002031275042974734e+00
5.001988834002697892e+00
5.001933631566064520e+00
5.001867338106680272e+00
5.001788718416067425e+00
5.001694952272522698e+00
5.001586096319083019e+00
5.001460629240322753e+00
5.001319098514217742e+00
5.001160233155536261e+00
5.000985818081247203e+00
5.000798994158107469e+00
5.000600104503977406e+00
5.000391341489452302e+00
5.000172267504678913e+00
4.999945189435676340e+00
4.999714112323418114e+00
4.999479469139770593e+00
4.999243974578277516e+00
4.999007290773734624e+00
4.998771510892257020e+00
4.998535885312302973e+00
4.998300832104577651e+00
4.998067465168132273e+00
4.997837482527537567e+00
4.997612673905385883e+00
4.997395195369317200e+00
4.997187433284415725e+00
4.996991687421394879e+00
4.996810539667202455e+00
4.996646331348163272e+00
4.996501806215089658e+00
4.996380597040695370e+00
4.996279892273886247e+00
4.996198521670593529e+00
4.996136765749833231e+00
4.996095596365338842e+00
4.996077773420545931e+00
4.996079483929640297e+00
4.996098995794159947e+00
4.996136091347867847e+00
4.996191583127798097e+00
4.996267837617629937e+00
4.996360972371037157e+00
4.996469542054543744e+00
4.996589620007286570e+00
4.996721656449223836e+00
4.996863606913098721e+00
4.997015004312703290e+00
4.997170656384984255e+00
4.997328071283260620e+00
4.997486293731341789e+00
4.997645499358038812e+00
4.997806525087067797e+00
4.997965312400916460e+00
4.998120109062726080e+00
4.998270499171773906e+00
4.998417075608010407e+00
4.998560709381560940e+00
4.998702433310533877e+00
4.998842730304311033e+00
4.998982174895789221e+00
4.999121594481255926e+00
4.999261291014117425e+00
4.999401891796003916e+00
4.999543632805432125e+00
4.999686746714721686e+00
4.999831978693688228e+00
4.999979501986960173e+00
5.000129890680398148e+00
5.000283341776665225e+00
5.000440159585410882e+00
5.000600948702627946e+00
5.000760536860758165e+00
5.000915860232049148e+00
5.001064787140199641e+00
5.001206180598670059e+00
5.001339189900169124e+00
5.001463353267022072e+00
5.001578650638545120e+00
5.001685103137130106e+00
5.001782895071516855e+00
5.001872085133652668e+00
5.001952918456953334e+00
5.002025898840365414e+00
5.002091334840371495e+00
5.002149570296605674e+00
5.002200810430657896e+00
5.002245536736300124e+00
5.002283966595860498e+00
5.002316425164318403e+00
5.002343361297245217e+00
5.002365016295663658e+00
5.002381907249656479e+00
5.002394257878042261e+00
5.002402436744744385e+00
5.002406986294520408e+00
5.002408104584685766e+00
5.002406355219647160e+00
5.002401935270974320e+00
5.002395162928952921e+00
5.002386660081320713e+00
5.002376704655108419e+00
5.002365830961135629e+00
5.002354212426800117e+00
5.002342258797944474e+00
5.002330170736167148e+00
5.002317859487592777e+00
5.002305150503742581e+00
5.002291136009371364e+00
5.002275059576132499e+00
5.002255678784785609e+00
5.002231984441386281e+00
5.002203118577816632e+00
5.002172787445814173e+00
5.002143577581954048e+00
5.002116451452237378e+00
5.002092016698076904e+00
5.002069953743117914e+00
5.002052553531463275e+00
5.002040138102819888e+00
5.002030533484285613e+00
5.002020799626116343e+00
5.002007118960828613e+00
5.001990149991108581e+00
5.001968940095033567e+00
5.001943867915764841e+00
5.001911662806746151e+00
5.001871361559245166e+00
5.001823852615419952e+00
5.001770904044608557e+00
5.001714706736604121e+00
5.001653206692064479e+00
5.001586250601322448e+00
5.001515278214574423e+00
5.001442413464173953e+00
5.001370457572849482e+00
5.001297314431504049e+00
5.001222922102534163e+00
5.001146585684256074e+00
5.001067477049292442e+00
5.000984789239229400e+00
5.000902312327163202e+00
5.000822606798246639e+00
5.000746583080836416e+00
5.000674740615287384e+00
5.000606805546195410e+00
5.000545646826722646e+00
5.000492020276360527e+00
5.000443975426241749e+00
5.000404024062663488e+00
5.000371655057171516e+00
5.000349737970611663e+00
5.000339085672969475e+00
5.000339100270807968e+00
5.000349216233748173e+00
5.000368606020507478e+00
5.000395766536980702e+00
5.000429608154385974e+00
5.000468426130987076e+00
5.000510760893389417e+00
5.000554918822175843e+00
5.000604356837733633e+00
5.000661248949629822e+00
5.000726157411276240e+00
5.000799305609701761e+00
5.000880032892611737e+00
5.000967548921046557e+00
5.001060802026924712e+00
5.001158397610572237e+00
5.001259002539602427e+00
5.001361045738023314e+00
5.001462990579467416e+00
5.001563268455948119e+00
5.001662259198064397e+00
5.001761275002072793e+00
5.001862491474757810e+00
5.001963407018491736e+00
5.002063339132154951e+00
5.002158526520515736e+00
5.002248161009783090e+00
5.002333501003021432e+00
5.002416424754346558e+00
5.002498996847580592e+00
5.002583572290176583e+00
5.002672901221821178e+00
5.002764414104903246e+00
5.002857188594797222e+00
5.002951754334652001e+00
5.003049267403119060e+00
5.003151717785083719e+00
5.003255910140731899e+00
5.003360457740062550e+00
5.003465680343369471e+00
5.003572551154801928e+00
5.003682886821487763e+00
5.003793412012318420e+00
5.003902688727984049e+00
5.004011002707565936e+00
5.004119315364669696e+00
5.004229355755532183e+00
5.004340991120122872e+00
5.004452662256812623e+00
5.004561938236733454e+00
5.004665980640133682e+00
5.004766559743588417e+00
5.004863421817576707e+00
5.004954987366949659e+00
5.005038719068547692e+00
5.005111981479716476e+00
5.005176339334141744e+00
5.005232050817724598e+00
5.005282185099352965e+00
5.005327099867430185e+00
5.005365272374622698e+00
5.005397335470920694e+00
5.005421068003200524e+00
5.005436879099145919e+00
5.005446552479554612e+00
5.005451525055834239e+00
5.005452974664950538e+00
5.005451894347062947e+00
5.005449135036763586e+00
5.005445507809202610e+00
5.005441686147972469e+00
5.005438375168163923e+00
5.005436166545990773e+00
5.005435854047249222e+00
5.005432751654883994e+00
5.005423744849399448e+00
5.005407145229406218e+00
5.005381841574567225e+00
5.005347362974431391e+00
5.005303534063283877e+00
5.005250397770438120e+00
5.005188194689114134e+00
5.005117251955677027e+00
5.005038004907554239e+00
5.004950917809045663e+00
5.004856520349866500e+00
5.004755347248873498e+00
5.004647967888749882e+00
5.004534943689368021e+00
5.004416826626993497e+00
5.004294272315464198e+00
5.004168149660117138e+00
5.004039788310192804e+00
5.003910487069525459e+00
5.003781809945366810e+00
5.003655287938900464e+00
5.003532666441762089e+00
5.003411491549351275e+00
5.003292164382302509e+00
5.003171737137027897e+00
5.003049923962691992e+00
5.002928704534435944e+00
5.002809844686427532e+00
5.002695069526100546e+00
5.002585999387093807e+00
5.002484623471984193e+00
5.002387159232760006e+00
5.002291410499031699e+00
5.002196580636093515e+00
5.002102469046380229e+00
5.002009474587405968e+00
5.001918249008024731e+00
5.001829665413836778e+00
5.001744835803996203e+00
5.001664950017597810e+00
5.001591370789115309e+00
5.001525407497551257e+00
5.001468992944587022e+00
5.001418115346472959e+00
5.001370570956511052e+00
5.001325489891474518e+00
5.001282621313599464e+00
5.001242552771015148e+00
5.001200506741893648e+00
5.001153850298154957e+00
5.001101423668455226e+00
5.001042822570320290e+00
5.000978353618426020e+00
5.000908480550875446e+00
5.000834126271088920e+00
5.000756347494912823e+00
5.000676330736620656e+00
5.000595427685198047e+00
5.000514923221212271e+00
5.000436318459700935e+00
5.000355762009291105e+00
5.000271151278880666e+00
5.000181656627695759e+00
5.000087128764730160e+00
4.999987940312143664e+00
4.999884748494963560e+00
4.999778572794760123e+00
4.999670504507387925e+00
4.999561785700509020e+00
4.999453778079488764e+00
4.999347704182156349e+00
4.999245057887175214e+00
4.999147220588065821e+00
4.999055654675476745e+00
4.998971909302063921e+00
4.998897369586640771e+00
4.998834099083916627e+00
4.998778125428372299e+00
4.998727262866461629e+00
4.998680781823362729e+00
4.998638474404591747e+00
4.998600645951240651e+00
4.998567932791788238e+00
4.998541416969397133e+00
4.998522167938078020e+00
4.998511429955265761e+00
4.998510577740249872e+00
4.998520921094911529e+00
4.998544564196941487e+00
4.998577454805941400e+00
4.998617347943231870e+00
4.998663449202298104e+00
4.998715503647557235e+00
4.998774259755021099e+00
4.998834949376626646e+00
4.998894866498751810e+00
4.998952956086590405e+00
4.999008838900931728e+00
4.999062714417100040e+00
4.999115144692927615e+00
4.999167110108404088e+00
4.999219665325809636e+00
4.999274042540792884e+00
4.999331585311893811e+00
4.999393597947064727e+00
4.999461787164773519e+00
4.999532212059574654e+00
4.999602710533517680e+00
4.999672501081231069e+00
4.999741360846536864e+00
4.999809651629627538e+00
4.999872734708339372e+00
4.999928073565104825e+00
4.999974521481060918e+00
5.000011714649015282e+00
5.000039845908620606e+00
5.000059470288550578e+00
5.000071599858208593e+00
5.000077269342588338e+00
5.000077687823982764e+00
5.000074194144877637e+00
5.000068075960339975e+00
5.000060666974937007e+00
5.000048134151915846e+00
5.000028400534833217e+00
5.000000735809630115e+00
4.999965005477029045e+00
4.999921494198102501e+00
4.999870275391337771e+00
4.999811496452499782e+00
4.999749696512779451e+00
4.999687874631098872e+00
4.999627684291526819e+00
4.999570113203562371e+00
4.999515400307326551e+00
4.999466740770338369e+00
4.999424471456630492e+00
4.999386188569086009e+00
4.999353583112432275e+00
4.999325426134353378e+00
4.999304077992754003e+00
4.999288936699348262e+00
4.999280793913248644e+00
4.999279492499671740e+00
4.999284515451772215e+00
4.999294713775062071e+00
4.999314075056362938e+00
4.999345109863105208e+00
4.999388734716820437e+00
4.999445283641006377e+00
4.999514309572885118e+00
4.999595110430280265e+00
4.999686726746047860e+00
4.999787874589571857e+00
4.999897246970691711e+00
5.000013275411808067e+00
5.000134431854719175e+00
5.000259016710230320e+00
5.000390137466499851e+00
5.000528694339925195e+00
5.000678105256418426e+00
5.000837572268109099e+00
5.001009302488427899e+00
5.001192022613149213e+00
5.001384505457144414e+00
5.001585261332701648e+00
5.001792871872794422e+00
5.002005749731224249e+00
5.002222344647060837e+00
5.002441197945635132e+00
5.002662307801555741e+00
5.002886494710010012e+00
5.003115470162492251e+00
5.003346128980528995e+00
5.003577437805842187e+00
5.003804756062937287e+00
5.004026093962503197e+00
5.004241331531567027e+00
5.004450628603708928e+00
5.004654166004521620e+00
5.004852339844120479e+00
5.005045655476760835e+00
5.005234539299173058e+00
5.005419579851343670e+00
5.005601258776052553e+00
5.005780207454128217e+00
5.005956834680302947e+00
5.006126565406931128e+00
5.006286476249708350e+00
5.006434846282838080e+00
5.006570775923221639e+00
5.006693752915501783e+00
5.006803693524464194e+00
5.006900742812915084e+00
5.006985081410867622e+00
5.007057217233715107e+00
5.007117516361078380e+00
5.007166579360974090e+00
5.007205014992405445e+00
5.007233309659542719e+00
5.007252151686601316e+00
5.007262082120773172e+00
5.007263834951349857e+00
5.007257778835387363e+00
5.007241511199294948e+00
5.007212136950013992e+00
5.007170386806733653e+00
5.007115737468606831e+00
5.007050311857504710e+00
5.006974036031073716e+00
5.006885365479297967e+00
5.006785982389606815e+00
5.006675910715618016e+00
5.006557772810244167e+00
5.006431860289209723e+00
5.006297025222935737e+00
5.006155662181462240e+00
5.006008297585556654e+00
5.005858355451980657e+00
5.005706972739333516e+00
5.005553318735817214e+00
5.005395622801641409e+00
5.005231620416650706e+00
5.005063281123200092e+00
5.004890861593792373e+00
5.004714186367252182e+00
5.004532904968270302e+00
5.004346880064018066e+00
5.004160474882133336e+00
5.003976705119617563e+00
5.003797158420688618e+00
5.003622901447720928e+00
5.003454291046270264e+00
5.003291441787639293e+00
5.003134262905128971e+00
5.002982349785649596e+00
5.002835226951771297e+00
5.002692309709869889e+00
5.002552964602269725e+00
5.002416597584867120e+00
5.002284460560090906e+00
5.002158783225945982e+00
5.002043222513653298e+00
5.001936212394990200e+00
5.001838644443683535e+00
5.001747585775933480e+00
5.001662908819174191e+00
5.001587197183301470e+00
5.001518424077561420e+00
5.001457584862268213e+00
5.001401881010872685e+00
5.001351327513013700e+00
5.001307914758701401e+00
5.001274619869557903e+00
5.001256084265089719e+00
5.001251480921831138e+00
5.001262798345609717e+00
5.001287552548067339e+00
5.001325693837326725e+00
5.001380135932896209e+00
5.001448542619082005e+00
5.001531973773571060e+00
5.001627244301097619e+00
5.001733844665768203e+00
5.001854297056752330e+00
5.001986096020746508e+00
5.002130086220757832e+00
5.002282953377769736e+00
5.002444745100992129e+00
5.002612511146771190e+00
5.002780615132260245e+00
5.002947740297724266e+00
5.003110061589588931e+00
5.003266863658985208e+00
5.003414993336385841e+00
5.003553373873194765e+00
5.003682470129762194e+00
5.003803538916592686e+00
5.003918067267124847e+00
5.004023225991014456e+00
5.004117915084544954e+00
5.004200838398147333e+00
5.004273556032176273e+00
5.004335676048840220e+00
5.004388323630163171e+00
5.004429637863257341e+00
5.004460233830803517e+00
5.004482025372752219e+00
5.004493382078551100e+00
5.004494618747309609e+00
5.004483292981208642e+00
5.004459669164538660e+00
5.004425869249430114e+00
5.004384999937069090e+00
5.004340892416116127e+00
5.004293124350411404e+00
5.004243101478246913e+00
5.004189339723129848e+00
5.004133076472829345e+00
5.004077756428779722e+00
5.004022889976077693e+00
5.003970648022987078e+00
5.003919819561452265e+00
5.003871965124890409e+00
5.003825683515206180e+00
5.003776928666665569e+00
5.003725582287333218e+00
5.003669021321146992e+00
5.003607470510212707e+00
5.003538932637928482e+00
5.003462785753106878e+00
5.003380112825577264e+00
5.003292401768881348e+00
5.003201605305688915e+00
5.003105201116444967e+00
5.003002121952046188e+00
5.002893217392882619e+00
5.002779783346374742e+00
5.002663750518729913e+00
5.002545124386123199e+00
5.002422103761380967e+00
5.002297171960270461e+00
5.002170497971272667e+00
5.002045532987139609e+00
5.001923355544604100e+00
5.001802732246615868e+00
5.001681493651740418e+00
5.001556490464754923e+00
5.001429207167275237e+00
5.001299212054036047e+00
5.001169407508021969e+00
5.001040506885074066e+00
5.000911112735667352e+00
5.000784046343214939e+00
5.000659573972842331e+00
5.000541398646927149e+00
5.000430801101646949e+00
5.000326601649320857e+00
5.000228822883835633e+00
5.000138341729214453e+00
5.000056605637689167e+00
4.999985680096465934e+00
4.999924306483621628e+00
4.999874277418162372e+00
4.999836836557983055e+00
4.999812677675540051e+00
4.999802251144459753e+00
4.999805790515706505e+00
4.999823441695511406e+00
4.999855199178304233e+00
4.999901017608676668e+00
4.999960789230275537e+00
5.000034385087523958e+00
5.000121655041906976e+00
5.000222888427410695e+00
5.000334101763177053e+00
5.000455176231074716e+00
5.000582417684230840e+00
5.000715497961823353e+00
5.000850997396369735e+00
5.000986824051103063e+00
5.001122037271595211e+00
5.001256096536850215e+00
5.001389041502585897e+00
5.001521092845684358e+00
5.001652638862466027e+00
5.001784283580816393e+00
5.001916637464051796e+00
5.002050455824097241e+00
5.002186492799406636e+00
5.002325689817403997e+00
5.002463561451619078e+00
5.002597333403860702e+00
5.002725611940581629e+00
5.002847608613405050e+00
5.002963100566151233e+00
5.003071850376757723e+00
5.003173608245882420e+00
5.003268072005915279e+00
5.003354993627031178e+00
5.003434041046162406e+00
5.003504924780315832e+00
5.003567440087532958e+00
5.003622510239108756e+00
5.003671947626024519e+00
5.003718000693806900e+00
5.003763280652092860e+00
5.003805592913742828e+00
5.003844569562099664e+00
5.003881247068385996e+00
5.003917325953118223e+00
5.003955213086774378e+00
5.003992387293001443e+00
5.004028201402725529e+00
5.004060869954156665e+00
5.004092756259817421e+00
5.004124286150656076e+00
5.004158304081394171e+00
5.004194382884636916e+00
5.004234750549406918e+00
5.004278771494615086e+00
5.004323078877391140e+00
5.004368252925673666e+00
5.004412236180254325e+00
