0.000000000000000000e+00
0.000000000000000000e+00
-1.470045244786889496e-06
-7.702376751694827255e-06
-1.968069496797397475e-05
-3.486185945803301227e-05
-4.957078519510106499e-05
-2.748667291598395570e-05
4.193095664959391948e-06
9.415971318958325439e-05
2.779297364759259273e-04
5.747429488110358635e-04
9.849047122406778820e-04
1.572708582680207388e-03
2.331557965080719927e-03
3.307682370941622194e-03
4.504843747417911111e-03
5.976922160189137093e-03
7.661354934971319544e-03
9.700672572653279424e-03
1.206275874952553694e-02
1.475738460401772659e-02
1.784294808487176323e-02
2.130998397449731033e-02
2.512926960567712226e-02
2.930213654617547236e-02
3.391962373832940053e-02
3.897119129280328387e-02
4.438891196827172980e-02
5.030517721752405386e-02
5.663825417141199470e-02
6.336552286724328464e-02
7.058044875244379179e-02
7.827572846988917199e-02
8.636324012855768617e-02
9.498369360546350670e-02
1.039645566997933479e-01
1.134439470825600593e-01
1.232686837969231425e-01
1.335730549154686975e-01
1.442138263044762669e-01
1.553695591745782312e-01
1.668260535059380434e-01
1.787629660425591460e-01
1.911259731111931703e-01
2.038742109594749996e-01
2.169799324331687929e-01
2.305757757482932990e-01
2.444257315454887447e-01
2.586905154047416944e-01
2.731757792292046627e-01
2.880506273565697772e-01
3.032719036398338064e-01
3.188022800741599494e-01
3.346232565699027717e-01
3.507305368242668586e-01
3.671137400923180083e-01
3.837823923883843524e-01
4.008173497972893906e-01
4.182385023889948483e-01
4.360442313013483395e-01
4.542152580080439095e-01
4.727567180452754148e-01
4.917404409704615453e-01
5.110215672312190538e-01
5.306912132559230555e-01
5.506277796087671872e-01
5.709269281683374553e-01
5.915939565954615453e-01
6.125389047918727847e-01
6.337906190214566138e-01
6.552920552549771349e-01
6.770777436552458672e-01
6.992081853208952369e-01
7.215475174246245293e-01
7.441782947836332873e-01
7.669947334585600629e-01
7.900926657972747735e-01
8.134506317434725409e-01
8.370288463888582164e-01
8.608285995779452193e-01
8.848979398069796165e-01
9.092116018591342996e-01
9.338430544195590599e-01
9.587559434233127176e-01
9.839242645559727052e-01
1.009390883093875591e+00
1.035027656203311830e+00
1.060965244418185627e+00
1.087075130587619176e+00
1.113478388434451238e+00
1.140060431605380176e+00
1.166939062720339759e+00
1.194059180861514191e+00
1.221384935027163499e+00
1.248962401991885240e+00
1.276762113219302108e+00
1.304806625491183203e+00
1.333100940829317960e+00
1.361528188830416708e+00
1.390128030425113126e+00
1.418880140429537917e+00
1.447694956904452379e+00
1.476593541747134086e+00
1.505561818724673095e+00
1.534610225802462313e+00
1.563744971400301331e+00
1.592944304591219051e+00
1.622212254649202379e+00
1.651546859389345423e+00
1.680868291502992884e+00
1.710178470259706485e+00
1.739486326819460027e+00
1.768778359538118572e+00
1.798069278842012286e+00
1.827302281504670667e+00
1.856525146609345978e+00
1.885667068606416530e+00
1.914697219973604092e+00
1.943653840666810684e+00
1.972485305911103826e+00
2.001263000613251908e+00
2.029928907996217280e+00
2.058543769961396652e+00
2.087000059729615664e+00
2.115268907195130943e+00
2.143337256556550496e+00
2.171175284033814989e+00
2.198885817175904922e+00
2.226383947974244215e+00
2.253689355498352587e+00
2.280819718485870951e+00
2.307781984454193580e+00
2.334578868990937028e+00
2.361167349463502152e+00
2.387475940829316468e+00
2.413581444865266601e+00
2.439397146349946865e+00
2.465034341460267786e+00
2.490397407656709472e+00
2.515544364100496644e+00
2.540510470515291885e+00
2.565320300704042822e+00
2.589946238642733434e+00
2.614390921240847820e+00
2.638590380793612411e+00
2.662643811350863476e+00
2.686452896243136212e+00
2.710115573054354687e+00
2.733545250540773797e+00
2.756790213233034859e+00
2.779852544909517498e+00
2.802745465880434494e+00
2.825421561842959228e+00
2.847985658293765265e+00
2.870353839045565625e+00
2.892618190890352992e+00
2.914660768157045556e+00
2.936508543139498162e+00
2.958180486804049103e+00
2.979652394896548095e+00
3.000866655951540451e+00
3.021932305937807151e+00
3.042738773470918812e+00
3.063270711546937974e+00
3.083704657202760657e+00
3.103960139399568607e+00
3.124056248312990114e+00
3.143987332230608001e+00
3.163754636889498428e+00
3.183479361182253164e+00
3.203204463368456434e+00
3.222944047099153941e+00
3.242883164530794726e+00
3.262971758490603502e+00
3.283341726904909663e+00
3.303924057131808034e+00
3.324801530486146905e+00
3.345943541174928537e+00
3.367480587607423193e+00
3.389391722327272483e+00
3.411661533957521808e+00
3.434256512766878711e+00
3.457152714377444092e+00
3.480504700785677752e+00
3.504223479872744296e+00
3.528302404528658620e+00
3.552679276114504070e+00
3.577371837740938698e+00
3.602334582453767808e+00
3.627587480193177782e+00
3.653090715056459103e+00
3.678829707747499178e+00
3.704774746542970121e+00
3.730958675986329354e+00
3.757341918593445573e+00
3.783957616931000523e+00
3.810775351172486669e+00
3.837680308466950851e+00
3.864679128771821404e+00
3.891678969508210795e+00
3.918705591803590238e+00
3.945712403899232168e+00
3.972718264704743873e+00
3.999680015688935608e+00
4.026622013693849311e+00
4.053509904986421830e+00
4.080293576365510155e+00
4.107026180869142173e+00
4.133648702746430814e+00
4.160207090025942023e+00
4.186639065390626691e+00
4.212994806414644522e+00
4.239205150252382204e+00
4.265347940569917284e+00
4.291368372088472327e+00
4.317337412482300962e+00
4.343184344416657794e+00
4.368968486434022580e+00
4.394614591246645219e+00
4.420186464434664231e+00
4.445600134974520223e+00
4.470913307314913432e+00
4.496043834334414235e+00
4.521053571349185063e+00
4.545863368159336559e+00
4.570490758067172976e+00
4.595006231909793293e+00
4.619347855692905291e+00
4.643530842906039346e+00
4.667485041266482781e+00
4.691185438281100240e+00
4.714627809172671213e+00
4.737693838721316553e+00
4.760444035178226230e+00
4.782735421305697621e+00
4.804591309672396449e+00
4.826054706221621693e+00
4.847137012129825173e+00
4.867868220454257155e+00
4.888205957060854701e+00
4.908052446490328791e+00
4.927540837174456456e+00
4.946560001021425457e+00
4.965131584054033098e+00
4.983327718621294089e+00
5.001113179570238820e+00
5.018407086974185027e+00
5.035305189734499365e+00
5.051964853650133591e+00
5.068237495070497367e+00
5.084112773781816585e+00
5.099629792815248308e+00
5.114888724928895236e+00
5.129902044182816923e+00
5.144572165852586032e+00
5.159060848599473559e+00
5.173373939639131613e+00
5.187471229678195073e+00
5.201306990033191191e+00
5.214992190247576431e+00
5.228578829413454088e+00
5.242058682089846045e+00
5.255320289975206727e+00
5.268332975750962710e+00
5.281303002482454545e+00
5.294260054474871247e+00
5.307233652716677241e+00
5.320140653496782335e+00
5.333123732453386445e+00
5.346222002154390474e+00
5.359452774172823730e+00
5.372686670666736219e+00
5.386074691659016089e+00
5.399587697630924055e+00
5.413199905997317707e+00
5.427021177655261930e+00
5.441033252125781594e+00
5.455216536170047981e+00
5.469633395319980274e+00
5.484236986285250914e+00
5.499041101580661284e+00
5.514098815566105038e+00
5.529298201447527816e+00
5.544742716198961752e+00
5.560424044972458901e+00
5.576351012831727516e+00
5.592408587580719903e+00
5.608661681061783533e+00
5.625082072859803439e+00
5.641665014868775252e+00
5.658312037831344732e+00
5.675063944703140351e+00
5.691888879185714067e+00
5.708784774189986422e+00
5.725678201561965608e+00
5.742591840868987774e+00
5.759493335133590186e+00
5.776381275301972096e+00
5.793239627724686258e+00
5.810072617178956733e+00
5.826847687607805248e+00
5.843592025881807928e+00
5.860273785239260569e+00
5.876902929192584502e+00
5.893471090441744664e+00
5.909984889870684377e+00
5.926433586722414937e+00
5.942812245732348231e+00
5.959112406617205870e+00
5.975363204127352112e+00
5.991538594609301605e+00
6.007650066262286259e+00
6.023661684638064173e+00
6.039565282708209359e+00
6.055348177796404663e+00
6.071011203175585180e+00
6.086546762829821766e+00
6.101953097229998235e+00
6.117208941823045976e+00
6.132331264859239184e+00
6.147279171591797819e+00
6.162085901146927114e+00
6.176728465205232332e+00
6.191185551529924780e+00
6.205487631207507349e+00
6.219611607438129575e+00
6.233585066443485978e+00
6.247382530814213020e+00
6.260974779969258108e+00
6.274403434639973298e+00
6.287638755684894498e+00
6.300656658059160975e+00
6.313504168635409641e+00
6.326119664555591271e+00
6.338568359261555152e+00
6.350790373927158505e+00
6.362839440947573699e+00
6.374677463418047196e+00
6.386333273297351454e+00
6.397775073891681430e+00
6.409053312188190077e+00
6.420115545636218002e+00
6.431018913632434497e+00
6.441754923707049940e+00
6.452311060076755034e+00
6.462694341784517960e+00
6.472891293412248892e+00
6.482954392081301087e+00
6.492861593609849713e+00
6.502565334087411664e+00
6.512124361640015735e+00
6.521522890573541176e+00
6.530783143287698600e+00
6.539929036742250013e+00
6.548910227662124939e+00
6.557801023965874165e+00
6.566552212482490880e+00
6.575181652551689737e+00
6.583712622171441708e+00
6.592105112319985416e+00
6.600408768302004070e+00
6.608624522334139328e+00
6.616757919436494717e+00
6.624796819931070502e+00
6.632768705135385190e+00
6.640669583922425900e+00
6.648508706933061063e+00
6.656282822733918358e+00
6.663974262720148367e+00
6.671605915075342175e+00
6.679173943048517081e+00
6.686676982289355031e+00
6.694126125222247481e+00
6.701525634771388518e+00
6.708867919689220471e+00
6.716142059808773546e+00
6.723346557265325707e+00
6.730487200265929282e+00
6.737569304948853421e+00
6.744586610442207864e+00
6.751545339470910179e+00
6.758414325362252839e+00
6.765195325857209951e+00
6.771903404837655849e+00
6.778538040166901979e+00
6.785098562484789042e+00
6.791580830460596907e+00
6.797997288352060963e+00
6.804327120429086939e+00
6.810588741546678371e+00
6.816767241602946115e+00
6.822854107862521111e+00
6.828863520270395782e+00
6.834767905121852394e+00
6.840608509427120509e+00
6.846348693615008862e+00
6.851968928223659994e+00
6.857491958385517172e+00
6.862881668454220652e+00
6.868191999441197737e+00
6.873378550058415470e+00
6.878435522562077686e+00
6.883370316272786837e+00
6.888146891242078240e+00
6.892832375711014592e+00
6.897380598729661472e+00
6.901818773692659725e+00
6.906123006886057070e+00
6.910248210376312983e+00
6.914269979840328872e+00
6.918135219162515170e+00
6.921876331811954941e+00
6.925468209034016276e+00
6.928862633949329997e+00
6.932144060379078709e+00
6.935257000571302122e+00
6.938237950748018079e+00
6.941062534099629922e+00
6.943748621886781436e+00
6.946298821216634778e+00
6.948663979416899394e+00
6.950921270495467041e+00
6.953016792481952812e+00
6.954967999106460574e+00
6.956778762137704852e+00
6.958403853720240839e+00
6.959920242970995652e+00
6.961276182329467765e+00
6.962519380917958856e+00
6.963627418076804965e+00
6.964560073634793902e+00
6.965387653952650027e+00
6.966058309173397411e+00
6.966590466669014603e+00
6.967007142773083750e+00
6.967266084665618031e+00
6.967415299194119171e+00
6.967436826231144131e+00
6.967330799356290072e+00
6.967110594373384203e+00
6.966787895757891924e+00
6.966354582879878521e+00
6.965795882132091776e+00
6.965153352853097779e+00
6.964402304824630185e+00
6.963545676853697408e+00
6.962571870994012535e+00
6.961473382350247263e+00
6.960287249770205520e+00
6.958986647512953816e+00
6.957543861355823367e+00
6.955996923979562041e+00
6.954322588827650975e+00
6.952560352470915639e+00
6.950688060607951080e+00
6.948710777994434373e+00
6.946636303451102279e+00
6.944465402450602731e+00
6.942204401429932226e+00
6.939822774466318123e+00
6.937324334915919266e+00
6.934724368389887594e+00
6.931991788681787448e+00
6.929161121484082919e+00
6.926172841128152236e+00
6.923059247967046304e+00
6.919816856321139298e+00
6.916421404119772909e+00
6.912914211984915624e+00
6.909270821746630098e+00
6.905495877798838222e+00
6.901591962512774181e+00
6.897547058996004843e+00
6.893371992346091659e+00
6.889010441240116300e+00
6.884503109093949469e+00
6.879847809907242429e+00
6.875038214560791339e+00
6.870089416440770869e+00
6.864995034869955326e+00
6.859736493166731286e+00
6.854319192107961811e+00
6.848715921577261057e+00
6.842973321613118998e+00
6.837066811260029908e+00
6.831004254754826199e+00
6.824814616378590770e+00
6.818458440836713486e+00
6.811950628694340537e+00
6.805269729431912218e+00
6.798427223500058680e+00
6.791454479631230612e+00
6.784347904261395890e+00
6.777126923140332160e+00
6.769729456242366439e+00
6.762156525191111989e+00
6.754437837537570211e+00
6.746566595372004649e+00
6.738563326534076303e+00
6.730358514126582925e+00
6.722033406432911917e+00
6.713520322378918159e+00
6.704816740092083727e+00
6.695956383284375590e+00
6.686869333323284259e+00
6.677645880516810628e+00
6.668219111498638441e+00
6.658668209251209724e+00
6.648928379353328921e+00
6.638976823624417101e+00
6.628880959090039049e+00
6.618571404751582676e+00
6.608129928644939532e+00
6.597492186363979272e+00
6.586638285454554875e+00
6.575637358959957268e+00
6.564447686013028083e+00
6.553115497168346515e+00
6.541609776552959943e+00
6.529920062359616750e+00
6.518079128798291322e+00
6.506053921517179539e+00
6.493896396693035200e+00
6.481584891613765720e+00
6.469120028551860635e+00
6.456532265480800170e+00
6.443804296788020913e+00
6.430999985274120867e+00
6.418095319803997612e+00
6.405088980730815784e+00
6.392002174195094533e+00
6.378829671677394231e+00
6.365614263352197710e+00
6.352347133692545000e+00
6.339041173991005529e+00
6.325702354248803339e+00
6.312336922224801583e+00
6.298952466782373527e+00
6.285565155085367728e+00
6.272188727196495783e+00
6.258833569821159237e+00
6.245508006151954561e+00
6.232226408060829392e+00
6.218993809756081070e+00
6.205827818449776601e+00
6.192746429976265787e+00
6.179764707621377084e+00
6.166865517433921973e+00
6.154067838724891715e+00
6.141395404871742514e+00
6.128821759756843512e+00
6.116377378042976432e+00
6.104088107880394354e+00
6.091915325459281938e+00
6.079918565090935090e+00
6.068022170599738807e+00
6.056290438708106016e+00
6.044670839842597232e+00
6.033201261099616630e+00
6.021906177338401278e+00
6.010731549795906403e+00
5.999702990587989504e+00
5.988778760966102510e+00
5.978016194638053449e+00
5.967372434672156167e+00
5.956872041758338732e+00
5.946533934410850541e+00
5.936313584383765551e+00
5.926234248217383538e+00
5.916293995913306070e+00
5.906514350112715306e+00
5.896891502674856511e+00
5.887412096198835876e+00
5.878076438840666107e+00
5.868877004321851665e+00
5.859828978117741727e+00
5.850958583291806292e+00
5.842240953978337537e+00
5.833661229547299598e+00
5.825210822757519225e+00
5.816882537540233322e+00
5.808719537791049881e+00
5.800700728830134878e+00
5.792807314928805518e+00
5.785063888367449891e+00
5.777432988818919313e+00
5.769963728126323410e+00
5.762610607680118235e+00
5.755392886337078906e+00
5.748324956830777488e+00
5.741372609075344968e+00
5.734555554326809634e+00
5.727836007412708597e+00
5.721249753173626829e+00
5.714764245089329009e+00
5.708395256336964430e+00
5.702159636553562727e+00
5.695992162164485784e+00
5.689926340516842096e+00
5.683940557178295272e+00
5.678053051766193349e+00
5.672232709463870037e+00
5.666505300339496287e+00
5.660889205869472640e+00
5.655365240510738190e+00
5.649956340726649096e+00
5.644623396333490639e+00
5.639412624772820237e+00
5.634321277674469997e+00
5.629331483479771414e+00
5.624448541935715085e+00
5.619694174762996930e+00
5.615082421537671564e+00
5.610571111675534794e+00
5.606181071337495325e+00
5.601906655963693638e+00
5.597759004470144184e+00
5.593734498258863930e+00
5.589824907716547386e+00
5.586013508375917702e+00
5.582304117914472563e+00
5.578709940251147081e+00
5.575213638480936318e+00
5.571832598980700268e+00
5.568541304107938572e+00
5.565331996914183676e+00
5.562212607797419217e+00
5.559171708163057168e+00
5.556207617160117351e+00
5.553325699206625110e+00
5.550512666639123793e+00
5.547766335841451735e+00
5.545079059835707369e+00
5.542447597023283379e+00
5.539881488915716190e+00
5.537354545828137908e+00
5.534869695838723125e+00
5.532411259647640911e+00
5.529974597778353207e+00
5.527540297892127086e+00
5.525095417883430393e+00
5.522626802262102785e+00
5.520111332770620827e+00
5.517559761639868832e+00
5.514950841602122900e+00
5.512265064057148223e+00
5.509520878132617483e+00
5.506695125635898691e+00
5.503774704870021850e+00
5.500748102005756479e+00
5.497601272102629721e+00
5.494364776846204279e+00
5.491021339532170309e+00
5.487575595017705865e+00
5.484028996464046735e+00
5.480357247229847850e+00
5.476593312259944391e+00
5.472721670802864757e+00
5.468746864136490693e+00
5.464673713382515174e+00
5.460480119820866562e+00
5.456199227210316138e+00
5.451821004685195149e+00
5.447370973762305724e+00
5.442817572590144870e+00
5.438176741238864409e+00
5.433453474279674289e+00
5.428655031260284147e+00
5.423809259470732336e+00
5.418907859262259485e+00
5.413975492354663466e+00
5.409011621710095419e+00
5.404026261504922601e+00
5.399031623240744260e+00
5.394035691555774115e+00
5.389043603476323163e+00
5.384059770044125948e+00
5.379097453292644992e+00
5.374156241949834545e+00
5.369251158174313865e+00
5.364377256568706898e+00
5.359550751682556680e+00
5.354797751542367479e+00
5.350085811253824986e+00
5.345445598598757009e+00
5.340878814991750545e+00
5.336382935878074996e+00
5.331981512841023729e+00
5.327629642423428180e+00
5.323360717531479658e+00
5.319156082507409344e+00
5.315030206676759406e+00
5.311006312307157806e+00
5.307035073276796133e+00
5.303152157899178931e+00
5.299338297780789020e+00
5.295609030958450703e+00
5.291972604628838006e+00
5.288403520818985903e+00
5.284933248099125791e+00
5.281536739107407286e+00
5.278228174682892515e+00
5.275014824804104663e+00
5.271871471639908435e+00
5.268811168607509643e+00
5.265834674474036525e+00
5.262950917419231267e+00
5.260160994168555426e+00
5.257440667983328986e+00
5.254801997181211881e+00
5.252248832222257136e+00
5.249771626826557736e+00
5.247400002416405584e+00
5.245095187660488989e+00
5.242886204209360024e+00
5.240748788502247457e+00
5.238696501787931226e+00
5.236735253717929695e+00
5.234841245051653047e+00
5.233026035364896522e+00
5.231291529324084699e+00
5.229632298287182124e+00
5.228069399234084536e+00
5.226556727972059058e+00
5.225119836118249594e+00
5.223738645252018031e+00
5.222421836789874483e+00
5.221172843437817512e+00
5.219956286933448375e+00
5.218786011349585863e+00
5.217648293610839261e+00
5.216549874108461715e+00
5.215483098264961370e+00
5.214436142083435755e+00
5.213408160891562559e+00
5.212389300625948074e+00
5.211382720556286152e+00
5.210377824466851493e+00
5.209370711904194984e+00
5.208354276057508336e+00
5.207326292332438378e+00
5.206286469560293284e+00
5.205239627819685744e+00
5.204177050601867194e+00
5.203090400334622778e+00
5.201972045313741688e+00
5.200813478838828274e+00
5.199631968673494420e+00
5.198411468129779500e+00
5.197145763646985550e+00
5.195832680326129882e+00
5.194473526340152247e+00
5.193070821773434709e+00
5.191627667557622949e+00
5.190133910190488642e+00
5.188597963165667792e+00
5.187030615072872664e+00
5.185425380628731595e+00
5.183790840368893704e+00
5.182126427155163917e+00
5.180436141055253074e+00
5.178733084362175276e+00
5.177016930889513091e+00
5.175294037174608341e+00
5.173560088437225701e+00
5.171815898727801120e+00
5.170068947088150679e+00
5.168320057552485913e+00
5.166574061673314233e+00
5.164830514352947155e+00
5.163090894680649079e+00
5.161362431805759599e+00
5.159645079385668076e+00
5.157940557610423582e+00
5.156247362356812580e+00
5.154573102604777191e+00
5.152918730091483823e+00
5.151279719930321299e+00
5.149655620318085880e+00
5.148044979136617627e+00
5.146455756139191706e+00
5.144885143798026306e+00
5.143338941347035842e+00
5.141809705805215458e+00
5.140292951028976098e+00
5.138794861894283805e+00
5.137313194584286258e+00
5.135854550313388778e+00
5.134413787137900087e+00
5.132989564400349813e+00
5.131592865895663991e+00
5.130220979612506227e+00
5.128884620826878127e+00
5.127581501912512607e+00
5.126310710471310372e+00
5.125090573813953831e+00
5.123898486580887202e+00
5.122753669481912020e+00
5.121649777155558247e+00
5.120584476079980796e+00
5.119567601096075116e+00
5.118590011384528182e+00
5.117665081855100162e+00
5.116780824076573531e+00
5.115933383714597049e+00
5.115131156604926232e+00
5.114365464609305967e+00
5.113640569608848274e+00
5.112956682454983692e+00
5.112309748169225010e+00
5.111702255431752384e+00
5.111126033414347347e+00
5.110582844775362510e+00
5.110072789501590940e+00
5.109586123462958263e+00
5.109137498039943104e+00
5.108714562218827027e+00
5.108312855001727826e+00
5.107930843059161674e+00
5.107560482260027790e+00
5.107210190791824367e+00
5.106877620455064992e+00
5.106557937462070207e+00
5.106250918891467094e+00
5.105951915394701501e+00
5.105670009918697794e+00
5.105402634620854307e+00
5.105153627947159656e+00
5.104915716510451951e+00
5.104681593917496762e+00
5.104457356326469686e+00
5.104242458205856536e+00
5.104038737911918311e+00
5.103840407647379784e+00
5.103645131208190300e+00
5.103450462643243313e+00
5.103256008804030408e+00
5.103057685375399721e+00
5.102854352195000054e+00
5.102639466423725345e+00
5.102412600305114232e+00
5.102168792367163697e+00
5.101912857640716226e+00
5.101650900926623322e+00
5.101381428681496466e+00
5.101106026370261226e+00
5.100825403660716795e+00
5.100539119403989297e+00
5.100249767780483445e+00
5.099955711320222740e+00
5.099656717341573220e+00
5.099355541814298398e+00
5.099054098308267058e+00
5.098754788555386774e+00
5.098459607616248057e+00
5.098169786643419243e+00
5.097888741001669111e+00
5.097614736344845632e+00
5.097354259818971833e+00
5.097100371841520428e+00
5.096859160337776196e+00
5.096624040801257749e+00
5.096390223141940012e+00
5.096166206963540724e+00
5.095946709245624540e+00
5.095739072703006300e+00
5.095539159190090928e+00
5.095345037982049519e+00
5.095165400162520619e+00
5.094995444428358944e+00
5.094834494825636106e+00
5.094683459961969696e+00
5.094546066971678222e+00
5.094422514692131365e+00
5.094314087854880491e+00
5.094219844501647110e+00
5.094141520822602409e+00
5.094077178279118989e+00
5.094025306722332225e+00
5.093986084412034820e+00
5.093958750350583209e+00
5.093943043213520205e+00
5.093944648234034922e+00
5.093956371117244863e+00
5.093974120057980670e+00
5.093997730116686995e+00
5.094025613737620084e+00
5.094062077803398481e+00
5.094102874775279233e+00
5.094146547671270397e+00
5.094194177347098673e+00
5.094243097687003896e+00
5.094291010359166094e+00
5.094340242468615720e+00
5.094389688302626951e+00
5.094441538983820017e+00
5.094493680358727516e+00
5.094547218717496939e+00
5.094598889313500578e+00
5.094642949141423571e+00
5.094682249035548338e+00
5.094712881538879579e+00
5.094733679653008274e+00
5.094748053763622941e+00
5.094750028308926204e+00
5.094739075752886315e+00
5.094706448615044181e+00
5.094646823374070266e+00
5.094571705908029102e+00
5.094469203418568348e+00
5.094336429546101108e+00
5.094167174725308556e+00
5.093953141821994990e+00
5.093701481437757472e+00
5.093413993111327365e+00
5.093082165224924296e+00
5.092717136918082588e+00
5.092311347378865705e+00
5.091883050194456750e+00
5.091430710657013137e+00
5.090962385191095230e+00
5.090488365246426561e+00
5.090004661893915205e+00
5.089513779124688497e+00
5.089013553550909563e+00
5.088506333893607625e+00
5.088000076814067185e+00
5.087491346104513923e+00
5.086982322587141780e+00
5.086471999576755998e+00
5.085959176859327968e+00
5.085445878683099608e+00
5.084933090610869399e+00
5.084422202920981348e+00
5.083915264821118996e+00
5.083412007941371158e+00
5.082918699598379497e+00
5.082430794267421170e+00
5.081946113808519350e+00
5.081465401305324647e+00
5.080988329863615149e+00
5.080521456068821884e+00
5.080062014824219041e+00
5.079608148215779551e+00
5.079164326368339921e+00
5.078730174331434810e+00
5.078316126717695056e+00
5.077916764198311839e+00
5.077533958210119103e+00
5.077169156438180231e+00
5.076817936031588374e+00
5.076481013847955914e+00
5.076156086950073032e+00
5.075844574990193259e+00
5.075545362374256797e+00
5.075261230553010705e+00
5.074985614354233121e+00
5.074718281804095454e+00
5.074453646010231189e+00
5.074183454020391615e+00
5.073905810965667840e+00
5.073621431189100583e+00
5.073326488947938806e+00
5.073018257106165940e+00
5.072690216871421853e+00
5.072340022856812070e+00
5.071974519724468777e+00
5.071587637374620705e+00
5.071188093135575947e+00
5.070767514044860036e+00
5.070315502891758364e+00
5.069840157675067793e+00
5.069330663728038644e+00
5.068801020654361444e+00
5.068239708403569743e+00
5.067636601860148637e+00
5.067004712159260293e+00
5.066337066377028187e+00
5.065644975165350061e+00
5.064923137808661657e+00
5.064174003089290110e+00
5.063393414626341738e+00
5.062585059116107011e+00
5.061760520795802520e+00
5.060922475019911992e+00
5.060076145092468280e+00
5.059224646771769862e+00
5.058369991938094223e+00
5.057513665268640324e+00
5.056662004450778625e+00
5.055814205194335109e+00
5.054980999315600521e+00
5.054168840656498851e+00
5.053372629667142846e+00
5.052604162255744491e+00
5.051862949738720410e+00
5.051152821490982880e+00
5.050482320571760830e+00
5.049851609925251061e+00
5.049276148798385933e+00
5.048737415941874751e+00
5.048260978395560983e+00
5.047846345873990614e+00
5.047485842081227858e+00
5.047195799192855326e+00
5.046951655922899960e+00
5.046783857988635269e+00
5.046675030682679086e+00
5.046641847722209917e+00
5.046695001416816595e+00
5.046801445570752165e+00
5.046992259652332891e+00
5.047247322008923121e+00
5.047583713301435182e+00
5.047997006022349353e+00
5.048479250774696503e+00
5.049055705063954846e+00
5.049699565165655102e+00
5.050426107191459124e+00
5.051229398020522510e+00
5.052101998173609942e+00
5.053043977686183297e+00
5.054071281247752623e+00
5.055190348469631445e+00
5.056385736607924564e+00
5.057658041858092091e+00
5.059004386507883311e+00
5.060417249345197099e+00
5.061891302757872246e+00
5.063432337188138455e+00
5.065031589263094602e+00
5.066679088019741428e+00
5.068368728452337102e+00
5.070092686855208086e+00
5.071851866387735441e+00
5.073632001870285180e+00
5.075434542440782515e+00
5.077250076078783536e+00
5.079067005508553834e+00
5.080878453844200671e+00
5.082674796425711072e+00
5.084456111037146009e+00
5.086216362857232554e+00
5.087950277470957516e+00
5.089646513008487361e+00
5.091299192004811403e+00
5.092910868965995874e+00
5.094478923224818878e+00
5.095994963788401222e+00
5.097459629022489835e+00
5.098857236348997901e+00
5.100203463428628403e+00
5.101480946385277271e+00
5.102677973651304377e+00
5.103792152323737952e+00
5.104814373024717966e+00
5.105772491835967486e+00
5.106651538529410672e+00
5.107463978596940457e+00
5.108190186538712041e+00
5.108815882795467722e+00
5.109371311769797863e+00
5.109839656383707407e+00
5.110235656418814720e+00
5.110540062834484587e+00
5.110757763211591254e+00
5.110894158662272702e+00
5.110944213087647015e+00
5.110930635207775019e+00
5.110851951125520820e+00
5.110716980235162410e+00
5.110525147361191678e+00
5.110257521425817018e+00
5.109941194919381147e+00
5.109570445833240271e+00
5.109150711228583219e+00
5.108680486013624567e+00
5.108143726704153842e+00
5.107564841811987222e+00
5.106941051674516174e+00
5.106277877581747227e+00
5.105575492126377846e+00
5.104837005553278573e+00
5.104066103068623406e+00
5.103276688573394004e+00
5.102454064903294118e+00
5.101596766976151720e+00
5.100712125120195672e+00
5.099797961083684328e+00
5.098861000729237425e+00
5.097895124522481503e+00
5.096899952483807894e+00
5.095883674291408205e+00
5.094842817378675726e+00
5.093781940830385047e+00
5.092695617494618077e+00
5.091584033859408720e+00
5.090450803456343820e+00
5.089292309103050194e+00
5.088114042398967030e+00
5.086909117890038523e+00
5.085681619686524435e+00
5.084439512906113734e+00
5.083180376557151270e+00
5.081903407690563590e+00
5.080600215015450338e+00
5.079277130035200649e+00
5.077943325457611401e+00
5.076598931816855398e+00
5.075243762550393001e+00
5.073873732802907099e+00
5.072497985181847469e+00
5.071125772265236087e+00
5.069761250582972778e+00
5.068402995137015310e+00
5.067055733916797422e+00
5.065721444157399667e+00
5.064403674421348533e+00
5.063106543836632945e+00
5.061824184773007218e+00
5.060562049267330664e+00
5.059323960883059357e+00
5.058108428610005092e+00
5.056917130542434080e+00
5.055750033152737188e+00
5.054607473803199191e+00
5.053504467276370704e+00
5.052428086144363562e+00
5.051383591336642276e+00
5.050368152154122825e+00
5.049381365818415901e+00
5.048442107108865429e+00
5.047534359139834059e+00
5.046668370855484476e+00
5.045830376935635186e+00
5.045033939672147305e+00
5.044299555984770755e+00
5.043604691145455732e+00
5.042963738334810486e+00
5.042358970609939206e+00
5.041808916074668190e+00
5.041325910878812877e+00
5.040903399368262150e+00
5.040552680646515959e+00
5.040247447290903793e+00
5.040007492979502679e+00
5.039844574914760678e+00
5.039750710367672859e+00
5.039723924515286058e+00
5.039759717456047561e+00
5.039873514662480680e+00
5.040070777389203727e+00
5.040341326820646728e+00
5.040682453515922035e+00
5.041089185777102522e+00
5.041561200509759644e+00
5.042130682135912423e+00
5.042772850136253204e+00
5.043483837659450408e+00
5.044256768415661618e+00
5.045102975334021522e+00
5.046017485450001061e+00
5.046987641195745056e+00
5.048016486878485587e+00
5.049102023879976642e+00
5.050228035266489890e+00
5.051408341567011462e+00
5.052630881036612287e+00
5.053889208848568515e+00
5.055179168100449871e+00
5.056486354137752492e+00
5.057818255986068046e+00
5.059167065883966252e+00
5.060526189769596783e+00
5.061893928314537661e+00
5.063261136229129100e+00
5.064633036072344829e+00
5.066007073934168048e+00
5.067381295527310314e+00
5.068749444301219320e+00
5.070104028548092501e+00
5.071432664806933666e+00
5.072743958647341955e+00
5.074021020050139441e+00
5.075260481650921029e+00
5.076457552502843029e+00
5.077590370441766865e+00
5.078684544901343578e+00
5.079714675213190311e+00
5.080683037008138392e+00
5.081588995720238700e+00
5.082406815106959463e+00
5.083173622827024118e+00
5.083860847617478917e+00
5.084492421935292050e+00
5.085051219838650383e+00
5.085518554302843164e+00
5.085911602604181958e+00
5.086221629216313822e+00
5.086456486343383432e+00
5.086612498064503995e+00
5.086700464564354540e+00
5.086718765562844524e+00
5.086658138120990102e+00
5.086523592761230894e+00
5.086307702037019318e+00
5.086022910746260450e+00
5.085668871896787735e+00
5.085238531427902942e+00
5.084744672077221139e+00
5.084172416041118581e+00
5.083544226224047335e+00
5.082853532219751003e+00
5.082105325991732592e+00
5.081301095867973849e+00
5.080449197004061723e+00
5.079552863920551609e+00
5.078623962337596609e+00
5.077664389322026572e+00
5.076684185127241733e+00
5.075690812925322426e+00
5.074683106104357577e+00
5.073664828995689824e+00
5.072640563557371252e+00
5.071620053211674417e+00
5.070612887749896380e+00
5.069627447436079848e+00
5.068656955892667959e+00
5.067717509652004182e+00
5.066822477737888519e+00
5.065967410663589021e+00
5.065177899087294655e+00
5.064434599141105053e+00
5.063761002431137470e+00
5.063159185769481319e+00
5.062636414478046021e+00
5.062184786359292588e+00
5.061821991662007747e+00
5.061560981879455134e+00
5.061385554960440736e+00
5.061299660634693609e+00
5.061291394035077218e+00
5.061378527895292301e+00
5.061553744298151081e+00
5.061831140869041512e+00
5.062186408505519708e+00
5.062632103093643643e+00
5.063181995914061595e+00
5.063817852676590903e+00
5.064525158644399561e+00
5.065296075806698717e+00
5.066133815885268454e+00
5.067021145091139545e+00
5.067967354521833556e+00
5.068960966110906519e+00
5.069982388258656769e+00
5.071027153671464838e+00
5.072085895553906987e+00
5.073152761921963183e+00
5.074217285231432228e+00
5.075276263595304371e+00
5.076321936861358353e+00
5.077355431408367537e+00
5.078361117259345470e+00
5.079339283347807488e+00
5.080286080480299837e+00
5.081195924968204380e+00
5.082068137616595926e+00
5.082867260218344008e+00
5.083618912563405701e+00
5.084296741054139979e+00
5.084912546180866855e+00
5.085472302489661089e+00
5.085943422444842099e+00
5.086349073887547867e+00
5.086687780783257118e+00
5.086965421509674457e+00
5.087189252131364192e+00
5.087353705481372224e+00
5.087449909128926251e+00
5.087488380017902045e+00
5.087462651228277899e+00
5.087391595357773966e+00
5.087268405688671891e+00
5.087098201738416314e+00
5.086880504322916607e+00
5.086605878865094077e+00
5.086290826594204617e+00
5.085929811132817946e+00
5.085529010576872899e+00
5.085098221545783836e+00
5.084621749168006133e+00
5.084108433706429508e+00
5.083551312332715177e+00
5.082963153144087087e+00
5.082339624521996058e+00
5.081679565218951922e+00
5.080999893082048580e+00
5.080297571999694561e+00
5.079578507153058808e+00
5.078839852196836979e+00
5.078088494224214600e+00
5.077335214001798214e+00
5.076578703431152917e+00
5.075818475467825053e+00
5.075052440372966878e+00
5.074289319423696654e+00
5.073536098060867694e+00
5.072798530963919639e+00
5.072068961767218553e+00
5.071357251686714029e+00
5.070667132271192479e+00
5.069997401145956317e+00
5.069356541318557952e+00
5.068730536458753377e+00
5.068134268207216131e+00
5.067566130107009847e+00
5.067034694237375625e+00
5.066543219370508666e+00
5.066071215329433386e+00
5.065632853677237257e+00
5.065223476497196842e+00
5.064849001450204113e+00
5.064509707038961750e+00
5.064184513969086865e+00
5.063883749434464399e+00
5.063603450024239727e+00
5.063349083067588907e+00
5.063112076839171749e+00
5.062899605633429445e+00
5.062704969739280081e+00
5.062520586905741027e+00
5.062351406907404261e+00
5.062191377935673309e+00
5.062045699406157340e+00
5.061909032335246472e+00
5.061781342040488241e+00
5.061663857346140993e+00
5.061546381666995664e+00
5.061433574605473495e+00
5.061317901743316305e+00
5.061200568472704830e+00
5.061082826593628958e+00
5.060958946218452326e+00
5.060833684179669945e+00
5.060702116304744536e+00
5.060572520943093622e+00
5.060448515724127461e+00
5.060327257869502660e+00
5.060207173881789977e+00
5.060078833905718554e+00
5.059948647964482404e+00
5.059819990137328638e+00
5.059689895009360505e+00
5.059556751485652093e+00
5.059412952355779147e+00
5.059266689896324110e+00
5.059122421407811210e+00
5.058978694054969694e+00
5.058837228875347591e+00
5.058694228978567686e+00
5.058551442717873492e+00
5.058405234796667038e+00
5.058261448733249566e+00
5.058124384695403819e+00
5.057993429695927468e+00
5.057870463050639920e+00
5.057748122542834679e+00
5.057629955375305464e+00
5.057518742514510279e+00
5.057414359125975700e+00
5.057320274162772300e+00
5.057228169517326677e+00
5.057148475248101072e+00
5.057080488164642951e+00
5.057022922501633211e+00
5.056980059795747273e+00
5.056944257918945418e+00
5.056930916684648558e+00
5.056931699193300211e+00
5.056958771769639149e+00
5.057007734871221238e+00
5.057078135174451816e+00
5.057175850144340679e+00
5.057292973606600128e+00
5.057439841202214126e+00
5.057613215150995600e+00
5.057807714625015549e+00
5.058027234359399493e+00
5.058276411092594849e+00
5.058559652327313749e+00
5.058869521620436238e+00
5.059198289069099630e+00
5.059548447432679730e+00
5.059925131800337539e+00
5.060329491833909010e+00
5.060761518965229300e+00
5.061206781270668031e+00
5.061661884228453090e+00
5.062130390892490617e+00
5.062613918150530523e+00
5.063108407708571512e+00
5.063601589652464874e+00
5.064090805056260969e+00
5.064573118055926138e+00
5.065054914208816150e+00
5.065534073265957282e+00
5.066005130487249986e+00
5.066468109826312016e+00
5.066914920436903280e+00
5.067351484934552452e+00
5.067769330928787674e+00
5.068171890008017044e+00
5.068550071420833802e+00
5.068891316543087555e+00
5.069204716610477668e+00
5.069480137976573708e+00
5.069726414235995904e+00
5.069924370257872681e+00
5.070070012354049638e+00
5.070171896873731043e+00
5.070229112345483458e+00
5.070248614420640010e+00
5.070215988079076475e+00
5.070142081197342776e+00
5.070030566345892886e+00
5.069875363329418683e+00
5.069681915821499629e+00
5.069432785952455944e+00
5.069141030939287695e+00
5.068809795076020031e+00
5.068436592997976220e+00
5.068028130413956944e+00
5.067570270927617138e+00
5.067074748644599502e+00
5.066545550780364948e+00
5.065974876390765047e+00
5.065365823576221338e+00
5.064729826593767470e+00
5.064060466581951303e+00
5.063369768330821863e+00
5.062644563907750417e+00
5.061889645302661833e+00
5.061118941823015582e+00
5.060328319141635056e+00
5.059521590018638548e+00
5.058696483740575900e+00
5.057857868367799270e+00
5.057018462264903036e+00
5.056178541103370172e+00
5.055341361531979771e+00
5.054509603524572903e+00
5.053684920812017367e+00
5.052876030871636281e+00
5.052086825141674176e+00
5.051315511459475438e+00
5.050572134772306043e+00
5.049854114720588427e+00
5.049175949091082138e+00
5.048538135880594524e+00
5.047926715346044091e+00
5.047359602222209141e+00
5.046826286496584046e+00
5.046341929057603259e+00
5.045909831853572669e+00
5.045514563241963124e+00
5.045179691607122763e+00
5.044892838442688543e+00
5.044671913808201680e+00
5.044508194712912896e+00
5.044406466199076178e+00
5.044389537945614066e+00
5.044434196637237022e+00
5.044557330613248958e+00
5.044747326434813495e+00
5.045009243511819008e+00
5.045351667762958847e+00
5.045775202051960839e+00
5.046290606097541875e+00
5.046879328810833343e+00
5.047545299181006584e+00
5.048295652293822933e+00
5.049131245785615008e+00
5.050044264742396649e+00
5.051044884347580144e+00
5.052112595164439668e+00
5.053273990997335652e+00
5.054518348970673536e+00
5.055830647745392703e+00
5.057215305366775659e+00
5.058654033639690795e+00
5.060164322802087611e+00
5.061724902042409546e+00
5.063344816216489797e+00
5.065012365975639419e+00
5.066716204979679894e+00
5.068455330529472391e+00
5.070224889763854215e+00
5.072019715556165487e+00
5.073831714936755333e+00
5.075644991942904305e+00
5.077454393306039648e+00
5.079246050217412822e+00
5.081016638227962900e+00
5.082746138819716819e+00
5.084428004124425193e+00
5.086062924512884997e+00
5.087622971036695141e+00
5.089119892814419899e+00
5.090503180274031259e+00
5.091790064373276081e+00
5.092967080050370576e+00
5.094002633267305846e+00
5.094934167661927304e+00
5.095699532577060431e+00
5.096332928934359074e+00
5.096820169673526024e+00
5.097150636152588454e+00
5.097344287880919644e+00
5.097336676672790112e+00
5.097211683134306170e+00
5.096907911619860343e+00
5.096491325854080934e+00
5.095905131644325792e+00
5.095134008547979931e+00
5.094222866839487551e+00
5.093160704097469349e+00
5.091980579963643727e+00
5.090648332706411594e+00
5.089166314474066866e+00
5.087574038675745314e+00
5.085873376748282659e+00
5.084090321234186582e+00
5.082214261761625274e+00
5.080269151947217843e+00
5.078263529262263098e+00
5.076205551645476710e+00
5.074108913263994936e+00
5.071984605363328846e+00
5.069848754129131940e+00
5.067708889267167116e+00
5.065577509722431593e+00
5.063458845636566785e+00
5.061384794137199883e+00
5.059352786115129064e+00
5.057377626321036601e+00
5.055477481356581038e+00
5.053650612703282974e+00
5.051904818883855341e+00
5.050259048214872593e+00
5.048698743751963036e+00
5.047256861201246281e+00
5.045921845010241213e+00
5.044695670849403513e+00
5.043600042260011129e+00
5.042615098378379734e+00
5.041780903807600467e+00
5.041048080793340880e+00
5.040458856171687430e+00
5.040012049100122127e+00
5.039726165516993817e+00
5.039559332377038459e+00
5.039534188825864014e+00
5.039682078706328561e+00
5.039970031613712820e+00
5.040405915947858695e+00
5.040948880957667910e+00
5.041614935370391848e+00
5.042401532056040026e+00
5.043318660157031452e+00
5.044360168399519395e+00
5.045486964406675767e+00
5.046706792460985191e+00
5.048014747696229598e+00
5.049416090743847896e+00
5.050878772335357425e+00
5.052411850737638765e+00
5.054007886694974694e+00
5.055655325250929977e+00
5.057352380948370474e+00
5.059075898574894481e+00
5.060831889407937823e+00
5.062604824798411229e+00
5.064384350227422615e+00
5.066164921419925804e+00
5.067941842572994737e+00
5.069697074042864848e+00
5.071419728743144617e+00
5.073098908113546912e+00
5.074721539663380909e+00
5.076292179124659576e+00
5.077783396141833272e+00
5.079193912344283746e+00
5.080517860995835910e+00
5.081761170374459624e+00
5.082907662363952639e+00
5.083935772301858336e+00
5.084883527877038567e+00
5.085722680958218334e+00
5.086460454138225451e+00
5.087080043824617981e+00
5.087557455683354490e+00
5.087940363930766985e+00
5.088198150275504261e+00
5.088370113997019217e+00
5.088407266189109102e+00
5.088307378397088243e+00
5.088082956348311647e+00
5.087709719476055881e+00
5.087239460957001747e+00
5.086626837786983657e+00
5.085905106750082005e+00
5.085055491712640929e+00
5.084079997625898351e+00
5.082988670331191727e+00
5.081749210518550441e+00
5.080403488439273474e+00
5.078939963144015302e+00
5.077371677470158495e+00
5.075707927358101834e+00
5.073936057847689085e+00
5.072083372187566219e+00
5.070143015992592872e+00
5.068108980071495573e+00
5.066017073702763440e+00
5.063855534356784815e+00
5.061645157349063062e+00
5.059388384681894557e+00
5.057093010407640143e+00
5.054778354030800891e+00
5.052453321528387775e+00
5.050125121933175087e+00
5.047809152317000780e+00
5.045521907371235848e+00
5.043259280186845217e+00
5.041043882828905254e+00
5.038881976616336189e+00
5.036784216028405758e+00
5.034765560787868743e+00
5.032815912079763976e+00
5.030938540261936431e+00
5.029174333673668507e+00
5.027495583307695526e+00
5.025924201321553930e+00
5.024471865755272937e+00
5.023111773741197439e+00
5.021896644693565115e+00
5.020793355938744540e+00
5.019826979723525540e+00
5.019016097795916842e+00
5.018321915876817307e+00
5.017770751801085893e+00
5.017369506855261285e+00
5.017138700571607934e+00
5.017053261001358955e+00
5.017113763538885607e+00
5.017340413888680573e+00
5.017732496781038165e+00
5.018271080067145284e+00
5.018978406971084105e+00
5.019810825994002634e+00
5.020829028522358684e+00
5.021984281873092648e+00
5.023297075962409153e+00
5.024767689591034703e+00
5.026368317341192160e+00
5.028109252338988533e+00
5.029944142883403302e+00
5.031915536409002243e+00
5.033983407204726035e+00
5.036158229892829574e+00
5.038424278681853608e+00
5.040757097190001979e+00
5.043151065891365192e+00
5.045586542671302688e+00
5.048061146771290808e+00
5.050553332453350031e+00
5.053060305898766202e+00
5.055559580808262510e+00
5.058042043929676268e+00
5.060493359451870177e+00
5.062922634517530440e+00
5.065311519389728900e+00
5.067639341687538490e+00
5.069921430533507412e+00
5.072140696232894541e+00
5.074314924960710016e+00
5.076418646907187693e+00
5.078448102807379350e+00
5.080413734799003933e+00
5.082287678753711013e+00
5.084096714740374168e+00
5.085804321652034332e+00
5.087409215902666482e+00
5.088926725124697015e+00
5.090345777457337739e+00
5.091676033323389028e+00
5.092881830965859002e+00
5.093971509968620914e+00
5.094927187448125672e+00
5.095781313514094357e+00
5.096486887668948640e+00
5.097066373450438448e+00
5.097536930886784390e+00
5.097906255943454923e+00
5.098181016238160446e+00
5.098311351051307838e+00
5.098342162089176455e+00
5.098253826543442280e+00
5.098062852274379608e+00
5.097785215701660988e+00
5.097385294574997339e+00
5.096903452303013893e+00
5.096330727401875649e+00
5.095684024307630899e+00
5.094980768549940642e+00
5.094214624006054848e+00
5.093400393191478415e+00
5.092536676067611623e+00
5.091635767582557648e+00
5.090713904190561578e+00
5.089772709075115031e+00
5.088822438630959510e+00
5.087866122264167679e+00
5.086917309749623861e+00
5.085981841820976790e+00
5.085069938141606016e+00
5.084195333856842858e+00
5.083346546504399655e+00
5.082558766741058776e+00
5.081822391215464307e+00
5.081150100070735753e+00
5.080541666026910264e+00
5.080000867981214974e+00
5.079567505668599381e+00
5.079215484436353734e+00
5.078957655604682486e+00
5.078787212043754273e+00
5.078706761717549867e+00
5.078738313594585385e+00
5.078884594382470752e+00
5.079126915389424290e+00
5.079486245231455754e+00
5.079929233619697726e+00
5.080504202523954405e+00
5.081200562620288963e+00
5.081987386772162552e+00
5.082879733273512279e+00
5.083844150135046647e+00
5.084920658224945988e+00
5.086080213391905858e+00
5.087324168214326647e+00
5.088656104186301654e+00
5.090042212882763373e+00
5.091509673276669368e+00
5.093034790733582895e+00
5.094615858474500492e+00
5.096249409744270764e+00
5.097926547506578920e+00
5.099643887856729840e+00
5.101379294970758593e+00
5.103120138624436919e+00
5.104859384128577204e+00
5.106593453416353512e+00
5.108303638973957561e+00
5.109989892521624277e+00
5.111628209480767460e+00
5.113207737931733554e+00
5.114730542281394676e+00
5.116163881102328226e+00
5.117529697248463627e+00
5.118796729722743244e+00
5.119913426467900486e+00
5.120937267446642238e+00
5.121819544562821847e+00
5.122617359662180014e+00
5.123280424603944283e+00
5.123789069818085906e+00
5.124180149713281729e+00
5.124416045693430455e+00
5.124565031684684691e+00
5.124585439171857715e+00
5.124482672121592586e+00
5.124284970276273832e+00
5.123984881211288034e+00
5.123577855434485073e+00
5.123061234671840047e+00
5.122448445763655656e+00
5.121749030035205763e+00
5.120964644979903113e+00
5.120112646501728371e+00
5.119180193748542607e+00
5.118176282625863216e+00
5.117107053529688976e+00
5.115977798085877382e+00
5.114800741952129748e+00
5.113575723674366635e+00
5.112318343576261803e+00
5.111026499625512365e+00
5.109706762936182756e+00
5.108363094236919366e+00
5.107006890233823704e+00
5.105645750668116989e+00
5.104282769765923433e+00
5.102927617039750174e+00
5.101584282722543051e+00
5.100267101582359075e+00
5.098976486232350780e+00
5.097722532209226998e+00
5.096517432909678291e+00
5.095357811358045552e+00
5.094257919993470551e+00
5.093208991419742482e+00
5.092224817183086394e+00
5.091303427126478098e+00
5.090466433819603509e+00
5.089722688179683097e+00
5.089061915260028712e+00
5.088486211132479120e+00
5.087989502307248557e+00
5.087599759865772064e+00
5.087303995695183545e+00
5.087122239992242001e+00
5.087050372124868325e+00
5.087073197339415209e+00
5.087192851875662392e+00
5.087427390490412371e+00
5.087766471256255585e+00
5.088228620079098263e+00
5.088767354015944377e+00
5.089406085435983940e+00
5.090148108129141313e+00
5.090972676996825541e+00
5.091889660705565035e+00
5.092861402158377793e+00
5.093904026944874097e+00
5.095010638584135165e+00
5.096181397189138096e+00
5.097408528451559562e+00
5.098685438905594225e+00
5.100002083454963753e+00
5.101351556156513034e+00
5.102729645793076863e+00
5.104119068507787738e+00
5.105518617902632172e+00
5.106919789437884383e+00
5.108316463951699582e+00
5.109703037117354185e+00
5.111068058137528958e+00
5.112399007205598700e+00
5.113707653258673602e+00
5.114977412943474633e+00
5.116223203737966685e+00
5.117424295519224842e+00
5.118565341804852231e+00
5.119654154901137844e+00
5.120674282436004532e+00
5.121649334405294240e+00
5.122566967432130802e+00
5.123430788268078295e+00
5.124237754096020225e+00
5.124964246053924199e+00
5.125636539061297903e+00
5.126239507061173484e+00
5.126778677453030397e+00
5.127249902386893154e+00
5.127661150221457298e+00
5.128010664780368266e+00
5.128275500994850411e+00
5.128468637794931340e+00
5.128592353475023735e+00
5.128657831398513167e+00
5.128664570758910024e+00
5.128609332056575099e+00
5.128493366218963345e+00
5.128313144534686785e+00
5.128078252054611319e+00
5.127788319807359052e+00
5.127444933201977584e+00
5.127047380950163991e+00
5.126604847457122638e+00
5.126109486255658432e+00
5.125576589662444782e+00
5.124998467821490600e+00
5.124375080611420330e+00
5.123713716190172462e+00
5.123011620338870031e+00
5.122288522492959295e+00
5.121535733487321274e+00
5.120747412513805941e+00
5.119926115494086716e+00
5.119070069562509318e+00
5.118195930193976118e+00
5.117297796007111543e+00
5.116375441547349467e+00
5.115426165606692166e+00
5.114453574638679001e+00
5.113467619117214369e+00
5.112467229660465406e+00
5.111458744253829067e+00
5.110446784492450156e+00
5.109434736739712157e+00
5.108422551523762678e+00
5.107407027404623712e+00
5.106396359573918353e+00
5.105388867031652289e+00
5.104392372961958024e+00
5.103401784669478580e+00
5.102425048645457650e+00
5.101465286683163569e+00
5.100513175796590026e+00
5.099576937030873225e+00
5.098648701827845464e+00
5.097738633151969623e+00
5.096849325220904170e+00
5.095977898087224567e+00
5.095127340178808417e+00
5.094285528655968065e+00
5.093460915308318349e+00
5.092655541073402681e+00
5.091866894584020642e+00
5.091095597218592950e+00
5.090339559163767902e+00
5.089600258093196494e+00
5.088874279480297247e+00
5.088159575532990253e+00
5.087455403800921871e+00
5.086761038150505065e+00
5.086076421212270660e+00
5.085403026115015379e+00
5.084737727414683661e+00
5.084088094603138153e+00
5.083446482565121549e+00
5.082822688180820947e+00
5.082217207770661105e+00
5.081634305674449514e+00
5.081076407130674433e+00
5.080530059743539439e+00
5.080004293244199332e+00
5.079499048847571530e+00
5.079019134227051424e+00
5.078564443062856704e+00
5.078130172002926379e+00
5.077719230536235528e+00
5.077326770346475726e+00
5.076956927511705686e+00
5.076607975210858825e+00
5.076277485336971651e+00
5.075966991126400707e+00
5.075680235471439872e+00
5.075412834990634003e+00
5.075172071583433642e+00
5.074946357361836746e+00
5.074744402650607888e+00
5.074568059682709631e+00
5.074411150865120845e+00
5.074282360305873318e+00
5.074168743021651551e+00
5.074082192504643984e+00
5.074017196074923852e+00
5.073981980607710440e+00
5.073969541673646333e+00
5.073972374016226361e+00
5.073989886752602985e+00
5.074010297855635621e+00
5.074041263907490773e+00
5.074081205990438548e+00
5.074137583169427757e+00
5.074210898395901559e+00
5.074288181494263306e+00
5.074380743223515289e+00
5.074488360042957780e+00
5.074620901857776367e+00
5.074779854164733095e+00
5.074958903239383368e+00
5.075160350659205122e+00
5.075392914944602651e+00
5.075659817707999899e+00
5.075949400951430768e+00
5.076269865733847197e+00
5.076618380201324499e+00
5.076999413398369576e+00
5.077412937385303415e+00
5.077856898260575846e+00
5.078326882859033553e+00
5.078829099041683115e+00
5.079355740909737627e+00
5.079916746047598686e+00
5.080506469373866629e+00
5.081120800030692664e+00
5.081764326942429300e+00
5.082430518147812215e+00
5.083130294931398119e+00
5.083853915286526082e+00
5.084610320952996254e+00
5.085396198657615940e+00
5.086200771731596681e+00
5.087033413303357676e+00
5.087884087142807488e+00
