0.000000000000000000e+00
0.000000000000000000e+00
-1.459833001717925377e-06
-7.633238565176724168e-06
-1.943201641552150249e-05
-3.413166967220604393e-05
-4.784945864230394038e-05
-2.445129910483955632e-05
9.813548531383288454e-06
1.031181844882667292e-04
2.800611662678420110e-04
5.431840638630093315e-04
9.038851107470692809e-04
1.465136937331408583e-03
2.222925580572337328e-03
3.185998953413218815e-03
4.406860030721873253e-03
5.897226489614697080e-03
7.707227773498746479e-03
9.755811847280713989e-03
1.219543189508840580e-02
1.486250282032415201e-02
1.791595340473577450e-02
2.137038678629324048e-02
2.516622096998617775e-02
2.932457984192298264e-02
3.399854779941962474e-02
3.896246582968162370e-02
4.438304752809928144e-02
5.026138634188102861e-02
5.651667088968682223e-02
6.316450507147240712e-02
7.029068560106681296e-02
7.776107460958885109e-02
8.565179140074180575e-02
9.388051897985862093e-02
1.024753746460191905e-01
1.114799246261827664e-01
1.207743141124956177e-01
1.304230925510637407e-01
1.404741355846635675e-01
1.508372101257554887e-01
1.615623232792131325e-01
1.725787398288957664e-01
1.839378544758073497e-01
1.956208905647508489e-01
2.076162085006944824e-01
2.199940046737901833e-01
2.326686975429765047e-01
2.456662604282609519e-01
2.589985069702379072e-01
2.725133356521837191e-01
2.863555440376513994e-01
3.004202374885791005e-01
3.148072764347308317e-01
3.294875344703905862e-01
3.444207963417285079e-01
3.596062526176685425e-01
3.750947043369525780e-01
3.907668110798114824e-01
4.066951081226580778e-01
4.228218683670275091e-01
4.392068001697771451e-01
4.558010432193986827e-01
4.727290567825546685e-01
4.899529632995834327e-01
5.074503716896286987e-01
5.251991567085496637e-01
5.431940612266772384e-01
5.614776226948013926e-01
5.799700900982132090e-01
5.987279209564438931e-01
6.177143451641313732e-01
6.370183917949907570e-01
6.565033277939072986e-01
6.762643453548662364e-01
6.962392112682573853e-01
7.164210483501667337e-01
7.367729780147784791e-01
7.573092743824237916e-01
7.780567643116229615e-01
7.990509459446185625e-01
8.202046439121479793e-01
8.415961644123308716e-01
8.632202002475969360e-01
8.850137683819048195e-01
9.069927856395950672e-01
9.291638776729811422e-01
9.515635463665237381e-01
9.741010877559891368e-01
9.968310162494888882e-01
1.019679450697731138e+00
1.042757856554817231e+00
1.066006309695075815e+00
1.089456252760719446e+00
1.113138994879554922e+00
1.136951493925880685e+00
1.160946430868934787e+00
1.185044905848335217e+00
1.209350053973030192e+00
1.233794278807472500e+00
1.258414501852821887e+00
1.283241593546700088e+00
1.308174504942726468e+00
1.333262865252327067e+00
1.358429019160102946e+00
1.383763761229347633e+00
1.409159185595344477e+00
1.434706306166481093e+00
1.460389411158394157e+00
1.486140980429481617e+00
1.511962730593513715e+00
1.537796547121834223e+00
1.563656904406380388e+00
1.589576265520882270e+00
1.615447644896339963e+00
1.641306800551247003e+00
1.667170510001014794e+00
1.692951259321998636e+00
1.718677282042335275e+00
1.744376764006446701e+00
1.769976334280799923e+00
1.795502938933204895e+00
1.820898990340064749e+00
1.846175508208107052e+00
1.871353428072761949e+00
1.896383304304909423e+00
1.921280805773567746e+00
1.946003794379067120e+00
1.970553538508247771e+00
1.994922825999092542e+00
2.019237494177651193e+00
2.043385331339669264e+00
2.067396716780494970e+00
2.091170935339760284e+00
2.114718396372627041e+00
2.138048832125495569e+00
2.161164247698615704e+00
2.184017936892340916e+00
2.206694683737586704e+00
2.229092580981085980e+00
2.251285059161017177e+00
2.273166548914739682e+00
2.294742479033300420e+00
2.316157171435185624e+00
2.337334398932286561e+00
2.358366272158451959e+00
2.379154388613530458e+00
2.399820296473332615e+00
2.420213970846959217e+00
2.440363895602055688e+00
2.460297472185917655e+00
2.480032535500355628e+00
2.499570828385181631e+00
2.518870724148578599e+00
2.537840907282657099e+00
2.556611958451099120e+00
2.575075862116641634e+00
2.593258322186298148e+00
2.611342873282261223e+00
2.629251587099857623e+00
2.647054729170627674e+00
2.664826069779224316e+00
2.682560993141956285e+00
2.700488269038028744e+00
2.718537765450306232e+00
2.736765206761188285e+00
2.755220163769549924e+00
2.773928379721469550e+00
2.792897931046313786e+00
2.812156928486651886e+00
2.831690690226383200e+00
2.851533146805591556e+00
2.871604529328174671e+00
2.892067049450702587e+00
2.912822681374378497e+00
2.933963023133106862e+00
2.955425513691730899e+00
2.977279926247425657e+00
2.999469557709522949e+00
3.022046118683644256e+00
3.044959085888691686e+00
3.068246417946644655e+00
3.091902981705495268e+00
3.115897146172353249e+00
3.140177920765706343e+00
3.164716452069112229e+00
3.189475711293050075e+00
3.214440658993550581e+00
3.239587508148976447e+00
3.264900170273610236e+00
3.290393413014241375e+00
3.316047643132038925e+00
3.341889089054889794e+00
3.367741383023090673e+00
3.393672970242329612e+00
3.419519482559986834e+00
3.445368221707173273e+00
3.471062594361134845e+00
3.496698368496724552e+00
3.522164562649556352e+00
3.547527953095265918e+00
3.572636402554342006e+00
3.597585099644490914e+00
3.622231868214437434e+00
3.646689017720052384e+00
3.670821884579488437e+00
3.694753910012074982e+00
3.718355019993611954e+00
3.741754291958638845e+00
3.764826467938252819e+00
3.787705532021352184e+00
3.810270026631184859e+00
3.832657001919575812e+00
3.854748006768056179e+00
3.876666916317768941e+00
3.898317905373402503e+00
3.919538532204457582e+00
3.940472596592732746e+00
3.960989304489919149e+00
3.981209581799336927e+00
4.001120524115391319e+00
4.020712898678609371e+00
4.040087698407003103e+00
4.059084409184285924e+00
4.077804747528859686e+00
4.096225913472005153e+00
4.114333476729223449e+00
4.132213995165655795e+00
4.149700157351325025e+00
4.166860464520286911e+00
4.183719150729011460e+00
4.200258627838920233e+00
4.216604460186790249e+00
4.232676355547735803e+00
4.248432522721120819e+00
4.263987741179295909e+00
4.279296643442936698e+00
4.294347794956990150e+00
4.309259609885045528e+00
4.323998164839574443e+00
4.338569017357656321e+00
4.352795064158269334e+00
4.366699105210134491e+00
4.380380003161260305e+00
4.393715110726185813e+00
4.406716563410588705e+00
4.419518222517797135e+00
4.432097019858190379e+00
4.444508763260671458e+00
4.456626308865376807e+00
4.468443286127874892e+00
4.480040085024664442e+00
4.491304052777120859e+00
4.502279497093985228e+00
4.513113590187857405e+00
4.523755193657706286e+00
4.534231106943916068e+00
4.544435901350806439e+00
4.554407621927092364e+00
4.564154648489783028e+00
4.573674068755933853e+00
4.583041028685400420e+00
4.592152571983167952e+00
4.601039333648513363e+00
4.609709739990066169e+00
4.618157879419158007e+00
4.626431507773231644e+00
4.634528317756485549e+00
4.642408572144341328e+00
4.650122561759781448e+00
4.657564782209229648e+00
4.664792843169999870e+00
4.671822626299692693e+00
4.678627838201357747e+00
4.685261450118853865e+00
4.691633478112056110e+00
4.697799626893833569e+00
4.703749509162739706e+00
4.709470481581524481e+00
4.714963878698186228e+00
4.720239501900509893e+00
4.725297216481999740e+00
4.730159178979233658e+00
4.734835389859512134e+00
4.739349659986331176e+00
4.743736705787017449e+00
4.748004539019897052e+00
4.752156859047248716e+00
4.756164542145564944e+00
4.759996773905590395e+00
4.763709098107652196e+00
4.767312923676804814e+00
4.770761224634485487e+00
4.774112153358297306e+00
4.777332462973433280e+00
4.780462557382421984e+00
4.783513073928194359e+00
4.786441533870535281e+00
4.789291890270548357e+00
4.792031036324339688e+00
4.794646650857764314e+00
4.797192913300830419e+00
4.799670107371646566e+00
4.802114741064149150e+00
4.804515336311895091e+00
4.806855808801490326e+00
4.809159947938758783e+00
4.811407788551885112e+00
4.813629576272803412e+00
4.815832456655340543e+00
4.817991811491088683e+00
4.820126396126585000e+00
4.822214062816934543e+00
4.824284080869990277e+00
4.826339007474022225e+00
4.828361021138267262e+00
4.830370821661787772e+00
4.832359277613001325e+00
4.834339129186707495e+00
4.836303261078435334e+00
4.838232346929151717e+00
4.840129543698866499e+00
4.842000726915438591e+00
4.843850592381794939e+00
4.845673254139264863e+00
4.847469099767049094e+00
4.849236706949313636e+00
4.850977852053483197e+00
4.852695530361970100e+00
4.854387642897208366e+00
4.856055264181931008e+00
4.857704548246699616e+00
4.859345641590196330e+00
4.860983492888051316e+00
4.862612735934096264e+00
4.864232170290786250e+00
4.865846897817688976e+00
4.867451940781908348e+00
4.869051501459913389e+00
4.870634599782066587e+00
4.872194515771703038e+00
4.873736282743052151e+00
4.875242968059613879e+00
4.876726565964057514e+00
4.878175818927122265e+00
4.879590811736418843e+00
4.880989323116376788e+00
4.882358489341572572e+00
4.883715728081302387e+00
4.885050214834050664e+00
4.886374582655267140e+00
4.887682388878897832e+00
4.888973263509109657e+00
4.890249913341834898e+00
4.891511588848665326e+00
4.892761954523160206e+00
4.894001747302247907e+00
4.895223652503922551e+00
4.896436843730046284e+00
4.897645679644777594e+00
4.898848617381885262e+00
4.900045064024164176e+00
4.901237651042178456e+00
4.902425928718879611e+00
4.903611696965530342e+00
4.904787350900010168e+00
4.905946804888085211e+00
4.907089624635414538e+00
4.908214580349162581e+00
4.909318704165056779e+00
4.910404447920159399e+00
4.911470214731529893e+00
4.912518910623625779e+00
4.913548020429447938e+00
4.914558138854339120e+00
4.915547216467095915e+00
4.916509217924905251e+00
4.917455619878603024e+00
4.918388832740022032e+00
4.919317408583594897e+00
4.920240718207790742e+00
4.921160655177667209e+00
4.922087764001920718e+00
4.923018281988336575e+00
4.923960108838510763e+00
4.924908346764278022e+00
4.925865244946909804e+00
4.926838949776723986e+00
4.927821545384362345e+00
4.928828195414975966e+00
4.929852928377226107e+00
4.930906676955060242e+00
4.931990430362059641e+00
4.933089304722383162e+00
4.934215357683137348e+00
4.935360040597156939e+00
4.936530533812479860e+00
4.937725942812400071e+00
4.938932232193190330e+00
4.940148751146633543e+00
4.941367814920384127e+00
4.942587079710798470e+00
4.943800670139030906e+00
4.945001113496260814e+00
4.946170989579994348e+00
4.947313781462151283e+00
4.948402052528698469e+00
4.949450962475975935e+00
4.950437598458966804e+00
4.951350288249096288e+00
4.952212739742836156e+00
4.952996587611278478e+00
4.953728033907254691e+00
4.954384464032491664e+00
4.954966052107055319e+00
4.955485819994946972e+00
4.955925434425019205e+00
4.956313613287651521e+00
4.956637475087784850e+00
4.956910947214357321e+00
4.957138926021301906e+00
4.957316156725878109e+00
4.957451155574540635e+00
4.957525204264107366e+00
4.957549690131577869e+00
4.957525677997631774e+00
4.957446822198120273e+00
4.957323709689092972e+00
4.957139561120433413e+00
4.956916009299469295e+00
4.956637406665844736e+00
4.956307639274759147e+00
4.955945525113506278e+00
4.955548914764089652e+00
4.955130740087493102e+00
4.954671173524126004e+00
4.954175209570690797e+00
4.953646769430503305e+00
4.953097286615535388e+00
4.952527877483531071e+00
4.951936044376357593e+00
4.951318357605501319e+00
4.950688038188977735e+00
4.950055660922093814e+00
4.949427862484022000e+00
4.948805107492967537e+00
4.948181510288281792e+00
4.947565789464874797e+00
4.946958162095410394e+00
4.946356624756020004e+00
4.945763789806526312e+00
4.945179922971886910e+00
4.944601548966033100e+00
4.944041299317044391e+00
4.943493254538637416e+00
4.942960017528398531e+00
4.942443463113171731e+00
4.941940993946058569e+00
4.941463932637138790e+00
4.941003512572510914e+00
4.940561789181097119e+00
4.940139757785959596e+00
4.939729032348855853e+00
4.939338990580305122e+00
4.938969981390996189e+00
4.938629305418594129e+00
4.938315510768457095e+00
4.938037974517806461e+00
4.937810119502260342e+00
4.937608394548311352e+00
4.937450368963197000e+00
4.937332092300072972e+00
4.937262763706982582e+00
4.937245170043331299e+00
4.937273004225007256e+00
4.937360606577730238e+00
4.937484900609140581e+00
4.937666804336491744e+00
4.937912246987704812e+00
4.938217501949999644e+00
4.938601191130016943e+00
4.939035158318016983e+00
4.939544130836162950e+00
4.940118051182960102e+00
4.940775077578162033e+00
4.941525776248907320e+00
4.942332909491395476e+00
4.943218439158534316e+00
4.944169906091427258e+00
4.945203135919309823e+00
4.946312403169013550e+00
4.947481822830178011e+00
4.948721320640781407e+00
4.950012245487906526e+00
4.951358471375444381e+00
4.952742931556442407e+00
4.954172526758650719e+00
4.955638204973676686e+00
4.957118752312399401e+00
4.958614327919222298e+00
4.960109505218007975e+00
4.961604998272398426e+00
4.963089529883601969e+00
4.964552093606926952e+00
4.965972875070310266e+00
4.967348275792337731e+00
4.968664257389045602e+00
4.969928730439877818e+00
4.971131010737751765e+00
4.972270845782493787e+00
4.973342937317227097e+00
4.974339312177632699e+00
4.975269933280084267e+00
4.976126468193266206e+00
4.976914168607923017e+00
4.977630066063734482e+00
4.978270919185611376e+00
4.978852186698945914e+00
4.979368109789225727e+00
4.979825526264044733e+00
4.980236302253338465e+00
4.980583365384970485e+00
4.980877878677580028e+00
4.981109735083315115e+00
4.981293436356370563e+00
4.981421842782308040e+00
4.981502646424357472e+00
4.981549029282774654e+00
4.981539778002202823e+00
4.981489757686518693e+00
4.981390899099076286e+00
4.981260346645155934e+00
4.981091358201244823e+00
4.980875278213659385e+00
4.980638751821259369e+00
4.980368536566982307e+00
4.980073629809210978e+00
4.979745100630113441e+00
4.979382525501439005e+00
4.978990459521898337e+00
4.978567445842214667e+00
4.978123630141505274e+00
4.977653767173775279e+00
4.977164492575117727e+00
4.976647663307972813e+00
4.976106691738255705e+00
4.975541111906655267e+00
4.974948209082372230e+00
4.974329208364374644e+00
4.973680824121124111e+00
4.973007328292019302e+00
4.972300021206625509e+00
4.971562429746279044e+00
4.970803621789106508e+00
4.970022940268406408e+00
4.969228287344464867e+00
4.968417189275512236e+00
4.967592614149340946e+00
4.966761214291341986e+00
4.965923313056713972e+00
4.965088517000562973e+00
4.964259106075057382e+00
4.963427196224817983e+00
4.962613491942771127e+00
4.961812580009588025e+00
4.961042553787716969e+00
4.960299626296050590e+00
4.959587598224766580e+00
4.958927369570024446e+00
4.958300759648569311e+00
4.957727426817305272e+00
4.957197889877146935e+00
4.956715228525585104e+00
4.956290452262050117e+00
4.955908945208078897e+00
4.955601457697934364e+00
4.955341670257634945e+00
4.955157376179134765e+00
4.955047242432496724e+00
4.954989420027136937e+00
4.955012331796474712e+00
4.955095992996953136e+00
4.955239322451538975e+00
4.955444583413785686e+00
4.955686054998673207e+00
4.955983069451190381e+00
4.956307934472001797e+00
4.956673535206952863e+00
4.957068816596309269e+00
4.957471835674385652e+00
4.957894332060257980e+00
4.958320367993453104e+00
4.958754321584144087e+00
4.959188892716205999e+00
4.959612602168358642e+00
4.960023744316435668e+00
4.960419273251331695e+00
4.960797316269613511e+00
4.961151922257282187e+00
4.961487103314736302e+00
4.961802142211833022e+00
4.962102855896244336e+00
4.962385476218203806e+00
4.962646104661415869e+00
4.962895034463743471e+00
4.963132037805060293e+00
4.963365030480216156e+00
4.963589909473101969e+00
4.963811318507087122e+00
4.964032180612575118e+00
4.964255848252814296e+00
4.964489237801770649e+00
4.964727826757024509e+00
4.964975601831119079e+00
4.965234724716882653e+00
4.965510377199987779e+00
4.965801477567890920e+00
4.966114865900614461e+00
4.966453007744290993e+00
4.966819495694376307e+00
4.967220674628055832e+00
4.967650182867086706e+00
4.968118489706553120e+00
4.968620082350112988e+00
4.969162701652980907e+00
4.969745297940113105e+00
4.970362832458356195e+00
4.971015613438227732e+00
4.971698926673868257e+00
4.972417866872289594e+00
4.973166090758184055e+00
4.973938210593202847e+00
4.974734434472063427e+00
4.975551059679727217e+00
4.976385625736455154e+00
4.977238448993901443e+00
4.978100465746263303e+00
4.978966546939351367e+00
4.979837283031679718e+00
4.980716459737756452e+00
4.981604722128846419e+00
4.982502422542908427e+00
4.983400877924301753e+00
4.984295516373252966e+00
4.985187461660839148e+00
4.986075355471707660e+00
4.986962775202131937e+00
4.987855219231581927e+00
4.988743660287593862e+00
4.989629273177718538e+00
4.990508177341555829e+00
4.991383336098526691e+00
4.992259906367992883e+00
4.993134173364971673e+00
4.994005376832221899e+00
4.994866234125231230e+00
4.995719549344514121e+00
4.996571098180148773e+00
4.997417472289535922e+00
4.998265080736610244e+00
4.999096060381862827e+00
4.999913384752009193e+00
5.000704800249670789e+00
5.001463486762379951e+00
5.002198193432425555e+00
5.002899928228591975e+00
5.003574836091733147e+00
5.004183095754719979e+00
5.004735094779767302e+00
5.005227563628591447e+00
5.005668195100167139e+00
5.006052282848992618e+00
5.006354699307718370e+00
5.006595914406368308e+00
5.006777013135739196e+00
5.006892855638304773e+00
5.006948048007340724e+00
5.006940071877340692e+00
5.006862400175321248e+00
5.006714390293943495e+00
5.006490884387183371e+00
5.006199435276228016e+00
5.005839313623744680e+00
5.005399073307651214e+00
5.004897573312062420e+00
5.004330358078020957e+00
5.003696750943797511e+00
5.003008889128702563e+00
5.002262213771479615e+00
5.001473228429692774e+00
5.000645250474350156e+00
4.999790180121797434e+00
4.998910888304251898e+00
4.998008479123254411e+00
4.997081489284774136e+00
4.996145642568609269e+00
4.995210907553574664e+00
4.994288410415193447e+00
4.993381889109751448e+00
4.992499625702640387e+00
4.991645482574840642e+00
4.990837993939658546e+00
4.990072155316610747e+00
4.989364826326508684e+00
4.988717198093671534e+00
4.988141392861741075e+00
4.987640187275844461e+00
4.987204553989011302e+00
4.986852624138134793e+00
4.986575177406209036e+00
4.986366024148900067e+00
4.986212605444033663e+00
4.986117821644311832e+00
4.986102042691800129e+00
4.986140114448517124e+00
4.986228175738379953e+00
4.986353801104724148e+00
4.986517486504762786e+00
4.986715194869338674e+00
4.986943843706994173e+00
4.987202976576535107e+00
4.987486022810933228e+00
4.987793051104541853e+00
4.988115915756222485e+00
4.988463576349912110e+00
4.988820292677280221e+00
4.989196370455919016e+00
4.989599193695483770e+00
4.990023282717464426e+00
4.990474667276737719e+00
4.990951173331138691e+00
4.991452579337653184e+00
4.991987024459536570e+00
4.992551192480620514e+00
4.993129533666667008e+00
4.993726750153597571e+00
4.994336596566733455e+00
4.994964008319671578e+00
4.995600541520411220e+00
4.996235565457039840e+00
4.996876518118671839e+00
4.997513208079627844e+00
4.998150202471308923e+00
4.998783266979747175e+00
4.999409449312381071e+00
5.000031729440681083e+00
5.000637857306293732e+00
5.001233684110931499e+00
5.001800662416508558e+00
5.002339533444036590e+00
5.002863680857709383e+00
5.003354108619979534e+00
5.003818677763929301e+00
5.004241088728895726e+00
5.004626829202763361e+00
5.004982161584786482e+00
5.005300799708359172e+00
5.005589531182788043e+00
5.005843416030995030e+00
5.006067583232662876e+00
5.006267072584025257e+00
5.006442211444966262e+00
5.006595612585090116e+00
5.006716650787287115e+00
5.006804292618774355e+00
5.006862643084034836e+00
5.006889932956557487e+00
5.006885382201301304e+00
5.006848732953669945e+00
5.006778235476242678e+00
5.006669894702509893e+00
5.006524933943300226e+00
5.006345027176437590e+00
5.006132675589768155e+00
5.005888471169171794e+00
5.005618983072935180e+00
5.005324529217331175e+00
5.005003859655706933e+00
5.004657554806916764e+00
5.004286574529259291e+00
5.003897030049710537e+00
5.003492569954841152e+00
5.003077876114994105e+00
5.002655103312582341e+00
5.002216963575929931e+00
5.001764202708156581e+00
5.001298322001248131e+00
5.000823591792733502e+00
5.000341786512881193e+00
4.999844529324918518e+00
4.999334969253987460e+00
4.998816395619659403e+00
4.998292705634383104e+00
4.997766540789749357e+00
4.997235610143984985e+00
4.996702780755008177e+00
4.996171000221514724e+00
4.995633262613559111e+00
4.995100531795765519e+00
4.994573807822312972e+00
4.994052691453841675e+00
4.993539952071157195e+00
4.993026471914496334e+00
4.992519281128195097e+00
4.992014294074621716e+00
4.991507424333836873e+00
4.990999707164015753e+00
4.990482717113341238e+00
4.989960978062595309e+00
4.989427797714020230e+00
4.988884119385625482e+00
4.988333801025296665e+00
4.987770606869603718e+00
4.987197281526174031e+00
4.986605908417846678e+00
4.985996506469096090e+00
4.985369416804753762e+00
4.984729886309945179e+00
4.984084257440412280e+00
4.983432712437355860e+00
4.982772325085246479e+00
4.982101907985054368e+00
4.981428822012387236e+00
4.980756244765364826e+00
4.980085803897821961e+00
4.979413154454673140e+00
4.978742870794380160e+00
4.978078635068380997e+00
4.977415171148026118e+00
4.976759291546190234e+00
4.976108110802018203e+00
4.975468792052709865e+00
4.974845441648506394e+00
4.974233472713970983e+00
4.973640691036131045e+00
4.973061367491033558e+00
4.972501548411098149e+00
4.971954333478358912e+00
4.971412455471007519e+00
4.970882599646002653e+00
4.970355158628671610e+00
4.969842949913590324e+00
4.969342834124116592e+00
4.968851007999627534e+00
4.968369092935472686e+00
4.967896245190650539e+00
4.967436929190307104e+00
4.966984759079067224e+00
4.966532309831827696e+00
4.966080807069092273e+00
4.965629069985597610e+00
4.965178762556761605e+00
4.964726078355461425e+00
4.964265135222822423e+00
4.963796265827268961e+00
4.963312936009616649e+00
4.962823197016270171e+00
4.962325192013533837e+00
4.961815441021472317e+00
4.961292647229283759e+00
4.960751625368146733e+00
4.960196872198729068e+00
4.959630810053793581e+00
4.959053610929994527e+00
4.958465929323581989e+00
4.957868094885496291e+00
4.957256590345648917e+00
4.956632444070426580e+00
4.955995707543341844e+00
4.955351021917310916e+00
4.954697291062919007e+00
4.954027267725913397e+00
4.953344217197744648e+00
4.952648963810651672e+00
4.951946802096215627e+00
4.951238022552577611e+00
4.950522585319129476e+00
4.949795884074417174e+00
4.949067035348859278e+00
4.948345609487740049e+00
4.947634369613377991e+00
4.946937542812673172e+00
4.946251924516407605e+00
4.945580457256882667e+00
4.944924649851172305e+00
4.944282719896882838e+00
4.943654268266410412e+00
4.943031782353075165e+00
4.942415041060895575e+00
4.941802365625055593e+00
4.941201517874152849e+00
4.940615172492119456e+00
4.940037399822624131e+00
4.939468353347631790e+00
4.938904717521520382e+00
4.938356479177029357e+00
4.937823935368808037e+00
4.937303347470018089e+00
4.936790814468415611e+00
4.936286969402583047e+00
4.935794714683445328e+00
4.935312673704476794e+00
4.934845997312816479e+00
4.934393739694508341e+00
4.933960776658508962e+00
4.933545162485692082e+00
4.933157921837421966e+00
4.932802016505751119e+00
4.932472113476847220e+00
4.932173791223918080e+00
4.931902556413565009e+00
4.931671706562642754e+00
4.931477115874892014e+00
4.931326519915616657e+00
4.931214499896173997e+00
4.931149620887605778e+00
4.931125549759032722e+00
4.931162244552994345e+00
4.931263846770177040e+00
4.931416595891366050e+00
4.931628580145786422e+00
4.931889176141718067e+00
4.932221643362441732e+00
4.932609090578058186e+00
4.933065142963328320e+00
4.933588357042768102e+00
4.934162129272023023e+00
4.934807594675818088e+00
4.935504242662585916e+00
4.936274048496284372e+00
4.937092092219986128e+00
4.937977423999704740e+00
4.938926114548243262e+00
4.939935610700644908e+00
4.941005531657733485e+00
4.942129919264711901e+00
4.943308152962721636e+00
4.944537956599390327e+00
4.945827355418597193e+00
4.947163030985985088e+00
4.948553777966892220e+00
4.949989125166331050e+00
4.951459398750456486e+00
4.952961867038400356e+00
4.954499223117025508e+00
4.956069168333204544e+00
4.957660264108569415e+00
4.959264455918462211e+00
4.960876871381194597e+00
4.962495755885035997e+00
4.964117999408633963e+00
4.965730659548434289e+00
4.967333137575778323e+00
4.968919948522242613e+00
4.970491844896468336e+00
4.972047927711400916e+00
4.973583593849334683e+00
4.975089868340883292e+00
4.976569254879151138e+00
4.978015365038311657e+00
4.979431372616685003e+00
4.980822914872564233e+00
4.982174728248514484e+00
4.983484730754293324e+00
4.984742454473175322e+00
4.985950269583859118e+00
4.987114144895469892e+00
4.988212426189576831e+00
4.989246678833161752e+00
4.990205912474785066e+00
4.991094832081589772e+00
4.991925569880995894e+00
4.992681797702107183e+00
4.993367511812838444e+00
4.993971249420436465e+00
4.994496075060459894e+00
4.994948308091852418e+00
4.995318140905593118e+00
4.995617668830100833e+00
4.995840778123831427e+00
4.996009355072176028e+00
4.996114392286409966e+00
4.996159390193653849e+00
4.996133335471397707e+00
4.996042273907236542e+00
4.995902782907953643e+00
4.995719997776916443e+00
4.995493603131047067e+00
4.995231673425307939e+00
4.994931059224775538e+00
4.994600655963888691e+00
4.994242808936408373e+00
4.993864516509941787e+00
4.993466395853331186e+00
4.993046358866860324e+00
4.992609759127963009e+00
4.992153576618301614e+00
4.991685817061232378e+00
4.991204021690654358e+00
4.990712450040744486e+00
4.990205874746906467e+00
4.989691669648753880e+00
4.989179196624325741e+00
4.988672567909823385e+00
4.988178987173602863e+00
4.987694723760948357e+00
4.987239173917339841e+00
4.986807677602635991e+00
4.986402097983525294e+00
4.986026631376015317e+00
4.985674998989567897e+00
4.985369861783700784e+00
4.985092231786119932e+00
4.984858713584261913e+00
4.984657208776342330e+00
4.984485254926847908e+00
4.984349669130759608e+00
4.984236203391343878e+00
4.984150533635409275e+00
4.984081355371753119e+00
4.984022137039580080e+00
4.983971894757129206e+00
4.983922320815040941e+00
4.983881153712285794e+00
4.983845839615682394e+00
4.983812654007929055e+00
4.983782988792523128e+00
4.983754014380979314e+00
4.983726608365547150e+00
4.983696558667585208e+00
4.983658509106614787e+00
4.983613768975489577e+00
4.983557579681517247e+00
4.983491266389616925e+00
4.983405934433693396e+00
4.983305412448252092e+00
4.983196780738661680e+00
4.983079444450567053e+00
4.982958758278989819e+00
4.982829203243608340e+00
4.982691467806007246e+00
4.982551558950225612e+00
4.982402803219163623e+00
4.982248198735769407e+00
4.982082785806859704e+00
4.981910267650391688e+00
4.981721564038897654e+00
4.981515039420926882e+00
4.981296258653755693e+00
4.981063292297776002e+00
4.980822602595443627e+00
4.980568144201543035e+00
4.980301070410068753e+00
4.980026072982010277e+00
4.979745213083234034e+00
4.979466419249084730e+00
4.979194619051424908e+00
4.978931430607347330e+00
4.978674699208944787e+00
4.978422433185635931e+00
4.978181244964956065e+00
4.977954690839407448e+00
4.977745376463293070e+00
4.977555468931107896e+00
4.977376250560639370e+00
4.977207651390936682e+00
4.977048748593088767e+00
4.976902111062090128e+00
4.976769143744612656e+00
4.976640730790103717e+00
4.976520309933702535e+00
4.976400761372652859e+00
4.976281891419795933e+00
4.976160304333325790e+00
4.976035857574323984e+00
4.975910962169299623e+00
4.975784297530780442e+00
4.975655097049901165e+00
4.975526745730319611e+00
4.975401507049107330e+00
4.975280884626561040e+00
4.975168869375490743e+00
4.975061209975980780e+00
4.974967573472537374e+00
4.974889135771669579e+00
4.974832008323870625e+00
4.974794340998637487e+00
4.974768950616712537e+00
4.974756608917382472e+00
4.974760089400811047e+00
4.974777666633604767e+00
4.974813126098021066e+00
4.974864696134470243e+00
4.974934559697873127e+00
4.975022449950345482e+00
4.975130675947882608e+00
4.975265985839658178e+00
4.975420654761262718e+00
4.975604253346689987e+00
4.975811436148950939e+00
4.976040728176603700e+00
4.976293102196077456e+00
4.976567760138431495e+00
4.976861594310621584e+00
4.977172537418673492e+00
4.977492124746213165e+00
4.977815859253178488e+00
4.978143684426915350e+00
4.978470638180741759e+00
4.978792797076175169e+00
4.979113311330447544e+00
4.979429863887498975e+00
4.979745286675761662e+00
4.980055426145563402e+00
4.980360326422968775e+00
4.980665122783402232e+00
4.980964096794493479e+00
4.981257902691729633e+00
4.981541695716448892e+00
4.981815398196347999e+00
4.982075613225466881e+00
4.982326451028353809e+00
4.982572097993112514e+00
4.982815181771881541e+00
4.983056391301222909e+00
4.983294548011041769e+00
4.983537265333002786e+00
4.983785075778728313e+00
4.984044009084468208e+00
4.984311287021850667e+00
4.984592061704610444e+00
4.984886234822337947e+00
4.985190737890665247e+00
4.985503654676143981e+00
4.985820148671632701e+00
4.986142785596316074e+00
4.986471673669879756e+00
4.986806943277483306e+00
4.987147861207489541e+00
4.987491308237079757e+00
4.987840625206592549e+00
4.988197126696470640e+00
4.988560437346462706e+00
4.988931096057060977e+00
4.989308728883628419e+00
4.989691213938063363e+00
4.990074763754970277e+00
4.990458564730949398e+00
4.990844824473031238e+00
4.991229897598394416e+00
4.991612860272296004e+00
4.991987121673891359e+00
4.992355255531737868e+00
4.992707923921416935e+00
4.993045227872797476e+00
4.993371504219838108e+00
4.993680290924974230e+00
4.993971324982712012e+00
4.994229673492380783e+00
4.994456065679559131e+00
4.994655228881755171e+00
4.994819185706444564e+00
4.994948803131126880e+00
4.995029181531288387e+00
4.995063482889096740e+00
4.995059647682944082e+00
4.995015226394758479e+00
4.994934726792275903e+00
4.994794678424374190e+00
4.994607713517622116e+00
4.994362666920648230e+00
4.994064746552036915e+00
4.993724278488086199e+00
4.993326133021042779e+00
4.992874152154550771e+00
4.992360679262207057e+00
4.991804873661027209e+00
4.991200589441582736e+00
4.990546120458172474e+00
4.989858230926918381e+00
4.989129531883524926e+00
4.988378576540278608e+00
4.987598499857710976e+00
4.986791193538234523e+00
4.985964185350464817e+00
4.985108276733089205e+00
4.984230432712364767e+00
4.983323343598176081e+00
4.982388071992327916e+00
4.981431670316387894e+00
4.980444653981257908e+00
4.979435060226250265e+00
4.978397827499438932e+00
4.977335710056951079e+00
4.976246970944932180e+00
4.975134374254277070e+00
4.974008474402954683e+00
4.972872016110350124e+00
4.971729851269055978e+00
4.970585281082321671e+00
4.969443186425496428e+00
4.968309045188951778e+00
4.967178295531201826e+00
4.966059367486167275e+00
4.964947435536311460e+00
4.963852474965976036e+00
4.962773187064454916e+00
4.961709181942865143e+00
4.960670007669254034e+00
4.959646355711742061e+00
4.958649340846461584e+00
4.957678413146060059e+00
4.956732582428377221e+00
4.955821889021318150e+00
4.954935240873020064e+00
4.954084511005204305e+00
4.953267153107447029e+00
4.952490495272797943e+00
4.951755199336333568e+00
4.951056593709511233e+00
4.950403032430332750e+00
4.949787396692555852e+00
4.949205491931062184e+00
4.948665457569878967e+00
4.948170145504993123e+00
4.947721218035440849e+00
4.947329145834665987e+00
4.946984928452295982e+00
4.946695554998589373e+00
4.946462952994626683e+00
4.946285381127964342e+00
4.946176241391222028e+00
4.946110486278194607e+00
4.946110375025319250e+00
4.946185106402273490e+00
4.946317636491740721e+00
4.946516600595796120e+00
4.946768528958791045e+00
4.947093333741658050e+00
4.947489902516836402e+00
4.947939612669881804e+00
4.948446408500906557e+00
4.948997918656106165e+00
4.949608084252115958e+00
4.950271587958570585e+00
4.950974888419744424e+00
4.951722409939404379e+00
4.952517080297702989e+00
4.953354485100144977e+00
4.954238413041467837e+00
4.955161104267472361e+00
4.956106359576816445e+00
4.957080337619418131e+00
4.958070831140511281e+00
4.959091707384220449e+00
4.960134544959297287e+00
4.961194021841516033e+00
4.962269777571787444e+00
4.963350546276202202e+00
4.964441476231446160e+00
4.965538008799781799e+00
4.966633625244727845e+00
4.967727996623149345e+00
4.968813655218115244e+00
4.969895376851788171e+00
4.970975498473277909e+00
4.972050531199207590e+00
4.973113454123964772e+00
4.974155620252719068e+00
4.975174195533623944e+00
4.976179396873344984e+00
4.977160658529034443e+00
4.978118601655593167e+00
4.979041309123863890e+00
4.979927211767067874e+00
4.980781612014403059e+00
4.981576698860160413e+00
4.982319556614390521e+00
4.982994488840929215e+00
4.983616389138630254e+00
4.984170447392394010e+00
4.984637800334027702e+00
4.985026727942755365e+00
4.985325587829581018e+00
4.985558143602689007e+00
4.985710807647560472e+00
4.985777831827296502e+00
4.985746090172330724e+00
4.985642698493325753e+00
4.985455437314236349e+00
4.985198002096736580e+00
4.984870753970468193e+00
4.984459770333493189e+00
4.983966440011287524e+00
4.983405801181221229e+00
4.982770618994260658e+00
4.982083433244848258e+00
4.981321132604502822e+00
4.980490411643409665e+00
4.979608153600715958e+00
4.978671972055457751e+00
4.977700430874251403e+00
4.976680324051999449e+00
4.975625335176014019e+00
4.974542690042875748e+00
4.973430948455355605e+00
4.972297609795353956e+00
4.971139021862767571e+00
4.969963031013034715e+00
4.968774630923292968e+00
4.967580995236059671e+00
4.966395991195461157e+00
4.965222812269352026e+00
4.964057137642525319e+00
4.962916551057718451e+00
4.961800058011434089e+00
4.960724252213260854e+00
4.959689862553498862e+00
4.958695965607188505e+00
4.957762553591751775e+00
4.956875797186518717e+00
4.956050735462928181e+00
4.955274772245907400e+00
4.954561987717173821e+00
4.953912089962981824e+00
4.953332103800498487e+00
4.952820712414109039e+00
4.952366095085167785e+00
4.951973314520442315e+00
4.951633876462007144e+00
4.951379879966849806e+00
4.951191827219450836e+00
4.951073228579486951e+00
4.951006247254560400e+00
4.950998153223195253e+00
4.951061244856105326e+00
4.951174325800971054e+00
4.951353365040854548e+00
4.951567069485323103e+00
4.951834778401539516e+00
4.952142405721829732e+00
4.952497880484448167e+00
4.952899348798678325e+00
4.953322140562819165e+00
4.953775436754809469e+00
4.954247560265945260e+00
4.954744202781006912e+00
4.955265891465828076e+00
4.955805341403468844e+00
4.956366057496055078e+00
4.956937526676340688e+00
4.957525042656345526e+00
4.958124883796557469e+00
4.958735484953507466e+00
4.959353874351367431e+00
4.959975001576825804e+00
4.960597021232827863e+00
4.961214805308267195e+00
4.961826976935848066e+00
4.962425224434122484e+00
4.963011774222835015e+00
4.963582122463270352e+00
4.964136709112211499e+00
4.964671683821363146e+00
4.965191992174370128e+00
4.965705714549404348e+00
4.966217662009876577e+00
4.966730822946409774e+00
4.967250961947719645e+00
4.967777379851321840e+00
4.968320877316872775e+00
4.968876421812455035e+00
4.969444700505117218e+00
4.970025002125182390e+00
4.970612028825560635e+00
4.971214203524867870e+00
4.971826168287078573e+00
4.972448859575670177e+00
4.973083166542927813e+00
4.973725337374488298e+00
4.974383623290339784e+00
4.975051699567120345e+00
4.975734920192044441e+00
4.976425902980846416e+00
4.977128889549058854e+00
4.977837012696546992e+00
4.978540445032996864e+00
4.979238424289508913e+00
4.979926519084258096e+00
4.980606035131496689e+00
4.981266300219576060e+00
4.981908154773989850e+00
4.982537286791481890e+00
4.983152107510247397e+00
4.983751923691013275e+00
4.984328265029469129e+00
4.984886654715517729e+00
4.985434615525880631e+00
4.985972754831890619e+00
4.986502883161881172e+00
4.987021521057465101e+00
4.987534429978110140e+00
4.988041723619677903e+00
4.988540182549037638e+00
4.989030408661344396e+00
4.989506399396338665e+00
4.989971049155571770e+00
4.990422510828355307e+00
4.990859246465841892e+00
4.991279302004258511e+00
4.991685733895282695e+00
4.992069108996074256e+00
4.992422965529838663e+00
4.992748516041318751e+00
4.993043921578208533e+00
4.993303528006653558e+00
4.993523921079468408e+00
4.993705038621556014e+00
4.993853781118524182e+00
4.993970338467044634e+00
4.994051846766379477e+00
4.994098698839080974e+00
4.994121687503066731e+00
4.994115487977980550e+00
4.994086841482787698e+00
4.994036651382341319e+00
4.993965981321526471e+00
4.993879542898503665e+00
4.993765926769119901e+00
4.993628524195518281e+00
4.993466779429580171e+00
4.993285481769706102e+00
4.993079201009238410e+00
4.992846503097675637e+00
4.992596803333722022e+00
4.992333554614447166e+00
4.992062764547877229e+00
4.991786070790253937e+00
4.991507318064683396e+00
4.991232313148789679e+00
4.990965607993415709e+00
4.990708497583976389e+00
4.990464460671058866e+00
4.990241425566486200e+00
4.990032325431816851e+00
4.989836754284912246e+00
4.989652468551064146e+00
4.989480363324399370e+00
4.989322949506457050e+00
4.989171886563414482e+00
4.989040400412045884e+00
4.988920637767873423e+00
4.988824317723624446e+00
4.988748296502158119e+00
4.988689292015618726e+00
4.988661923017929212e+00
4.988652731204052060e+00
4.988675550567564621e+00
4.988722507870403611e+00
4.988799810335619256e+00
4.988909625709635698e+00
4.989046365833488927e+00
4.989213583851814349e+00
4.989408205440848398e+00
4.989632607261299313e+00
4.989891947555004315e+00
4.990175434919653874e+00
4.990477642445473982e+00
4.990796412593334175e+00
4.991129975831717580e+00
4.991478639944106455e+00
4.991846138304681268e+00
4.992230637288303186e+00
4.992633038117199717e+00
4.993053823402731517e+00
4.993494661292641190e+00
4.993958679913191645e+00
4.994455448305814116e+00
4.994978264114467770e+00
4.995522619514375151e+00
4.996088414369731723e+00
4.996675676769226193e+00
4.997293608515172458e+00
4.997931140838771213e+00
4.998596103890448283e+00
4.999277950628309597e+00
4.999971268578081052e+00
5.000677751554754025e+00
5.001391263707187562e+00
5.002111115484146886e+00
5.002832619725373853e+00
5.003547883285788700e+00
5.004255031599310399e+00
5.004953387706188472e+00
5.005641606404094723e+00
5.006318419678716936e+00
5.006974731190709349e+00
5.007609232543615008e+00
5.008219936593082622e+00
5.008808291210439911e+00
5.009371423302796167e+00
5.009899299918319393e+00
5.010388853280449695e+00
5.010838029003346072e+00
5.011247539288008923e+00
5.011615745900774854e+00
5.011942806272413620e+00
5.012198411031272727e+00
5.012396847019550350e+00
5.012537712585758420e+00
5.012623106483946600e+00
5.012658008435386670e+00
5.012626306557207201e+00
5.012544376117287648e+00
5.012385558609960157e+00
5.012159510267076179e+00
5.011877741118071050e+00
5.011527143393752937e+00
5.011126443159875876e+00
5.010664993536767753e+00
5.010153159883913077e+00
5.009578916964230189e+00
5.008936613586841169e+00
5.008248779189882427e+00
5.007509000313578262e+00
5.006731356916128028e+00
5.005900970262585403e+00
5.005023408693372033e+00
5.004111031529604681e+00
5.003166499969659675e+00
5.002198059198555313e+00
5.001201779407558945e+00
5.000187102568446562e+00
4.999161563304364009e+00
4.998116496292054123e+00
4.997055514839588319e+00
4.995979364824592039e+00
4.994892094147502348e+00
4.993798879248202205e+00
4.992706570264996202e+00
4.991616502565444868e+00
4.990541286257209386e+00
4.989477969047728223e+00
4.988446843189302093e+00
4.987446739685836405e+00
4.986492165488304984e+00
4.985579960358442975e+00
4.984705270392002951e+00
4.983886865762177543e+00
4.983111380276384672e+00
4.982392697793545544e+00
4.981714992907942730e+00
4.981091501762271889e+00
4.980528106813432387e+00
4.980013687287572210e+00
4.979559243743421959e+00
4.979146227476301867e+00
4.978785965380373213e+00
4.978473808442355875e+00
4.978212360621543375e+00
4.977996333048791300e+00
4.977818867520541701e+00
4.977683460277616767e+00
4.977579078500271592e+00
4.977504024624936463e+00
4.977452862484492258e+00
4.977428164990264747e+00
4.977446224451409940e+00
4.977488308445894738e+00
4.977568969083362660e+00
4.977677905177108286e+00
4.977814242326997096e+00
4.977992708244703302e+00
4.978194792894057308e+00
4.978434461028656166e+00
4.978697893702766386e+00
4.978995010917415698e+00
4.979322939840485240e+00
4.979681644169021482e+00
4.980063482103276762e+00
4.980470712249505993e+00
4.980900857364166434e+00
4.981349862431514453e+00
4.981819065762090659e+00
4.982306689461098337e+00
4.982811731350944129e+00
4.983328073461876784e+00
4.983850509179161392e+00
4.984381408830509841e+00
4.984921686676667463e+00
4.985469253239558363e+00
4.986019626361654744e+00
4.986568736163305537e+00
4.987118955617177107e+00
4.987670759884047733e+00
4.988229589526879337e+00
4.988799772364425955e+00
4.989376386431382926e+00
4.989959056628274325e+00
4.990547756580043348e+00
4.991146121983754291e+00
4.991756357764232988e+00
4.992370723774063990e+00
4.992988470000552681e+00
4.993608429906296386e+00
4.994233485040592058e+00
4.994864703965709474e+00
4.995497934845611887e+00
4.996126721454187347e+00
4.996738851060494646e+00
4.997332385992034887e+00
4.997902926233932064e+00
4.998446973626836431e+00
4.998966456716284590e+00
4.999454947662876236e+00
4.999911457737312048e+00
5.000329418619497979e+00
5.000710893635972099e+00
5.001041668084783787e+00
5.001324225616975205e+00
5.001563413896931820e+00
5.001756698162629355e+00
5.001909206741824043e+00
5.002008721101431910e+00
5.002061423714605937e+00
5.002071848865000447e+00
5.002048880364148076e+00
5.001992979351763680e+00
5.001888355020767563e+00
5.001738173323087011e+00
5.001552788200191557e+00
5.001330844661556085e+00
5.001075098714195200e+00
5.000772322839460493e+00
5.000428946590385948e+00
5.000053870207032958e+00
4.999647082811555343e+00
4.999214342659671573e+00
4.998753472617228688e+00
4.998266236609181234e+00
4.997765216729007420e+00
4.997252299463711189e+00
4.996734589798709436e+00
4.996215769401153750e+00
4.995702355554660912e+00
4.995197819521983718e+00
4.994709159074683491e+00
4.994235781146546316e+00
4.993792118704280192e+00
4.993377701578996408e+00
4.992999609722159171e+00
4.992660094214937949e+00
4.992348631820044957e+00
4.992081592450253957e+00
4.991850793207400550e+00
4.991669954503291429e+00
4.991535029080101715e+00
4.991440474721008158e+00
4.991393617432900776e+00
4.991393400118782075e+00
4.991448799362501632e+00
4.991541307866667054e+00
4.991680406378676160e+00
4.991861202875245596e+00
4.992075481796730330e+00
4.992325206501503132e+00
4.992594441985804821e+00
4.992887066425849341e+00
4.993193706860860281e+00
4.993510204432626942e+00
4.993836375316700327e+00
4.994171412317178316e+00
4.994518728060744372e+00
4.994877383699736662e+00
4.995242555542014351e+00
4.995621037399494035e+00
4.996013512043379734e+00
4.996423180541121667e+00
4.996849710857594218e+00
4.997293020216846848e+00
4.997752085244380638e+00
4.998230031309745414e+00
4.998726332327448674e+00
4.999240253707491810e+00
4.999764407752178563e+00
5.000292130811239133e+00
5.000824476881051694e+00
5.001359382337058790e+00
5.001899465499545450e+00
5.002438670871878656e+00
5.002973835198309516e+00
5.003509593745794071e+00
5.004038215009596335e+00
5.004559344677356414e+00
5.005063673807409685e+00
5.005553012443808569e+00
5.006022981470553468e+00
5.006475132620065160e+00
5.006915284087984475e+00
5.007338645411758549e+00
5.007748920312254270e+00
5.008145941337672546e+00
5.008533210484412024e+00
5.008916098466244193e+00
5.009294144576515784e+00
5.009669997608389380e+00
5.010038332706417741e+00
5.010396774960782729e+00
5.010750593422081067e+00
5.011088548144425836e+00
5.011413203654910831e+00
5.011707032090154001e+00
5.011975636864181460e+00
5.012213172940638728e+00
5.012415606165406601e+00
5.012595068095353490e+00
5.012732774950665160e+00
5.012839262262088091e+00
5.012906413357806734e+00
5.012932739500059576e+00
5.012916432175656745e+00
5.012852162596641570e+00
5.012740238075016563e+00
5.012579170231580505e+00
5.012375552066474782e+00
5.012127104484349616e+00
5.011826484304726215e+00
5.011480930325448391e+00
5.011088968095243068e+00
5.010642795403361660e+00
5.010151737806260996e+00
5.009624010798394700e+00
5.009066643033982302e+00
5.008484454181850509e+00
5.007864615906835404e+00
5.007217492525340319e+00
5.006551954214335076e+00
5.005870800827502798e+00
5.005180366177915730e+00
5.004475679014683820e+00
5.003760372985959215e+00
5.003042815838814050e+00
5.002325473119377364e+00
5.001612338413357506e+00
5.000906694521068729e+00
5.000207656239031628e+00
4.999524614875076267e+00
4.998855024491308363e+00
4.998199563537595758e+00
4.997555986185430399e+00
4.996926292543172110e+00
4.996310748149512371e+00
4.995709652555047953e+00
4.995125187140762257e+00
4.994555516903162129e+00
4.994002794873774853e+00
4.993468774733007542e+00
4.992950480309188421e+00
4.992454554726243110e+00
4.991977212344171022e+00
4.991513966758610366e+00
4.991066068027974367e+00
4.990627858255863636e+00
4.990206888829232135e+00
4.989799423542679691e+00
4.989402623054445485e+00
4.989016259749294413e+00
4.988641039234460450e+00
4.988277688798368636e+00
4.987919189137280718e+00
4.987571572725534530e+00
4.987237875860988545e+00
4.986918477442920050e+00
4.986617291373073968e+00
4.986325245638250969e+00
4.986056893289894099e+00
4.985809653391004126e+00
4.985580947854431955e+00
4.985371699769856946e+00
4.985178289421710929e+00
4.984999589462641545e+00
4.984845945610541840e+00
4.984713120301131006e+00
4.984614403609993971e+00
4.984540301788475070e+00
4.984503026270649784e+00
4.984498988521337104e+00
4.984532334919605567e+00
4.984609444447380078e+00
4.984713668505249551e+00
4.984853968460631890e+00
4.985023894578738179e+00
4.985226227853966741e+00
4.985465807345283551e+00
4.985728057835770777e+00
4.986020460751428018e+00
4.986331577476634358e+00
4.986674823303295589e+00
4.987040986072792670e+00
4.987422090609147318e+00
4.987814294945968285e+00
4.988210766565574161e+00
4.988608463619424782e+00
4.988996189300491935e+00
4.989371051032616577e+00
4.989737560850158182e+00
4.990093042318298977e+00
4.990435264397934390e+00
4.990756352346912728e+00
4.991055037797019978e+00
4.991340090528653128e+00
4.991606561363266081e+00
4.991858048670515302e+00
4.992084450338556856e+00
4.992284353271648101e+00
4.992455703232958619e+00
4.992598877799287571e+00
4.992722932685688342e+00
4.992820783488974179e+00
4.992893585235401943e+00
4.992941302902586642e+00
4.992966563136838509e+00
4.992978891493807581e+00
4.992970652277402444e+00
4.992946901989457231e+00
4.992905743990382561e+00
4.992852877427182534e+00
4.992795181034422214e+00
4.992731051568230605e+00
4.992662377685596731e+00
4.992581788480569216e+00
4.992491563123007126e+00
4.992397069905241125e+00
4.992296712978100182e+00
4.992191408874756320e+00
4.992075675281054004e+00
4.991953296914985572e+00
4.991821432600086261e+00
4.991688265485977105e+00
4.991556581158479666e+00
4.991426051996937119e+00
4.991298396989991559e+00
4.991169421209309398e+00
4.991048988636870298e+00
4.990936296891708146e+00
4.990835960733059906e+00
4.990743865857186989e+00
4.990652237480793119e+00
4.990569527291047969e+00
4.990493793922763821e+00
4.990426800942335817e+00
4.990364901844698942e+00
4.990301254440385748e+00
4.990241775617290543e+00
4.990182860710014268e+00
4.990135644192162268e+00
4.990099837465498567e+00
4.990070401280941148e+00
4.990054578836828902e+00
4.990050661006356414e+00
4.990076464313427884e+00
4.990128114695076000e+00
4.990215053256948252e+00
4.990333478251820054e+00
4.990488309214240914e+00
4.990682443237282051e+00
4.990917445464409852e+00
4.991199886786169770e+00
4.991520146267837355e+00
4.991882896298890593e+00
4.992289312282925273e+00
4.992739454271618804e+00
4.993239743026320454e+00
4.993780490072790457e+00
4.994365494573833608e+00
4.994995872253896962e+00
4.995670522103430322e+00
4.996386722872379060e+00
4.997144573429944892e+00
4.997945923755292341e+00
4.998778947541837603e+00
4.999645037675623627e+00
5.000536421114926355e+00
5.001446210617547905e+00
5.002367598215466948e+00
5.003292142847901580e+00
5.004220420668250568e+00
5.005149601498966483e+00
5.006084890539173493e+00
5.007013268793349070e+00
5.007931589434271302e+00
5.008835720369940070e+00
5.009724338377241182e+00
5.010602844382053611e+00
5.011449765662079336e+00
5.012272335464482254e+00
5.013057577411059285e+00
5.013817863861445012e+00
5.014542249689224462e+00
5.015234224969868038e+00
5.015882225657230187e+00
5.016492011422641006e+00
5.017064115913934863e+00
5.017595197508461169e+00
5.018089649217551518e+00
5.018533664221292767e+00
5.018934207210666187e+00
5.019291386219091322e+00
5.019603033518770019e+00
5.019880160117874190e+00
5.020097011762093331e+00
5.020270435816030385e+00
5.020390241077523186e+00
5.020448937403393153e+00
5.020466274019685038e+00
5.020428334126603609e+00
5.020342790406551181e+00
5.020211323552188354e+00
5.020019377224502755e+00
5.019793822855111998e+00
5.019520356446859566e+00
5.019210375916567379e+00
5.018858357329276210e+00
5.018472434465196308e+00
5.018056086149420558e+00
5.017609699588621908e+00
5.017135032076740941e+00
5.016642606739306842e+00
5.016133882176482039e+00
5.015618040521047760e+00
5.015096657645307765e+00
5.014575557817123830e+00
5.014064816121362789e+00
5.013572100174032542e+00
5.013098828081391289e+00
5.012652791064582836e+00
5.012242151383660804e+00
5.011876320351265512e+00
5.011548682485126527e+00
5.011259065416061809e+00
5.011012006529028007e+00
5.010811495107018843e+00
5.010664828127602277e+00
5.010558019975553279e+00
5.010501514213512309e+00
5.010485222672698136e+00
5.010525353599924792e+00
5.010615406606930833e+00
5.010749011712733569e+00
5.010924826192321824e+00
5.011144826004866104e+00
5.011418799760403608e+00
5.011727108659806085e+00
5.012076135988000836e+00
5.012455757486287133e+00
5.012856501864854764e+00
5.013278638238672258e+00
5.013710687423710510e+00
5.014158797601823814e+00
5.014618203828697496e+00
5.015082569944326885e+00
5.015551804045801809e+00
5.016021052973932193e+00
5.016488164404994343e+00
5.016947296413247770e+00
5.017391972656016108e+00
5.017822268756691351e+00
5.018233710492615351e+00
5.018621023262505254e+00
5.018971914688711955e+00
5.019291167447930135e+00
5.019587059172456733e+00
5.019859662635838937e+00
5.020113924632435776e+00
5.020337906165635466e+00
5.020532116110092424e+00
5.020703120811497833e+00
5.020850012239656657e+00
5.020977118101559000e+00
5.021076179465866929e+00
5.021142124359151637e+00
5.021185885628340451e+00
5.021188931916087839e+00
5.021166302174508544e+00
5.021102717527367254e+00
5.021003277599059622e+00
5.020861538452276562e+00
5.020675599490472152e+00
5.020461242151627701e+00
5.020214561269800591e+00
5.019939613406727119e+00
5.019635885757576688e+00
5.019300536987553407e+00
5.018948186551401847e+00
5.018576189530262965e+00
5.018191902888188949e+00
5.017794189480314415e+00
5.017377614033590838e+00
5.016949712326001176e+00
