0.000000000000000000e+00
0.000000000000000000e+00
-1.322031748713925294e-06
-6.738627707818526031e-06
-1.507891647634096444e-05
-2.349325528484769111e-05
-2.549744574935175993e-05
1.305356025113724281e-05
8.329206480993891115e-05
2.388085365237202756e-04
5.001447290123904946e-04
8.725739955843889867e-04
1.404014410072704829e-03
2.084371851378819234e-03
2.928242565685651704e-03
3.926918016368291867e-03
5.161111907655143230e-03
6.579446004325295409e-03
8.197922365361596728e-03
9.975407378369712669e-03
1.193991001098766366e-02
1.409678410142078606e-02
1.647052596657887225e-02
1.906671624034061638e-02
2.182452391236439082e-02
2.476792286484851696e-02
2.790492157786502933e-02
3.126266668885364225e-02
3.477137993424547768e-02
3.846936653702869024e-02
4.237249712794437240e-02
4.647630225270403537e-02
5.079736928790223871e-02
5.526683341115128795e-02
5.992322485297334189e-02
6.473654310553682290e-02
6.971216569989335810e-02
7.487070153802050099e-02
8.021063397973189624e-02
8.575803230851303249e-02
9.146218608468187350e-02
9.733316253274096330e-02
1.033868832454027109e-01
1.095673800572695006e-01
1.159008080825151554e-01
1.223958779439272004e-01
1.290813959702791225e-01
1.359174216851534167e-01
1.429143710002245271e-01
1.500852562054934003e-01
1.573804540499986748e-01
1.648258275851549604e-01
1.723973722323717539e-01
1.801491869553866199e-01
1.880445773467364634e-01
1.960998148783984485e-01
2.043258781298938342e-01
2.126802046164813775e-01
2.211948413714709960e-01
2.298686570987048539e-01
2.387285704478564752e-01
2.477145982846561123e-01
2.568659211263004116e-01
2.661819584235493030e-01
2.756098909243885342e-01
2.851704908475223288e-01
2.948479784592929476e-01
3.047019232377352616e-01
3.147272707089723842e-01
3.248767627343477904e-01
3.351754189595523292e-01
3.455804682835879604e-01
3.561617113217654951e-01
3.668413222894015835e-01
3.777006484135929099e-01
3.887558652028384465e-01
3.999505652055087568e-01
4.113330043420139748e-01
4.228430915936771117e-01
4.345231712922397738e-01
4.463700152501406948e-01
4.583514166936221712e-01
4.704986370667758599e-01
4.828443587884250210e-01
4.954049588307680718e-01
5.081055117711368307e-01
5.209758270844760952e-01
5.339919019803349709e-01
5.471914757355992309e-01
5.605630398854558605e-01
5.740486909016911943e-01
5.876610685452762217e-01
6.013810528382602660e-01
6.152529598340334971e-01
6.293102146252932405e-01
6.434551955327334483e-01
6.577360035046877496e-01
6.721121526822390058e-01
6.866309500798525312e-01
7.012873865231814552e-01
7.160210312470736138e-01
7.308487142190278618e-01
7.457463158234894918e-01
7.607741416558564396e-01
7.759358442887606122e-01
7.911801243886295021e-01
8.065073872670474042e-01
8.218782449826540493e-01
8.372960520848573562e-01
8.527758217915833994e-01
8.682679594621003361e-01
8.837999690636932915e-01
8.993485177621185489e-01
9.149121297463713720e-01
9.304792476758299014e-01
9.461125458344756822e-01
9.618004335030854168e-01
9.774998069867432138e-01
9.932157195672333128e-01
1.008928548203402498e+00
1.024621449814731022e+00
1.040295152769977305e+00
1.055931270228321228e+00
1.071529251442844721e+00
1.087080376254017322e+00
1.102593870268757215e+00
1.118064551459247991e+00
1.133504265652592213e+00
1.148937119351322700e+00
1.164279134379322400e+00
1.179581141577656256e+00
1.194776251421864055e+00
1.209915573702747604e+00
1.225023673878604891e+00
1.240129100190098033e+00
1.255262113915378785e+00
1.270383848057682119e+00
1.285495367155963908e+00
1.300570836172992406e+00
1.315616215573245817e+00
1.330628795729572156e+00
1.345582817898685501e+00
1.360579797135288427e+00
1.375569597588474746e+00
1.390543675528461698e+00
1.405490868197376342e+00
1.420377459631855244e+00
1.435200141774112703e+00
1.449934504137927682e+00
1.464692036019259902e+00
1.479408799515658846e+00
1.494078863964969361e+00
1.508688536988193496e+00
1.523203793869907674e+00
1.537742134438450092e+00
1.552233613835270365e+00
1.566684054242069468e+00
1.581036040888721406e+00
1.595291946040088726e+00
1.609444376336033100e+00
1.623452530013019812e+00
1.637363149033481680e+00
1.651128624783450904e+00
1.664778193341190038e+00
1.678306859837466858e+00
1.691713974581653179e+00
1.705002272234851457e+00
1.718235315190249857e+00
1.731309243546420351e+00
1.744293859110766620e+00
1.757090985880785938e+00
1.769731944905215348e+00
1.782199621306353565e+00
1.794542380677157656e+00
1.806853981123858865e+00
1.819104288922244406e+00
1.831317547665530343e+00
1.843687964783602862e+00
1.856178660498553734e+00
1.868898769722873388e+00
1.881843489514285706e+00
1.895053904162341540e+00
1.908644260273868021e+00
1.922509749041492189e+00
1.936731466160709125e+00
1.951271357642108573e+00
1.966174727784091747e+00
1.981363179789478179e+00
1.996938296662265744e+00
2.012795341120654946e+00
2.028893182383472382e+00
2.045330888138706005e+00
2.062061615096027367e+00
2.079158872471744246e+00
2.096546353207523250e+00
2.114286261902743824e+00
2.132260980711871756e+00
2.150574632988864643e+00
2.169104473696643609e+00
2.187875056372577731e+00
2.206721907959873441e+00
2.225711091862613955e+00
2.244711669789249520e+00
2.263808037148411056e+00
2.282886917696888229e+00
2.302015885220463076e+00
2.321079861031468017e+00
2.340173663006718474e+00
2.359185776816304259e+00
2.378215468035634217e+00
2.397161452876027443e+00
2.416130845652516790e+00
2.435021202670033524e+00
2.453949796067174116e+00
2.472938679562505015e+00
2.491888556586201897e+00
2.510851708756383527e+00
2.529759800539907122e+00
2.548670467244084747e+00
2.567681602345403213e+00
2.586628106938298810e+00
2.605633273230488989e+00
2.624569751130040540e+00
2.643584412442143705e+00
2.662705534802372931e+00
2.681833791838581948e+00
2.701014058695729414e+00
2.720215047703679723e+00
2.739299274788793426e+00
2.758426623450215942e+00
2.777564630614217212e+00
2.796627783881123541e+00
2.815823335753376622e+00
2.835038014756138480e+00
2.854438653098042344e+00
2.873945895539219642e+00
2.893546736346180648e+00
2.913351225958759727e+00
2.933320094452793292e+00
2.953578819142277379e+00
2.974015377865727228e+00
2.994726835595066916e+00
3.015629817353184805e+00
3.036765960560734445e+00
3.058049672947819708e+00
3.079521719323094597e+00
3.101083220349248215e+00
3.122706457482274267e+00
3.144339288578923863e+00
3.165968219147619056e+00
3.187473296032842462e+00
3.208952270852025279e+00
3.230291301117833580e+00
3.251513918744024068e+00
3.272606960640843887e+00
3.293600026474889475e+00
3.314465524064000856e+00
3.335215402947362406e+00
3.355772279606755948e+00
3.376251996861394211e+00
3.396565817700322398e+00
3.416806010113652370e+00
3.436920169697697869e+00
3.456992215023930726e+00
3.477012270794805016e+00
3.496922723160680313e+00
3.516740499840672829e+00
3.536419658766682961e+00
3.555948448286946562e+00
3.575291122303899449e+00
3.594542020665105753e+00
3.613700187312063328e+00
3.632726504908498910e+00
3.651640950547155207e+00
3.670402014361318077e+00
3.689002194510396571e+00
3.707376836644109552e+00
3.725534128056462890e+00
3.743517071114476735e+00
3.761333744631703890e+00
3.779005043612416515e+00
3.796456593380864053e+00
3.813747896061833398e+00
3.830844731436665374e+00
3.847802350626881918e+00
3.864581844912465591e+00
3.881191896305974609e+00
3.897640329705174711e+00
3.913915065632756818e+00
3.930004075871404101e+00
3.945905495987828360e+00
3.961594619856770638e+00
3.977148814307148950e+00
3.992530496226246672e+00
4.007759490118916190e+00
4.022717678652699469e+00
4.037442339764531596e+00
4.051952841387685744e+00
4.066273233996328784e+00
4.080358457671103167e+00
4.094242733822760272e+00
4.107970376120504419e+00
4.121561935053762227e+00
4.135036984787877401e+00
4.148320772753652186e+00
4.161429427967962447e+00
4.174395815239843266e+00
4.187221934901174336e+00
4.199920061932500559e+00
4.212412012921268989e+00
4.224712817774708640e+00
4.236837352620060670e+00
4.248803894625599931e+00
4.260611140833790778e+00
4.272224838839466798e+00
4.283619048701222454e+00
4.294805525647099387e+00
4.305753396855290127e+00
4.316481098042423525e+00
4.326982290850574842e+00
4.337231991396839348e+00
4.347257853852207532e+00
4.356980223165447974e+00
4.366441077695783157e+00
4.375655548678333950e+00
4.384649574862415911e+00
4.393380743370945751e+00
4.401875010238583741e+00
4.410095893846447623e+00
4.418064439998562243e+00
4.425828989849978967e+00
4.433351380930836250e+00
4.440707211600239290e+00
4.447849453197414427e+00
4.454812859998638075e+00
4.461556927071506529e+00
4.468086329208309060e+00
4.474432615743571873e+00
4.480573764549189875e+00
4.486542490230494451e+00
4.492346459732943664e+00
4.498010214076930247e+00
4.503514720307284946e+00
4.508854945407802184e+00
4.514016058550769372e+00
4.519019665823871712e+00
4.523899865256244546e+00
4.528633620844775720e+00
4.533251543150836227e+00
4.537734191225464286e+00
4.542076129125053541e+00
4.546309790121013883e+00
4.550425947116310432e+00
4.554454913543160011e+00
4.558376112686093329e+00
4.562193899558480759e+00
4.565927213834222620e+00
4.569554239319260525e+00
4.573081934259827896e+00
4.576532648013528437e+00
4.579907243059571975e+00
4.583224540756638987e+00
4.586475810812409293e+00
4.589665400491650615e+00
4.592817159698899587e+00
4.595932780908045245e+00
4.599024826095995166e+00
4.602098582194741994e+00
4.605155332194264872e+00
4.608211846159393943e+00
4.611265896962578381e+00
4.614328449474270677e+00
4.617403708504136617e+00
4.620495897041258182e+00
4.623606555865702461e+00
4.626742072211203372e+00
4.629901459620890947e+00
4.633092023836073992e+00
4.636311320768292887e+00
4.639554316507276788e+00
4.642823994265492971e+00
4.646104467318948217e+00
4.649403260157998652e+00
4.652705502615866351e+00
4.656000840769705107e+00
4.659291463600095717e+00
4.662561269508299411e+00
4.665817169354853355e+00
4.669041055844720844e+00
4.672226663337645469e+00
4.675362307833133002e+00
4.678451477991042218e+00
4.681490270601210923e+00
4.684477743314204190e+00
4.687411346541343171e+00
4.690284101770815894e+00
4.693099572466311820e+00
4.695849720643457736e+00
4.698516904221471613e+00
4.701115335927899430e+00
4.703615152345594019e+00
4.706049819098408804e+00
4.708393773095305157e+00
4.710649575398857536e+00
4.712826691673690505e+00
4.714932914631062566e+00
4.716974461631470383e+00
4.718923296587162142e+00
4.720807454244784651e+00
4.722626319633415726e+00
4.724391245351721835e+00
4.726118209020783389e+00
4.727800718502691346e+00
4.729455541180065836e+00
4.731082513587168137e+00
4.732687601701906388e+00
4.734286098287992850e+00
4.735873399035625653e+00
4.737456302897625093e+00
4.739038480179004864e+00
4.740617993281774467e+00
4.742206205384425388e+00
4.743798505918674024e+00
4.745402019874743971e+00
4.747006178753069072e+00
4.748603013710669174e+00
4.750199947611978502e+00
4.751789423631120890e+00
4.753377174691845397e+00
4.754954568849493413e+00
4.756519442455459767e+00
4.758074943976092541e+00
4.759609955207991128e+00
4.761128797338889385e+00
4.762618038611101667e+00
4.764078169123814988e+00
4.765512942181514333e+00
4.766916785345958196e+00
4.768290387050795331e+00
4.769624431388067798e+00
4.770920979337383905e+00
4.772186874406028956e+00
4.773411422775675206e+00
4.774599621252703763e+00
4.775737839446948740e+00
4.776833862246561146e+00
4.777891100899863019e+00
4.778900198818730516e+00
4.779870761217164699e+00
4.780786221729207419e+00
4.781661990688730768e+00
4.782502894432831830e+00
4.783301576407243516e+00
4.784068215148140624e+00
4.784786966399837027e+00
4.785483287678649056e+00
4.786147372455884508e+00
4.786785171584772236e+00
4.787405758531377842e+00
4.788009011702224704e+00
4.788601162353144147e+00
4.789176097096488505e+00
4.789742935815438862e+00
4.790298318521664989e+00
4.790850487196431473e+00
4.791406996989236333e+00
4.791967908510551766e+00
4.792534373135850068e+00
4.793098816120609840e+00
4.793663485826537674e+00
4.794231918671712833e+00
4.794802409702524137e+00
4.795373498977705040e+00
4.795937739567442293e+00
4.796494321183844001e+00
4.797043459372207330e+00
4.797588621595487268e+00
4.798126492680594879e+00
4.798655081869648065e+00
4.799174562686668644e+00
4.799687844918654633e+00
4.800200458610043519e+00
4.800709653192743787e+00
4.801211550676807605e+00
4.801702605889722975e+00
4.802181881660207985e+00
4.802651606345161639e+00
4.803111868345721014e+00
4.803564701297862172e+00
4.804010496729596014e+00
4.804450954267365681e+00
4.804882076972705640e+00
4.805299202160520977e+00
4.805700478361531580e+00
4.806091763557478913e+00
4.806479816915080860e+00
4.806862461821721055e+00
4.807234610722945334e+00
4.807596725964532247e+00
4.807955248312637764e+00
4.808316138455255739e+00
4.808678647124750682e+00
4.809046984085425080e+00
4.809413591319308345e+00
4.809781209969506754e+00
4.810139263825104372e+00
4.810492215597616195e+00
4.810838495710479279e+00
4.811170599417375904e+00
4.811491018788504270e+00
4.811792203889775799e+00
4.812076422025997502e+00
4.812343363700052556e+00
4.812588601050515891e+00
4.812810293765356739e+00
4.813004227386405098e+00
4.813176378918429421e+00
4.813327806176236123e+00
4.813456605154639689e+00
4.813566014267122384e+00
4.813655360325788557e+00
4.813720149950674099e+00
4.813760561732193466e+00
4.813775656735375108e+00
4.813768172302948400e+00
4.813736656042016726e+00
4.813683705301224691e+00
4.813618695530309743e+00
4.813534289634986862e+00
4.813435029926911746e+00
4.813315648351998099e+00
4.813175704208404682e+00
4.813024550237893884e+00
4.812859127418338545e+00
4.812687239227083857e+00
4.812494772662608611e+00
4.812280640629318818e+00
4.812044387263443745e+00
4.811788707141963606e+00
4.811525203948107787e+00
4.811242378232267747e+00
4.810942340241012083e+00
4.810626962640522031e+00
4.810298544996616243e+00
4.809968571336206367e+00
4.809629429140326096e+00
4.809283937522407015e+00
4.808934473664696618e+00
4.808588228271539755e+00
4.808250916459795299e+00
4.807921711289521838e+00
4.807598889851210977e+00
4.807290986803560706e+00
4.807000430346666242e+00
4.806730750770507932e+00
4.806480666146813796e+00
4.806236935974299129e+00
4.806015843105702068e+00
4.805808852472542192e+00
4.805623889052508702e+00
4.805449634799002112e+00
4.805289204669383807e+00
4.805147558226448901e+00
4.805013142413659288e+00
4.804891496458290945e+00
4.804776593110722693e+00
4.804664999422816329e+00
4.804559680166852864e+00
4.804450165926677840e+00
4.804345506978421554e+00
4.804241387452198531e+00
4.804154883519947461e+00
4.804084305976719094e+00
4.804028576965646558e+00
4.803993506205006092e+00
4.803970444541628915e+00
4.803968196771602805e+00
4.803983597066981304e+00
4.804022401471886639e+00
4.804084838878627473e+00
4.804175418287780275e+00
4.804298454735691948e+00
4.804442146754155374e+00
4.804609668812045875e+00
4.804796563832352874e+00
4.805006322579722600e+00
4.805246661471466396e+00
4.805506658682862309e+00
4.805787040235737884e+00
4.806082318982372925e+00
4.806394610626887776e+00
4.806721629536044205e+00
4.807065063117338610e+00
4.807418066261602618e+00
4.807782327382160936e+00
4.808150214663042377e+00
4.808511081299081447e+00
4.808869120961323240e+00
4.809213198719814564e+00
4.809540787337616585e+00
4.809832207745208699e+00
4.810085243841900393e+00
4.810302858555957073e+00
4.810477702355280272e+00
4.810614062052487760e+00
4.810699766882031270e+00
4.810741028844645939e+00
4.810748487693640385e+00
4.810725797281050653e+00
4.810678516813934991e+00
4.810604278781833720e+00
4.810506859916644729e+00
4.810393653494688060e+00
4.810266926923217667e+00
4.810131772254976568e+00
4.809991408699574755e+00
4.809851455596657388e+00
4.809718624606178494e+00
4.809597896459893995e+00
4.809488787605807225e+00
4.809400623889088955e+00
4.809335227004631896e+00
4.809301140309691469e+00
4.809303773180729102e+00
4.809342529815769929e+00
4.809423971842191392e+00
4.809548731292745849e+00
4.809724299903175293e+00
4.809950567870548532e+00
4.810226466520838073e+00
4.810555132604353190e+00
4.810934313475303092e+00
4.811362507282905376e+00
4.811844409122279842e+00
4.812374635948946100e+00
4.812952721058537442e+00
4.813575324840058123e+00
4.814241745970357478e+00
4.814957633367884959e+00
4.815709071881282277e+00
4.816494940645207556e+00
4.817317723906745286e+00
4.818170848242154136e+00
4.819067641846051409e+00
4.819991667173019856e+00
4.820952260992638294e+00
4.821937505803219892e+00
4.822960025421495267e+00
4.824040796063060910e+00
4.825157494149323156e+00
4.826327367625351528e+00
4.827531522489305615e+00
4.828789504594322324e+00
4.830114864087816429e+00
4.831498227394337874e+00
4.832953866697066836e+00
4.834455409622901101e+00
4.836025797701590356e+00
4.837668422884457975e+00
4.839395794547312946e+00
4.841179216778987104e+00
4.843034196323866780e+00
4.844955453551525792e+00
4.846951239532941713e+00
4.849020410753006161e+00
4.851137518412584448e+00
4.853313084072584438e+00
4.855542661375516822e+00
4.857813262916320873e+00
4.860136557794326961e+00
4.862497443980688949e+00
4.864906836874002494e+00
4.867360036200994777e+00
4.869845729745144070e+00
4.872364229238742794e+00
4.874914936102144658e+00
4.877497349954357908e+00
4.880097711063137389e+00
4.882708653486481865e+00
4.885326649821511324e+00
4.887951701558342243e+00
4.890581166721096551e+00
4.893204856789818535e+00
4.895821250951998493e+00
4.898420125520938306e+00
4.900991666889900955e+00
4.903530602432007335e+00
4.906038398421521229e+00
4.908510532952064409e+00
4.910938726193422532e+00
4.913316644705052028e+00
4.915648677027935953e+00
4.917932399488205597e+00
4.920166975385661168e+00
4.922350905365461493e+00
4.924481562650912636e+00
4.926569431848042413e+00
4.928607114679329548e+00
4.930609854436630357e+00
4.932565227723832990e+00
4.934485073215480355e+00
4.936380919790978261e+00
4.938256553090329071e+00
4.940116667277331786e+00
4.941951549626106832e+00
4.943766079372877265e+00
4.945566786057467468e+00
4.947347002304311125e+00
4.949114311761374729e+00
4.950859982944246340e+00
4.952592460788006079e+00
4.954314805842155778e+00
4.956025798148625761e+00
4.957729244954101944e+00
4.959426920092814939e+00
4.961116345203631539e+00
4.962803938961737771e+00
4.964488001293651642e+00
4.966171842492334676e+00
4.967856715894453323e+00
4.969536409950962685e+00
4.971212430424205131e+00
4.972880205190889136e+00
4.974540630853883094e+00
4.976190003133527107e+00
4.977830085284224992e+00
4.979457388348095037e+00
4.981072753197661740e+00
4.982670236951819653e+00
4.984251878089420273e+00
4.985813502795211960e+00
4.987350834435932967e+00
4.988869094229452905e+00
4.990362390405649329e+00
4.991835316396469935e+00
4.993283138550038025e+00
4.994700160450453730e+00
4.996094708419556163e+00
4.997463877923006059e+00
4.998811086542123583e+00
5.000123465932124311e+00
5.001397478110306771e+00
5.002627536780351214e+00
5.003817560500614547e+00
5.004976373962275460e+00
5.006092653847448837e+00
5.007164042494408385e+00
5.008184914863816672e+00
5.009163022763243767e+00
5.010110585368386715e+00
5.011025263196937196e+00
5.011900924868100127e+00
5.012732133618704289e+00
5.013521951413861366e+00
5.014268239862434307e+00
5.014977419055215435e+00
5.015650458387248101e+00
5.016286654225699415e+00
5.016889908886664529e+00
5.017460039309376896e+00
5.018007108024472807e+00
5.018541001058335560e+00
5.019056442766602899e+00
5.019551926269348208e+00
5.020027599088068726e+00
5.020488645783777848e+00
5.020937700360232903e+00
5.021381270042771128e+00
5.021822073548250387e+00
5.022256916701011598e+00
5.022691924846880873e+00
5.023124888851456582e+00
5.023566921590975731e+00
5.024017642340770529e+00
5.024473309046738834e+00
5.024934098362141555e+00
5.025392622738294790e+00
5.025856148540192692e+00
5.026322681396417913e+00
5.026787484786622073e+00
5.027248747847192334e+00
5.027701980001441306e+00
5.028150492659917425e+00
5.028595590866317799e+00
5.029036016143074050e+00
5.029471204779259352e+00
5.029897016226462902e+00
5.030317533365598948e+00
5.030727349943630244e+00
5.031129099927060366e+00
5.031524895965270083e+00
5.031912514954021809e+00
5.032295963443034204e+00
5.032671669027918071e+00
5.033045081212335070e+00
5.033420728421919677e+00
5.033796723499112780e+00
5.034172235964947006e+00
5.034540589018874357e+00
5.034903672984951228e+00
5.035258952952141875e+00
5.035602629683133102e+00
5.035932639367099561e+00
5.036246753945166965e+00
5.036546607962960387e+00
5.036836888953262203e+00
5.037116420990937371e+00
5.037387751988284812e+00
5.037646947554462074e+00
5.037902127108687012e+00
5.038156541506910280e+00
5.038412934090161777e+00
5.038668006616796369e+00
5.038914335309678805e+00
5.039157501380110205e+00
5.039395313034916057e+00
5.039637323911452249e+00
5.039884881372714176e+00
5.040136385611410752e+00
5.040395874842221957e+00
5.040663793715800090e+00
5.040947425640339041e+00
5.041246555033290555e+00
5.041563815619015010e+00
5.041890446501932743e+00
5.042219812343976315e+00
5.042552791196069251e+00
5.042888386245031995e+00
5.043230260866840453e+00
5.043579299482662925e+00
5.043923592525679567e+00
5.044262246596772137e+00
5.044593392196257575e+00
5.044914169456023778e+00
5.045225118636300188e+00
5.045511632743437502e+00
5.045778616271127781e+00
5.046015663626749692e+00
5.046226132265437592e+00
5.046401321324665901e+00
5.046543575958494898e+00
5.046661121235374914e+00
5.046740619908232084e+00
5.046786380773555791e+00
5.046789275314222500e+00
5.046750508863043549e+00
5.046679193581950607e+00
5.046562055684191250e+00
5.046411648420182416e+00
5.046204704744307712e+00
5.045956722208796208e+00
5.045664847576557754e+00
5.045332960756063301e+00
5.044972413973451530e+00
5.044572883629740545e+00
5.044146051415743237e+00
5.043677181684913080e+00
5.043175945961417384e+00
5.042648269170465269e+00
5.042091001467349010e+00
5.041507989102544052e+00
5.040889621162357948e+00
5.040246160188261548e+00
5.039583707162682558e+00
5.038903630161230218e+00
5.038208740138951036e+00
5.037481075236144967e+00
5.036732280263248818e+00
5.035954038807694211e+00
5.035153992929999767e+00
5.034339596041982112e+00
5.033503419020715519e+00
5.032651223996226442e+00
5.031783458673898757e+00
5.030907181882803059e+00
5.030032334858123733e+00
5.029154661455695674e+00
5.028275514849966044e+00
5.027396898800079228e+00
5.026522105196063350e+00
5.025656700143163569e+00
5.024794831955377461e+00
5.023942655110302802e+00
5.023094724425616775e+00
5.022248451346103870e+00
5.021406584614459767e+00
5.020563793638292971e+00
5.019723338791671985e+00
5.018879953855220677e+00
5.018034501382652834e+00
5.017191002899351382e+00
5.016346539267839688e+00
5.015505109438242570e+00
5.014661837750616691e+00
5.013825872474851231e+00
5.012995384642424668e+00
5.012166335889640223e+00
5.011340109863819947e+00
5.010510098794044076e+00
5.009682465875089363e+00
5.008856426411806950e+00
5.008026952379881713e+00
5.007196152219115071e+00
5.006360804670987541e+00
5.005529225253997794e+00
5.004702225708900443e+00
5.003877785736261963e+00
5.003058264115392006e+00
5.002243193173347535e+00
5.001435633534133451e+00
5.000634049707590734e+00
4.999838889995156244e+00
4.999049500459371131e+00
4.998265979894935818e+00
4.997489001238283990e+00
4.996715381750401974e+00
4.995951248043712489e+00
4.995196258732613082e+00
4.994449884155328867e+00
4.993711281800205626e+00
4.992980841109092793e+00
4.992256718212303213e+00
4.991532806464967109e+00
4.990808549606737365e+00
4.990081691229280025e+00
4.989352082693512713e+00
4.988614155137474526e+00
4.987865010210806638e+00
4.987103460290964740e+00
4.986335029983457900e+00
4.985566447013553670e+00
4.984797246465023868e+00
4.984027891763980200e+00
4.983252026447589245e+00
4.982471041613751872e+00
4.981689768442445931e+00
4.980908204922013915e+00
4.980125992679528935e+00
4.979337872797183095e+00
4.978547326931290762e+00
4.977759092384511419e+00
4.976980738127166681e+00
4.976215092474156165e+00
4.975464929127626945e+00
4.974726108768516397e+00
4.973996278205447652e+00
4.973281197407774634e+00
4.972582812243632411e+00
4.971903202691605017e+00
4.971246250355175533e+00
4.970600914815000770e+00
4.969986345367066960e+00
4.969399928571216485e+00
4.968840449424019035e+00
4.968308073887159004e+00
4.967803322160174062e+00
4.967340750516882508e+00
4.966907376693121101e+00
4.966504967705838602e+00
4.966131547735565199e+00
4.965786755652659146e+00
4.965484622614019905e+00
4.965205237762563506e+00
4.964959238310837186e+00
4.964738815901362123e+00
4.964538201977990006e+00
4.964361427472463006e+00
4.964195704673907805e+00
4.964049660553714993e+00
4.963920337603918931e+00
4.963805640134520303e+00
4.963712079207903471e+00
4.963639084393649981e+00
4.963593804141996912e+00
4.963566834737570765e+00
4.963560504992634570e+00
4.963583552020279122e+00
4.963633696686152952e+00
4.963720324409801599e+00
4.963825255266997694e+00
4.963960715492864217e+00
4.964129090027559421e+00
4.964323091653782605e+00
4.964548266378837837e+00
4.964788669867115090e+00
4.965057350152776827e+00
4.965358545573101523e+00
4.965685362049983453e+00
4.966039022298203598e+00
4.966414698378787129e+00
4.966815523186372872e+00
4.967231736460374414e+00
4.967663762287840790e+00
4.968111506083652706e+00
4.968574369193658136e+00
4.969059644022627786e+00
4.969556264632983833e+00
4.970070060470743734e+00
4.970596012266023322e+00
4.971129714043480696e+00
4.971671786585492470e+00
4.972217123673896566e+00
4.972766680994670452e+00
4.973316806273202495e+00
4.973863196463922165e+00
4.974405812712054065e+00
4.974941898526291872e+00
4.975477039755920927e+00
4.976010497973899938e+00
4.976535515056592196e+00
4.977049770557922415e+00
4.977550226131122635e+00
4.978034176619392071e+00
4.978502548018139073e+00
4.978951170833449069e+00
4.979377511942427503e+00
4.979782333762985402e+00
4.980165930295032517e+00
4.980521168091934570e+00
4.980853845121009371e+00
4.981170347349388017e+00
4.981471603361558920e+00
4.981764655278665188e+00
4.982049096392137777e+00
4.982333399539482954e+00
4.982617209607403730e+00
4.982895885647875112e+00
4.983176327140671269e+00
4.983455584419560047e+00
4.983743076359520963e+00
4.984038637632171920e+00
4.984337635466497218e+00
4.984642466248612180e+00
4.984946261511783661e+00
4.985255570502620692e+00
4.985567435452382234e+00
4.985884218604901719e+00
4.986211327368060608e+00
4.986546733731070269e+00
4.986893234567382649e+00
4.987255358712413766e+00
4.987629416266123883e+00
4.988026175664406203e+00
4.988437669219118575e+00
4.988872725607497394e+00
4.989329435506505206e+00
4.989808757805867856e+00
4.990312607081277108e+00
4.990828201712709244e+00
4.991361217477959578e+00
4.991905416192154554e+00
4.992461479210893671e+00
4.993031131455342830e+00
4.993606289418083044e+00
4.994190338791947958e+00
4.994779747368436773e+00
4.995372183488350437e+00
4.995973759831529470e+00
4.996580833958130796e+00
4.997201009148401596e+00
4.997828365543527163e+00
4.998469960147184032e+00
4.999126682111662667e+00
4.999796668121260446e+00
5.000478027591151786e+00
5.001162518689080017e+00
5.001851453089757094e+00
5.002542621249004284e+00
5.003236554095192190e+00
5.003925576412721732e+00
5.004608955064459686e+00
5.005284126231116737e+00
5.005951530167503272e+00
5.006608896234675754e+00
5.007259398379965809e+00
5.007902300933047002e+00
5.008543810302063193e+00
5.009185420328423177e+00
5.009826883801863140e+00
5.010469448173092033e+00
5.011108076030063252e+00
5.011750097701001216e+00
5.012396215924669107e+00
5.013047135600496418e+00
5.013699983635593327e+00
5.014348681324769075e+00
5.015001992636967110e+00
5.015660233700324433e+00
5.016323072144438733e+00
5.016987475657512796e+00
5.017648643010905296e+00
5.018307775983264385e+00
5.018965143391540984e+00
5.019622007364085370e+00
5.020283159518291960e+00
5.020942745709469968e+00
5.021596027070334145e+00
5.022238715121198460e+00
5.022872594276118541e+00
5.023501310178685841e+00
5.024116171018828680e+00
5.024714647361685493e+00
5.025294866764593138e+00
5.025859311947274755e+00
5.026406156325387009e+00
5.026937825435446427e+00
5.027460501545713889e+00
5.027974312210129249e+00
5.028480255992756831e+00
5.028977345989690484e+00
5.029469808729039038e+00
5.029958991164015458e+00
5.030448644550192583e+00
5.030939577238311422e+00
5.031432610915651082e+00
5.031931776569832593e+00
5.032440497779894883e+00
5.032956661412169908e+00
5.033474300408413704e+00
5.033993887321702054e+00
5.034513329172186857e+00
5.035032692083769135e+00
5.035544908919982632e+00
5.036049185746961143e+00
5.036542233170622218e+00
5.037022256420605082e+00
5.037485330642812009e+00
5.037931244799548125e+00
5.038365482927912531e+00
5.038789149911756304e+00
5.039202212633247413e+00
5.039603375436421118e+00
5.039998693892414394e+00
5.040393513085003718e+00
5.040784108245429884e+00
5.041167886720653968e+00
5.041541984768266538e+00
5.041909803168530324e+00
5.042277671375924086e+00
5.042642234058730466e+00
5.043001695030979725e+00
5.043355788306944198e+00
5.043703162463062384e+00
5.044047510863893358e+00
5.044383189173096582e+00
5.044709991866404231e+00
5.045023142600113530e+00
5.045316329111957820e+00
5.045589645204746176e+00
5.045835597512923876e+00
5.046056137809209474e+00
5.046260454075089719e+00
5.046438179926624912e+00
5.046593761274269951e+00
5.046717902261442568e+00
5.046810044876910872e+00
5.046875687393039378e+00
5.046912846416381271e+00
5.046935230721865118e+00
5.046936810185288280e+00
5.046911241394554715e+00
5.046859756918711248e+00
5.046777623916131716e+00
5.046678705528464981e+00
5.046553272647870791e+00
5.046397680850786216e+00
5.046206799639474383e+00
5.045974580222826411e+00
5.045720804078590582e+00
5.045432141671042814e+00
5.045107623921792239e+00
5.044745529541828866e+00
5.044347810434261170e+00
5.043921346688726715e+00
5.043460876369932677e+00
5.042967864560046642e+00
5.042440853105942367e+00
5.041887620600024711e+00
5.041305925274352617e+00
5.040695249499838049e+00
5.040058090450327377e+00
5.039394161762755786e+00
5.038709260882894725e+00
5.038002695875326786e+00
5.037278140546836980e+00
5.036541882591405006e+00
5.035788721950806845e+00
5.035021562563337660e+00
5.034237824516451631e+00
5.033442700939334102e+00
5.032640466304577842e+00
5.031829856099641951e+00
5.031008030908263429e+00
5.030176450373684993e+00
5.029335620315825039e+00
5.028488254757676579e+00
5.027636994259511383e+00
5.026779340418134900e+00
5.025918833674940522e+00
5.025050747605118495e+00
5.024175378667267822e+00
5.023293642314228258e+00
5.022403386594806562e+00
5.021502963142547848e+00
5.020597006293093578e+00
5.019690154181872366e+00
5.018781839298163128e+00
5.017874646248374759e+00
5.016964621828948978e+00
5.016062182920133949e+00
5.015169601501976437e+00
5.014287811504756220e+00
5.013418498994862027e+00
5.012561503784811023e+00
5.011725863875900799e+00
5.010905869590199124e+00
5.010102345036424154e+00
5.009314860316075091e+00
5.008542163135564884e+00
5.007788183154618267e+00
5.007045382397329547e+00
5.006329284446393579e+00
5.005633454160844487e+00
5.004968371825372131e+00
5.004324146198188217e+00
5.003712181063448838e+00
5.003144614869809104e+00
5.002601210573768498e+00
5.002097077878270959e+00
5.001615225846026469e+00
5.001173170493996345e+00
5.000774693066336596e+00
5.000406362401403904e+00
5.000075892867602789e+00
4.999764838876283868e+00
4.999483539914792551e+00
4.999225045932536027e+00
4.998983257809733516e+00
4.998770674901162003e+00
4.998574159765694525e+00
4.998406119650307566e+00
4.998257316589434396e+00
4.998136528261085232e+00
4.998050529599269431e+00
4.997981977212321958e+00
4.997942936055905783e+00
4.997920696217180492e+00
4.997928605612679931e+00
4.997966588327973803e+00
4.998025197775414874e+00
4.998108531066528748e+00
4.998203374275319355e+00
4.998315871979422731e+00
4.998445732432730715e+00
4.998588918985180207e+00
4.998747869839273328e+00
4.998913586304836620e+00
4.999092762225620490e+00
4.999282929485045379e+00
4.999490498339139499e+00
4.999706175939493846e+00
4.999922567510360238e+00
5.000139314436668592e+00
5.000353768223279260e+00
5.000566717830801089e+00
5.000777019297087733e+00
5.000986434162909333e+00
5.001190061864758896e+00
5.001386966013665614e+00
5.001575527076925098e+00
5.001754753419514365e+00
5.001926031203325351e+00
5.002083372582996290e+00
5.002228787231574714e+00
5.002359318497906493e+00
5.002475737507770859e+00
5.002574171542505610e+00
5.002659547354409320e+00
5.002740393632405969e+00
5.002809206468366909e+00
5.002865607996786146e+00
5.002904614719877685e+00
5.002932120254112824e+00
5.002948394211556682e+00
5.002957155219477592e+00
5.002962610827956347e+00
5.002965574290275441e+00
5.002965705242378824e+00
5.002961427594265764e+00
5.002958448288692850e+00
5.002956506716865093e+00
5.002959198942255270e+00
5.002965425647408537e+00
5.002974714480071583e+00
5.002996632672578770e+00
5.003030815754748950e+00
5.003078008207223704e+00
5.003136371492138856e+00
5.003206340541794361e+00
5.003282215024076329e+00
5.003361611009306209e+00
5.003440720249628271e+00
5.003519641427984332e+00
5.003590367372809489e+00
5.003650781262396485e+00
5.003693675353853010e+00
5.003721802734499846e+00
5.003742887027757824e+00
5.003753178428588910e+00
5.003752821190785127e+00
5.003732765925152925e+00
5.003696910075880133e+00
5.003650386708824449e+00
5.003592263504899940e+00
5.003521927798204594e+00
5.003431824713983289e+00
5.003329503068738582e+00
5.003214064266570560e+00
5.003092472597994167e+00
5.002969276707657009e+00
5.002840591043271168e+00
5.002710324822030152e+00
5.002573285315222940e+00
5.002432962756641288e+00
5.002286905346474910e+00
5.002139416381753634e+00
5.001994406038932972e+00
5.001852268537543722e+00
5.001710550727360705e+00
5.001571076482573375e+00
5.001433451853731782e+00
5.001299390465059780e+00
5.001167932188176124e+00
5.001035972235762017e+00
5.000906395956911332e+00
5.000780793491788501e+00
5.000660979550369589e+00
5.000545967508145395e+00
5.000435280481392297e+00
5.000325853608586613e+00
5.000214066233523269e+00
5.000097205208652973e+00
4.999979453438929689e+00
4.999864928618110049e+00
4.999752615362442754e+00
4.999640134180001638e+00
4.999524891542308502e+00
4.999405958734491229e+00
4.999288399776482095e+00
4.999161509944165083e+00
4.999024489734359200e+00
4.998873507946767880e+00
4.998707892268933861e+00
4.998526366435029011e+00
4.998324832644351901e+00
4.998110324114599656e+00
4.997883827153629888e+00
4.997646648742294140e+00
4.997399580951815246e+00
4.997148482341354558e+00
4.996900151323561801e+00
4.996651977364008346e+00
4.996401645846700212e+00
4.996149064030534603e+00
4.995899248521809888e+00
4.995655521273647537e+00
4.995416789118235279e+00
4.995179698959027803e+00
4.994947890814429137e+00
4.994723709549790946e+00
4.994509495057202209e+00
4.994309952713585687e+00
4.994119908575005873e+00
4.993946130730248179e+00
4.993794054219535816e+00
4.993662626685611450e+00
4.993556552024594808e+00
4.993472686193919152e+00
4.993417613849080006e+00
4.993386048714666181e+00
4.993381632990124608e+00
4.993400359559958979e+00
4.993436425643663412e+00
4.993490505957665526e+00
4.993553482800413335e+00
4.993628596997511160e+00
4.993714579528820252e+00
4.993817367459337575e+00
4.993931728218371724e+00
4.994049879171576833e+00
4.994175994674365349e+00
4.994309837351242898e+00
4.994457310287902629e+00
4.994613721853743193e+00
4.994777444711574255e+00
4.994944576638438605e+00
4.995110874416926805e+00
4.995276633909592867e+00
4.995440823546299924e+00
4.995606845820942610e+00
4.995770275647442027e+00
4.995929817891370917e+00
4.996089499926816835e+00
4.996250572370987797e+00
4.996420299633096640e+00
4.996592019534359608e+00
4.996761742456505395e+00
4.996932614965984065e+00
4.997104521802314459e+00
4.997285040708876913e+00
4.997466744555778995e+00
4.997644877860941470e+00
4.997821441012122001e+00
4.997997601794696543e+00
4.998179728238530295e+00
4.998363128396369426e+00
4.998550723193831757e+00
4.998735916631914300e+00
4.998920348546154635e+00
4.999107026661434361e+00
4.999294645151743488e+00
4.999481641462693027e+00
4.999660087878504022e+00
4.999832557438562475e+00
5.000004177706937725e+00
5.000174490342537581e+00
5.000341907645265316e+00
5.000499915740141965e+00
5.000651783075803714e+00
5.000798897918932617e+00
5.000947468549632013e+00
5.001104417414092396e+00
5.001266157411659030e+00
5.001439439625168681e+00
5.001623086359972881e+00
5.001822186660642267e+00
5.002039694514745172e+00
5.002275111701958821e+00
5.002529914275430478e+00
5.002796599519125920e+00
5.003077110935620908e+00
5.003371887997412060e+00
5.003678477228306498e+00
5.003997135095917592e+00
5.004319125421964998e+00
5.004649302334213345e+00
5.004983462699379437e+00
5.005317343108977468e+00
5.005649897389734981e+00
5.005975431360925043e+00
5.006299281426395353e+00
5.006622289725268793e+00
5.006943030551695983e+00
5.007262495689713155e+00
5.007578638427578888e+00
5.007893864147985319e+00
5.008210341118895848e+00
5.008518919096016653e+00
5.008817881931238780e+00
5.009103087362521300e+00
5.009377594970786163e+00
5.009644342613095880e+00
5.009894347385193569e+00
5.010123148661727477e+00
5.010324725181485306e+00
5.010504327219601706e+00
5.010669629209366427e+00
5.010814039622125016e+00
5.010935982939478173e+00
5.011033016311628785e+00
5.011108462534537900e+00
5.011173552785695762e+00
5.011218837186389052e+00
5.011249980678476490e+00
5.011261643565886104e+00
5.011257991296225178e+00
5.011245070087244180e+00
5.011211965034235938e+00
5.011163752825449791e+00
5.011106918548684952e+00
5.011041469016563887e+00
5.010974145216388287e+00
5.010902343831475925e+00
5.010830988782908335e+00
5.010753582573014953e+00
5.010663667737026650e+00
5.010563072419245145e+00
5.010448514508534679e+00
5.010321027325915999e+00
5.010175521035197477e+00
5.010010652035925993e+00
5.009827215202605544e+00
5.009623633750235783e+00
5.009403543748415011e+00
5.009165511873072241e+00
5.008909165706938005e+00
5.008638427980697472e+00
5.008354758058197298e+00
5.008065125659562078e+00
5.007767725881641319e+00
5.007465846721534497e+00
5.007167632800046952e+00
5.006870182041530448e+00
5.006582339290980954e+00
5.006301306017195252e+00
5.006039071210181213e+00
5.005797829755103123e+00
5.005566740945433857e+00
5.005355314590489435e+00
5.005159589179312363e+00
5.004991330128615523e+00
5.004850128252511965e+00
5.004726392735248552e+00
5.004629213648369657e+00
5.004552507830305252e+00
5.004497087664423915e+00
5.004466852991829029e+00
5.004450180854401964e+00
5.004452352939626536e+00
5.004465721430244152e+00
5.004488113023327855e+00
5.004523502668817514e+00
5.004569249568957545e+00
5.004634980220797225e+00
5.004717203664111658e+00
5.004813361080814538e+00
5.004923255775574731e+00
5.005052228613275922e+00
5.005202278193535470e+00
5.005379623599799821e+00
5.005574482676091286e+00
5.005797599476280446e+00
5.006047279887350321e+00
5.006319710534514300e+00
5.006617449332476433e+00
5.006933844458759886e+00
5.007268713262378768e+00
5.007623427842259112e+00
5.007991204333007040e+00
5.008369404409526382e+00
5.008755529407856955e+00
5.009148052629529779e+00
5.009547317844330827e+00
5.009952938516140541e+00
5.010353507955076502e+00
5.010745150555374394e+00
5.011121143695414837e+00
5.011485728171169995e+00
5.011833479773701860e+00
5.012156666104200298e+00
5.012454320747854908e+00
5.012717797995062341e+00
5.012957886100264382e+00
5.013164743144515434e+00
5.013329397026899947e+00
5.013454428507466254e+00
5.013537400696876922e+00
5.013582015783975443e+00
5.013579163219473500e+00
5.013531521976619665e+00
5.013437584162383942e+00
5.013292738319068853e+00
5.013114101932077737e+00
5.012887385719150046e+00
5.012612935349969767e+00
5.012289804489045153e+00
5.011920971356955690e+00
5.011510164186982585e+00
5.011067269899575294e+00
5.010579968847957311e+00
5.010056123480823409e+00
5.009489268296089648e+00
5.008887213290361018e+00
5.008260349825648383e+00
5.007601765961076978e+00
5.006919359088565891e+00
5.006212519378091308e+00
5.005486467973018883e+00
5.004752165944005071e+00
5.004008998618151516e+00
5.003263619885471414e+00
5.002508777276303498e+00
5.001745216593768362e+00
5.000981035203363234e+00
5.000213416934634836e+00
4.999448679954435093e+00
4.998683606953050251e+00
4.997920022503163473e+00
4.997161992908145223e+00
4.996408614785100788e+00
4.995661453501011096e+00
4.994921677008892225e+00
4.994194949761654456e+00
4.993487151682998615e+00
4.992792227313545439e+00
4.992110118687775433e+00
4.991440068826702436e+00
4.990790889308479805e+00
4.990161713481571226e+00
4.989554694265749824e+00
4.988958469302084531e+00
4.988384248473372473e+00
4.987827086084213768e+00
4.987295706578222187e+00
4.986787448496247777e+00
4.986298267514134075e+00
4.985845683634901881e+00
4.985418903761232201e+00
4.985025606759513117e+00
4.984660891749586042e+00
4.984320465483393470e+00
4.984023063619312133e+00
4.983750565600273852e+00
4.983520042084782276e+00
4.983326773856459724e+00
4.983166871395587449e+00
4.983051327344654169e+00
4.982970905116451910e+00
4.982941230117501341e+00
4.982950215185918630e+00
4.982991975741387414e+00
4.983073756880985528e+00
4.983185749668555431e+00
4.983340734625163471e+00
4.983527642236952104e+00
4.983746037324818801e+00
4.984004858592454568e+00
4.984304305231129106e+00
4.984633710784767580e+00
4.984999573854659971e+00
4.985399055061792595e+00
4.985831243460928874e+00
4.986299413656746005e+00
4.986788672646437881e+00
4.987306608324801438e+00
4.987847756026243751e+00
4.988408499797736262e+00
4.988989693773840273e+00
4.989579977272009081e+00
4.990191190680419275e+00
4.990817564418470020e+00
4.991463805502211137e+00
4.992123806839738442e+00
4.992792153125559018e+00
4.993471738537704319e+00
4.994156578248298395e+00
4.994845523899352990e+00
4.995532204573905233e+00
4.996208435362136768e+00
4.996869186377085548e+00
4.997511812811649357e+00
4.998132315901972156e+00
4.998733105352081374e+00
4.999311134619571106e+00
4.999865691577947580e+00
5.000396419158136929e+00
5.000902939690210047e+00
5.001389901479639910e+00
5.001856688028134101e+00
5.002304321667111253e+00
5.002733720457111843e+00
5.003147079264674169e+00
5.003535930504951601e+00
5.003909054985199667e+00
5.004261044105444256e+00
5.004601177042280469e+00
5.004924619449231393e+00
5.005230045141580320e+00
5.005524986060264858e+00
5.005800393829050954e+00
5.006062188325378415e+00
5.006304365238103848e+00
5.006530517348948273e+00
5.006739776683899912e+00
5.006934951944205459e+00
5.007122325105521909e+00
5.007303793812100778e+00
5.007482186732744367e+00
5.007659286400233611e+00
5.007835577120934190e+00
5.008016192866418415e+00
5.008195620002153348e+00
5.008372072027924560e+00
5.008542157737466916e+00
5.008703158823702317e+00
5.008858406683359021e+00
5.008996407017039409e+00
5.009121059486569827e+00
5.009223810871990423e+00
5.009308391688318984e+00
5.009369504493588643e+00
5.009404399762789062e+00
5.009425659186599766e+00
5.009431394513159219e+00
5.009428113486139367e+00
5.009417230446343794e+00
5.009400364228278058e+00
5.009382675773451865e+00
5.009356293987004882e+00
5.009320910437020657e+00
5.009275279360811517e+00
5.009219398381177690e+00
5.009150330181223687e+00
5.009068287125779229e+00
5.008978312089099383e+00
5.008884336733252063e+00
5.008786952485323241e+00
5.008689275634467641e+00
5.008590478290796177e+00
5.008489970144807124e+00
5.008389436312942422e+00
5.008288382262914062e+00
5.008191448821677660e+00
5.008099213995962806e+00
5.008008455130263492e+00
5.007922986046402514e+00
5.007840493031769036e+00
5.007764180846502988e+00
5.007690787309771352e+00
5.007617901790877291e+00
5.007550574810234245e+00
5.007486490168599147e+00
5.007427628542287401e+00
5.007371313892295284e+00
5.007313928142179904e+00
5.007259402236890367e+00
5.007205137385976279e+00
5.007153567247081938e+00
5.007103320363898824e+00
5.007054422436272745e+00
5.007001153113312064e+00
5.006935014695852004e+00
5.006860937912941623e+00
5.006782873472192641e+00
5.006699223093682427e+00
5.006609856899821409e+00
5.006506520932535231e+00
5.006386783275748265e+00
5.006254580965260992e+00
5.006106692621479226e+00
5.005939743084827143e+00
5.005746095547447538e+00
5.005523157356302377e+00
5.005280395349483769e+00
5.005010819206010986e+00
5.004713708920401238e+00
5.004382829679173028e+00
5.004023133194070105e+00
5.003633364265780870e+00
5.003217468647282118e+00
5.002781874960285258e+00
5.002328130392354133e+00
5.001861896714192568e+00
5.001384058831257917e+00
5.000898887043817354e+00
5.000409282607956030e+00
4.999915522051972872e+00
4.999419665349645214e+00
4.998917160717770258e+00
4.998406256487592181e+00
4.997886736741288694e+00
4.997363735003395924e+00
4.996843266500158975e+00
4.996325239142402452e+00
4.995808400971815111e+00
4.995292634380981589e+00
4.994786737648771791e+00
4.994287204829977789e+00
4.993803176520394516e+00
4.993328689573332646e+00
4.992875254279002917e+00
4.992440938329324673e+00
4.992030135853217310e+00
4.991639621531592574e+00
4.991256378045308750e+00
4.990884164063262851e+00
4.990519356405365592e+00
4.990170402279127337e+00
4.989830799153078367e+00
4.989492826102304157e+00
4.989157958080994604e+00
4.988824985226619546e+00
4.988500459989536395e+00
4.988175786262379674e+00
4.987847284873949683e+00
4.987515206797051626e+00
4.987181026203560741e+00
4.986847988380123553e+00
4.986517428917813355e+00
4.986191226406026189e+00
4.985870694605636366e+00
4.985554590797054431e+00
4.985247537413614261e+00
4.984950393507259214e+00
4.984671387350189775e+00
4.984406133959073948e+00
4.984151436774063804e+00
4.983913239011544150e+00
4.983687942935157267e+00
4.983480966271836010e+00
4.983284415597099226e+00
4.983096984395761098e+00
4.982921784291048262e+00
4.982754483571279813e+00
4.982597685692835121e+00
4.982446393029766440e+00
4.982296126246454904e+00
4.982150466213004947e+00
4.982007398581134616e+00
4.981868786284703532e+00
4.981730992984029882e+00
4.981588274123152082e+00
4.981442741103474958e+00
4.981292273489763112e+00
4.981137976408009926e+00
4.980977817963814225e+00
4.980807088617241973e+00
4.980627908710397733e+00
4.980438795428730359e+00
4.980238596949732255e+00
4.980021748714156260e+00
4.979794817980385702e+00
4.979564770165837650e+00
4.979327932860708295e+00
4.979082890380180260e+00
4.978829529307789770e+00
4.978574300542481623e+00
4.978322274204352027e+00
4.978073812205352944e+00
4.977826272271581587e+00
4.977583974212416607e+00
4.977349956393251063e+00
4.977125603150584610e+00
4.976910815764227003e+00
4.976705930627890240e+00
4.976510781705388631e+00
4.976321491714576162e+00
4.976137999467562523e+00
4.975958436694007503e+00
4.975783992189925620e+00
4.975611416775745255e+00
4.975436633810413234e+00
4.975261372052144360e+00
4.975085915796469749e+00
4.974913642633715938e+00
4.974743901178250383e+00
4.974582588732253008e+00
4.974428638521592561e+00
4.974279441222559939e+00
4.974137543415661611e+00
4.974003641460102543e+00
4.973882782304672290e+00
4.973778073837994640e+00
4.973680044015883261e+00
4.973588984156041448e+00
4.973503721574336289e+00
4.973426902875319300e+00
4.973358569400398999e+00
4.973290262468172962e+00
4.973222665250315089e+00
4.973153912461377502e+00
4.973085946518942535e+00
4.973017058827928771e+00
4.972950932000777868e+00
4.972886662472985719e+00
4.972816102517784387e+00
4.972743811462091656e+00
4.972665174476819772e+00
4.972585523271950692e+00
4.972501995967718358e+00
4.972406124765071489e+00
4.972301551377417361e+00
4.972184233548135879e+00
4.972057432489485507e+00
4.971915160505116837e+00
4.971758626526237457e+00
4.971586215602250114e+00
4.971399895058960183e+00
4.971191777506858145e+00
4.970959498578697122e+00
4.970713521106182142e+00
4.970451792119082945e+00
4.970180908938883313e+00
4.969898491067826107e+00
4.969607809888213268e+00
4.969316095778732567e+00
4.969017358304948395e+00
4.968713714735597087e+00
4.968402359703570248e+00
4.968083866680053973e+00
4.967765619190422477e+00
4.967442492092041029e+00
4.967116092698661944e+00
4.966784544320789863e+00
4.966449955919769010e+00
4.966114992270256323e+00
4.965771908381964472e+00
4.965419912295425675e+00
4.965056302430117974e+00
4.964685511806989915e+00
4.964304733233535494e+00
4.963915471205496921e+00
4.963522607790315178e+00
4.963125101694845220e+00
4.962723692985261614e+00
4.962311986381197748e+00
4.961893212826931965e+00
4.961470996061349226e+00
4.961036669047559577e+00
4.960587502861405262e+00
4.960115503849472418e+00
4.959628009641552815e+00
4.959119018981243521e+00
4.958586681926632878e+00
4.958039755256857362e+00
4.957472129570330566e+00
4.956892264070000387e+00
4.956295922355737460e+00
4.955685409339157133e+00
4.955068380566325814e+00
4.954429722012965165e+00
4.953774110930053709e+00
4.953093581901875098e+00
4.952391000198211657e+00
4.951675921784726597e+00
4.950929752396431738e+00
4.950162316592421341e+00
4.949365286560740707e+00
4.948550535844650433e+00
4.947712684305395570e+00
4.946853416817273974e+00
4.945975463273015293e+00
4.945083274276938390e+00
4.944175641270366128e+00
4.943258359389393064e+00
4.942327364565819003e+00
4.941386570366113062e+00
4.940442708240834868e+00
4.939494047569123580e+00
4.938548438953248798e+00
4.937605525957436292e+00
4.936670467438192489e+00
4.935752017008156578e+00
4.934845473350972789e+00
4.933963065849634511e+00
4.933097491221519526e+00
4.932269278274866942e+00
4.931475243823619792e+00
4.930710264476033444e+00
4.929980504916998463e+00
4.929271663086505662e+00
4.928593152122588528e+00
4.927944464119168977e+00
4.927326015712709228e+00
4.926747754881173336e+00
4.926196053320556878e+00
4.925683275492876767e+00
4.925202983127921819e+00
4.924772548334688693e+00
4.924391850078495558e+00
4.924042402612061942e+00
4.923735261162760501e+00
4.923458008872362512e+00
4.923232159180582990e+00
4.923049936456623143e+00
4.922895847963188132e+00
4.922776283532400043e+00
4.922676952103171466e+00
4.922612021862548204e+00
4.922573827478586850e+00
4.922557798786107774e+00
4.922557201557025586e+00
4.922573155897368657e+00
4.922605582260691115e+00
4.922659552394577531e+00
4.922738884006792048e+00
4.922839247984046374e+00
4.922966556725258513e+00
4.923121011908332179e+00
4.923302914108314887e+00
4.923527203071097702e+00
4.923783399890342416e+00
4.924076921436169485e+00
4.924404443557538258e+00
4.924764996859408939e+00
4.925175364743149764e+00
4.925620666238642364e+00
4.926105479802168396e+00
4.926624475884415766e+00
4.927186031024136881e+00
4.927791424411513077e+00
4.928439167308784619e+00
4.929133980366564138e+00
4.929864529985164445e+00
4.930630215126249993e+00
4.931423887181257015e+00
4.932248447331762264e+00
4.933101392108178551e+00
4.933974989521479060e+00
4.934864160436366554e+00
