0.000000000000000000e+00
0.000000000000000000e+00
-1.369527744827791777e-06
-7.040061609586700458e-06
-1.678238899330608872e-05
-2.737585848080926551e-05
-3.347314530401491686e-05
-4.389140376588338889e-06
4.959113095537759797e-05
1.775030618591699381e-04
3.975500924570952435e-04
7.152090234740171798e-04
1.176867449103156200e-03
1.778822840569773507e-03
2.560913042543690090e-03
3.518232779024402321e-03
4.689671696542064769e-03
6.076555551408093642e-03
7.650896908162396759e-03
9.473441542504592444e-03
1.151971757542924468e-02
1.377863153946236839e-02
1.629974290859536115e-02
1.903555467855767153e-02
2.202404067051247361e-02
2.522515699398354336e-02
2.863949611913994137e-02
3.236136868727043647e-02
3.624229058754280947e-02
4.038576796781852968e-02
4.467140153181388407e-02
4.920717403423621045e-02
5.406731322538688156e-02
5.909364000093772495e-02
6.438779071104362706e-02
6.982615605127646952e-02
7.551194742452932429e-02
8.139937535059288409e-02
8.747554734480218752e-02
9.377517655622798209e-02
1.002460999799950625e-01
1.069588424278481442e-01
1.138793630911095617e-01
1.209907223297341516e-01
1.282714702202065460e-01
1.357478864504083060e-01
1.433790512396080907e-01
1.512440563751442646e-01
1.592204727245553064e-01
1.673913253856881278e-01
1.757254584146722698e-01
1.842171438051446730e-01
1.929158754659875685e-01
2.017449672533258576e-01
2.107447828365549003e-01
2.198813201500162406e-01
2.291796673847422139e-01
2.386538513017878449e-01
2.483112491680369016e-01
2.581778331114039093e-01
2.681717653585657390e-01
2.783321507288202268e-01
2.886225445581659943e-01
2.991281206918939839e-01
3.098112542940363312e-01
3.206701596094355677e-01
3.317228896929011461e-01
3.428913386179194833e-01
3.542121489359127406e-01
3.656494016958461990e-01
3.772854192568050880e-01
3.890796716524349552e-01
4.010420818639980900e-01
4.131856472803340785e-01
4.254562707258450205e-01
4.378878648592220424e-01
4.504365880800471067e-01
4.631445999456629270e-01
4.760120184732660742e-01
4.890146727873071475e-01
5.021629007173761261e-01
5.154095514131769029e-01
5.288009651018366064e-01
5.422966142011866886e-01
5.559365744901881845e-01
5.697148270918117596e-01
5.836155767751918244e-01
5.976578612638698829e-01
6.117895372225031769e-01
6.260363228632196408e-01
6.403948707891687908e-01
6.547950477911218536e-01
6.692741389585719070e-01
6.838180609060511284e-01
6.984614916158899955e-01
7.131814666105493750e-01
7.279975374056085746e-01
7.429424293352350217e-01
7.579100842787013237e-01
7.729526288820490754e-01
7.879778309179531481e-01
8.030439253164515234e-01
8.181381614519345202e-01
8.332046170545802655e-01
8.482564003778683137e-01
8.633159776045071787e-01
8.783623822046505714e-01
8.933858771635282414e-01
9.084009845567931896e-01
9.234319014860380426e-01
9.384185560060727127e-01
9.533933575464473842e-01
9.683147008730160765e-01
9.832138092828976994e-01
9.981366105390774290e-01
1.013022357971786080e+00
1.027901995928405698e+00
1.042735601217864572e+00
1.057552922518371297e+00
1.072313836367248197e+00
1.087020041496871370e+00
1.101632320435164791e+00
1.116232353003142608e+00
1.130762460978148587e+00
1.145289223940489931e+00
1.159744085819838677e+00
1.174138593227980421e+00
1.188466493637678756e+00
1.202719524653074634e+00
1.216873825342771775e+00
1.230967542679426652e+00
1.244928074629423564e+00
1.258797690422651439e+00
1.272500456125852608e+00
1.286074968130705098e+00
1.299584017546293824e+00
1.313000252993223871e+00
1.326368165762541240e+00
1.339652177841780034e+00
1.352871084959623715e+00
1.366025037319777091e+00
1.379089657814619230e+00
1.391971362383482180e+00
1.404719944746610549e+00
1.417382834704038475e+00
1.429969472439405420e+00
1.442478910238859324e+00
1.454905442745801691e+00
1.467297328264829170e+00
1.479636836798306820e+00
1.491940360815640965e+00
1.504142639191266895e+00
1.516250861437436592e+00
1.528309682161923977e+00
1.540244415552731727e+00
1.552149749548550561e+00
1.563943957836743337e+00
1.575703873188610826e+00
1.587466153652782985e+00
1.599132862837429503e+00
1.610798925907726886e+00
1.622370452435131449e+00
1.633927025349254825e+00
1.645477687866802485e+00
1.657027538569088021e+00
1.668622488529796444e+00
1.680397307427043962e+00
1.692322048695202197e+00
1.704457878620739164e+00
1.716901113541241086e+00
1.729586106093044640e+00
1.742591971905346426e+00
1.755850555451031081e+00
1.769428613932247707e+00
1.783405701668377308e+00
1.797816278488751252e+00
1.812687514574643055e+00
1.827905202658291373e+00
1.843520562203045499e+00
1.859432576449032259e+00
1.875711978228207011e+00
1.892418463976498266e+00
1.909439469130154388e+00
1.926844472439404488e+00
1.944541090281125095e+00
1.962605363876934961e+00
1.980944089443799294e+00
1.999471218140240980e+00
2.018303221018430182e+00
2.037376292498227492e+00
2.056772322208996862e+00
2.076420019419308538e+00
2.096378792078609887e+00
2.116580608637447458e+00
2.137077358515377057e+00
2.157790914328212573e+00
2.178820739538783968e+00
2.200071860106105781e+00
2.221614654810543321e+00
2.243314147741909181e+00
2.265133000166530852e+00
2.286984899790402537e+00
2.308864289076443921e+00
2.330715785772915716e+00
2.352546606810207663e+00
2.374307492525692620e+00
2.396014581472988958e+00
2.417616611273404104e+00
2.439149351866360504e+00
2.460566497595425339e+00
2.481832741053219493e+00
2.502883954794521859e+00
2.523730116636867749e+00
2.544348328859920905e+00
2.564887061865444906e+00
2.585298457892056145e+00
2.605533040316220017e+00
2.625586553366299647e+00
2.645439227373715507e+00
2.665133591444607930e+00
2.684677133114453440e+00
2.704182651789304170e+00
2.723573725969906878e+00
2.742957918198224654e+00
2.762275810988064961e+00
2.781462364943143140e+00
2.800621296913738956e+00
2.819770361931439151e+00
2.838981599362011110e+00
2.858155825884456824e+00
2.877367730887050890e+00
2.896552670748348657e+00
2.915629980118390030e+00
2.934686568529721207e+00
2.953656961472149511e+00
2.972703027279492538e+00
2.991726355106946400e+00
3.010771519692060139e+00
3.029847356827374938e+00
3.048978799135801054e+00
3.068073585779783397e+00
3.087245397122022617e+00
3.106407850535032100e+00
3.125579303057309577e+00
3.144726415426847055e+00
3.163867084534284668e+00
3.182916258127805875e+00
3.201961284430143273e+00
3.220913807900068093e+00
3.239786500485059673e+00
3.258568050415632467e+00
3.277258505375502118e+00
3.295779263527510050e+00
3.314215827734587450e+00
3.332479412109968564e+00
3.350614610464690113e+00
3.368528767378447419e+00
3.386233077795622659e+00
3.403723657877562481e+00
3.420944470913527269e+00
3.437879340202925071e+00
3.454520347864745045e+00
3.470866320879576694e+00
3.486890831740019792e+00
3.502694482357619155e+00
3.518195081503508792e+00
3.533434835226653803e+00
3.548321685345291243e+00
3.562900419981597899e+00
3.577192335875152285e+00
3.591187667400955075e+00
3.604842845947860308e+00
3.618263800890562987e+00
3.631373286993620386e+00
3.644202019722578623e+00
3.656789446623442519e+00
3.669127305300353026e+00
3.681182825119612811e+00
3.693046724350569576e+00
3.704666584284422637e+00
3.716059877426741487e+00
3.727283002884505869e+00
3.738351141960738921e+00
3.749241594822525059e+00
3.760028068573593174e+00
3.770652620346664374e+00
3.781120641977905095e+00
3.791442328245757665e+00
3.801559040100692233e+00
3.811483984739898023e+00
3.821249179990409139e+00
3.830829808862326491e+00
3.840183243901846843e+00
3.849364133031485391e+00
3.858318507821676846e+00
3.867063772232649743e+00
3.875614411385176261e+00
3.883927641661284014e+00
3.892042696626303311e+00
3.899944214971182710e+00
3.907634976656554571e+00
3.915182269365904855e+00
3.922570669205306171e+00
3.929807788283942394e+00
3.936911938936827671e+00
3.943886777908919061e+00
3.950748323948500396e+00
3.957517893464682412e+00
3.964184670598624116e+00
3.970737059862730511e+00
3.977168945224402119e+00
3.983498865516302168e+00
3.989738392384168719e+00
3.995891043098089401e+00
4.001955051572439359e+00
4.007932983191130560e+00
4.013824925572989422e+00
4.019620868713973394e+00
4.025323819668410685e+00
4.030930150301574422e+00
4.036461027414916636e+00
4.041892961413978469e+00
4.047242499740240973e+00
4.052509792597412286e+00
4.057678229363082423e+00
4.062775278241751664e+00
4.067783988268491413e+00
4.072713406832334293e+00
4.077588654608842234e+00
4.082410450430032256e+00
4.087197703869458465e+00
4.091944078953382302e+00
4.096651307494754590e+00
4.101351355762596462e+00
4.106040387899989597e+00
4.110735556633587251e+00
4.115441908986684716e+00
4.120173535497305473e+00
4.124957948775407779e+00
4.129781193585510657e+00
4.134658031017895752e+00
4.139582330734844717e+00
4.144568013401146445e+00
4.149637737722511766e+00
4.154770349712486599e+00
4.159983585925216332e+00
4.165258329362983680e+00
4.170602894873733035e+00
4.175986454339141396e+00
4.181396689863317917e+00
4.186858345122450586e+00
4.192355382294769228e+00
4.197892908306235960e+00
4.203445781321639707e+00
4.209019757361526004e+00
4.214575691671486268e+00
4.220128518791312899e+00
4.225639021248931648e+00
4.231127146334761946e+00
4.236606030316466764e+00
4.242078209371680231e+00
4.247556845994108876e+00
4.253007851095312652e+00
4.258451157660596564e+00
4.263850264997594230e+00
4.269220310897939186e+00
4.274562657923810960e+00
4.279855095596426295e+00
4.285124658198468772e+00
4.290350650401228094e+00
4.295554722995870378e+00
4.300737279505842281e+00
4.305883017630690368e+00
4.310991384835357820e+00
4.316047676653976595e+00
4.321076864452477295e+00
4.326056187303181311e+00
4.330983697326297843e+00
4.335867832751388207e+00
4.340703781993503263e+00
4.345509175212497688e+00
4.350267052502745813e+00
4.354971552641504928e+00
4.359606787712686504e+00
4.364175475986115771e+00
4.368687788994424892e+00
4.373131602854840594e+00
4.377512080819719209e+00
4.381819022150152065e+00
4.386059900672548473e+00
4.390247765929811585e+00
4.394377813787572862e+00
4.398450046033971716e+00
4.402464115173929216e+00
4.406434035153501405e+00
4.410372522027604880e+00
4.414280334563367880e+00
4.418164197654835590e+00
4.422029349656217079e+00
4.425880511851422838e+00
4.429723843188398291e+00
4.433558691294305909e+00
4.437388095409983357e+00
4.441216231734864905e+00
4.445045181067102114e+00
4.448877863736263372e+00
4.452713967115989213e+00
4.456553898902051003e+00
4.460395017714612109e+00
4.464233339877241136e+00
4.468068789095991811e+00
4.471897496433369312e+00
4.475720298440568179e+00
4.479530188293568749e+00
4.483322927208059916e+00
4.487098535747640504e+00
4.490851436705701083e+00
4.494584546537510938e+00
4.498291236014477334e+00
4.501969223470799975e+00
4.505606479199045111e+00
4.509204738588445949e+00
4.512764308602922547e+00
4.516283740849607931e+00
4.519766940028779878e+00
4.523207425625436429e+00
4.526607094855418900e+00
4.529970003814808521e+00
4.533297628612628749e+00
4.536579583139530136e+00
4.539817925245873020e+00
4.543009770662894908e+00
4.546168829650989451e+00
4.549299172611346975e+00
4.552398638279547605e+00
4.555471785814873442e+00
4.558514605612867143e+00
4.561551446468943283e+00
4.564563473911398717e+00
4.567547912151926681e+00
4.570512161107177285e+00
4.573450318129176573e+00
4.576393418462389562e+00
4.579328503460995847e+00
4.582257527263276842e+00
4.585178429932705413e+00
4.588083433063141037e+00
4.590973616988770267e+00
4.593834379167668125e+00
4.596667841227165319e+00
4.599492276759257869e+00
4.602299233229270925e+00
4.605062342138400489e+00
4.607791400702110352e+00
4.610455426128020839e+00
4.613090363295188290e+00
4.615665465743652440e+00
4.618182996959797393e+00
4.620656952859274469e+00
4.623073792756907885e+00
4.625461628438346295e+00
4.627781474442594245e+00
4.630056353808754466e+00
4.632257419974916246e+00
4.634373598100059333e+00
4.636434189678543483e+00
4.638405445070380217e+00
4.640314555169457122e+00
4.642138692588919646e+00
4.643889954091424244e+00
4.645573383720035920e+00
4.647176711113568004e+00
4.648716987968796843e+00
4.650170838983172850e+00
4.651539562643880465e+00
4.652834960968608158e+00
4.654061974139327873e+00
4.655230195672626969e+00
4.656337641478892841e+00
4.657386154086705865e+00
4.658391444013830984e+00
4.659347905964968284e+00
4.660254665614483649e+00
4.661125395224806844e+00
4.661949406267520857e+00
4.662744084001895217e+00
4.663502054439302213e+00
4.664222920687314478e+00
4.664919623212334443e+00
4.665588811413762471e+00
4.666238596664188165e+00
4.666856914610979956e+00
4.667449559309897467e+00
4.668015102521894555e+00
4.668559750766871019e+00
4.669094186426518078e+00
4.669619972148356446e+00
4.670135769286569705e+00
4.670634917096611716e+00
4.671124618725297495e+00
4.671610819549678162e+00
4.672096151375589201e+00
4.672580293157515996e+00
4.673057800420938435e+00
4.673533247747837294e+00
4.674004467131017471e+00
4.674465073124883574e+00
4.674916812741575889e+00
4.675355536790010369e+00
4.675783167445477062e+00
4.676192168482955047e+00
4.676577322856900309e+00
4.676943084785159854e+00
4.677285382897969690e+00
4.677606321909842713e+00
4.677900646143968721e+00
4.678168572393621716e+00
4.678410806247409681e+00
4.678625308667686333e+00
4.678816216999109656e+00
4.678981602006968110e+00
4.679123383240217926e+00
4.679243740990201239e+00
4.679343975653315724e+00
4.679422918028574685e+00
4.679480011972043663e+00
4.679518608498764110e+00
4.679541760931168248e+00
4.679550987006656726e+00
4.679545902274108826e+00
4.679537468433988323e+00
4.679525269223519857e+00
4.679513613450250631e+00
4.679500733532619527e+00
4.679487345401572185e+00
4.679482715437038642e+00
4.679485310847954160e+00
4.679498724217841854e+00
4.679516500268215751e+00
4.679540892169895550e+00
4.679581527706320188e+00
4.679636847824873769e+00
4.679703451009551429e+00
4.679772034349004350e+00
4.679845435587774993e+00
4.679916180904108991e+00
4.679986882746304921e+00
4.680057480108078316e+00
4.680120368200439529e+00
4.680179830255072559e+00
4.680230316492814957e+00
4.680276246560821640e+00
4.680311875472393801e+00
4.680334704791745182e+00
4.680348095170772993e+00
4.680341464690134679e+00
4.680320826581881200e+00
4.680276682133987620e+00
4.680210960446126833e+00
4.680127822444044128e+00
4.680026828529513239e+00
4.679908788003227293e+00
4.679765887562385984e+00
4.679601486236057539e+00
4.679420278970352953e+00
4.679223277740380382e+00
4.679012347184321463e+00
4.678781068645617935e+00
4.678531238608263365e+00
4.678266540602050050e+00
4.677979224439910766e+00
4.677669708378814128e+00
4.677326821372114196e+00
4.676964998491309089e+00
4.676575179755888101e+00
4.676159545988046951e+00
4.675725479148530539e+00
4.675266247712277945e+00
4.674798604570532312e+00
4.674317705728316064e+00
4.673827559225464334e+00
4.673334911227429167e+00
4.672838455349408449e+00
4.672339073553883004e+00
4.671832393281363238e+00
4.671322361402415524e+00
4.670804703518950163e+00
4.670286937043272246e+00
4.669770742789110862e+00
4.669259070478579687e+00
4.668749205529890922e+00
4.668234039008817504e+00
4.667717183590135654e+00
4.667194894015990414e+00
4.666665873624584293e+00
4.666125746913453831e+00
4.665567164965173319e+00
4.664991101533372486e+00
4.664392169997293003e+00
4.663772072181302519e+00
4.663126475498276413e+00
4.662446428671675136e+00
4.661729871243434964e+00
4.660976762160855102e+00
4.660186553880768301e+00
4.659348923400241205e+00
4.658477351576287617e+00
4.657556305214959558e+00
4.656596500784356607e+00
4.655599150270421482e+00
4.654556638509232513e+00
4.653489074245291235e+00
4.652391362175540834e+00
4.651275706052975245e+00
4.650143804982499240e+00
4.648986602336361962e+00
4.647822932437255972e+00
4.646646588131979172e+00
4.645469716251089842e+00
4.644295946940974140e+00
4.643121504172877501e+00
4.641956269204810859e+00
4.640785722047286121e+00
4.639622720092731356e+00
4.638456011548835356e+00
4.637289238333898389e+00
4.636117917508084219e+00
4.634933582455117218e+00
4.633751499563653731e+00
4.632564680114587219e+00
4.631382237285575521e+00
4.630200835153660321e+00
4.629006789833506552e+00
4.627798239052495433e+00
4.626569864288171630e+00
4.625329590052565720e+00
4.624073752820691219e+00
4.622790253967245633e+00
4.621478292703827151e+00
4.620135306030711320e+00
4.618761122584542633e+00
4.617356729418238714e+00
4.615920454770526149e+00
4.614455384522877068e+00
4.612964777261218785e+00
4.611446620136700147e+00
4.609903749734364453e+00
4.608334058881006889e+00
4.606745425373516944e+00
4.605141689837180863e+00
4.603527015805447320e+00
4.601904772430860824e+00
4.600281073659860276e+00
4.598659888118707073e+00
4.597045021414958299e+00
4.595440555572712249e+00
4.593844121307337325e+00
4.592260754317248228e+00
4.590690542072260349e+00
4.589135673701965956e+00
4.587593683958257174e+00
4.586065265447104800e+00
4.584548906594719142e+00
4.583038490325415992e+00
4.581530976802314470e+00
4.580027229994739102e+00
4.578534350455012003e+00
4.577046503335441052e+00
4.575554829299654180e+00
4.574055168837513285e+00
4.572548745334352738e+00
4.571035337209905514e+00
4.569517269045319630e+00
4.567993090957608082e+00
4.566458048433269745e+00
4.564913734257424416e+00
4.563355382889712430e+00
4.561787811726532915e+00
4.560204653203688174e+00
4.558608053237400703e+00
4.557005897522173221e+00
4.555396784454785575e+00
4.553787270695170974e+00
4.552172734350165229e+00
4.550552839100560298e+00
4.548935700863799170e+00
4.547319205761155558e+00
4.545712411314449142e+00
4.544111694157323633e+00
4.542520301550827533e+00
4.540937920570573993e+00
4.539368846774300970e+00
4.537819468438824444e+00
4.536279659927091146e+00
4.534765193820197382e+00
4.533270548790889976e+00
4.531796337723928758e+00
4.530343667924599416e+00
4.528916122675135547e+00
4.527519821435407543e+00
4.526145738274053976e+00
4.524790478259519411e+00
4.523453029304937090e+00
4.522131564229921352e+00
4.520830724150136426e+00
4.519553338796094444e+00
4.518286571413474562e+00
4.517038714498477603e+00
4.515799018800454867e+00
4.514577717691856229e+00
4.513374263331489722e+00
4.512178189963299779e+00
4.510996054694254020e+00
4.509820753321247544e+00
4.508660618871646264e+00
4.507516198963122278e+00
4.506379077121811072e+00
4.505262569174366405e+00
4.504157584220367383e+00
4.503076841741997072e+00
4.502015975922543767e+00
4.500979341924388422e+00
4.499974034488397834e+00
4.499010486290055510e+00
4.498070915252168511e+00
4.497168041080434442e+00
4.496298587158519489e+00
4.495470942318637420e+00
4.494694681003888803e+00
4.493949342578849482e+00
4.493246785462102544e+00
4.492571841612658545e+00
4.491949307047031326e+00
4.491371024497055053e+00
4.490827373810314604e+00
4.490322896562719102e+00
4.489852455020152178e+00
4.489424258120559230e+00
4.489040478192471539e+00
4.488688350230656710e+00
4.488379372418127566e+00
4.488108470872246514e+00
4.487881855223530003e+00
4.487705199666524258e+00
4.487570500116998318e+00
4.487496761529909506e+00
4.487465662610921946e+00
4.487498757824505802e+00
4.487599999964443143e+00
4.487766284462269439e+00
4.488009812668170007e+00
4.488308449819887969e+00
4.488673991695250720e+00
4.489116160817649970e+00
4.489627278134433297e+00
4.490214924760370430e+00
4.490855498187452888e+00
4.491560168363363026e+00
4.492339537166268215e+00
4.493170488201291946e+00
4.494071886189493270e+00
4.495018034152896469e+00
4.496015394278080279e+00
4.497060261838348616e+00
4.498141291685612941e+00
4.499286110274703709e+00
4.500459960796150405e+00
4.501687415562780181e+00
4.502954818628937872e+00
4.504262708746106014e+00
4.505608401917130301e+00
4.506988237522751461e+00
4.508417004816444695e+00
4.509895611576946628e+00
4.511421655886085347e+00
4.512985823475034408e+00
4.514585801832587286e+00
4.516219303481490144e+00
4.517897794865280758e+00
4.519612642549187598e+00
4.521376511626154837e+00
4.523184979580552323e+00
4.525029425941617944e+00
4.526915338508995745e+00
4.528824538611087469e+00
4.530773623161228336e+00
4.532759550534398940e+00
4.534795044683130882e+00
4.536879559777888815e+00
4.538991163991603628e+00
4.541139442645223845e+00
4.543315675728234915e+00
4.545531708471688859e+00
4.547784198396120026e+00
4.550054799489888779e+00
4.552351531557950359e+00
4.554666449301157272e+00
4.557008458994538991e+00
4.559370313011320341e+00
4.561736447386653737e+00
4.564112335019024691e+00
4.566496563874395953e+00
4.568901305817277603e+00
4.571322980694682236e+00
4.573755159698636774e+00
4.576200969837815435e+00
4.578652741484551925e+00
4.581120777301698865e+00
4.583598584704310142e+00
4.586089234821706384e+00
4.588585156522899666e+00
4.591084129087835919e+00
4.593589374892623312e+00
4.596091425888449322e+00
4.598596583478362199e+00
4.601098472349555379e+00
4.603606502585322779e+00
4.606115420930297688e+00
4.608618009560021100e+00
4.611117652379187248e+00
4.613613098733338802e+00
4.616110242925795859e+00
4.618604771219406047e+00
4.621094296001110102e+00
4.623581801377449452e+00
4.626069031678352594e+00
4.628560391240035266e+00
4.631058758668814335e+00
4.633558495812330591e+00
4.636063279979144802e+00
4.638572392039215231e+00
4.641090054087555039e+00
4.643617566101467808e+00
4.646146896951115046e+00
4.648679429464256607e+00
4.651204991810238276e+00
4.653727537267124070e+00
4.656241441540633907e+00
4.658744532041466435e+00
4.661243738405620007e+00
4.663729752771770265e+00
4.666208666287576357e+00
4.668673103921328504e+00
4.671126647316132363e+00
4.673560895793352543e+00
4.675967721812639866e+00
4.678357197217856367e+00
4.680721320979509770e+00
4.683065706066998679e+00
4.685381835721643462e+00
4.687663588844451112e+00
4.689914081268224066e+00
4.692135011725340199e+00
4.694327013068113175e+00
4.696496702306183657e+00
4.698649911157997572e+00
4.700785900376946991e+00
4.702909240745216657e+00
4.705019494913726952e+00
4.707123085878998303e+00
4.709219240866810985e+00
4.711306767784268601e+00
4.713386805229097476e+00
4.715459980391172756e+00
4.717531906537919539e+00
4.719603860251813110e+00
4.721675542466550191e+00
4.723739629559426056e+00
4.725800027571826156e+00
4.727858887933401810e+00
4.729918002359775997e+00
4.731977282636075977e+00
4.734041394017846294e+00
4.736113309584768061e+00
4.738193029783874799e+00
4.740283074252515938e+00
4.742380892358928790e+00
4.744482549153477891e+00
4.746588219426781663e+00
4.748685075514227805e+00
4.750777502678543485e+00
4.752866063438564659e+00
4.754945374153764170e+00
4.757017972044856435e+00
4.759070982359558499e+00
4.761111504756123658e+00
4.763127401344687151e+00
4.765109477512747382e+00
4.767064887754828284e+00
4.768980426512867687e+00
4.770865929149301188e+00
4.772711863540323840e+00
4.774514287881762797e+00
4.776275146924167991e+00
4.777993032954841013e+00
4.779675076924471355e+00
4.781320343785195881e+00
4.782935887448697798e+00
4.784522441648154434e+00
4.786074639730363067e+00
4.787597496383099838e+00
4.789091991059689413e+00
4.790564498774914526e+00
4.792013961993364823e+00
4.793438089214471454e+00
4.794839802406935192e+00
4.796219482295422054e+00
4.797583409570363777e+00
4.798931337319520374e+00
4.800263257794288307e+00
4.801579111837056324e+00
4.802879724972155984e+00
4.804169897608665529e+00
4.805450986646321532e+00
4.806725761465933999e+00
4.807993738524821481e+00
4.809252642564681324e+00
4.810506107680705412e+00
4.811752819292451910e+00
4.812996198110487178e+00
4.814226424493099898e+00
4.815447127618099898e+00
4.816668414570597356e+00
4.817888994612006037e+00
4.819116163276342846e+00
4.820347563870456931e+00
4.821583794675971646e+00
4.822836665831711223e+00
4.824100776933338608e+00
4.825385299049523624e+00
4.826687336139587003e+00
4.828010294459966545e+00
4.829357089571860939e+00
4.830722919576076357e+00
4.832112389378455219e+00
4.833526804916765229e+00
4.834964650444890211e+00
4.836426762961054671e+00
4.837911391429806862e+00
4.839425022773647278e+00
4.840963145964050085e+00
4.842526100449465076e+00
4.844118398450516061e+00
4.845739107005498703e+00
4.847389812790058095e+00
4.849077548556230077e+00
4.850790667705437542e+00
4.852543474905393062e+00
4.854328965418241104e+00
4.856142981820008586e+00
4.857987475417754553e+00
4.859850831650398106e+00
4.861739689879319926e+00
4.863651227675579669e+00
4.865587052725456552e+00
4.867552502773903278e+00
4.869539481871030695e+00
4.871556859933040329e+00
4.873597092054984259e+00
4.875676269553802733e+00
4.877787958406113233e+00
4.879926774226330366e+00
4.882091591082715176e+00
4.884267756514453218e+00
4.886460061542892142e+00
4.888660059444808859e+00
4.890857699685000171e+00
4.893043725811146771e+00
4.895211852960490440e+00
4.897350845955513954e+00
4.899458134345912264e+00
4.901533606969023182e+00
4.903564270608329778e+00
4.905553952478076241e+00
4.907483229063655195e+00
4.909362801782990893e+00
4.911180302672291553e+00
4.912950510852242658e+00
4.914658633642102536e+00
4.916278999172355668e+00
4.917830075495150055e+00
4.919297887109424394e+00
4.920703063480760697e+00
4.922030117236282365e+00
4.923260755561497781e+00
4.924405218832400344e+00
4.925454742707517930e+00
4.926436107181218382e+00
4.927336896904018992e+00
4.928159599475769426e+00
4.928910122834352592e+00
4.929573230393437200e+00
4.930174272753503395e+00
4.930703814462032319e+00
4.931165875554289535e+00
4.931568417795208603e+00
4.931907566547600652e+00
4.932204035803883890e+00
4.932437975038051370e+00
4.932625256017059812e+00
4.932761674089566561e+00
4.932860755449370416e+00
4.932921039032958532e+00
4.932934870813483030e+00
4.932925188665253202e+00
4.932880754827497327e+00
4.932809391261986143e+00
4.932710218856088957e+00
4.932577185628913341e+00
4.932427036490267369e+00
4.932251580942398128e+00
4.932058146286732558e+00
4.931845394976414276e+00
4.931611192289716783e+00
4.931351851735241709e+00
4.931075001068391472e+00
4.930789175748803821e+00
4.930498906996080954e+00
4.930207383323440773e+00
4.929909856904277632e+00
4.929617423851023084e+00
4.929327317837604916e+00
4.929047100774923251e+00
4.928774106752107365e+00
4.928500814408044661e+00
4.928235809903572573e+00
4.927976475831101766e+00
4.927725678335855619e+00
4.927476254597286776e+00
4.927222332719694897e+00
4.926964742548745058e+00
4.926697175286690822e+00
4.926424735736082638e+00
4.926147545769793190e+00
4.925860419820976333e+00
4.925567401226592423e+00
4.925264789823425637e+00
4.924952782660706241e+00
4.924626661509258874e+00
4.924286563254876015e+00
4.923941475309415061e+00
4.923589739881439442e+00
4.923233505494876816e+00
4.922870273299499999e+00
4.922501542426631183e+00
4.922133980996891367e+00
4.921759390316887917e+00
4.921377771131678180e+00
4.920978459388001269e+00
4.920566192723794252e+00
4.920144216537459592e+00
4.919715319022520461e+00
4.919277745045705252e+00
4.918835012175126309e+00
4.918389995329065734e+00
4.917948574915512516e+00
4.917508300214991301e+00
4.917064705573007011e+00
4.916619349949046480e+00
4.916171424582586269e+00
4.915723581880316218e+00
4.915274369873092297e+00
4.914821515016242870e+00
4.914366681322441366e+00
4.913909072883412499e+00
4.913448987871393392e+00
4.912984962880596385e+00
4.912515062175677016e+00
4.912043223686501037e+00
4.911568738117798816e+00
4.911098373875006473e+00
4.910627082519218867e+00
4.910153211809681117e+00
4.909684163376674348e+00
4.909224118448778817e+00
4.908781278811380488e+00
4.908358860507592070e+00
4.907955605618639972e+00
4.907573120191676352e+00
4.907222530923767145e+00
4.906902508705837107e+00
4.906620195478183177e+00
4.906380204640311327e+00
4.906185422956926168e+00
4.906038028316555000e+00
4.905930302560312484e+00
4.905865860053321370e+00
4.905838185304758348e+00
4.905855342076839598e+00
4.905906441911802141e+00
4.905986330659806605e+00
4.906099900763228661e+00
4.906242911994205258e+00
4.906420983571306849e+00
4.906619657810524338e+00
4.906839678968981211e+00
4.907075665361926298e+00
4.907324419684455208e+00
4.907593759290621804e+00
4.907875827636318355e+00
4.908173671785490910e+00
4.908482139698911340e+00
4.908803454816092149e+00
4.909136371381332076e+00
4.909482915468265318e+00
4.909842610835781329e+00
4.910217178418983863e+00
4.910606159224857770e+00
4.911016164637853620e+00
4.911448825329292944e+00
4.911900835662830644e+00
4.912374614059674016e+00
4.912867864921437011e+00
4.913388847775504331e+00
4.913930122770116427e+00
4.914500519476578511e+00
4.915092182449743774e+00
4.915710955589758235e+00
4.916354082628832778e+00
4.917016503244387771e+00
4.917694512039171073e+00
4.918387331023559739e+00
4.919094116121277338e+00
4.919815190687521600e+00
4.920545231878502790e+00
4.921282949179155430e+00
4.922026234894736341e+00
4.922774299636228257e+00
4.923524800494057274e+00
4.924274623572570064e+00
4.925026303261262228e+00
4.925773252427321225e+00
4.926517768084745619e+00
4.927251573979599009e+00
4.927973765462382083e+00
4.928681013241154041e+00
4.929376492902380669e+00
4.930061568125825744e+00
4.930732977866870037e+00
4.931394126593810157e+00
4.932038548543793866e+00
4.932664909690362975e+00
4.933275181047363844e+00
4.933865027904257516e+00
4.934439460031435409e+00
4.934988917402669983e+00
4.935513864226387604e+00
4.936017678260550490e+00
4.936499545678242562e+00
4.936963393904015618e+00
4.937403629973277752e+00
4.937825599081560490e+00
4.938232392623767453e+00
4.938623429640874640e+00
4.939003851182507177e+00
4.939371296718465310e+00
4.939730109452949769e+00
4.940071084119127320e+00
4.940397869825109645e+00
4.940718765176579375e+00
4.941032694384203339e+00
4.941344946317123288e+00
4.941652291446671619e+00
4.941958389386281958e+00
4.942264439623550665e+00
4.942565201457337132e+00
4.942864401891575277e+00
4.943156845301138524e+00
4.943446056145923251e+00
4.943717571768657670e+00
4.943971874687569823e+00
4.944214432269083304e+00
4.944442103311166292e+00
4.944659819725647942e+00
4.944851868610577128e+00
4.945025455459700403e+00
4.945177785075948407e+00
4.945314813099548346e+00
4.945447107033551504e+00
4.945569604813800701e+00
4.945685430468739874e+00
4.945793496139096135e+00
4.945896252600224585e+00
4.946002204633996868e+00
4.946106453269466741e+00
4.946210159539924156e+00
4.946313415422784132e+00
4.946420164948078124e+00
4.946533240714789059e+00
4.946643234781666898e+00
4.946750619999809473e+00
4.946852462274698325e+00
4.946951752921310508e+00
4.947046209286642515e+00
4.947134178673592508e+00
4.947221743084233125e+00
4.947305526474233162e+00
4.947388753398995753e+00
4.947475302416574294e+00
4.947568741945292281e+00
4.947678314411755984e+00
4.947799580611030201e+00
4.947938755826766233e+00
4.948095019070174239e+00
4.948263275345530232e+00
4.948448767458764941e+00
4.948644926363347629e+00
4.948856729829428147e+00
4.949078725596633532e+00
4.949308010564860361e+00
4.949545715993014738e+00
4.949786631634204070e+00
4.950035440494983341e+00
4.950290654582647498e+00
4.950549872109410998e+00
4.950822806751100202e+00
4.951104202048596470e+00
4.951406214704481279e+00
4.951723013018932029e+00
4.952061998529102560e+00
4.952429086139167325e+00
4.952810699587429255e+00
4.953218162229025445e+00
4.953642731031144386e+00
4.954091071916487010e+00
4.954564883244898077e+00
4.955056135153141916e+00
4.955567084198561290e+00
4.956088369806971983e+00
4.956622006764378696e+00
4.957165923921134087e+00
4.957715368328359240e+00
4.958272382115688437e+00
4.958836977427568904e+00
4.959414005337025699e+00
4.959998625015582974e+00
4.960594062639144042e+00
4.961195542162028183e+00
4.961799328123894348e+00
4.962412001808848672e+00
4.963028207814064174e+00
4.963648421374823982e+00
4.964263838661577388e+00
4.964872739968564375e+00
4.965473126603032306e+00
4.966065890622999746e+00
4.966652400551105906e+00
4.967225596999493398e+00
4.967788762060669328e+00
4.968341430855658380e+00
4.968887349946167653e+00
4.969433137682941037e+00
4.969973288347688367e+00
4.970505760928358718e+00
4.971026487668719795e+00
4.971538571065035050e+00
4.972038066183891658e+00
4.972521553506818570e+00
4.972990347949532541e+00
4.973440718112256853e+00
4.973878032957877338e+00
4.974297220987939028e+00
4.974694078249597418e+00
4.975070430284106671e+00
4.975423634184265254e+00
4.975758067985737831e+00
4.976072618422771043e+00
4.976365381071085281e+00
4.976635957436378099e+00
4.976883124058807617e+00
4.977115792838597841e+00
4.977333265227938064e+00
4.977537097355091866e+00
4.977720852682108621e+00
4.977881887836123731e+00
4.978026244055222982e+00
4.978154471574094408e+00
4.978270384959618156e+00
4.978372071014457667e+00
4.978457599432880798e+00
4.978532080223525114e+00
4.978595758631565893e+00
4.978647128363811625e+00
4.978683607670683742e+00
4.978705827260128558e+00
4.978719284750258822e+00
4.978725524628389465e+00
4.978723522651709033e+00
4.978711896033493289e+00
4.978695092076670825e+00
4.978674369285583268e+00
4.978655650395667820e+00
4.978637732816862282e+00
4.978620922274423322e+00
4.978601688736818964e+00
4.978575066650519965e+00
4.978538164807250865e+00
4.978487880033206636e+00
4.978430908516745745e+00
4.978359437229807227e+00
4.978277844431574728e+00
4.978179261878829642e+00
4.978067024861227097e+00
4.977949716894650933e+00
4.977825078823367555e+00
4.977695360964859539e+00
4.977559902201170949e+00
4.977420551403189286e+00
4.977285562463800161e+00
4.977150308190609884e+00
4.977014969968001523e+00
4.976878723389233095e+00
4.976742544303411897e+00
4.976608756649071985e+00
4.976468148798445235e+00
4.976320306517878933e+00
4.976164035637625993e+00
4.976000043087401181e+00
4.975826592546650495e+00
4.975643108271756709e+00
4.975446777296015810e+00
4.975242476993003038e+00
4.975029122148402649e+00
4.974810423523881475e+00
4.974589220554329394e+00
4.974358137574739658e+00
4.974119823359645309e+00
4.973872614920830770e+00
4.973620180104618704e+00
4.973362200529074961e+00
4.973100645922816199e+00
4.972834911298701144e+00
4.972558646694521300e+00
4.972275704991767853e+00
4.971982053600947360e+00
4.971681263250062877e+00
4.971368131701598081e+00
4.971036895614811435e+00
4.970694651853987622e+00
4.970337686155684942e+00
4.969970570792206388e+00
4.969588664312611037e+00
4.969187106256137909e+00
4.968773480904053130e+00
4.968344600339185568e+00
4.967906946194124096e+00
4.967451758858513422e+00
4.966982496333073982e+00
4.966501035977851863e+00
4.966008045402121596e+00
4.965510792721760325e+00
4.965003648613346421e+00
4.964488234583988024e+00
4.963968287993921535e+00
4.963446022783172928e+00
4.962925548393975816e+00
4.962405988079260588e+00
4.961889555779051442e+00
4.961370445293141529e+00
4.960845305052353993e+00
4.960315994721603339e+00
4.959780464608919637e+00
4.959239642050814467e+00
4.958687117685330215e+00
4.958121351738226323e+00
4.957542229805838474e+00
4.956957284723173096e+00
4.956373144973766465e+00
4.955790051062358259e+00
4.955212071341229318e+00
4.954636489812983768e+00
4.954059506532503931e+00
4.953482612808002727e+00
4.952902288649930540e+00
4.952320836399449533e+00
4.951731763471618031e+00
4.951129848201527572e+00
4.950518144954695998e+00
4.949895810064629309e+00
4.949268411201194873e+00
4.948639812719776820e+00
4.948003776547267307e+00
4.947364928972675102e+00
4.946723918941571263e+00
4.946088903051569119e+00
4.945461475577904054e+00
4.944842598129762123e+00
4.944230732199502043e+00
4.943615928691579064e+00
4.942997845102801158e+00
4.942377374981297145e+00
4.941751517344965094e+00
4.941115823005093333e+00
4.940458692227259085e+00
4.939783367876663611e+00
4.939095660139575017e+00
4.938394641195192669e+00
4.937676829908743237e+00
4.936937066604152768e+00
4.936179565851345430e+00
4.935398639653579167e+00
4.934602969203845113e+00
4.933780296806945742e+00
4.932937050972833859e+00
4.932073436815992196e+00
4.931191402141705815e+00
4.930300904501931036e+00
4.929397594247714842e+00
4.928485183928861701e+00
4.927568959955825001e+00
4.926653290007963371e+00
4.925746048603905969e+00
4.924842653413072924e+00
4.923948781107322148e+00
4.923058669556634293e+00
4.922179644395368037e+00
4.921306928460256636e+00
4.920430290986555377e+00
4.919551621292489685e+00
4.918664919872541397e+00
4.917771951024192845e+00
4.916864106644649013e+00
4.915937366251605489e+00
4.914993199248570477e+00
4.914031131033556932e+00
4.913053149943011455e+00
4.912064249058025744e+00
4.911056236465231706e+00
4.910027523104802505e+00
4.908977388133063613e+00
4.907905917231694559e+00
4.906816838820232896e+00
4.905702369798675022e+00
4.904560554911152614e+00
4.903403870154872557e+00
4.902229764749064245e+00
4.901042788167251807e+00
4.899838407476201141e+00
4.898621405278100305e+00
4.897400512014284502e+00
4.896170331229225070e+00
4.894930668388262518e+00
4.893677596662894480e+00
4.892416634921686658e+00
4.891150766377107217e+00
4.889878202889814673e+00
4.888600382570877478e+00
4.887323514585152573e+00
4.886042088185206467e+00
4.884756159995451874e+00
4.883460401807681706e+00
4.882157219116345814e+00
4.880846706245796973e+00
4.879529352997201030e+00
4.878208764408485720e+00
4.876884704147236071e+00
4.875558483962671552e+00
4.874225142513171960e+00
4.872882118438141674e+00
4.871532233123438971e+00
4.870174424265282020e+00
4.868809968297139079e+00
4.867431554411306038e+00
4.866039561544314829e+00
4.864632652912989741e+00
4.863218584422722479e+00
4.861796213154450541e+00
4.860372538183584723e+00
4.858949335430517102e+00
4.857530868415488534e+00
4.856115526322973608e+00
4.854699635122670109e+00
4.853287323330296665e+00
4.851881422464502158e+00
4.850478652779710131e+00
4.849074114327083684e+00
4.847660975371252512e+00
4.846242190663466509e+00
4.844817449663529452e+00
4.843389096920141412e+00
4.841947221969016724e+00
4.840493115548737180e+00
4.839026851718076117e+00
4.837551100467091914e+00
4.836064967428095329e+00
4.834570126895554765e+00
4.833071796213038063e+00
4.831571263734944388e+00
4.830070667330868872e+00
4.828569706891426172e+00
4.827068523381599086e+00
4.825570046816716641e+00
4.824075911854158072e+00
4.822586869214424254e+00
4.821104395602592518e+00
4.819625623141178039e+00
4.818158244405635671e+00
4.816698122535594706e+00
4.815243328873762607e+00
4.813797285024771000e+00
4.812355565343747088e+00
4.810930519168027608e+00
4.809523494158634449e+00
4.808132630054602785e+00
4.806775140975364735e+00
4.805438719306835083e+00
4.804143772189268802e+00
4.802890381579051571e+00
4.801669751916776363e+00
4.800511357773790344e+00
4.799389027644643591e+00
4.798329344157824750e+00
4.797315042753467651e+00
4.796357966725478761e+00
4.795482191730986443e+00
4.794662273143182496e+00
4.793905277092705752e+00
4.793196939741024565e+00
4.792548593570242765e+00
4.791981648643265146e+00
4.791458199535261642e+00
4.791002028164218274e+00
4.790601819743168122e+00
4.790252253477227384e+00
4.789972789966267186e+00
4.789729839534265565e+00
4.789542513535124613e+00
4.789395861186784842e+00
4.789294197288107569e+00
4.789243584572102641e+00
4.789224974610839958e+00
4.789264587881040036e+00
4.789338394179937453e+00
4.789470726475116180e+00
4.789653886053708121e+00
4.789881489984689544e+00
4.790169577095654496e+00
4.790489999707784996e+00
4.790859060119835533e+00
4.791265407856552194e+00
4.791703324597327729e+00
4.792175423111765475e+00
4.792670320738105616e+00
4.793202178757637100e+00
4.793760184403510038e+00
4.794353167247026981e+00
4.794980442877859517e+00
4.795625874977558212e+00
4.796306591685860710e+00
4.797008391153067208e+00
4.797745996322482220e+00
4.798513628300278278e+00
4.799303864967078503e+00
4.800122300218792049e+00
4.800956758838148097e+00
4.801828313004225635e+00
4.802732902374119206e+00
4.803666415568442538e+00
4.804635815527291243e+00
4.805627248864622558e+00
4.806661580335350514e+00
4.807733005713672902e+00
4.808833793234081000e+00
4.809968204479665665e+00
4.811122752185911011e+00
4.812315190415829669e+00
4.813537531029432159e+00
4.814787844996897270e+00
4.816059945356098382e+00
4.817352740895002761e+00
4.818666848968713445e+00
4.819996877443044170e+00
4.821346145253626148e+00
4.822713048141448411e+00
4.824098133426158341e+00
4.825503228586165427e+00
4.826920809280125901e+00
4.828360486607996549e+00
4.829817538093775120e+00
4.831286679636686898e+00
4.832766183447091635e+00
4.834248350393025362e+00
4.835737895946949472e+00
4.837230254095046256e+00
4.838717507254330918e+00
4.840201482307165293e+00
4.841678546797483662e+00
4.843150045853106711e+00
4.844603080432858810e+00
4.846040553282942476e+00
4.847468386273827257e+00
4.848885803651059589e+00
4.850296617578710112e+00
4.851694240849459661e+00
4.853080529402935994e+00
4.854455123078072809e+00
4.855816062968218993e+00
4.857164162080730208e+00
4.858498387467112600e+00
4.859818554054942119e+00
4.861106746029104642e+00
4.862368113975968242e+00
4.863607058655465387e+00
4.864825970586384329e+00
4.866025702413167231e+00
4.867189602386201130e+00
4.868325748275959874e+00
4.869439829196775982e+00
4.870533982720221644e+00
4.871610793750729584e+00
4.872662248220291481e+00
4.873689959477629507e+00
4.874699695389714371e+00
4.875696895252910501e+00
4.876680929567663192e+00
4.877651224639264704e+00
4.878603994157162838e+00
4.879543426465240863e+00
4.880465473216025529e+00
4.881370949652043656e+00
4.882255390714853149e+00
4.883117290046065762e+00
4.883957551699130484e+00
4.884777317177503519e+00
4.885579121690243554e+00
4.886356118526310688e+00
4.887110290806740309e+00
4.887843458410352504e+00
4.888556204568595298e+00
4.889250415619463830e+00
4.889921020250767469e+00
4.890569492187350598e+00
4.891189484056085668e+00
4.891792669612914146e+00
4.892379426341503468e+00
4.892954965736715955e+00
4.893525314312427987e+00
4.894093140680342735e+00
4.894662106651812117e+00
4.895235612001268777e+00
4.895812453832475875e+00
4.896400303822009192e+00
4.896992392297831564e+00
4.897586554680017024e+00
4.898179573584345192e+00
4.898770003225651593e+00
4.899364786092188950e+00
4.899957845676688351e+00
4.900548618715253824e+00
4.901133490968492268e+00
4.901713135112074404e+00
4.902291478645053324e+00
4.902863486912098168e+00
4.903430732917037460e+00
4.903994029406455013e+00
4.904557144697752946e+00
4.905123855266716681e+00
4.905688185002652801e+00
4.906254173014311881e+00
4.906814516503364310e+00
4.907365858312696894e+00
4.907908618580550275e+00
4.908438709210605211e+00
4.908957529421897448e+00
4.909458154495808024e+00
4.909941055979582636e+00
4.910397894922645889e+00
4.910835523437709682e+00
4.911261926088481999e+00
4.911674526017158371e+00
4.912075924370436830e+00
4.912465996984391126e+00
4.912849782351403682e+00
4.913232138659803461e+00
4.913607562277463536e+00
4.913976859357203963e+00
4.914340442288663624e+00
4.914703294988719051e+00
4.915071351807562827e+00
4.915439186897126334e+00
4.915810508634892884e+00
4.916178785432128606e+00
4.916544118020682141e+00
4.916906026508657490e+00
4.917267801854757536e+00
4.917632521670309842e+00
4.917991905901579308e+00
4.918346264716237037e+00
4.918694739993661358e+00
4.919041146207600690e+00
4.919387642499059687e+00
4.919726760443301039e+00
4.920059405993671753e+00
4.920385549236091727e+00
4.920707457680258301e+00
4.921029300596567069e+00
4.921346504706892055e+00
4.921662504579875197e+00
4.921971170622857272e+00
4.922272231802346631e+00
4.922564517129214501e+00
4.922852715402845192e+00
4.923141748271886442e+00
4.923425216842447050e+00
4.923703294340525893e+00
4.923975970484320897e+00
4.924248387049887654e+00
4.924525620210919108e+00
4.924802038148048844e+00
4.925081311427060626e+00
4.925356556326153878e+00
4.925627257153395000e+00
4.925895531903955238e+00
4.926156740523879307e+00
4.926412377208476023e+00
4.926655572317546472e+00
4.926887643616652213e+00
4.927107175197457778e+00
4.927318576816475115e+00
4.927524241209036759e+00
4.927717055082328379e+00
4.927898975014693761e+00
4.928070052899426123e+00
4.928233199492102479e+00
4.928393293395644470e+00
4.928542492669080843e+00
4.928682690318679782e+00
4.928812821246689957e+00
4.928936138879514317e+00
4.929052497930830334e+00
4.929163711173466744e+00
4.929273829795428163e+00
4.929381753029310254e+00
4.929487374061725546e+00
4.929594511995099460e+00
4.929705777009957934e+00
4.929822478061550939e+00
4.929945696964868951e+00
4.930072192754605176e+00
4.930207206085332139e+00
4.930348454816275705e+00
4.930495103802540413e+00
4.930651069367313788e+00
4.930810855282478755e+00
4.930977390678608074e+00
4.931147247860216964e+00
4.931321478737527464e+00
4.931493487050765623e+00
4.931656359387569744e+00
4.931814026543879237e+00
4.931963406084114432e+00
4.932107834657662337e+00
4.932244240790613965e+00
4.932363787954683332e+00
4.932469609538103761e+00
4.932557776421319318e+00
4.932634347211581449e+00
4.932690128814441799e+00
4.932726232723811499e+00
4.932742460878812629e+00
4.932738504671156043e+00
4.932714976703878484e+00
4.932666361744646011e+00
4.932589278177488268e+00
4.932484560146126462e+00
4.932354030658620658e+00
4.932198297766166917e+00
4.932010112212167563e+00
4.931794105128512129e+00
4.931556942419276446e+00
4.931297864087983207e+00
4.931012605012520922e+00
4.930693378963633577e+00
4.930343310156031222e+00
4.929961815060241115e+00
4.929550237239460841e+00
4.929112847478251069e+00
4.928647656806865562e+00
4.928159761534192995e+00
4.927651115314223063e+00
4.927127524868705422e+00
4.926593933657861690e+00
4.926058313318646853e+00
4.925512519472396988e+00
4.924954917759752249e+00
4.924378341988778551e+00
4.923785746426441179e+00
4.923181196146764194e+00
4.922552572333373178e+00
4.921901680522717371e+00
4.921221295663273487e+00
4.920521064394271171e+00
4.919795314588703228e+00
4.919041837894476465e+00
4.918269011148369785e+00
4.917475594871795863e+00
4.916670096659220945e+00
4.915852651887692382e+00
4.915030517050183789e+00
4.914208511927282252e+00
4.913381403678213744e+00
4.912552600645577527e+00
4.911722995334421249e+00
4.910898747363243722e+00
4.910083728575263429e+00
4.909281885319504823e+00
4.908489045941385243e+00
4.907707595744285278e+00
4.906942244985255108e+00
4.906193228283079577e+00
4.905461249941141411e+00
4.904743150019200471e+00
4.904040198096187630e+00
4.903355606638939435e+00
4.902691035711319145e+00
4.902044197612555720e+00
4.901419751488716336e+00
4.900815041692108132e+00
4.900229793929606892e+00
4.899662201174646903e+00
4.899109414027183362e+00
4.898570583530813316e+00
4.898038097166567795e+00
4.897510532991140586e+00
4.896992513605503916e+00
4.896486158886103723e+00
4.895993069664687170e+00
4.895505552769750857e+00
4.895027784437983698e+00
4.894559767724126154e+00
4.894101272181718976e+00
4.893650592521876064e+00
4.893201936365217719e+00
4.892757441767601634e+00
4.892315490351170304e+00
4.891875468486099443e+00
4.891444249072221417e+00
4.891020354622152233e+00
4.890611703538445099e+00
4.890215044350472162e+00
4.889838501879122390e+00
4.889489483715144580e+00
4.889160196812001757e+00
4.888858596061465889e+00
4.888581318532225772e+00
4.888324062314923779e+00
4.888101743416037870e+00
4.887899415579733287e+00
4.887729264193322543e+00
4.887585996736880212e+00
4.887464656758230497e+00
4.887367262349572528e+00
4.887291696554158626e+00
4.887254144275204659e+00
4.887246258541119381e+00
4.887266612621598227e+00
4.887315801359354950e+00
4.887396404385207838e+00
4.887506735423220228e+00
4.887644253946481498e+00
4.887805823288498885e+00
4.887990774433700558e+00
4.888199565648672085e+00
4.888420868940292152e+00
4.888663386456308935e+00
4.888926518667129351e+00
4.889210378374544419e+00
4.889512813031313243e+00
4.889833288356301821e+00
4.890171969435748167e+00
4.890525977328058715e+00
4.890893580741818347e+00
4.891273824214573018e+00
4.891666499279076596e+00
4.892067401349181388e+00
4.892471528440348827e+00
4.892880642875663710e+00
4.893287882856657944e+00
4.893697218015423012e+00
4.894100903696944727e+00
4.894498904995252531e+00
4.894891796834399678e+00
4.895273931935062883e+00
4.895648297682038574e+00
4.896005976624421940e+00
4.896348044998577898e+00
4.896674983590474817e+00
4.896985981460295179e+00
4.897281223922602678e+00
4.897552363048873758e+00
4.897806440401456740e+00
4.898041189532361450e+00
4.898261669404439189e+00
4.898470905828855138e+00
4.898665222614637216e+00
4.898849752001097180e+00
4.899021603833516814e+00
4.899184787548710673e+00
4.899338631523406207e+00
4.899475428541754773e+00
4.899595352435117235e+00
4.899694613754380867e+00
4.899774008147049997e+00
4.899826418418067320e+00
4.899859017991091470e+00
4.899858903991151315e+00
4.899839129535574322e+00
4.899789105801937161e+00
4.899712655617950219e+00
4.899610504395424115e+00
4.899481636620222957e+00
4.899339164224550736e+00
4.899179182750271089e+00
4.899004742008732372e+00
4.898813099683361649e+00
4.898609035954909707e+00
4.898397974417643574e+00
4.898182552167313020e+00
4.897964984205650296e+00
4.897745699481206749e+00
4.897531475209730090e+00
4.897325241704571397e+00
4.897128837489622910e+00
4.896938513116079861e+00
4.896757404682326786e+00
4.896583286234278631e+00
4.896413048775036359e+00
4.896252597858298472e+00
4.896098953419465438e+00
4.895956787121581222e+00
4.895825126626627721e+00
4.895702591826306183e+00
4.895595086719007227e+00
4.895502566768886510e+00
4.895424422714025781e+00
4.895364578696065117e+00
4.895315847344794413e+00
4.895289143227605777e+00
4.895279893038428476e+00
4.895294283149164372e+00
4.895320844392158754e+00
4.895365493179165917e+00
4.895421502625437959e+00
4.895483238401690862e+00
4.895555297232101033e+00
4.895632531338239168e+00
4.895718216479624019e+00
4.895808304578864956e+00
4.895897333606013646e+00
4.895988164313936686e+00
4.896081440386231165e+00
4.896173624752891307e+00
4.896263675236013135e+00
4.896343806248959041e+00
4.896417730690781234e+00
4.896480694397222777e+00
4.896537656544578176e+00
4.896582072039937117e+00
4.896617215751073893e+00
4.896644648993722093e+00
4.896667729241641176e+00
4.896691925248930488e+00
4.896716742909380748e+00
4.896740731397045465e+00
4.896772141305596904e+00
4.896814095129126798e+00
4.896874550751279642e+00
4.896950488782357169e+00
4.897038953390774552e+00
4.897140526019837736e+00
4.897249660569112706e+00
4.897372941489201104e+00
4.897502590755802743e+00
4.897635678595734454e+00
4.897765629471150461e+00
4.897891060312147715e+00
4.898012268965000970e+00
4.898130121969486162e+00
4.898250072517299714e+00
4.898365395677143574e+00
4.898475623040326354e+00
4.898579665881449330e+00
4.898681378004009268e+00
4.898783932386765017e+00
4.898880200826430276e+00
4.898969810142047798e+00
4.899051578913681482e+00
4.899129573877767818e+00
4.899206546086685599e+00
4.899278473172204329e+00
4.899347113187291214e+00
4.899414770386978368e+00
4.899476207264564565e+00
4.899535977898962891e+00
4.899589304209553298e+00
4.899640559063159095e+00
4.899680480447463182e+00
4.899706317857238425e+00
4.899725396883771289e+00
4.899734298496952967e+00
