0.000000000000000000e+00
0.000000000000000000e+00
-1.397268642904237014e-06
-7.219230901682751356e-06
-1.779515660018660941e-05
-2.970402725622989522e-05
-3.808192574069835598e-05
-1.407605726853944415e-05
3.111950456514022323e-05
1.440731562615837924e-04
3.667482860328163214e-04
6.659631930233443717e-04
1.097756487870356389e-03
1.667417971038958908e-03
2.422062692785404130e-03
3.415204224729679553e-03
4.621939969802045349e-03
6.056374175095699877e-03
7.703176004433773608e-03
9.643650812649869411e-03
1.186151282265200668e-02
1.434161500408663928e-02
1.714743034317508033e-02
2.026596472933307053e-02
2.364938394501223812e-02
2.739460812284962021e-02
3.145508007481113977e-02
3.580743954851643013e-02
4.052102939560428552e-02
4.551801191046253581e-02
5.081662164404408821e-02
5.645006106569783882e-02
6.244960175230521160e-02
6.870205388739127061e-02
7.536613271906392186e-02
8.225856052114978445e-02
8.953735993578448848e-02
9.705527649595750705e-02
1.049590323992015128e-01
1.131589441128016682e-01
1.216873358316661047e-01
1.305048607416392226e-01
1.396099577970744132e-01
1.489831106491328605e-01
1.587237791843654211e-01
1.686681597061396587e-01
1.788751404114008459e-01
1.893486814327478840e-01
2.000158672161341245e-01
2.109027187652827151e-01
2.220418803520441964e-01
2.333395998306513619e-01
2.448406569786311104e-01
2.565531472988367701e-01
2.684163670368432952e-01
2.804555969066857557e-01
2.926252822704553114e-01
3.049501936264276125e-01
3.174593894310236419e-01
3.300872556991816253e-01
3.428729955978632726e-01
3.557620196171046301e-01
3.687925355262995919e-01
3.820020274944544991e-01
3.952813010044336495e-01
4.086918775863885855e-01
4.221813540287256972e-01
4.357835392780542993e-01
4.494899015255214847e-01
4.632729403801204571e-01
4.771390847988369877e-01
4.911643903084041973e-01
5.052544276542904056e-01
5.194890324898006062e-01
5.338307266063929690e-01
5.483165340252164066e-01
5.629405979938748583e-01
5.776732234783414910e-01
5.925222770996335653e-01
6.075530450172667019e-01
6.226689975090269336e-01
6.379417841263058664e-01
6.533098249264004398e-01
6.688575367756129930e-01
6.845072083301786403e-01
7.003414134807829372e-01
7.163896350689177295e-01
7.325287084408049765e-01
7.488093619175200111e-01
7.651600866146330837e-01
7.816730289287810995e-01
7.983044390506986998e-01
8.150885658092739128e-01
8.320637159176114128e-01
8.491201727218868900e-01
8.663152389354946692e-01
8.835977570839169681e-01
9.009766356773617479e-01
9.184544806308989617e-01
9.360081939525848327e-01
9.536549835033658606e-01
9.714503674335720484e-01
9.893599443264251558e-01
1.007478244764352437e+00
1.025767250520730478e+00
1.044187019331002997e+00
1.062764461500192548e+00
1.081411787731195506e+00
1.100224948389078250e+00
1.119086648685480467e+00
1.138116466266656968e+00
1.157293096048379821e+00
1.176646694404626547e+00
1.196247475606942556e+00
1.215939981205010900e+00
1.235814435941720024e+00
1.255743927223229139e+00
1.275843159420036788e+00
1.296091350776695794e+00
1.316518234474205462e+00
1.337148176891350237e+00
1.357868394119286171e+00
1.378782681686424372e+00
1.399795326454185806e+00
1.421030570728325060e+00
1.442466553909324656e+00
1.464003648025535842e+00
1.485661732418083636e+00
1.507390362484001711e+00
1.529299670917534826e+00
1.551277465087914642e+00
1.573452209693933179e+00
1.595813669425988568e+00
1.618305606109643247e+00
1.640934657318139367e+00
1.663665224773431150e+00
1.686604820949578976e+00
1.709609431488061881e+00
1.732811001998926237e+00
1.756144181949640393e+00
1.779661218387628363e+00
1.803284825546289438e+00
1.827035514575982900e+00
1.850872506362939429e+00
1.874903103572870045e+00
1.899099346859002946e+00
1.923375403148675833e+00
1.947725519401575012e+00
1.972133354408288630e+00
1.996539077026391329e+00
2.020932516319298600e+00
2.045305103523277435e+00
2.069605068428062911e+00
2.093825976116203691e+00
2.117936372024559866e+00
2.141922713977837400e+00
2.165738941890740676e+00
2.189376482231164101e+00
2.212842895252252085e+00
2.236118752223992701e+00
2.259192089302087147e+00
2.282130779487633987e+00
2.304828013641381457e+00
2.327328190071130010e+00
2.349685532314324643e+00
2.371900636417413111e+00
2.393957969409966413e+00
2.415937160713219622e+00
2.437776073677087041e+00
2.459513010246300979e+00
2.481241533023858192e+00
2.502905880672478656e+00
2.524658483726526015e+00
2.546399826271081857e+00
2.568170356018091294e+00
2.590217348796869157e+00
2.612499517662073334e+00
2.635201713306451587e+00
2.658252288562799492e+00
2.681700917942071882e+00
2.705628964168573347e+00
2.729894925815606666e+00
2.754526387912774155e+00
2.779612299663567487e+00
2.805017697078728389e+00
2.830834230644249772e+00
2.857133228046440543e+00
2.883785368663810633e+00
2.910813469154380773e+00
2.938189844352744995e+00
2.965938252670310860e+00
2.993949710590385394e+00
3.022336491806053349e+00
3.050992478591942447e+00
3.079893800479912791e+00
3.108963724834466369e+00
3.138238045436883450e+00
3.167608386737847503e+00
3.197123276454949536e+00
3.226684190494561122e+00
3.256337079269433055e+00
3.286031648380303150e+00
3.315821322662376947e+00
3.345660733444237422e+00
3.375612360698723169e+00
3.405620660049461623e+00
3.435704666835808219e+00
3.465649782878899021e+00
3.495553335411095031e+00
3.525239054424309515e+00
3.554824671012902115e+00
3.584162480098747938e+00
3.613394684059166195e+00
3.642389830810569773e+00
3.671294140083336099e+00
3.700132536155723795e+00
3.728788818580650588e+00
3.757418903572105506e+00
3.785920302135490356e+00
3.814416095478080582e+00
3.842729186279320253e+00
3.870964256984733787e+00
3.899241425258659355e+00
3.927402168972037977e+00
3.955511225921653384e+00
3.983510324222587329e+00
4.011467625362419298e+00
4.039288954002403287e+00
4.066968306762718477e+00
4.094434417945884697e+00
4.121839808685325401e+00
4.149100937110922871e+00
4.176285175544760975e+00
4.203481106025718006e+00
4.230534631473563678e+00
4.257492825252555235e+00
4.284304389221214038e+00
4.311010512573264286e+00
4.337524077159904401e+00
4.363837830287957686e+00
4.389875044090295830e+00
4.415785030586267368e+00
4.441480590564752973e+00
4.467049333316826853e+00
4.492415248615288625e+00
4.517449399692559098e+00
4.542262253028893859e+00
4.566880852443720329e+00
4.591324083072687579e+00
4.615573984844232314e+00
4.639613467914606382e+00
4.663505706054713151e+00
4.687098499996210421e+00
4.710430092079187503e+00
4.733509222728754295e+00
4.756342736942316130e+00
4.778958050472285279e+00
4.801408368808771421e+00
4.823664015991236731e+00
4.845903863174464199e+00
4.867980941993739208e+00
4.889859039051081879e+00
4.911564423305537552e+00
4.933040391666438929e+00
4.954305798275020933e+00
4.975327772361782586e+00
4.996072992546108260e+00
5.016624962551143874e+00
5.036847531063107120e+00
5.056849440795926576e+00
5.076515251857785849e+00
5.095875530702619116e+00
5.114971946937589387e+00
5.133765985233335272e+00
5.152347622377424052e+00
5.170586549503354945e+00
5.188508923513440507e+00
5.206153883201627863e+00
5.223533477050810170e+00
5.240606965286284336e+00
5.257313607198745409e+00
5.273651597959548631e+00
5.289701298934966545e+00
5.305365071756392048e+00
5.320719316465407189e+00
5.335767231447248626e+00
5.350485241872815934e+00
5.364879640800505278e+00
5.379007429344206948e+00
5.392859561903030396e+00
5.406395228368788608e+00
5.419722162944823118e+00
5.432766955358534489e+00
5.445578291875867727e+00
5.458221711380033092e+00
5.470607778293637757e+00
5.482768296463040869e+00
5.494785532218962487e+00
5.506585337383300249e+00
5.518256869775801654e+00
5.529699539405851461e+00
5.540882151586560944e+00
5.551909870368985978e+00
5.562719169122725127e+00
5.573353058559447071e+00
5.583777840597181630e+00
5.593946059209851995e+00
5.603902348739651984e+00
5.613646505934742237e+00
5.623193594080951208e+00
5.632549233300236047e+00
5.641735042197255190e+00
5.650663419825581180e+00
5.659343312842396223e+00
5.667798291904476926e+00
5.675992253882435001e+00
5.684003521067645615e+00
5.691742498142268403e+00
5.699231980902697892e+00
5.706486728055025992e+00
5.713458140952135444e+00
5.720180173975969673e+00
5.726659383637453082e+00
5.732905701858546088e+00
5.738939182025935004e+00
5.744692462546374223e+00
5.750162850482012367e+00
5.755377497536684039e+00
5.760336957139516656e+00
5.765065487188840265e+00
5.769518557650590296e+00
5.773694152099634103e+00
5.777629566652322524e+00
5.781317489904905571e+00
5.784779954416300107e+00
5.787965643865609522e+00
5.790868435365701394e+00
5.793527339858556502e+00
5.795932091487193460e+00
5.798106536132836553e+00
5.799996413303161624e+00
5.801595111352946255e+00
5.802944695068147141e+00
5.804034317073968552e+00
5.804889935565737069e+00
5.805457825077322553e+00
5.805732634564486183e+00
5.805752388328405011e+00
5.805512534096927801e+00
5.805037421971650069e+00
5.804271395519466914e+00
5.803240607917400595e+00
5.801958573997112012e+00
5.800442930996508650e+00
5.798691993892283847e+00
5.796639123350472822e+00
5.794311682075353964e+00
5.791719788998457297e+00
5.788887918084951956e+00
5.785821765452714871e+00
5.782450706750245750e+00
5.778812187701555025e+00
5.774916071981282428e+00
5.770789714247078983e+00
5.766434574216696696e+00
5.761815329283568765e+00
5.756902085334156816e+00
5.751770162969921607e+00
5.746385115772579155e+00
5.740800162941312124e+00
5.734938825160360132e+00
5.728829610139227313e+00
5.722485745340680552e+00
5.715934128552769167e+00
5.709175945311878664e+00
5.702207740336750597e+00
5.695057534366940288e+00
5.687743612319325237e+00
5.680267959028577174e+00
5.672671761304235893e+00
5.664963786393500733e+00
5.657168471604681947e+00
5.649316530615188015e+00
5.641416489273405332e+00
5.633497871548033942e+00
5.625589124947882880e+00
5.617691412955619690e+00
5.609826474577285005e+00
5.602004561811782857e+00
5.594218977481223654e+00
5.586496540099480157e+00
5.578835177809097878e+00
5.571285683304168401e+00
5.563834696799613511e+00
5.556531639486648189e+00
5.549403521806097750e+00
5.542416530639028949e+00
5.535599645763730869e+00
5.528965536147452120e+00
5.522534910827971544e+00
5.516344663888311572e+00
5.510435383707380730e+00
5.504754922181463783e+00
5.499358764678335731e+00
5.494191320329999684e+00
5.489302476435995004e+00
5.484777930170392501e+00
5.480552552133893585e+00
5.476692015022134541e+00
5.473212039560174880e+00
5.470062938720083423e+00
5.467264991790151463e+00
5.464924370288944289e+00
5.462873233050203226e+00
5.461228346020078561e+00
5.459925053805207540e+00
5.458982284084057390e+00
5.458393751993870779e+00
5.458172990862376395e+00
5.458251538543127168e+00
5.458649856677375567e+00
5.459318018114290183e+00
5.460308773523292913e+00
5.461572832321844650e+00
5.463086135542116750e+00
5.464851201331339503e+00
5.466827789103708035e+00
5.469012316322049649e+00
5.471393068736515097e+00
5.473920075303039035e+00
5.476583338087519515e+00
5.479345048671683038e+00
5.482173148399313689e+00
5.485049043899496546e+00
5.487930121427496033e+00
5.490792559390981431e+00
5.493580236440618769e+00
5.496261442607362824e+00
5.498848052030522737e+00
5.501291063135583137e+00
5.503572126483637916e+00
5.505732088392694124e+00
5.507694842672069768e+00
5.509471304273327874e+00
5.511052618628461630e+00
5.512453639810998673e+00
5.513652849054058613e+00
5.514675200512727749e+00
5.515446031546314742e+00
5.515998800551613179e+00
5.516307219700982145e+00
5.516362668938098679e+00
5.516215819857178460e+00
5.515842676862237504e+00
5.515193875684497371e+00
5.514361885516999351e+00
5.513281171872375097e+00
5.511978963418958877e+00
5.510438447549103280e+00
5.508666290148256373e+00
5.506585612251519102e+00
5.504305333598613181e+00
5.501743604644297569e+00
5.499004974468707729e+00
5.496007519169806343e+00
5.492699902161120917e+00
5.489184223814963737e+00
5.485387034817695628e+00
5.481370364233016268e+00
5.477107144697664687e+00
5.472607603474616056e+00
5.467874151869772881e+00
5.462953327401636194e+00
5.457802898391245883e+00
5.452479523523807714e+00
5.446970453365802101e+00
5.441306001051425589e+00
5.435461883648395442e+00
5.429439928635120260e+00
5.423295346005917672e+00
5.417023915751934204e+00
5.410663178666592188e+00
5.404192468031406626e+00
5.397634955152034841e+00
5.391013665898801044e+00
5.384329452022076801e+00
5.377605036004544203e+00
5.370843367084026987e+00
5.364058849915029015e+00
5.357253632648946606e+00
5.350440728767873466e+00
5.343629401429654813e+00
5.336826999886992162e+00
5.330042746170522427e+00
5.323271752103329924e+00
5.316516180737973940e+00
5.309788856609824137e+00
5.303088795050148185e+00
5.296430845364096029e+00
5.289822822912695344e+00
5.283277987941266574e+00
5.276792876227856866e+00
5.270369162662984941e+00
5.264008159740927617e+00
5.257735428913596465e+00
5.251550182207587625e+00
5.245451825364592757e+00
5.239464600785735726e+00
5.233593898519041332e+00
5.227831515177252086e+00
5.222229635818959714e+00
5.216730941041471503e+00
5.211391884788039164e+00
5.206145099504950302e+00
5.201051857574942261e+00
5.196135948403838078e+00
5.191353241308691580e+00
5.186759475871088654e+00
5.182277902170183026e+00
5.177977485164166893e+00
5.173864873155118005e+00
5.169936096473693787e+00
5.166208959921359423e+00
5.162636175259112115e+00
5.159285117789266906e+00
5.156103060050963194e+00
5.153113437398432417e+00
5.150316027804373142e+00
5.147709291680810928e+00
5.145314786686657094e+00
5.143122372581719226e+00
5.141147934003829079e+00
5.139335745974539904e+00
5.137714667721748008e+00
5.136279364033699224e+00
5.135069322540521952e+00
5.134067812665461972e+00
5.133254205091952294e+00
5.132600373133181293e+00
5.132138324483392466e+00
5.131855688273069482e+00
5.131762985644026109e+00
5.131806685217751074e+00
5.132003029846680775e+00
5.132361684628857113e+00
5.132829093263580056e+00
5.133412899040711963e+00
5.134079683163298213e+00
5.134847102650535788e+00
5.135678896793259618e+00
5.136578588822019675e+00
5.137531381809246511e+00
5.138516732567082634e+00
5.139521860071549320e+00
5.140544157364497657e+00
5.141568198391328615e+00
5.142595426105986078e+00
5.143614202999602369e+00
5.144620311447511085e+00
5.145589258336553229e+00
5.146518910863527196e+00
5.147393545099625101e+00
5.148224342205652171e+00
5.148992675059565371e+00
5.149662296139726259e+00
5.150256514289507592e+00
5.150752420687207511e+00
5.151149682366381377e+00
5.151452998482715095e+00
5.151639652048331186e+00
5.151753281002026341e+00
5.151762990175491552e+00
5.151672979785805850e+00
5.151480128287081683e+00
5.151160936287348946e+00
5.150726713283662939e+00
5.150178644402628514e+00
5.149504195942287588e+00
5.148665800361639455e+00
5.147680204405193471e+00
5.146563396720890360e+00
5.145321750758889756e+00
5.143943349837067913e+00
5.142439722536804148e+00
5.140808628766538213e+00
5.138999583094122414e+00
5.137070095955135862e+00
5.134967485784294183e+00
5.132746895371678164e+00
5.130389843701126829e+00
5.127912204979659272e+00
5.125318939505816296e+00
5.122609407125712444e+00
5.119820964752436865e+00
5.116930623768569220e+00
5.113957793234587434e+00
5.110914612828494796e+00
5.107817073582411993e+00
5.104673562763928807e+00
5.101495767055749475e+00
5.098300002633332717e+00
5.095091994522809919e+00
5.091883808790443666e+00
5.088677947937249257e+00
5.085486407994030955e+00
5.082321306883096135e+00
5.079192070184945784e+00
5.076111601411102292e+00
5.073078851817844459e+00
5.070107239304779689e+00
5.067203261076209664e+00
5.064374131380317223e+00
5.061628514348265107e+00
5.058993209718462225e+00
5.056473027585740354e+00
5.054076669036144942e+00
5.051812322704788194e+00
5.049691426424976370e+00
5.047729932783838969e+00
5.045907436578270122e+00
5.044210631965395208e+00
5.042628925560709519e+00
5.041192543773648893e+00
5.039899348585604066e+00
5.038735738514660056e+00
5.037699890850780626e+00
5.036797767995593311e+00
5.036025893731708614e+00
5.035394870011801416e+00
5.034860158345394687e+00
5.034443011401884327e+00
5.034135027124277961e+00
5.033955352349870793e+00
5.033892438841715666e+00
5.033925779875564999e+00
5.034066191654849476e+00
5.034273741472710562e+00
5.034576693274278369e+00
5.034952610492903879e+00
5.035407269992131951e+00
5.035943113997775278e+00
5.036537430942255256e+00
5.037193032190400821e+00
5.037892986595828404e+00
5.038643262595136285e+00
5.039424378633697188e+00
5.040226274043519972e+00
5.041047539100250496e+00
5.041883833244643398e+00
5.042725018993220232e+00
5.043563571110567523e+00
5.044391692713103836e+00
5.045202413782677198e+00
5.045987995177707575e+00
5.046722479075393508e+00
5.047428162008723795e+00
5.048077274695238259e+00
5.048678177841208203e+00
5.049215193823180847e+00
5.049680601008435410e+00
5.050083480425378468e+00
5.050402389116784185e+00
5.050660219252307570e+00
5.050838298056472553e+00
5.050937135800916522e+00
5.050950549060210015e+00
5.050892487919620422e+00
5.050755628986945744e+00
5.050502162190815270e+00
5.050160676489314326e+00
5.049732199038110103e+00
5.049236551138304385e+00
5.048670006456517534e+00
5.048017404067063119e+00
5.047289390030050171e+00
5.046495938810253712e+00
5.045651552068734169e+00
5.044758068161748987e+00
5.043800396608852488e+00
5.042787322911165937e+00
5.041732716771505807e+00
5.040638364839099772e+00
5.039508913892055020e+00
5.038334856542491025e+00
5.037126408355975471e+00
5.035896023723030801e+00
5.034647136765266318e+00
5.033387517618679752e+00
5.032116924958968340e+00
5.030839947747732133e+00
5.029561424392011482e+00
5.028289924251584608e+00
5.027035876351146015e+00
5.025806726204899988e+00
5.024599849047808320e+00
5.023426624151616338e+00
5.022288806575088138e+00
5.021200185480264366e+00
5.020154943453815299e+00
5.019164611833836886e+00
5.018222564595487434e+00
5.017344734656361105e+00
5.016514996054319830e+00
5.015748174252656177e+00
5.015054289909747887e+00
5.014420778142955726e+00
5.013864706965830642e+00
5.013364651712324260e+00
5.012938782374110502e+00
5.012566460507657418e+00
5.012267890206273613e+00
5.012065259168590359e+00
5.011913433472360069e+00
5.011836265150192204e+00
5.011803899434595699e+00
5.011836286482137304e+00
5.011936672587614439e+00
5.012080720101218745e+00
5.012275512699705615e+00
5.012504057471377727e+00
5.012778388295991761e+00
5.013076123573555698e+00
5.013408684969618001e+00
5.013773015641345587e+00
5.014154252201987738e+00
5.014551958457303726e+00
5.014955632813943076e+00
5.015360475682390629e+00
5.015756138466966441e+00
5.016132527903389260e+00
5.016485592812967020e+00
5.016825172395180665e+00
5.017139603920947266e+00
5.017430542741637467e+00
5.017686762806695455e+00
5.017902144060204961e+00
5.018083133154283892e+00
5.018217820624555792e+00
5.018317677627051943e+00
5.018373767874868996e+00
5.018392207908176417e+00
5.018365436277084868e+00
5.018298817194731143e+00
5.018189003795119341e+00
5.018022669359774923e+00
5.017815732575686027e+00
5.017558925386252255e+00
5.017257004204871862e+00
5.016905483986918490e+00
5.016510514963154144e+00
5.016067898694161364e+00
5.015562723625187402e+00
5.015013932894651028e+00
5.014393641177298910e+00
5.013717820841553596e+00
5.012989834073664497e+00
5.012205909538747228e+00
5.011373735043885169e+00
5.010476230803611486e+00
5.009532382163885522e+00
5.008546921509983818e+00
5.007517632890227333e+00
5.006451931047919857e+00
5.005341916579487460e+00
5.004201041433694819e+00
5.003028419214966327e+00
5.001831954840303851e+00
5.000623549196602902e+00
4.999407028082493376e+00
4.998190304163578013e+00
4.996975708353999401e+00
4.995764546815040674e+00
4.994567643005135338e+00
4.993382022652509633e+00
4.992212129208924765e+00
4.991062615114929990e+00
4.989934325862411590e+00
4.988840869266275568e+00
4.987780208635809842e+00
4.986755957502605696e+00
4.985770678642872156e+00
4.984839521098618498e+00
4.983951557028775348e+00
4.983120293590908467e+00
4.982352311584834936e+00
4.981635952193025574e+00
4.980986693400624610e+00
4.980390564176921053e+00
4.979863134447219508e+00
4.979399569380762891e+00
4.979010528336945463e+00
4.978689139011983400e+00
4.978437756236378853e+00
4.978263120196495528e+00
4.978143899451676013e+00
4.978092389452935862e+00
4.978114442030631359e+00
4.978203251032821797e+00
4.978355445020563153e+00
4.978550435245699290e+00
4.978794246145255897e+00
4.979079534631886794e+00
4.979410532896138442e+00
4.979789885726488841e+00
4.980204631943918159e+00
4.980663471665895514e+00
4.981162093166923377e+00
4.981698131632721349e+00
4.982288853895580516e+00
4.982917752858912586e+00
4.983591005352055348e+00
4.984304361340318401e+00
4.985055644732628188e+00
4.985853073221359288e+00
4.986697440665873948e+00
4.987585596886190409e+00
4.988508145657095660e+00
4.989462724548491934e+00
4.990454943847570490e+00
4.991478696089897582e+00
4.992538630586777160e+00
4.993622129258427300e+00
4.994722461920889423e+00
4.995838222947630136e+00
4.996968612369808049e+00
4.998111892563017911e+00
4.999257160347613471e+00
5.000402061191114633e+00
5.001538598534378544e+00
5.002666813728128048e+00
5.003773054999027359e+00
5.004860556048070563e+00
5.005920363289032338e+00
5.006947298791920353e+00
5.007932561930928728e+00
5.008847712349806081e+00
5.009721171927367322e+00
5.010520221289906928e+00
5.011265019547852972e+00
5.011932043281110083e+00
5.012498992305905787e+00
5.012996499349088531e+00
5.013366535228402476e+00
5.013629610330523789e+00
5.013764865963444173e+00
5.013774613260597590e+00
5.013679296260074025e+00
5.013449789469435203e+00
5.013094711860015096e+00
5.012621551265313613e+00
5.012009570037318618e+00
5.011278212254237197e+00
5.010427161936948259e+00
5.009445270409176310e+00
5.008347558041403857e+00
5.007149804567287532e+00
5.005858822350691462e+00
5.004463533644866402e+00
5.002960881327580545e+00
5.001374327575158318e+00
4.999704038386535210e+00
4.997960626666737127e+00
4.996157644425822220e+00
4.994273185168697005e+00
4.992332590853168384e+00
4.990349798535301140e+00
4.988337232803298882e+00
4.986306774501993111e+00
4.984262347852183694e+00
4.982213324939205989e+00
4.980170303766921158e+00
4.978142335747675062e+00
4.976133501862483932e+00
4.974147866403060725e+00
4.972210828249651549e+00
4.970305458491045769e+00
4.968464089070757872e+00
4.966662513052424011e+00
4.964938681160411704e+00
4.963308271949491868e+00
4.961743897085391097e+00
4.960286401545010548e+00
4.958890557025872781e+00
4.957603577112159599e+00
4.956427689452967300e+00
4.955348717530569047e+00
4.954387223904332060e+00
4.953511878063283191e+00
4.952749134262404596e+00
4.952128589448830276e+00
4.951600933444997743e+00
4.951208425012728398e+00
4.950913276185591627e+00
4.950728800201168234e+00
4.950679473287737054e+00
4.950716493588251943e+00
4.950870477838752670e+00
4.951120283736228700e+00
4.951460056139468158e+00
4.951905363371908564e+00
4.952430514006256779e+00
4.953060335723996843e+00
4.953754209338069536e+00
4.954523937238692888e+00
4.955364166556239347e+00
4.956255226714850970e+00
4.957209902016760594e+00
4.958206916285993415e+00
4.959253621233941089e+00
4.960344935341121086e+00
4.961467239542248109e+00
4.962621037496568910e+00
4.963803723065498552e+00
4.965009755997303209e+00
4.966232868416550872e+00
4.967465823872330155e+00
4.968690884245875239e+00
4.969902554808499850e+00
4.971100153608562167e+00
4.972275468169095269e+00
4.973416563628557441e+00
4.974511287419441707e+00
4.975547768755201439e+00
4.976533103419784609e+00
4.977462408004644345e+00
4.978322340308073635e+00
4.979122518731596614e+00
4.979837536422851763e+00
4.980481693579200453e+00
4.981036914645079250e+00
4.981490938013736880e+00
4.981867173036877539e+00
4.982138154099080118e+00
4.982330667881611497e+00
4.982433164671379977e+00
4.982440316104182365e+00
4.982376604238376139e+00
4.982222774531543052e+00
4.982004527263194760e+00
4.981716134194137169e+00
4.981358608174921265e+00
4.980949578303696335e+00
4.980491144526601133e+00
4.979993063341677129e+00
4.979456217530964679e+00
4.978889569658635494e+00
4.978298777025042199e+00
4.977693905923366025e+00
4.977077525239288924e+00
4.976462379824219795e+00
4.975852484050988345e+00
4.975249594729244329e+00
4.974656784105897955e+00
4.974077566731573086e+00
4.973527284394800851e+00
4.972998113836943901e+00
4.972490104380845821e+00
4.972001221012175343e+00
4.971535587180257565e+00
4.971103302854896988e+00
4.970702930521072815e+00
4.970330238398017464e+00
4.969979330990316413e+00
4.969653370771411005e+00
4.969353615492437370e+00
4.969081482980254982e+00
4.968852762635651565e+00
4.968648190945241794e+00
4.968485071528557562e+00
4.968349353819940362e+00
4.968250683825318426e+00
4.968197654015240161e+00
4.968167541334260306e+00
4.968173794834727985e+00
4.968203239843567154e+00
4.968267547988650890e+00
4.968370945916829484e+00
4.968505076679718080e+00
4.968676695662868070e+00
4.968869196164738433e+00
4.969088356185090483e+00
4.969323715332282454e+00
4.969582333310824218e+00
4.969866166531425655e+00
4.970161210864167955e+00
4.970473022318762091e+00
4.970794434367996395e+00
4.971131290837509376e+00
4.971485276750607696e+00
4.971846558831019891e+00
4.972221075489503761e+00
4.972603676661234040e+00
4.973000799200814726e+00
4.973414068117121722e+00
4.973840762458126008e+00
4.974280013001838974e+00
4.974723369038978937e+00
4.975175242095568606e+00
4.975635201490796966e+00
4.976102681204058520e+00
4.976578025601186894e+00
4.977056381075957603e+00
4.977545344687382745e+00
4.978042372285703898e+00
4.978552388518433069e+00
4.979076810336986902e+00
4.979615177220980016e+00
4.980164576887467831e+00
4.980717477805296944e+00
4.981271808377782051e+00
4.981826167895773594e+00
4.982384798049310781e+00
4.982938022769372921e+00
4.983482752747218747e+00
4.984009519598761706e+00
4.984521980739512692e+00
4.985013842403271056e+00
4.985485714755334641e+00
4.985941996506729978e+00
4.986375869593897114e+00
4.986794082119444305e+00
4.987191410071531550e+00
4.987568539648631116e+00
4.987929892546811850e+00
4.988269458978752624e+00
4.988594558730105710e+00
4.988901805754135665e+00
4.989194896172116422e+00
4.989476044315229508e+00
4.989742905150482244e+00
4.989998112588503787e+00
4.990238920661935751e+00
4.990467295355478505e+00
4.990678855578729589e+00
4.990872332944849887e+00
4.991050256739685942e+00
4.991212040677051043e+00
4.991361884593346510e+00
4.991499897881725545e+00
4.991624449153746035e+00
4.991734499845036588e+00
4.991835289473958603e+00
4.991926679226883046e+00
4.992011031859869163e+00
4.992087030971737782e+00
4.992148300229885649e+00
4.992197095390722872e+00
4.992232457510975330e+00
4.992257455885258821e+00
4.992271898418979781e+00
4.992272789695046953e+00
4.992265397876248123e+00
4.992251903172793881e+00
4.992234901071271658e+00
4.992218193945219262e+00
4.992201521650630802e+00
4.992186521510801889e+00
4.992171749137551018e+00
4.992155310962326453e+00
4.992139260550238156e+00
4.992121802540705033e+00
4.992103584594071108e+00
4.992085838413543364e+00
4.992073546182576038e+00
4.992068247069466835e+00
4.992072156561109253e+00
4.992088725062123089e+00
4.992116604082323050e+00
4.992166899813375913e+00
4.992235650646537515e+00
4.992321244918779044e+00
4.992422834171952317e+00
4.992546285663769901e+00
4.992693415035533100e+00
4.992856030997860017e+00
4.993029634238261849e+00
4.993211684872438383e+00
4.993404111129274625e+00
4.993608078465840094e+00
4.993814511963209135e+00
4.994022559219081892e+00
4.994229422521819117e+00
4.994437841543038381e+00
4.994649731584867247e+00
4.994858545244714065e+00
4.995059847434093925e+00
4.995245270741215826e+00
4.995419094909958169e+00
4.995576989774636267e+00
4.995718005488670066e+00
4.995846520348496966e+00
4.995958773850508905e+00
4.996061816870280836e+00
4.996155246843629882e+00
4.996245476690166498e+00
4.996336812240118164e+00
4.996423967790835974e+00
4.996504102892288302e+00
4.996570824331650229e+00
4.996627277390147448e+00
4.996677987247752917e+00
4.996712943234526527e+00
4.996731774574657337e+00
4.996725403013335232e+00
4.996700858917249022e+00
4.996653056117868807e+00
4.996580772582604801e+00
4.996491374444379296e+00
4.996378179300739575e+00
4.996243953356684031e+00
4.996087499210776883e+00
4.995911504930050206e+00
4.995722827209323924e+00
4.995517407065421800e+00
4.995299280496478644e+00
4.995068385159760815e+00
4.994833158707411513e+00
4.994598140666425934e+00
4.994362885603846891e+00
4.994130445556881348e+00
4.993899961827487743e+00
4.993675064189525337e+00
4.993454049701036013e+00
4.993244446521789115e+00
4.993049025112926920e+00
4.992872233862220455e+00
4.992713797805994780e+00
4.992581829285414052e+00
4.992490710770876028e+00
4.992421693598085852e+00
4.992393231858665459e+00
4.992387664827917071e+00
4.992427301707144771e+00
4.992519617017757483e+00
4.992652733337533455e+00
4.992842644054842793e+00
4.993062804539155408e+00
4.993335922334741994e+00
4.993669580977807776e+00
4.994050674524555866e+00
4.994485566441367652e+00
4.994961994637202807e+00
4.995491955738913248e+00
4.996053968940327827e+00
4.996657732773970295e+00
4.997305688534329882e+00
4.997987298939775336e+00
4.998709122587393416e+00
4.999453917567086236e+00
5.000229713518573149e+00
5.001038598243546573e+00
5.001873103131008413e+00
5.002733044747663449e+00
5.003615391452265193e+00
5.004518845949721850e+00
5.005437953520967653e+00
5.006368848730279986e+00
5.007307512958004025e+00
5.008252742488338960e+00
5.009198011432244080e+00
5.010135408018185466e+00
5.011066969309402097e+00
5.011986500520658971e+00
5.012894738365364589e+00
5.013787651334358664e+00
5.014653576363278908e+00
5.015482009698106758e+00
5.016274450842691301e+00
5.017024056289745459e+00
5.017733370412542193e+00
5.018387223158432775e+00
5.018984918903959702e+00
5.019503931712760547e+00
5.019942677628650429e+00
5.020311970051779760e+00
5.020594756558938165e+00
5.020794910017801094e+00
5.020889148109060507e+00
5.020878477326991884e+00
5.020778075845378829e+00
5.020581798644203175e+00
5.020272638292450296e+00
5.019858867020745130e+00
5.019345695690649478e+00
5.018701260106104733e+00
5.017927903847235527e+00
5.017045370133060622e+00
5.016042465285798002e+00
5.014904177503129112e+00
5.013634008334417302e+00
5.012245446459789200e+00
5.010738473848840080e+00
5.009124052987834474e+00
5.007367766813774601e+00
5.005510634498138600e+00
5.003544297830600840e+00
5.001485589758892125e+00
4.999360006318826599e+00
4.997158653901357717e+00
4.994917211697835313e+00
4.992633529917735125e+00
4.990322537587422502e+00
4.988002347664376224e+00
4.985685187892457293e+00
4.983375314490338326e+00
4.981098271922609122e+00
4.978853326456089690e+00
4.976661806271811095e+00
4.974544775651236428e+00
4.972482045160075081e+00
4.970508515553016871e+00
4.968628651366967297e+00
4.966867181376953155e+00
4.965224697159071887e+00
4.963719884620447331e+00
4.962355460391778550e+00
4.961119238377947660e+00
4.960014561356444140e+00
4.959066308082479502e+00
4.958291950465578246e+00
4.957651860357660034e+00
4.957169672453243692e+00
4.956845089846690477e+00
4.956660473884483054e+00
4.956683679467467130e+00
4.956860664954807483e+00
4.957205376832213517e+00
4.957675799860084886e+00
4.958292142806971725e+00
4.959112281410419598e+00
4.960043828769052254e+00
4.961143425314153532e+00
4.962362721546020872e+00
4.963708064092720917e+00
4.965200312270249938e+00
4.966787560118761213e+00
4.968507594598856159e+00
4.970298565311756178e+00
4.972191017700757776e+00
4.974184829725352586e+00
4.976235416366188602e+00
4.978347437961428312e+00
4.980495039953320102e+00
4.982679693086473627e+00
4.984882876856653766e+00
4.987090914978115741e+00
4.989280112518400756e+00
4.991434230490058965e+00
4.993540809287162041e+00
4.995587996079058790e+00
4.997560344024033263e+00
4.999477052076191086e+00
5.001287894679636636e+00
5.003009631915421807e+00
5.004612317366929908e+00
5.006094929261537096e+00
5.007466399802299684e+00
5.008680384440751254e+00
5.009781414105029640e+00
5.010704264698954802e+00
5.011450035928221247e+00
5.012033901906043809e+00
5.012420531085163056e+00
5.012674360705942078e+00
5.012750210536114359e+00
5.012623943926237224e+00
5.012346794845006670e+00
5.011899069712899113e+00
5.011299448662839495e+00
5.010530095898948488e+00
5.009589525812707222e+00
5.008523759820899812e+00
5.007324018680891164e+00
5.006006798797687729e+00
5.004587148183425427e+00
5.003052161389430985e+00
5.001418609523614833e+00
4.999689426475605103e+00
4.997886736595472001e+00
4.996014640086730907e+00
4.994081524813016593e+00
4.992093053513607437e+00
4.990054827236971136e+00
4.987979851418574917e+00
4.985878596061310120e+00
4.983758737945398920e+00
4.981633907311996623e+00
4.979509489738782158e+00
4.977390397393543608e+00
4.975295203679641176e+00
4.973222702497084313e+00
4.971188778334696856e+00
4.969195505434116811e+00
4.967251058721385171e+00
4.965366075837455817e+00
4.963539035075745787e+00
4.961790201121412558e+00
4.960114579701267346e+00
4.958523107820592912e+00
4.957024843001208936e+00
4.955613443904959503e+00
4.954292405748211614e+00
4.953078673684441213e+00
4.951970167139016610e+00
4.950993510389171348e+00
4.950136176401221277e+00
4.949399914720498117e+00
4.948774945752166587e+00
4.948262382501208201e+00
4.947912980073534861e+00
4.947696993683869060e+00
4.947606625405543745e+00
4.947627659812507517e+00
4.947758027175378714e+00
4.948006207914960264e+00
4.948386357175124317e+00
4.948882582979214462e+00
4.949502272466135722e+00
4.950215773368191741e+00
4.951033992478562240e+00
4.951944478908493430e+00
4.952952385330513962e+00
4.954059557402447744e+00
4.955258616292790741e+00
4.956530116731242330e+00
4.957872603619412288e+00
4.959271673196867347e+00
4.960749983126237161e+00
4.962291663670851172e+00
4.963874411666705733e+00
4.965495459968163772e+00
4.967142049008919535e+00
4.968820012742590997e+00
4.970518242502523165e+00
4.972224665367914298e+00
4.973931154543471678e+00
4.975625124806475341e+00
4.977297901296926064e+00
4.978942626798463778e+00
4.980550486678195554e+00
4.982118572527480360e+00
4.983629521364282944e+00
4.985069158310008852e+00
4.986414032811236297e+00
4.987687477404188385e+00
4.988865292677592045e+00
4.989968564594101430e+00
4.990944398427319406e+00
4.991799668976974580e+00
4.992540379846405862e+00
4.993150078998815466e+00
4.993665904821765977e+00
4.994036928201031067e+00
4.994278833279323315e+00
4.994402141300897213e+00
4.994420507558323230e+00
4.994335871458688736e+00
4.994125607468823169e+00
4.993812020354608805e+00
4.993406489909330226e+00
4.992902946852782797e+00
4.992324080773333783e+00
4.991656124301890429e+00
4.990934362792113888e+00
4.990148045130708532e+00
4.989292189412453560e+00
4.988376038306095772e+00
4.987401586257554698e+00
4.986392313995099634e+00
4.985344898857809071e+00
4.984264302038288186e+00
4.983146114133930382e+00
4.981992379509544655e+00
4.980817816787100227e+00
4.979621659972405467e+00
4.978407111101486038e+00
4.977172826983667697e+00
4.975925397657491978e+00
4.974667504661420381e+00
4.973416131370406390e+00
4.972175938793164107e+00
4.970952555768828773e+00
4.969753012665253600e+00
4.968579558589202527e+00
4.967461947508792441e+00
4.966377290718893001e+00
4.965353135921695582e+00
4.964384696640709471e+00
4.963467322968580397e+00
4.962636104308702834e+00
4.961853636436798887e+00
4.961155239202716949e+00
4.960518110030034400e+00
4.959963349633553342e+00
4.959504614182451476e+00
4.959119055540004872e+00
4.958839747131506215e+00
4.958630665232132806e+00
4.958516454471912915e+00
4.958493735153400195e+00
4.958563088752501180e+00
4.958717375524514637e+00
4.958971953220838280e+00
4.959310857258909522e+00
4.959744922943584378e+00
4.960267983094028388e+00
4.960871369779281004e+00
4.961535306662493205e+00
4.962268118724399102e+00
4.963087967351251351e+00
4.963963222816759391e+00
4.964893034115604564e+00
4.965862042769960460e+00
4.966873393818905136e+00
4.967932099864055928e+00
4.969025286674669140e+00
4.970149426251819769e+00
4.971294054180552813e+00
4.972456890657713124e+00
4.973635225311090480e+00
4.974820625275541808e+00
4.976006554231216406e+00
4.977190221116114976e+00
4.978360176026989770e+00
4.979512433573772157e+00
4.980633571982552965e+00
4.981708218172362201e+00
4.982748688027433204e+00
4.983741762727669666e+00
4.984686395913533019e+00
4.985569356247954609e+00
4.986375642955475307e+00
4.987129063621336122e+00
4.987812953084881151e+00
4.988430044554347020e+00
4.988970687888736322e+00
4.989438550450080001e+00
4.989819865353577022e+00
4.990124817729167717e+00
4.990349195614629529e+00
4.990509727779946836e+00
4.990602163231171673e+00
4.990623295115012681e+00
4.990591303548947977e+00
4.990483516018078269e+00
4.990318393848076184e+00
4.990088695279492725e+00
4.989812826487406205e+00
4.989485122795386474e+00
4.989107776555402829e+00
4.988690441857262847e+00
4.988223032030448145e+00
4.987719611275180043e+00
4.987175011458977458e+00
4.986592021892948701e+00
4.985978559973818669e+00
4.985333089727147282e+00
4.984661745253188059e+00
4.983956017988903753e+00
4.983223464983685069e+00
4.982459390360100215e+00
4.981668120744807915e+00
4.980860875520094488e+00
4.980040194514378626e+00
4.979213063094002578e+00
4.978378316882234422e+00
4.977541657808403741e+00
4.976710642325858913e+00
4.975889556604603747e+00
4.975085359784940486e+00
4.974297619509678192e+00
4.973535598713142214e+00
4.972798638242465152e+00
4.972092622119171246e+00
4.971425072225910569e+00
4.970788610401732477e+00
4.970200398537500064e+00
4.969654380242510605e+00
4.969147732938810513e+00
4.968684497448787596e+00
4.968268419291064220e+00
4.967896405394361281e+00
4.967566005150959363e+00
4.967278271868066142e+00
4.967055543000982176e+00
4.966886768984779543e+00
4.966767490404829566e+00
4.966693480109035441e+00
4.966665953759739516e+00
4.966701217229647192e+00
4.966797836694104795e+00
4.966942843432707200e+00
4.967147861226632877e+00
4.967392895958558263e+00
4.967701112601146107e+00
4.968064116510735317e+00
4.968465240645395298e+00
4.968906892995523350e+00
4.969379410940396369e+00
4.969890991608786557e+00
4.970432754020380983e+00
4.971004441614436331e+00
4.971605991023766435e+00
4.972226713049399116e+00
4.972872452485548322e+00
4.973533770638691287e+00
4.974211932989941687e+00
4.974906176450835105e+00
4.975605783212171396e+00
4.976307231235491457e+00
4.977006847980605997e+00
4.977705186355101397e+00
4.978400259959684604e+00
4.979086432430135822e+00
4.979762509289371586e+00
4.980421172428119547e+00
4.981064633327711100e+00
4.981691242429603150e+00
4.982290522764611929e+00
4.982866550023842045e+00
4.983411390866328006e+00
4.983933135691272831e+00
4.984424685622738771e+00
4.984882420945153214e+00
4.985307045961903327e+00
4.985690599988388705e+00
4.986051061014818764e+00
4.986380818459380748e+00
4.986683778773238096e+00
4.986961746412506891e+00
4.987216405916203854e+00
4.987457709527750360e+00
4.987677058606585057e+00
4.987879549591979433e+00
4.988061260237536487e+00
4.988221001058064097e+00
4.988356640908113704e+00
4.988465893362827863e+00
4.988560058810927345e+00
4.988637314630851805e+00
4.988705598834149768e+00
4.988760442767471659e+00
4.988795775367125707e+00
4.988816309972845531e+00
4.988817489542070938e+00
4.988807634497298693e+00
4.988780530027816518e+00
4.988734161944830880e+00
4.988672295806699353e+00
4.988582909030608192e+00
4.988476855370915786e+00
4.988342865330868570e+00
4.988185360094303356e+00
4.987998334167296655e+00
4.987781086934502284e+00
4.987547179626072413e+00
4.987293909040982243e+00
4.987028157746191681e+00
4.986745467407401655e+00
4.986450287082937471e+00
4.986144338844116675e+00
4.985832436604197504e+00
4.985526282338199167e+00
4.985226538011579223e+00
4.984934313481448775e+00
4.984658260306117583e+00
4.984397313182948430e+00
4.984165200421361241e+00
4.983953232558218538e+00
4.983772439246771491e+00
4.983626306613681223e+00
4.983510640624683852e+00
4.983438162647892966e+00
4.983395066929755757e+00
4.983392851613703378e+00
4.983427864869832469e+00
4.983509803645088887e+00
4.983639713225660905e+00
4.983807143101243398e+00
4.984020526984480171e+00
4.984262669736294171e+00
4.984550068301853543e+00
4.984874303711351651e+00
4.985221271140274801e+00
4.985593629775341817e+00
4.985979483460781125e+00
4.986384076324996251e+00
4.986802599837777628e+00
4.987228793201741617e+00
4.987671153990324235e+00
4.988122217243310175e+00
4.988588652273413082e+00
4.989067838078137029e+00
4.989555205961462292e+00
4.990060277020331725e+00
4.990576295068260393e+00
4.991111169790622526e+00
4.991662862634060893e+00
4.992233247047064282e+00
4.992825858069357636e+00
4.993429969733353069e+00
4.994051476752157548e+00
4.994683707168096731e+00
4.995334788074487165e+00
4.996000341361158448e+00
4.996673803290123672e+00
4.997349671458596987e+00
4.998018552696104067e+00
4.998678376933331613e+00
4.999326097627873722e+00
4.999955576544399705e+00
5.000557745730277226e+00
5.001131479477281871e+00
5.001674116363521883e+00
5.002174563666577534e+00
5.002637458106276469e+00
5.003060134721693863e+00
5.003447820653913247e+00
5.003800786992307792e+00
5.004122167376574559e+00
5.004405711365637721e+00
5.004652175584581641e+00
5.004857907479403956e+00
5.005026162823438263e+00
5.005156092660278944e+00
5.005253348348439602e+00
5.005298132344857542e+00
5.005306035864293790e+00
5.005277173595628959e+00
5.005218642141796792e+00
5.005142479177691506e+00
5.005043734463059835e+00
5.004929806191602104e+00
5.004796834012621431e+00
5.004650848081463543e+00
5.004499288343020602e+00
5.004337929871061519e+00
5.004170708574481985e+00
5.003997392740227035e+00
5.003820682756728644e+00
5.003648681521541519e+00
5.003480785779779616e+00
5.003318384487306147e+00
5.003167705025648004e+00
5.003035508414853894e+00
5.002932536911345096e+00
5.002852400273209987e+00
5.002799818280277755e+00
5.002773549635553429e+00
5.002773836946186492e+00
5.002808397109226313e+00
5.002868571462647296e+00
5.002958029782938354e+00
5.003076044856178406e+00
5.003223442905190055e+00
5.003401279062571483e+00
5.003609369364175663e+00
5.003853071168604671e+00
5.004117241021785567e+00
5.004414336555246479e+00
5.004733991012517258e+00
5.005070163332465683e+00
5.005420939274671355e+00
5.005775086269322216e+00
5.006134966858273749e+00
5.006493061096016994e+00
5.006849299133363296e+00
5.007207450554314931e+00
5.007562704854255031e+00
5.007919489652459255e+00
5.008273155935648369e+00
5.008629704773966296e+00
5.008986202799324161e+00
5.009334963471236968e+00
5.009675699607076815e+00
5.010005534835697993e+00
5.010324963205101234e+00
5.010635395259203761e+00
5.010926886149289494e+00
5.011201898105981378e+00
5.011457930043879294e+00
5.011689470638129862e+00
5.011888337605241439e+00
5.012052721962873214e+00
5.012192037901449737e+00
5.012307064835523462e+00
5.012395027647337464e+00
5.012450978150202019e+00
5.012476274473202764e+00
5.012483519658172959e+00
5.012470182345905911e+00
5.012441869846271381e+00
5.012391624611528762e+00
5.012318736736389724e+00
5.012222857505742368e+00
5.012107702254046337e+00
5.011982664170403723e+00
5.011846441610445346e+00
5.011697364843178626e+00
5.011535027476686111e+00
5.011368708128767224e+00
5.011202681309269380e+00
5.011043252947465554e+00
5.010889209846690839e+00
5.010737878915578314e+00
5.010594698137328606e+00
5.010454334302530732e+00
5.010333111596020572e+00
5.010228196962462910e+00
5.010141156662912820e+00
5.010074454175963865e+00
5.010026395188367232e+00
5.010010478459487437e+00
5.010016888618888942e+00
5.010042827982874591e+00
5.010088139624754078e+00
5.010150332270609574e+00
5.010240394805046904e+00
5.010345536988650039e+00
5.010471272679468235e+00
5.010610471150330980e+00
5.010756542474456232e+00
5.010911824057303399e+00
5.011071032682858473e+00
5.011232751297258758e+00
5.011392157549463988e+00
5.011544625197030811e+00
5.011688660314733035e+00
5.011827286376113300e+00
5.011956083128655592e+00
5.012077739449643410e+00
5.012185586203314891e+00
5.012275014926173000e+00
5.012341969587335022e+00
5.012388874619694512e+00
5.012425108667424745e+00
5.012449834555347650e+00
5.012463830373210527e+00
5.012463514498316286e+00
5.012452716992350510e+00
5.012438175779182714e+00
5.012421328629946160e+00
5.012405068288437349e+00
5.012388603989613500e+00
5.012371517405492582e+00
5.012345452340897012e+00
5.012312847047224018e+00
5.012271324616969004e+00
5.012224839778729013e+00
5.012169120569824443e+00
5.012101773654221049e+00
5.012029639833715855e+00
5.011953362009597512e+00
5.011878307668601984e+00
5.011803938310703366e+00
5.011735069334616099e+00
5.011669454692972536e+00
5.011610808891354019e+00
5.011556433040758485e+00
5.011502512523082764e+00
5.011453246639219650e+00
5.011409530553143199e+00
5.011364729234125903e+00
5.011313620844963346e+00
5.011248026706385694e+00
5.011170799710894741e+00
5.011080381960716146e+00
5.010973865033236052e+00
5.010854323382598174e+00
5.010717798357007702e+00
5.010570352242439185e+00
5.010413008869736728e+00
5.010248930432944725e+00
5.010080853455811223e+00
5.009904762317538562e+00
5.009728186966032837e+00
5.009549199861585755e+00
5.009376981870382828e+00
5.009211298597157302e+00
5.009050054901392102e+00
5.008893734828682831e+00
5.008735446852746520e+00
5.008581659427958854e+00
5.008430234777854650e+00
5.008277319508716907e+00
5.008121708358749480e+00
5.007957848279848356e+00
5.007792277156485561e+00
5.007621084048522242e+00
5.007451933684868628e+00
5.007283401887042018e+00
5.007108579936546455e+00
5.006932439941090607e+00
5.006751065409850376e+00
5.006571653436047598e+00
5.006392840023261570e+00
5.006209082163048052e+00
5.006024957697017719e+00
5.005837745542749850e+00
5.005656360040529940e+00
5.005480842243060557e+00
5.005308260682151733e+00
5.005137281331346166e+00
5.004961180712207636e+00
5.004783198132291666e+00
5.004598569559975729e+00
5.004411694898379892e+00
5.004218617814703229e+00
5.004013550511671404e+00
5.003797993629350849e+00
5.003569700817688037e+00
5.003333131621704233e+00
5.003079529616162091e+00
5.002813472251522064e+00
5.002544597040044394e+00
5.002272121484504730e+00
5.002006202085989450e+00
5.001748970362471347e+00
5.001500236584918824e+00
5.001272422342674773e+00
5.001065123031961157e+00
5.000881262931154758e+00
5.000727221450881110e+00
5.000607994484827401e+00
5.000531303367690583e+00
5.000490949533061169e+00
5.000486825895142040e+00
5.000525157488527661e+00
5.000610403194668763e+00
5.000740009164082345e+00
5.000925733884441726e+00
5.001159920161235561e+00
5.001444321209210564e+00
5.001780693018455182e+00
5.002164166206139129e+00
5.002606726484017940e+00
5.003089501866715416e+00
5.003629329176265017e+00
5.004231184096652463e+00
5.004874888555724155e+00
5.005574892209489590e+00
5.006306062163432102e+00
5.007086204038578181e+00
5.007914605112390838e+00
5.008776901708560381e+00
5.009674826906636902e+00
5.010601806090786425e+00
5.011548401312544421e+00
5.012514112116410736e+00
5.013491675080373078e+00
5.014476959304525749e+00
5.015465904892995930e+00
5.016447329939916600e+00
5.017413654001072310e+00
5.018356996522858715e+00
5.019279720382407106e+00
5.020172521443680758e+00
5.021028212504105248e+00
5.021847600461558869e+00
5.022625654386000171e+00
5.023367797331529161e+00
5.024068103776889949e+00
5.024719114871341041e+00
5.025322331981378454e+00
5.025875166998821975e+00
5.026379259051400261e+00
5.026827713781611529e+00
5.027213311502353399e+00
5.027533123800174586e+00
5.027781020672635215e+00
5.027978559741394626e+00
5.028114975951255339e+00
5.028192074200712902e+00
5.028194254140041508e+00
5.028124098462654956e+00
5.028004125265075785e+00
5.027824338415308958e+00
5.027575844490571377e+00
5.027268670295966579e+00
5.026897772347224347e+00
5.026484093984259438e+00
5.026020525565042085e+00
5.025507337135866059e+00
5.024942884092822304e+00
5.024336997514262215e+00
5.023691362758769152e+00
5.023009673377170081e+00
5.022301282381309129e+00
5.021559159403337524e+00
5.020789594074381412e+00
5.019998037015689363e+00
5.019186036010873764e+00
5.018362677639020220e+00
5.017524574270143312e+00
5.016678326597107329e+00
5.015831432958735903e+00
5.014985710849657607e+00
5.014145397117033554e+00
5.013305864056245120e+00
5.012470317205086623e+00
5.011643599738971666e+00
5.010837821682588178e+00
5.010061352347629615e+00
5.009308888187304909e+00
5.008594616820708723e+00
5.007917807569401525e+00
5.007289393862383697e+00
5.006714258623913949e+00
5.006184192580776404e+00
5.005715726261630749e+00
5.005292587672965254e+00
5.004950084296661217e+00
5.004676202332275281e+00
5.004474235010937910e+00
5.004329538542450884e+00
5.004254303259449088e+00
5.004266044217301257e+00
5.004344589467299542e+00
5.004501974246604590e+00
5.004734240620535957e+00
5.005037859826488855e+00
5.005417411550086904e+00
5.005850594564480005e+00
5.006340768336457359e+00
5.006882658637267447e+00
5.007469127363664008e+00
5.008097784257632412e+00
5.008762860930663585e+00
5.009463187194569400e+00
5.010192634723289906e+00
5.010938228405221295e+00
5.011704558319553193e+00
5.012483259848460548e+00
5.013265730253562147e+00
5.014043562299712598e+00
5.014806697628602095e+00
5.015556999034389563e+00
5.016283385194046929e+00
5.016986251211867476e+00
5.017662228084311060e+00
5.018308398313031660e+00
5.018930182307170362e+00
5.019522371514843151e+00
5.020080127268242265e+00
5.020611676945495816e+00
5.021098144910441263e+00
5.021547358854816068e+00
5.021944991610155284e+00
5.022288918457135765e+00
5.022582495211765696e+00
5.022820444180771560e+00
5.022990949618772127e+00
5.023077552960395487e+00
5.023089042680012994e+00
5.023037370128231593e+00
5.022921200917707552e+00
5.022748211158113207e+00
5.022487772518442917e+00
5.022161690817819490e+00
5.021757385247990868e+00
5.021281086431488738e+00
5.020747785495266236e+00
5.020139317067011220e+00
5.019465328680023930e+00
5.018730074615820769e+00
5.017943762020811604e+00
5.017103867010816565e+00
5.016219139473184541e+00
5.015295572505935162e+00
5.014341337309821789e+00
5.013360898123725207e+00
5.012352513672455601e+00
5.011321453304633522e+00
5.010280415044769953e+00
5.009230069892153914e+00
5.008175857664690866e+00
5.007112911866651750e+00
5.006044532881723796e+00
5.004977042155014821e+00
5.003908898533925509e+00
5.002844295950278131e+00
5.001779223085982551e+00
5.000710823015911188e+00
4.999638306872587812e+00
4.998567139731388664e+00
4.997504835502844855e+00
4.996455706508498906e+00
4.995415534527640311e+00
4.994388472215871566e+00
4.993382382617930659e+00
4.992403260992507974e+00
4.991466134043077929e+00
4.990560357572179306e+00
4.989696151764732690e+00
4.988882783280355504e+00
4.988123319150551183e+00
4.987423966379506801e+00
4.986784920842989521e+00
4.986220476479872765e+00
4.985737658181831122e+00
