0.000000000000000000e+00
0.000000000000000000e+00
-1.428123650839552758e-06
-7.421532500302421845e-06
-1.868374980404042738e-05
-3.197339930920863721e-05
-4.286473602405751267e-05
-2.077224184176885730e-05
2.169253784813918986e-05
1.180351852963212867e-04
3.138173512706998996e-04
6.108496665547137735e-04
1.014845254976535225e-03
1.625242005247855151e-03
2.356099705357336295e-03
3.321418236155294565e-03
4.546685586828969061e-03
6.084776888746997077e-03
7.872886131663103110e-03
1.003889597501256108e-02
1.250288076247670424e-02
1.531406528796651172e-02
1.847999967183568820e-02
2.196231074180105339e-02
2.586380160893896746e-02
3.013942576493720132e-02
3.475028402652243636e-02
3.977098591174582642e-02
4.518220074023703708e-02
5.091530449237326172e-02
5.698524184073903986e-02
6.334511048640707742e-02
7.011153168525198487e-02
7.724127299632529975e-02
8.474761314239005749e-02
9.253892905559044091e-02
1.006522906526516048e-01
1.091018319829891309e-01
1.178206903442333142e-01
1.268812782272289164e-01
1.361759806379268523e-01
1.457891989454219439e-01
1.556298953994701140e-01
1.657868356212565952e-01
1.762933511241862594e-01
1.870552224620768977e-01
1.981175262435862783e-01
2.094179946884105192e-01
2.210068816646525713e-01
2.329483909114787865e-01
2.451226491435954391e-01
2.576639754280039551e-01
2.704093987449595060e-01
2.834992236598917748e-01
2.968966180786082876e-01
3.105752140983531473e-01
3.245189613803812767e-01
3.387267930015513406e-01
3.531891877159068494e-01
3.680011183723400081e-01
3.830577547058056087e-01
3.984181696876477052e-01
4.140247554286908271e-01
4.299187428459118054e-01
4.461001390918682419e-01
4.624935323699902456e-01
4.791119999393414486e-01
4.959613234504650636e-01
5.129652757152507458e-01
5.301613552078198177e-01
5.475443608268689699e-01
5.650600249275158360e-01
5.827139443859051804e-01
6.004970235332438566e-01
6.183262021049448220e-01
6.362203771575876132e-01
6.541483754619547009e-01
6.721156007751413197e-01
6.901105648979134477e-01
7.081051296695657360e-01
7.260874814495034135e-01
7.440339738830513694e-01
7.619037467941232045e-01
7.796751267417855180e-01
7.973706848129218372e-01
8.149560172065680730e-01
8.324079401000921141e-01
8.497042889102879304e-01
8.668160624011937987e-01
8.837997860416356710e-01
9.005958301528876886e-01
9.172050578102056706e-01
9.336253804668371847e-01
9.498402602180425758e-01
9.659391469463294300e-01
9.818541938766425226e-01
9.976194912895145483e-01
1.013239770601648271e+00
1.028739064405816972e+00
1.044071109960931665e+00
1.059311462114709723e+00
1.074403206776040953e+00
1.089409331749338516e+00
1.104262715052027000e+00
1.118979608486551758e+00
1.133547936151880542e+00
1.147985519836801638e+00
1.162230969141382353e+00
1.176358376215357104e+00
1.190301981638330675e+00
1.204082432459253393e+00
1.217724270294564981e+00
1.231221979330438199e+00
1.244539267490762047e+00
1.257775005768197341e+00
1.270840429733651522e+00
1.283779702852624327e+00
1.296604498098748559e+00
1.309305496881860043e+00
1.321849755714791685e+00
1.334321873854058760e+00
1.346638791035073890e+00
1.358837981890100188e+00
1.370931109856027286e+00
1.382910266588586623e+00
1.394737176369089005e+00
1.406392523716348597e+00
1.417817972372431123e+00
1.429082005689997104e+00
1.440099099348444600e+00
1.450905146072764218e+00
1.461490258644480678e+00
1.471864702175516904e+00
1.481975223492045357e+00
1.491898846100230269e+00
1.501572185824770811e+00
1.511046533058542973e+00
1.520300098727602522e+00
1.529355552266496998e+00
1.538175311158556324e+00
1.546829078863520168e+00
1.555237395833391822e+00
1.563459844063181503e+00
1.571459833453554777e+00
1.579246146152872843e+00
1.586781588862795633e+00
1.594128404925722942e+00
1.601354408334154655e+00
1.608486578534502609e+00
1.615554024647135156e+00
1.622574594090838040e+00
1.629571613143343312e+00
1.636538320253748235e+00
1.643496208856958463e+00
1.650447606514352739e+00
1.657445081542390675e+00
1.664615113209146680e+00
1.671910101841348917e+00
1.679453635881799745e+00
1.687176931570428806e+00
1.695225625704187111e+00
1.703665536712067885e+00
1.712523551057237192e+00
1.721830999921220240e+00
1.731611449192422381e+00
1.741891081999200397e+00
1.752850887249368217e+00
1.764433682630914157e+00
1.776619075010675175e+00
1.789378747414010373e+00
1.802759745787041901e+00
1.816680197189706192e+00
1.831192397545235995e+00
1.846260894010918863e+00
1.861735741566079128e+00
1.877674954603570034e+00
1.894070603321450275e+00
1.910987889240639559e+00
1.928413370321648390e+00
1.946203845213310801e+00
1.964404270122902529e+00
1.983069022367851764e+00
2.002046228121178384e+00
2.021377715538398956e+00
2.040959032247917193e+00
2.060850839088813835e+00
2.080962249706642009e+00
2.101360737751380103e+00
2.121970397900000638e+00
2.142687117527381169e+00
2.163487927387610643e+00
2.184318613479987459e+00
2.205210339496985750e+00
2.226161159943000012e+00
2.247183014820472113e+00
2.268264564941779415e+00
2.289413392017737969e+00
2.310622097919837969e+00
2.331894413898842000e+00
2.353221785496132146e+00
2.374570888946907044e+00
2.395964424084083166e+00
2.417375976513282509e+00
2.438832284878150958e+00
2.460308367679969965e+00
2.481835910747901774e+00
2.503365323017493704e+00
2.524892050693885448e+00
2.546386007736579415e+00
2.567860848377601091e+00
2.589263157318488329e+00
2.610592143009558885e+00
2.631815452049628412e+00
2.652922765682593553e+00
2.674002477596656213e+00
2.695002991627112987e+00
2.715854997108833047e+00
2.736572415302649830e+00
2.757115654419318496e+00
2.777520355652228989e+00
2.797739583919898632e+00
2.817803070019141654e+00
2.837687015007392510e+00
2.857433089683906413e+00
2.877027651737586567e+00
2.896508092354194375e+00
2.915833651493445977e+00
2.935061602066413311e+00
2.954159984062567634e+00
2.973264690111533159e+00
2.992402343223944605e+00
3.011498481701269991e+00
3.030642431448355989e+00
3.049762980411902191e+00
3.068837179611579202e+00
3.087988131712332773e+00
3.107167342375174446e+00
3.126324080894842705e+00
3.145444731186285203e+00
3.164505670736684984e+00
3.183557882974996645e+00
3.202621854017629666e+00
3.221594855259313217e+00
3.240532713602437109e+00
3.259359185169591555e+00
3.278132829140080862e+00
3.296817196081533119e+00
3.315509211491002972e+00
3.334157918165578494e+00
3.352715845774068448e+00
3.371240896652592411e+00
3.389681784580601764e+00
3.408125122259511475e+00
3.426513214777363814e+00
3.444900342892064149e+00
3.463247258137120532e+00
3.481594398687734238e+00
3.499860155056371269e+00
3.518037135074986832e+00
3.536081780861272339e+00
3.554004820059194270e+00
3.571777600716008916e+00
3.589375122259511830e+00
3.606911754082097410e+00
3.624320867727650608e+00
3.641622353266133150e+00
3.658772645662678347e+00
3.675752403210057029e+00
3.692584633301152053e+00
3.709244821737660569e+00
3.725844076345814937e+00
3.742308214376820708e+00
3.758606590698613026e+00
3.774750974844349738e+00
3.790719387005223151e+00
3.806529743145359745e+00
3.822153120706929030e+00
3.837664790819538929e+00
3.852982625435246167e+00
3.868095611999882610e+00
3.883034512470616040e+00
3.897773807714833172e+00
3.912427147100819180e+00
3.926906231115711687e+00
3.941214241455448963e+00
3.955292943189991473e+00
3.969131371448888057e+00
3.982836455772771345e+00
3.996327114771260458e+00
4.009648303459538710e+00
4.022742207716359708e+00
4.035615106295002974e+00
4.048302963446034575e+00
4.060767155359639169e+00
4.072998921345127421e+00
4.085001490782154576e+00
4.096762107084645166e+00
4.108333647917165266e+00
4.119703479479206898e+00
4.130846553514850861e+00
4.141838372419727854e+00
4.152640201519383290e+00
4.163291161726368372e+00
4.173749367664707499e+00
4.184028474758518357e+00
4.194166548918140336e+00
4.204116559694660360e+00
4.213913071225535489e+00
4.223582534263980115e+00
4.233126065204990240e+00
4.242543628285776691e+00
4.251839395831476409e+00
4.260974252293954656e+00
4.270001643966089055e+00
4.278872008989702103e+00
4.287580161760698338e+00
4.296148555944810710e+00
4.304523089598069951e+00
4.312760568331132305e+00
4.320816917489419318e+00
4.328691151212106014e+00
4.336412528823267110e+00
4.343936262200723597e+00
4.351322177122484369e+00
4.358528012703310139e+00
4.365551678012263181e+00
4.372410148452173573e+00
4.379092319081674844e+00
4.385605685184847502e+00
4.391937999795329617e+00
4.398086496065509721e+00
4.404086605976473834e+00
4.409925535391222340e+00
4.415610392759690583e+00
4.421133205960640744e+00
4.426471746037850430e+00
4.431669811676391291e+00
4.436714774440177145e+00
4.441642691563018275e+00
4.446424966524490152e+00
4.451064214776405237e+00
4.455604557166942925e+00
4.460045589576610681e+00
4.464405665169604909e+00
4.468706060717948070e+00
4.472923691342718833e+00
4.477090204130060869e+00
4.481186966071970978e+00
4.485213832925208699e+00
4.489188281665691171e+00
4.493087030719169483e+00
4.496941964994319640e+00
4.500736214886554620e+00
4.504484185944447105e+00
4.508195000062832136e+00
4.511846014033206842e+00
4.515449386011013644e+00
4.519009964536079949e+00
4.522521467576869902e+00
4.525989261339554481e+00
4.529405612717519070e+00
4.532773794899830122e+00
4.536093437443622811e+00
4.539357565711386933e+00
4.542569757769949312e+00
4.545722639034634582e+00
4.548817371199970871e+00
4.551860368917829192e+00
4.554852903257255115e+00
4.557799409697895321e+00
4.560697617004757731e+00
4.563545515011195874e+00
4.566350233326797792e+00
4.569101030896550064e+00
4.571806650529746996e+00
4.574459789167289792e+00
4.577065551648979991e+00
4.579623687635307583e+00
4.582138868044260960e+00
4.584625273714904026e+00
4.587071971069220488e+00
4.589481028686408948e+00
4.591853270451670355e+00
4.594198841969613589e+00
4.596520804832820772e+00
4.598819961915856069e+00
4.601108650784140330e+00
4.603384427647238653e+00
4.605651178578979987e+00
4.607912417124158999e+00
4.610170985679275191e+00
4.612428973834164836e+00
4.614691965202935009e+00
4.616959489355929591e+00
4.619239515285141984e+00
4.621529012094385713e+00
4.623837709049827716e+00
4.626175633589869385e+00
4.628535366873389734e+00
4.630921949963217266e+00
4.633325787703639342e+00
4.635748369763739163e+00
4.638179490040188924e+00
4.640608686278706152e+00
4.643038913528567235e+00
4.645463808844929154e+00
4.647884760867003529e+00
4.650290483157281329e+00
4.652681080619935905e+00
4.655046239714269340e+00
4.657384382109289511e+00
4.659682564060334542e+00
4.661930616865998189e+00
4.664141797493344122e+00
4.666303903232460470e+00
4.668422053526287918e+00
4.670486150602941144e+00
4.672491948972585796e+00
4.674450001488570372e+00
4.676355639766101469e+00
4.678224996100312616e+00
4.680050306837206797e+00
4.681824837545996765e+00
4.683559859017973892e+00
4.685253413985616788e+00
4.686916369269735760e+00
4.688544772784359438e+00
4.690139918844350220e+00
4.691709500174173542e+00
4.693242655615457615e+00
4.694749903897890597e+00
4.696224367688546231e+00
4.697667753170381211e+00
4.699081372539649415e+00
4.700468785534749117e+00
4.701830448429237030e+00
4.703167900662074352e+00
4.704464004258761101e+00
4.705734813432345121e+00
4.706972849141011217e+00
4.708186813588389974e+00
4.709383836160549563e+00
4.710551627273806830e+00
4.711692324350723382e+00
4.712806065450557469e+00
4.713891813377983908e+00
4.714960902328737546e+00
4.715998405511625968e+00
4.717011508043060353e+00
4.717989894817718799e+00
4.718935580696114407e+00
4.719846899653920680e+00
4.720716501246342567e+00
4.721554884011993636e+00
4.722356537501464224e+00
4.723127864296684741e+00
4.723862476269851562e+00
4.724559984500657173e+00
4.725213917340289171e+00
4.725825027707171166e+00
4.726402553985965760e+00
4.726944329473329098e+00
4.727449579457891460e+00
4.727914826343906363e+00
4.728351356233608804e+00
4.728757062065553463e+00
4.729132902617704914e+00
4.729476705039989959e+00
4.729786667670262013e+00
4.730074955462615804e+00
4.730339376195471957e+00
4.730590252927641792e+00
4.730817660889725218e+00
4.731020371108452416e+00
4.731212097290107721e+00
4.731389552257158293e+00
4.731562631554105280e+00
4.731719704209963240e+00
4.731870390926623315e+00
4.732024892368489333e+00
4.732178370715256044e+00
4.732339809374089157e+00
4.732494798773104527e+00
4.732651081108623536e+00
4.732808183157021453e+00
4.732973156166400130e+00
4.733142643314923959e+00
4.733319754400428181e+00
4.733499156632598570e+00
4.733674214133199776e+00
4.733829238214668500e+00
4.733964923243176415e+00
4.734085238711113419e+00
4.734187456402132455e+00
4.734264058577964285e+00
4.734303203821318640e+00
4.734311760318368201e+00
4.734283215851892379e+00
4.734220610848998589e+00
4.734121625508551645e+00
4.733985368908752989e+00
4.733821500038166263e+00
4.733627311197478704e+00
4.733404397705006872e+00
4.733147502784985861e+00
4.732859348060000748e+00
4.732547235043156775e+00
4.732212930844535315e+00
4.731859991477239902e+00
4.731488315017331914e+00
4.731099971459617137e+00
4.730697895811308840e+00
4.730282277726936435e+00
4.729853518457520778e+00
4.729406102263737033e+00
4.728938748651553503e+00
4.728457014375736733e+00
4.727957369090429296e+00
4.727442039736917678e+00
4.726897339859417180e+00
4.726322124713473016e+00
4.725724817515722265e+00
4.725104470291546122e+00
4.724467466661145032e+00
4.723795853668262268e+00
4.723098816239645892e+00
4.722369674259236483e+00
4.721614795514753382e+00
4.720844718852450939e+00
4.720052247980047966e+00
4.719230633640100869e+00
4.718366067448069856e+00
4.717471121886183560e+00
4.716537322887589312e+00
4.715569570252109877e+00
4.714555654340792934e+00
4.713510920443941821e+00
4.712424590328146756e+00
4.711301065125872434e+00
4.710134851673057454e+00
4.708924309053830193e+00
4.707669075169973461e+00
4.706370262542181493e+00
4.705035379120523054e+00
4.703660384604149591e+00
4.702253620067052609e+00
4.700813130178859822e+00
4.699343429991414745e+00
4.697847447582891967e+00
4.696324783900193367e+00
4.694781583735159636e+00
4.693220609316044012e+00
4.691646799632722242e+00
4.690064635315351893e+00
4.688476532885246684e+00
4.686895625182799563e+00
4.685322594532184581e+00
4.683756613322906937e+00
4.682201281675510529e+00
4.680652429500036682e+00
4.679125859030895285e+00
4.677620817163401057e+00
4.676151613333635382e+00
4.674717347809486334e+00
4.673306923994236861e+00
4.671937011071853441e+00
4.670600530096701952e+00
4.669315689393689794e+00
4.668078033813646499e+00
4.666871811190059560e+00
4.665702541583589102e+00
4.664563083091190165e+00
4.663468114474227377e+00
4.662413060629178929e+00
4.661396732741405202e+00
4.660423690864254453e+00
4.659482350835014941e+00
4.658584443443824163e+00
4.657725437992620066e+00
4.656903754213261415e+00
4.656115139910388834e+00
4.655356223547268080e+00
4.654628122785497091e+00
4.653920401224303838e+00
4.653229093664694282e+00
4.652549157851742834e+00
4.651875704118418220e+00
4.651203565636086168e+00
4.650530445167231797e+00
4.649849735015441077e+00
4.649156945237328031e+00
4.648451576047945899e+00
4.647731905320095613e+00
4.646998498329328875e+00
4.646251174101042380e+00
4.645489228704381190e+00
4.644715610185073729e+00
4.643929838353202832e+00
4.643137777262735355e+00
4.642343129330682494e+00
4.641557634287883261e+00
4.640780513921191286e+00
4.640005054661442863e+00
4.639235666656304602e+00
4.638475706541349552e+00
4.637736141347696517e+00
4.637014977598001408e+00
4.636311221757340562e+00
4.635622007065822281e+00
4.634948178121259588e+00
4.634294890129378786e+00
4.633666005024127621e+00
4.633060690910927981e+00
4.632473812141828517e+00
4.631905473136716189e+00
4.631357593798451688e+00
4.630831410811656390e+00
4.630320194588417593e+00
4.629826515765303796e+00
4.629344079085999653e+00
4.628872403615527986e+00
4.628410278150253632e+00
4.627947266550175520e+00
4.627481886037997150e+00
4.627002083250693509e+00
4.626513016076199136e+00
4.626008041353337319e+00
4.625490663984231254e+00
4.624964448959937968e+00
4.624422044196536241e+00
4.623869020120610962e+00
4.623298548386801876e+00
4.622710692883839734e+00
4.622099917942096070e+00
4.621464940497089557e+00
4.620812547692468186e+00
4.620137685426882079e+00
4.619445666113309201e+00
4.618733323925546586e+00
4.618001840600183705e+00
4.617253255286626334e+00
4.616493798756412303e+00
4.615731887334398209e+00
4.614962956273367389e+00
4.614189309069326228e+00
4.613410551512052038e+00
4.612632760369588247e+00
4.611859487259196477e+00
4.611101384722995356e+00
4.610366120153473801e+00
4.609648098090099566e+00
4.608955605441138914e+00
4.608294376024410610e+00
4.607671361306116431e+00
4.607091824078366926e+00
4.606562140995070109e+00
4.606072292031152315e+00
4.605640177690787596e+00
4.605257702955408483e+00
4.604917932526572777e+00
4.604623585288775800e+00
4.604363457282435235e+00
4.604143232033949928e+00
4.603957830985439870e+00
4.603803030868424351e+00
4.603682237538871291e+00
4.603592789835658117e+00
4.603532469753536915e+00
4.603488485968100896e+00
4.603446049821922514e+00
4.603410303961845251e+00
4.603382266528332600e+00
4.603359864129577872e+00
4.603332225062310989e+00
4.603290123856984550e+00
4.603237291715466917e+00
4.603173614592649621e+00
4.603097178369187858e+00
4.603008320351490212e+00
4.602898529787907478e+00
4.602767637373307963e+00
4.602617744143480571e+00
4.602445425923342270e+00
4.602254740401530597e+00
4.602040563180471722e+00
4.601815227988536705e+00
4.601579303621675443e+00
4.601336716181959829e+00
4.601097706902202766e+00
4.600860422990646015e+00
4.600641622907842176e+00
4.600439793664389931e+00
4.600269365656549425e+00
4.600132410061904764e+00
4.600034330423350859e+00
4.599992067535768392e+00
4.599995743486633870e+00
4.600058943185558746e+00
4.600173029819107029e+00
4.600350616996712105e+00
4.600592178938514465e+00
4.600878768706299304e+00
4.601227764779306284e+00
4.601628019840993566e+00
4.602089852833724848e+00
4.602609751404798999e+00
4.603165902675665500e+00
4.603765335859335117e+00
4.604394626425183823e+00
4.605062964217342625e+00
4.605766729445732288e+00
4.606491810040153290e+00
4.607246601091303795e+00
4.608017893315830449e+00
4.608812796504773601e+00
4.609622356773890317e+00
4.610430764289177752e+00
4.611241373525537313e+00
4.612047415183462284e+00
4.612855674283182772e+00
4.613659180061494780e+00
4.614449019314324829e+00
4.615227088884984674e+00
4.615994217501556030e+00
4.616756205813562275e+00
4.617511473403846267e+00
4.618252559335505047e+00
4.618978258402620440e+00
4.619689706073676128e+00
4.620387207896981430e+00
4.621076196761403132e+00
4.621755184487971846e+00
4.622427722395929806e+00
4.623093360246690153e+00
4.623742844568164756e+00
4.624374378056795187e+00
4.624990827472478472e+00
4.625595093736023067e+00
4.626190669083566576e+00
4.626778238074451544e+00
4.627360299670667310e+00
4.627943688997596894e+00
4.628528526791900966e+00
4.629114955918462115e+00
4.629695141123206348e+00
4.630274407783121937e+00
4.630832503543766521e+00
4.631380609826716288e+00
4.631924019151899330e+00
4.632462959842357009e+00
4.633003736393127348e+00
4.633524400325093495e+00
4.634037572549257966e+00
4.634530262009773693e+00
4.635013694198405254e+00
4.635489384078955055e+00
4.635949590833460476e+00
4.636408210092757720e+00
4.636859975413952561e+00
4.637313420431290467e+00
4.637771343471084329e+00
4.638225679354344599e+00
4.638680478626463710e+00
4.639132171900544499e+00
4.639583055855306171e+00
4.640033280247420677e+00
4.640476224192948251e+00
4.640921169923217349e+00
4.641362533861371098e+00
4.641796196916670780e+00
4.642226095640630490e+00
4.642645031505794329e+00
4.643064905250043672e+00
4.643481802524597413e+00
4.643909624436469485e+00
4.644352518276842368e+00
4.644799716094109243e+00
4.645265693993839484e+00
4.645748631277655250e+00
4.646263112233553372e+00
4.646808883690807690e+00
4.647386215732964843e+00
4.648003230759473858e+00
4.648647600629899124e+00
4.649345382818552253e+00
4.650093554624887382e+00
4.650890542486282087e+00
4.651735480496259179e+00
4.652629638606280871e+00
4.653592553281754363e+00
4.654610496604413505e+00
4.655698925548763079e+00
4.656852895760508204e+00
4.658068612211915926e+00
4.659362677478763537e+00
4.660708909475776984e+00
4.662124151134462657e+00
4.663598794335099385e+00
4.665126267218561829e+00
4.666718703204366214e+00
4.668352145695657818e+00
4.670037267798156755e+00
4.671763880246848188e+00
4.673524779820414032e+00
4.675321209424706304e+00
4.677138400220843373e+00
4.678993963295194014e+00
4.680876396888466573e+00
4.682782045000763560e+00
4.684706587487432294e+00
4.686633144313069543e+00
4.688565554910870681e+00
4.690493848168822311e+00
4.692416768515081493e+00
4.694327145659894285e+00
4.696220609241693822e+00
4.698102859401672937e+00
4.699966355705230470e+00
4.701810826802223175e+00
4.703624706262319322e+00
4.705405325585573451e+00
4.707143973106115098e+00
4.708846358650891517e+00
4.710506908589570330e+00
4.712125905150144511e+00
4.713701933467357108e+00
4.715245228254763887e+00
4.716767670357197240e+00
4.718265986138551860e+00
4.719737174951999847e+00
4.721180721813410308e+00
4.722607039207189494e+00
4.724026882046429954e+00
4.725442959958284561e+00
4.726852997088402120e+00
4.728252420568436420e+00
4.729631708258359879e+00
4.731002342247932368e+00
4.732366680347889876e+00
4.733722126924961415e+00
4.735067020648688008e+00
4.736392335289687061e+00
4.737713693523377678e+00
4.739009213590592573e+00
4.740275109404294973e+00
4.741516456001966695e+00
4.742727098235456573e+00
4.743923553743925936e+00
4.745088393756714318e+00
4.746230318763818623e+00
4.747338046425547020e+00
4.748406483674015632e+00
4.749450802573528918e+00
4.750454027795758982e+00
4.751426295483079265e+00
4.752357719609107356e+00
4.753253648424115241e+00
4.754118227952686127e+00
4.754935335957971354e+00
4.755710940951076715e+00
4.756435220235553984e+00
4.757118028321828618e+00
4.757764025846089595e+00
4.758359658414090809e+00
4.758917441846397089e+00
4.759433519163693838e+00
4.759918005795743312e+00
4.760379501165416194e+00
4.760815197037128854e+00
4.761234491610495390e+00
4.761631047421661656e+00
4.762011668005553311e+00
4.762383643159237678e+00
4.762748789706793495e+00
4.763109585003522106e+00
4.763453362205591013e+00
4.763786037968064768e+00
4.764112951227988724e+00
4.764435645782914008e+00
4.764753717960385160e+00
4.765052305118707920e+00
4.765340697424082173e+00
4.765614378148285368e+00
4.765882397232171996e+00
4.766152225931700848e+00
4.766422719558295995e+00
4.766692948204990898e+00
4.766958901838924234e+00
4.767226355349238887e+00
4.767500124530460681e+00
4.767776568470117660e+00
4.768052021575686084e+00
4.768322665554996398e+00
4.768589508024570378e+00
4.768852752459761923e+00
4.769113819518652875e+00
4.769368237176504266e+00
4.769618737021055210e+00
4.769867708993669631e+00
4.770116554883833793e+00
4.770364128754997601e+00
4.770604162228819334e+00
4.770837770768966202e+00
4.771064086084778388e+00
4.771281866928156035e+00
4.771495548462088898e+00
4.771703320027854467e+00
4.771910553922469767e+00
4.772114968834038073e+00
4.772321571496839887e+00
4.772526898042822374e+00
4.772723787718977206e+00
4.772925463778491029e+00
4.773131677930766870e+00
4.773350590349697775e+00
4.773578034968638306e+00
4.773813766588980378e+00
4.774064828188682164e+00
4.774326040980928276e+00
4.774601442491226422e+00
4.774883629692308062e+00
4.775171087415478688e+00
4.775459965796731154e+00
4.775748150603437381e+00
4.776041451146418204e+00
4.776335972187633061e+00
4.776632879873330850e+00
4.776934541513736754e+00
4.777239122552391137e+00
4.777556492922421683e+00
4.777880566170033205e+00
4.778218730365452416e+00
4.778568507371065976e+00
4.778924622846362880e+00
4.779283514706014202e+00
4.779645086539505705e+00
4.780006547657369431e+00
4.780367774603484499e+00
4.780721504365621932e+00
4.781058630993184622e+00
4.781380301801083199e+00
4.781680807223139595e+00
4.781958397565005292e+00
4.782213593436001275e+00
4.782440260121194164e+00
4.782645041470942715e+00
4.782822374676881871e+00
4.782970033943248822e+00
4.783094093393128965e+00
4.783192432041803777e+00
4.783275122459571094e+00
4.783339136246184786e+00
4.783384540321829803e+00
4.783422682393400294e+00
4.783448121290246213e+00
4.783465272425499570e+00
4.783467446249968447e+00
4.783457209061425353e+00
4.783438239185897167e+00
4.783416077145201228e+00
4.783398158363823427e+00
4.783382519787235942e+00
4.783374984878290270e+00
4.783366795152368844e+00
4.783358672861767857e+00
4.783352652453293885e+00
4.783343149392575988e+00
4.783334082937625631e+00
4.783315936219704412e+00
4.783293648750813531e+00
4.783255830826065313e+00
4.783206680049016057e+00
4.783144235010086120e+00
4.783069958244277053e+00
4.782982570002614509e+00
4.782880271621807289e+00
4.782761537865563461e+00
4.782634421954690573e+00
4.782499045454725817e+00
4.782359207761302855e+00
4.782211946029975458e+00
4.782054272037758125e+00
4.781892300029112697e+00
4.781725452155632716e+00
4.781554849692446929e+00
4.781374692548824079e+00
4.781180171486748343e+00
4.780973134883506503e+00
4.780754564222706726e+00
4.780527075961989780e+00
4.780294613991691755e+00
4.780047795981927194e+00
4.779786592633288755e+00
4.779514321614813710e+00
4.779232418578875929e+00
4.778940406427544474e+00
4.778636207659554103e+00
4.778328338102263650e+00
4.778016729843628241e+00
4.777697418150316899e+00
4.777363856029520406e+00
4.777018648763011299e+00
4.776659745764743725e+00
4.776288309362541895e+00
4.775921260532748569e+00
4.775532716181886350e+00
4.775133210015309437e+00
4.774707050141704379e+00
4.774256947976361687e+00
4.773801428940902092e+00
4.773313945797096558e+00
4.772807083283376883e+00
4.772266227868210642e+00
4.771698637795459774e+00
4.771108792391430597e+00
4.770477957916271272e+00
4.769820224908005279e+00
4.769125573229800352e+00
4.768401377242812877e+00
4.767653709319241706e+00
4.766877354872235628e+00
4.766072866287836440e+00
4.765232501146207333e+00
4.764361875918518230e+00
4.763465260010968372e+00
4.762537497398268371e+00
4.761581894946109728e+00
4.760597020503888999e+00
4.759588717785488754e+00
4.758550737765442129e+00
4.757483636853110376e+00
4.756396650564680861e+00
4.755289922994385243e+00
4.754172476497301680e+00
4.753043258082875866e+00
4.751912410748014182e+00
4.750783847388634129e+00
4.749651987743386705e+00
4.748524022218593821e+00
4.747395923924455197e+00
4.746280174595125523e+00
4.745178150650867011e+00
4.744097547423848482e+00
4.743037653011093369e+00
4.741986495447167549e+00
4.740950118792066625e+00
4.739929823693643129e+00
4.738929939460764018e+00
4.737950808000574554e+00
4.736981168356547478e+00
4.736032604840407778e+00
4.735106089901934823e+00
4.734209583815943923e+00
4.733342224028718626e+00
4.732500798818483290e+00
4.731689571779981840e+00
4.730909612518564344e+00
4.730164529573932519e+00
4.729456339594736214e+00
4.728779831197872596e+00
4.728135297191157882e+00
4.727519564037039324e+00
4.726929314476264743e+00
4.726365507026029533e+00
4.725814075809730674e+00
4.725271723610175556e+00
4.724736779895436278e+00
4.724211723324667211e+00
4.723700307202349791e+00
4.723191429381081718e+00
4.722684432347127981e+00
4.722173202973613648e+00
4.721660441239189154e+00
4.721142780412744600e+00
4.720611897823224545e+00
4.720072363843033969e+00
4.719524130751202584e+00
4.718975052204738674e+00
4.718421462108206121e+00
4.717862888057540616e+00
4.717301453393707433e+00
4.716740362201640835e+00
4.716181872640559547e+00
4.715618727323422910e+00
4.715052256700406730e+00
4.714491559718561042e+00
4.713942561042321344e+00
4.713408116032194783e+00
4.712890619528304903e+00
4.712384517607102197e+00
4.711894304794081556e+00
4.711424045977003594e+00
4.710973371756084660e+00
4.710540214669713066e+00
4.710119819682844877e+00
4.709710681405672617e+00
4.709308982309707403e+00
4.708913092617697416e+00
4.708521397118277108e+00
4.708124520596869367e+00
4.707716674138613833e+00
4.707300431434817689e+00
4.706859407019623021e+00
4.706400151927776498e+00
4.705904521201559554e+00
4.705375654254861040e+00
4.704823291492470361e+00
4.704239297178395063e+00
4.703633726355441524e+00
4.702998387259253121e+00
4.702339753103264464e+00
4.701657340419301612e+00
4.700946045112619487e+00
4.700209438544520779e+00
4.699441186007867088e+00
4.698647652682671705e+00
4.697830608752379788e+00
4.696989519116292477e+00
4.696127523449074026e+00
4.695244453591119083e+00
4.694339863029132864e+00
4.693414354962119894e+00
4.692468612012277163e+00
4.691506780353197570e+00
4.690531127718099214e+00
4.689547630068668482e+00
4.688562014815219392e+00
4.687569235381491950e+00
4.686571437162168507e+00
4.685570405018338214e+00
4.684571982589373462e+00
4.683581326124080846e+00
4.682602990385898778e+00
4.681638182666905124e+00
4.680681701195247513e+00
4.679740471434601368e+00
4.678814132925877445e+00
4.677911705863485814e+00
4.677031906214367041e+00
4.676176397618662328e+00
4.675347533491264862e+00
4.674547632974396905e+00
4.673785975989708241e+00
4.673056880798944768e+00
4.672358355861911505e+00
4.671691850763569853e+00
4.671057356563220964e+00
4.670466002118596194e+00
4.669905310091385431e+00
4.669368193191298921e+00
4.668853379231700629e+00
4.668357819174239864e+00
4.667891900432119989e+00
4.667444325429211283e+00
4.667010010261844144e+00
4.666584149007508842e+00
4.666164012369522496e+00
4.665748283420511733e+00
4.665327451643355161e+00
4.664896434997030106e+00
4.664453590740271771e+00
4.664003886175163593e+00
4.663549871411927228e+00
4.663087239195415457e+00
4.662609448958942693e+00
4.662118743401776122e+00
4.661612378177056648e+00
4.661095031243572606e+00
4.660567041043946368e+00
4.660024980869898137e+00
4.659472914528855370e+00
4.658908524033436471e+00
4.658334440518924424e+00
4.657753510218865856e+00
4.657163999681181998e+00
4.656571049620217728e+00
4.655964430500572071e+00
4.655350626413529369e+00
4.654742159512642807e+00
4.654144822810591720e+00
4.653563748192787841e+00
4.653006000560522715e+00
4.652476761569083408e+00
4.651973511767388381e+00
4.651507772919536876e+00
4.651079930108787508e+00
4.650702995699645292e+00
4.650378829096257327e+00
4.650099831973015796e+00
4.649867291045188367e+00
4.649686172106116899e+00
4.649543702662736422e+00
4.649436155115067137e+00
4.649359741112961686e+00
4.649295945497973648e+00
4.649255898361836614e+00
4.649227883103114856e+00
4.649211166940906637e+00
4.649193965066035439e+00
4.649165223256962243e+00
4.649125365877801563e+00
4.649073606596606290e+00
4.649006009485852076e+00
4.648915285637881922e+00
4.648798798110616026e+00
4.648660965768901754e+00
4.648508543327730891e+00
4.648339930970501577e+00
4.648154644120764623e+00
4.647956182185840390e+00
4.647755443204474091e+00
4.647558300245832719e+00
4.647372050557565970e+00
4.647206687603426367e+00
4.647054841939639580e+00
4.646935992904287716e+00
4.646843824612257201e+00
4.646778510135878726e+00
4.646743074671645601e+00
4.646740106008762083e+00
4.646785433739240467e+00
4.646870483197088397e+00
4.646994168804775782e+00
4.647157731698643879e+00
4.647363516306321607e+00
4.647618180038223912e+00
4.647914155935684910e+00
4.648255436336437896e+00
4.648639492979088850e+00
4.649069033553639763e+00
4.649549682317116961e+00
4.650074778189698499e+00
4.650650431951324215e+00
4.651272452538648849e+00
4.651943224211971817e+00
4.652660908167999487e+00
4.653418213790099678e+00
4.654208057438771640e+00
4.655029353862446762e+00
4.655891851922316249e+00
4.656796127995295187e+00
4.657739397054356800e+00
4.658704114844840483e+00
4.659696572040956219e+00
4.660703995888870743e+00
4.661739778360170838e+00
4.662805990939778766e+00
4.663885154789133125e+00
4.664984958460373754e+00
4.666093215560359830e+00
4.667219519233150038e+00
4.668345646625204459e+00
4.669482295876189681e+00
4.670622491901561091e+00
4.671764245098275481e+00
4.672911038985294141e+00
4.674054479887526981e+00
4.675201801201146701e+00
4.676348873516363192e+00
4.677497538914723307e+00
4.678651169007463473e+00
4.679814808657212666e+00
4.680982552682800168e+00
4.682150215869589793e+00
4.683320240890427755e+00
4.684490770762606893e+00
4.685677774166508769e+00
4.686879708012385848e+00
4.688102660914702291e+00
4.689341156547708778e+00
4.690588637506411196e+00
4.691844552820370495e+00
4.693108701919959103e+00
4.694388786023306004e+00
4.695679664676831955e+00
4.696974701499390115e+00
4.698276261007236165e+00
4.699586387192653092e+00
4.700903310989784423e+00
4.702220567529845852e+00
4.703532569175410849e+00
4.704840060537506474e+00
4.706146035408426798e+00
4.707445814823556951e+00
4.708732540225435415e+00
4.709990012263704173e+00
4.711221699705173016e+00
4.712431047772813741e+00
4.713617431213904752e+00
4.714770442908456261e+00
4.715885572051455199e+00
4.716962915276934787e+00
4.718009139066388080e+00
4.719024101486255063e+00
4.720008869683195663e+00
4.720964115178038156e+00
4.721894583543588375e+00
4.722803817381907798e+00
4.723688044762063498e+00
4.724546788027334188e+00
4.725380991166280964e+00
4.726197911267924212e+00
4.727008633753108313e+00
4.727814067667174491e+00
4.728621127223419762e+00
4.729421406378794934e+00
4.730217107524920195e+00
4.731012961854982990e+00
4.731808831384229030e+00
4.732607617815780543e+00
4.733398475786495752e+00
4.734197304164815101e+00
4.735000640740442357e+00
4.735814159577536486e+00
4.736645134901451115e+00
4.737488099699664446e+00
4.738344609876917524e+00
4.739210122516202439e+00
4.740086250668216650e+00
4.740979350721287844e+00
4.741881860783148106e+00
4.742792494138527104e+00
4.743706082543183378e+00
4.744615358700800201e+00
4.745516012748527857e+00
4.746406775405454859e+00
4.747291155373501326e+00
4.748165913363741275e+00
4.749026355286882328e+00
4.749869239693327749e+00
4.750688311597151881e+00
4.751475899135513714e+00
4.752236207416101976e+00
4.752971519073292406e+00
4.753682554578229968e+00
4.754368127872989014e+00
4.755024700751349975e+00
4.755656672483132397e+00
4.756260670488522635e+00
4.756844636304126794e+00
4.757408310090945669e+00
4.757945450162337941e+00
4.758460123380469753e+00
4.758951538493681355e+00
4.759424701025533722e+00
4.759876956334162301e+00
4.760310387452887149e+00
4.760731426579700276e+00
4.761146010858760214e+00
4.761552129452871540e+00
4.761941629415201938e+00
4.762316147377538833e+00
4.762670563747930075e+00
4.763011857596979759e+00
4.763349357647643778e+00
4.763684440729962333e+00
4.764014882473097678e+00
4.764333920283064572e+00
4.764633366698221018e+00
4.764911523600860122e+00
4.765178241999639575e+00
4.765443548923177453e+00
4.765706041334015985e+00
4.765949494903725991e+00
4.766171754495991841e+00
4.766358629250719403e+00
4.766524738995178367e+00
4.766670525921329116e+00
4.766782148210151782e+00
4.766858852053812434e+00
4.766891313774797467e+00
4.766895798913431292e+00
4.766862795158052002e+00
4.766793549643591810e+00
4.766685046680033899e+00
4.766535809511081467e+00
4.766349566733227405e+00
4.766111196899549540e+00
4.765827108813213364e+00
4.765494026584313758e+00
4.765116521795974336e+00
4.764700926212357857e+00
4.764245629539478166e+00
4.763755389643597127e+00
4.763227908802914357e+00
4.762671682616460345e+00
4.762093974021960108e+00
4.761497254041719529e+00
4.760890531955051408e+00
4.760274947738039053e+00
4.759659361397611477e+00
4.759050915693628703e+00
4.758451615875350704e+00
4.757863993724573248e+00
4.757283783113349429e+00
4.756726300572742261e+00
4.756194539969554214e+00
4.755686257039894116e+00
4.755200410974908642e+00
4.754730615472186450e+00
4.754282316980649625e+00
4.753855406870831857e+00
4.753445666437734474e+00
4.753051029113818160e+00
4.752665094738592444e+00
4.752291799193014477e+00
4.751925201235104090e+00
4.751560247694839312e+00
4.751194771682609286e+00
4.750822580536593343e+00
4.750447409866144000e+00
4.750063955006886829e+00
4.749668760491300823e+00
4.749263286595930111e+00
4.748835079787064650e+00
4.748386599948396736e+00
4.747904546377948343e+00
4.747391215456416624e+00
4.746827657637885167e+00
4.746215211717179194e+00
4.745548303914955746e+00
4.744830833865098185e+00
4.744063639683417932e+00
4.743239638102940248e+00
4.742374708248070725e+00
4.741463105572155001e+00
4.740512909335782510e+00
4.739523945418885553e+00
4.738500247416786770e+00
4.737443316248945990e+00
4.736352704880527398e+00
4.735238590134074776e+00
4.734109556345035941e+00
4.732970067603279318e+00
4.731827549157429758e+00
4.730679733795811082e+00
4.729536465747049334e+00
4.728399955598405313e+00
4.727268723366550240e+00
4.726145872292807582e+00
4.725025143516949910e+00
4.723909075898818699e+00
4.722789370609216775e+00
4.721669694600397094e+00
4.720558011052900405e+00
4.719450238613181803e+00
4.718350696308307946e+00
4.717254930106691724e+00
4.716162812528901682e+00
4.715084460569315183e+00
4.714014605326347862e+00
4.712960345638685489e+00
4.711914657024435904e+00
4.710869548959427000e+00
4.709823732046178435e+00
4.708772884500912248e+00
4.707723530126504130e+00
4.706670873654775100e+00
4.705612580371789200e+00
4.704541180772475073e+00
4.703451281754069235e+00
4.702341066119962498e+00
4.701207791758470478e+00
4.700053000418237481e+00
4.698872796339681912e+00
4.697667442677311733e+00
4.696426111055306052e+00
4.695141501320292399e+00
4.693821784896543114e+00
4.692461698693922045e+00
4.691069912953069299e+00
4.689635527623584821e+00
4.688157645953586083e+00
4.686650564415146825e+00
4.685113647175719542e+00
4.683557894123484999e+00
4.681980252308536983e+00
4.680380074126411216e+00
4.678769769562173053e+00
4.677143907738614104e+00
4.675510877115415020e+00
4.673866634560512878e+00
4.672214162988352015e+00
4.670556965959953288e+00
4.668897503508018687e+00
4.667245841813969953e+00
4.665599850607801358e+00
4.663963077706982041e+00
4.662342025680232815e+00
4.660740149361777718e+00
4.659171737028050764e+00
4.657631230247903709e+00
4.656127812308956671e+00
4.654656659407306663e+00
4.653203347814965696e+00
4.651773364586520465e+00
4.650359014613318465e+00
4.648966472936559846e+00
4.647593781245639377e+00
4.646225671810796598e+00
4.644877218646695560e+00
4.643538796497275634e+00
4.642217799020698088e+00
4.640901738447834823e+00
4.639593859506534912e+00
4.638302694303678919e+00
4.637024365408111137e+00
4.635770651740719117e+00
4.634525667248058589e+00
4.633296573428202336e+00
4.632080025864529382e+00
4.630880683405089293e+00
4.629700785247372608e+00
4.628534499598430330e+00
4.627391524431989644e+00
4.626267940295622161e+00
4.625170797152206248e+00
4.624099585307524407e+00
4.623050535661862526e+00
4.622025798154756338e+00
4.621025988502190707e+00
4.620059204740212699e+00
4.619116817829893584e+00
4.618203918678449149e+00
4.617321443078802545e+00
4.616475531054423875e+00
4.615681016711282503e+00
4.614926604969190826e+00
4.614218858001518875e+00
4.613555940134214772e+00
4.612945847144114708e+00
4.612398718414593368e+00
4.611900331867623493e+00
4.611465043468164993e+00
4.611088067000496338e+00
4.610762379808115874e+00
4.610499088098989340e+00
4.610283849114315657e+00
4.610124604483829991e+00
4.610007525911318460e+00
4.609945787075671042e+00
4.609940895611185141e+00
4.609973762429548927e+00
4.610047900265311860e+00
4.610149712141831557e+00
4.610282616324949956e+00
4.610446817342418235e+00
4.610638684097904338e+00
4.610853216953802125e+00
4.611096699673908894e+00
4.611358360525446898e+00
4.611653939828502580e+00
4.611969784133361117e+00
4.612315795280263586e+00
4.612686020478830251e+00
4.613074557602629966e+00
4.613490524672196891e+00
4.613932696067021944e+00
4.614402708344386816e+00
4.614902477458344698e+00
4.615422035724149552e+00
4.615976934775934737e+00
4.616567513503358811e+00
4.617193533785866499e+00
4.617857855417060620e+00
4.618547127552557363e+00
4.619273614295055452e+00
4.620035046719243255e+00
4.620844311200310806e+00
4.621699345939089376e+00
4.622592981092860320e+00
4.623525978185465846e+00
4.624498911582162641e+00
4.625518529124788003e+00
4.626597699903181926e+00
4.627729001574447665e+00
4.628905550323656470e+00
4.630126618601609678e+00
4.631396579005051528e+00
4.632726445801784720e+00
4.634108691074183106e+00
4.635535410948327772e+00
4.637005877800515208e+00
4.638514537073901600e+00
4.640067414649059252e+00
4.641659964032699648e+00
4.643286436803868433e+00
4.644949632145692675e+00
4.646644419141342297e+00
4.648379608102372273e+00
4.650146435655882371e+00
4.651944271482756577e+00
4.653770339198640471e+00
4.655630736358693511e+00
4.657529592968752574e+00
4.659453192062905202e+00
4.661392772950461172e+00
4.663345947720338280e+00
4.665310043998290190e+00
4.667286818184186004e+00
4.669274906821777371e+00
4.671276119806099913e+00
4.673282803006697961e+00
4.675300804533290666e+00
4.677322577394770420e+00
4.679354462035226092e+00
4.681385196455048359e+00
4.683419098712729323e+00
4.685443205245063858e+00
4.687457031615303471e+00
4.689464562542959847e+00
4.691462614841982237e+00
4.693455046423001598e+00
4.695434179611726933e+00
4.697415644981189686e+00
4.699374754734560788e+00
4.701305270500705902e+00
4.703211728640126488e+00
4.705081146516131518e+00
4.706925237484501423e+00
4.708736960597561527e+00
4.710524076380061764e+00
4.712247205682324136e+00
4.713917099096105900e+00
4.715529371954724880e+00
4.717084963180349533e+00
4.718594812460469079e+00
4.720034855462835743e+00
4.721409561194705340e+00
4.722726563222932050e+00
4.723985696293638625e+00
4.725176223747658000e+00
4.726281819351243918e+00
4.727314171351718386e+00
4.728284562535810309e+00
4.729194107957410687e+00
4.730038649820017760e+00
4.730825214542676349e+00
4.731546563513804315e+00
4.732212992616225300e+00
4.732825659036864252e+00
4.733382177025307946e+00
4.733890260055890309e+00
4.734347393632162948e+00
4.734774072513210363e+00
4.735162287101375433e+00
4.735506643027292739e+00
4.735813399691360281e+00
4.736078690782415279e+00
4.736321284499244832e+00
4.736533220976816949e+00
4.736719527699277954e+00
4.736878121596054037e+00
4.736999914067090423e+00
4.737101515399516849e+00
4.737170547142850019e+00
4.737212163245530405e+00
4.737221209501839780e+00
4.737194363707202704e+00
4.737135052051852924e+00
4.737036948543499548e+00
4.736912468666668374e+00
4.736764197018454858e+00
4.736591625869730926e+00
4.736400324073145818e+00
4.736190339182027920e+00
4.735974103905715715e+00
4.735740838427553001e+00
4.735487081356802186e+00
4.735210724886962375e+00
4.734912852332449518e+00
4.734585250154592195e+00
4.734233153261699911e+00
4.733859712653316620e+00
4.733464620918489629e+00
4.733052254789031466e+00
4.732619460694946767e+00
4.732169326492108752e+00
4.731705323443271105e+00
4.731221311562217480e+00
4.730720697626925819e+00
4.730198746905185381e+00
4.729658613451280580e+00
4.729103347234882015e+00
4.728535833195305571e+00
4.727956752203859025e+00
4.727369803883590293e+00
4.726775444284537109e+00
4.726172126852432598e+00
4.725563073404590142e+00
4.724946422264436841e+00
4.724325628005424882e+00
4.723702966034870165e+00
4.723079104260068384e+00
4.722462811679106309e+00
4.721850727633100320e+00
4.721251524039072223e+00
4.720665640779298400e+00
4.720094582312268194e+00
4.719546743393403077e+00
4.719012741879087258e+00
4.718501222901504200e+00
4.718010014020364018e+00
4.717538266502775635e+00
4.717089482121624933e+00
4.716651916191436200e+00
4.716241102129674623e+00
4.715849450104391494e+00
4.715488774016953322e+00
4.715155366011418714e+00
4.714834268972732723e+00
4.714534838222423474e+00
4.714252100497941633e+00
4.713996981367926331e+00
4.713767297924023048e+00
4.713564104218493256e+00
4.713393858414599791e+00
4.713243126733684285e+00
4.713123673223415189e+00
4.713031552894495491e+00
4.712973764272859967e+00
4.712943358476728406e+00
4.712944001401078609e+00
4.712978594893824535e+00
4.713035928042841327e+00
4.713120890058812407e+00
4.713225652346622496e+00
4.713352983365070692e+00
4.713501146020601773e+00
4.713666467940666571e+00
4.713856991244711026e+00
4.714067235956198587e+00
4.714302963255204482e+00
4.714556859484172691e+00
4.714836157089330015e+00
4.715138124576069956e+00
4.715461567616322291e+00
4.715808432488002744e+00
4.716171502595999598e+00
4.716554724661865983e+00
4.716953446543077355e+00
4.717367908930638620e+00
4.717807437567271833e+00
4.718266649818279923e+00
4.718749145021893021e+00
4.719251248775281127e+00
4.719769546663619586e+00
4.720308987399793210e+00
4.720867941094792464e+00
4.721451079225396974e+00
4.722056641964471169e+00
4.722677600359773464e+00
4.723319960510588444e+00
4.723980130603766092e+00
4.724660704782460918e+00
4.725358806675528101e+00
4.726067495173071897e+00
4.726789903840279194e+00
4.727519256746625764e+00
4.728256901851151994e+00
4.729004479473685407e+00
4.729766733249879174e+00
4.730542526444650342e+00
4.731323675191259959e+00
4.732110626301028411e+00
4.732905059432843231e+00
4.733709890594937519e+00
4.734523352062561585e+00
4.735338133102516167e+00
4.736157904243330385e+00
4.736981444334845470e+00
4.737809715545038713e+00
4.738640458559850721e+00
4.739470337903361141e+00
4.740303291430930877e+00
4.741141660562019133e+00
4.741988449072698231e+00
4.742845582789043668e+00
4.743713731294732838e+00
4.744595308875900308e+00
4.745486462837321007e+00
4.746391491418940234e+00
4.747303285723789124e+00
4.748227668604119600e+00
4.749159835255009732e+00
4.750101472338897679e+00
4.751055332547288401e+00
4.752013437500457904e+00
4.752979945590953825e+00
4.753949554836610858e+00
4.754923590844729375e+00
4.755906042283631230e+00
4.756892586400961243e+00
4.757894580414745889e+00
4.758913974365446720e+00
4.759959202012273849e+00
4.761027967533324023e+00
4.762114174043985848e+00
4.763223901665065263e+00
4.764350126212690384e+00
4.765503169497701919e+00
4.766679854070995148e+00
4.767873273616883623e+00
4.769089465191815869e+00
4.770322250029298772e+00
4.771582352271529714e+00
4.772863335212919722e+00
4.774169347932790686e+00
4.775500137856457883e+00
4.776845535835478884e+00
4.778212273618433592e+00
4.779591322293732070e+00
4.780989748886082857e+00
4.782402451088878514e+00
4.783826857557746948e+00
4.785265160402508933e+00
4.786708045354338914e+00
4.788158450773212671e+00
4.789608002802583364e+00
4.791055053970072031e+00
4.792496067634078649e+00
4.793932108780595058e+00
4.795371568253489869e+00
4.796811084648819445e+00
4.798256080797167478e+00
4.799699116250726760e+00
4.801138667663786386e+00
4.802581151923391189e+00
4.804024083813879464e+00
4.805472998818610009e+00
4.806922105154250779e+00
4.808374215116951511e+00
4.809828775277589230e+00
4.811279167434427961e+00
4.812727907201503008e+00
4.814170167049621085e+00
4.815606907060598019e+00
4.817031908532833029e+00
4.818439173599932346e+00
4.819829366406652049e+00
4.821209355941269870e+00
4.822570074251149919e+00
4.823904966613506318e+00
4.825209721079324332e+00
4.826487157842371367e+00
4.827736620655509903e+00
4.828955826660846107e+00
4.830146812549087620e+00
4.831310456073137694e+00
4.832453774115297307e+00
4.833577081015560495e+00
4.834685610657783350e+00
4.835784406488986775e+00
4.836872349729985920e+00
4.837953820204586641e+00
4.839027584767194412e+00
4.840102987637968646e+00
4.841180958202334850e+00
4.842264418205473042e+00
4.843350919759127571e+00
4.844435155516716662e+00
4.845518250441405605e+00
4.846599035164567582e+00
4.847675218483659343e+00
4.848742374232265284e+00
4.849795266812892969e+00
4.850830888947697872e+00
4.851845324611517185e+00
4.852843000566814169e+00
4.853825499316904768e+00
4.854791510602686877e+00
4.855744840851280664e+00
4.856682953214498610e+00
4.857606589174125133e+00
4.858514943173383394e+00
4.859406179463718445e+00
4.860282375565025070e+00
4.861140451109264404e+00
4.861979778534029961e+00
4.862805381169770236e+00
4.863612689724418736e+00
4.864399114003632008e+00
4.865156699916575178e+00
4.865887523567533179e+00
4.866587448841189989e+00
4.867256864657855786e+00
4.867900007864689904e+00
4.868514535924649778e+00
4.869101616604484484e+00
4.869666025540091425e+00
4.870209472043670829e+00
4.870742396911836636e+00
4.871262663653348923e+00
4.871768704293525154e+00
4.872256791791176767e+00
4.872733272848879693e+00
4.873204967169319168e+00
4.873671962334071850e+00
4.874133108383271740e+00
4.874585551781807524e+00
4.875039205601664705e+00
4.875495438551755711e+00
4.875958978733272886e+00
4.876427212259025090e+00
4.876895833550245030e+00
4.877369020296485225e+00
4.877846095575243623e+00
4.878329555927068739e+00
4.878818099661023311e+00
4.879308138167711029e+00
4.879803208908290557e+00
4.880300604230018102e+00
4.880813038548680538e+00
4.881342730162892884e+00
4.881890200911317201e+00
4.882453845044825158e+00
4.883035209490212303e+00
4.883643939433844672e+00
4.884276416687519884e+00
4.884932318417581243e+00
4.885607983706745649e+00
4.886306470943840630e+00
4.887033905102165399e+00
4.887788556082401037e+00
4.888570222122821995e+00
4.889374333931360894e+00
4.890191338895116147e+00
4.891019357456121597e+00
4.891857411874685369e+00
4.892703643603476316e+00
4.893558644889147935e+00
4.894415830461532835e+00
4.895278954072147748e+00
4.896150528503805610e+00
4.897031398056298279e+00
4.897923357127457855e+00
4.898818841738850516e+00
4.899723652912527427e+00
4.900634296028167469e+00
4.901554744331390268e+00
4.902490235878379288e+00
4.903433639792949883e+00
4.904392505673915714e+00
4.905364461703451084e+00
4.906355752883703403e+00
4.907367738349587505e+00
4.908403288586289825e+00
4.909462692676336282e+00
4.910540804503710000e+00
4.911640292419345855e+00
4.912762000648529082e+00
4.913906903727204956e+00
4.915075388191493033e+00
4.916272241337450666e+00
4.917489694146665258e+00
4.918734446181210807e+00
4.919995423419627478e+00
4.921259615434561141e+00
4.922523713274154389e+00
4.923784322006855341e+00
4.925043028457317007e+00
4.926282857520733138e+00
4.927503240419778052e+00
4.928695847628863369e+00
4.929865644736440622e+00
4.931004955558331737e+00
4.932115935994537459e+00
4.933196539296061722e+00
4.934248146279007763e+00
4.935275289727597325e+00
4.936274261338859937e+00
4.937240845797806088e+00
4.938178332088738465e+00
4.939080235077292436e+00
4.939955379976183281e+00
4.940797458676844833e+00
4.941603628931791725e+00
4.942379280938060226e+00
4.943126539228709149e+00
4.943845851211102094e+00
4.944541173590573102e+00
4.945216203419716017e+00
4.945873149274142122e+00
4.946514944447428341e+00
4.947138314632923084e+00
4.947746965078861692e+00
4.948347447676808564e+00
4.948938625170142380e+00
4.949518420076222114e+00
4.950076341977566408e+00
4.950618082819730148e+00
4.951140540478975893e+00
4.951651614656897848e+00
4.952143729342373568e+00
4.952616590498239546e+00
4.953079692771882314e+00
4.953532431921215284e+00
4.953980697071403760e+00
4.954421402415485787e+00
4.954854542738052814e+00
