0.000000000000000000e+00
0.000000000000000000e+00
-1.285101575376757405e-08
-7.688713253628524678e-08
-2.365514376378996742e-07
-5.152078631454061188e-07
-9.657600060108963464e-07
-1.447561077156933674e-06
-2.214104966924423510e-06
2.339734422776019771e-06
1.623319294935755337e-05
4.115727330258778130e-05
8.446295811495474373e-05
1.501245197903245125e-04
2.466370032232135428e-04
3.800431971501440223e-04
5.522601825248333023e-04
7.722530474018189954e-04
1.042532227660331653e-03
1.370639107848320220e-03
1.760212532902869983e-03
2.224078900839004946e-03
2.762160725618515410e-03
3.387364275480423542e-03
4.109393708134804514e-03
4.936037935043488707e-03
5.869942210341605633e-03
6.928189225221786061e-03
8.108215085889014864e-03
9.419149957324179923e-03
1.086956193270793847e-02
1.246845325055232975e-02
1.421763380589595796e-02
1.612315555634609432e-02
1.819736709418407622e-02
2.042340850057712542e-02
2.281333079161754207e-02
2.536810716214290065e-02
2.810064723315349247e-02
3.102322062077632683e-02
3.412206520857920949e-02
3.741326083960644366e-02
4.088907291712872566e-02
4.456839581551664403e-02
4.846241673054808158e-02
5.255338957133406236e-02
5.686036815466993799e-02
6.137762626233213281e-02
6.608785977187267568e-02
7.099939157786480659e-02
7.612461676421275469e-02
8.142698576274030875e-02
8.693013360324018668e-02
9.260915210070722048e-02
9.849696328463666828e-02
1.045929931622993220e-01
1.108830355626594377e-01
1.173773806315909912e-01
1.240769522410880704e-01
1.309970789176475303e-01
1.381417052966606163e-01
1.454812734347831760e-01
1.530250834447395292e-01
1.607456093055259772e-01
1.686780821305763345e-01
1.767991029244911638e-01
1.850935803872596763e-01
1.935621224862587031e-01
2.021812116128455794e-01
2.109743993503104820e-01
2.199234448892127547e-01
2.290530418378363964e-01
2.383495377522956704e-01
2.478131597262870633e-01
2.574588005763541743e-01
2.672864215594779602e-01
2.772834013921271490e-01
2.874811719876777527e-01
2.978690206033241528e-01
3.084457301122200956e-01
3.192050241452706327e-01
3.301524054032815014e-01
3.412885021192086366e-01
3.526170467359078242e-01
3.641347645741952466e-01
3.758555125218880355e-01
3.877736162168037848e-01
3.998923372251045327e-01
4.122216819745552208e-01
4.247606455308448603e-01
4.375053738576424323e-01
4.504732083302986911e-01
4.636622237187874029e-01
4.770787917596351901e-01
4.906887256127847041e-01
5.045029460412514544e-01
5.185330974084390032e-01
5.327565871697914623e-01
5.472295235616220221e-01
5.619612478238595887e-01
5.769574700814738000e-01
5.922080623132240929e-01
6.077782939893258130e-01
6.236394952756416643e-01
6.398318134767067011e-01
6.562946843129645602e-01
6.730678962689887745e-01
6.901574920636665000e-01
7.075932859403144537e-01
7.254097603780279568e-01
7.435536622029791376e-01
7.620630728227146822e-01
7.808960675221927605e-01
8.000216268521793683e-01
8.194786190015324046e-01
8.392419575673587540e-01
8.593042229634768603e-01
8.796415328008182488e-01
9.002154468518740460e-01
9.210334609967714137e-01
9.421158908826358092e-01
9.634497736913210097e-01
9.850523566228395200e-01
1.006881132028723203e+00
1.028968696497106983e+00
1.051276998422766118e+00
1.073837268255377397e+00
1.096667575739050715e+00
1.119791088007117130e+00
1.143217382333899135e+00
1.166932639978552677e+00
1.190945494077826350e+00
1.215244784258032729e+00
1.239800860784674663e+00
1.264574735067511613e+00
1.289612617395545557e+00
1.314885883234168551e+00
1.340440924070502637e+00
1.366262509725715280e+00
1.392314431570197630e+00
1.418656790159370074e+00
1.445250260732795500e+00
1.472150511644508164e+00
1.499371673963691309e+00
1.526857108972694110e+00
1.554636382959510454e+00
1.582679641149665306e+00
1.610929419897223935e+00
1.639439422987128747e+00
1.668157060049201501e+00
1.697131187818671449e+00
1.726335277460242290e+00
1.755765488050604839e+00
1.785459728143836688e+00
1.815410764120246601e+00
1.845648951433325857e+00
1.876176123521949179e+00
1.906928026579047808e+00
1.937982652090217028e+00
1.969293882749701741e+00
2.000835482977057378e+00
2.032634212873602575e+00
2.064651260278845157e+00
2.096941170595312709e+00
2.129484217069768981e+00
2.162216455839300444e+00
2.195159153841161892e+00
2.228318779371404545e+00
2.261711902521276851e+00
2.295280835531377850e+00
2.329047477148198819e+00
2.362970311544561053e+00
2.397051536939763583e+00
2.431231481931829030e+00
2.465512542627477099e+00
2.499917623899602148e+00
2.534431519411229683e+00
2.569057702921056396e+00
2.603753981493138525e+00
2.638513681791448295e+00
2.673304247759008323e+00
2.708112549684667414e+00
2.742903160951757346e+00
2.777653026483678733e+00
2.812351691625738059e+00
2.846975865266943018e+00
2.881516134641790572e+00
2.915961482427740226e+00
2.950296151540899192e+00
2.984508561990881326e+00
3.018583111665869012e+00
3.052506554029608132e+00
3.086265559099340638e+00
3.119868175886297390e+00
3.153306052587652175e+00
3.186591513059759073e+00
3.219696802995824392e+00
3.252652950189732550e+00
3.285429913900517196e+00
3.318057722948216437e+00
3.350501999757908855e+00
3.382797467611455389e+00
3.414902632139348970e+00
3.446826453111791366e+00
3.478528742693089981e+00
3.510025331876897692e+00
3.541280527017736546e+00
3.572312345407628875e+00
3.603141567609929652e+00
3.633771850965642702e+00
3.664209329984807528e+00
3.694449703596257795e+00
3.724493312738561546e+00
3.754281356237554768e+00
3.783818263910436741e+00
3.813120458028936621e+00
3.842186691663886045e+00
3.871018988989020304e+00
3.899616677663947151e+00
3.927983877561712855e+00
3.956114358804846187e+00
3.984011063478613224e+00
4.011670589349890292e+00
4.039097838304663846e+00
4.066262307069922421e+00
4.093217482469702517e+00
4.119920673273229639e+00
4.146384820840979479e+00
4.172639889619970788e+00
4.198717698953772448e+00
4.224623374841834256e+00
4.250338902376318728e+00
4.275842316053533487e+00
4.301159963510656326e+00
4.326270639799260742e+00
4.351197249792241095e+00
4.375914215944431085e+00
4.400409469507359006e+00
4.424716846845767826e+00
4.448818981550357599e+00
4.472741548917910315e+00
4.496460280321261216e+00
4.519966518781801668e+00
4.543273699186464398e+00
4.566365547083040433e+00
4.589271943472049031e+00
4.611970775030277636e+00
4.634455783270023943e+00
4.656745591066503209e+00
4.678831365011357768e+00
4.700722284219883917e+00
4.722402062318944438e+00
4.743869230650091140e+00
4.765143470667028147e+00
4.786217927835607178e+00
4.807101895712042605e+00
4.827780458830023491e+00
4.848253555200720655e+00
4.868511073492194363e+00
4.888555195234443040e+00
4.908401992223883958e+00
4.928041801355506735e+00
4.947526659868385579e+00
4.966824232242730730e+00
4.985939522884516251e+00
5.004875450037149065e+00
5.023632841013101036e+00
5.042254073522713931e+00
5.060725529096749220e+00
5.079042872093346261e+00
5.097179425857690127e+00
5.115137503049997036e+00
5.132923335931924846e+00
5.150533274315027832e+00
5.167968557975916255e+00
5.185214588544992509e+00
5.202282996080545452e+00
5.219148263834147095e+00
5.235818388364937626e+00
5.252305347822335158e+00
5.268596799276498821e+00
5.284705110691217733e+00
5.300607272289422411e+00
5.316311375997689659e+00
5.331830422781136392e+00
5.347167310617592761e+00
5.362326657674935326e+00
5.377280809782173598e+00
5.392036812208320207e+00
5.406606773040916636e+00
5.420993707082893742e+00
5.435202374361183253e+00
5.449206865928795551e+00
5.463013875387337848e+00
5.476635248563913372e+00
5.490074517629770945e+00
5.503336408041147543e+00
5.516396032474664146e+00
5.529268681905892713e+00
5.541959290407326932e+00
5.554465600155022997e+00
5.566802036665109199e+00
5.578939181469110054e+00
5.590888746879723925e+00
5.602653785846856138e+00
5.614233275554803448e+00
5.625640133522179731e+00
5.636847687862542422e+00
5.647866774700311510e+00
5.658700632951883414e+00
5.669347401760249205e+00
5.679810633562236255e+00
5.690068867109447481e+00
5.700126843355328710e+00
5.709991779230267461e+00
5.719666327140958018e+00
5.729154397748143168e+00
5.738437199495464824e+00
5.747527131341128914e+00
5.756403762005001035e+00
5.765071731112628939e+00
5.773546168707042625e+00
5.781825534604221772e+00
5.789915335081250447e+00
5.797794986270100814e+00
5.805468702219158672e+00
5.812948880694539078e+00
5.820234483979374041e+00
5.827329821489483308e+00
5.834220104716449029e+00
5.840908316872744699e+00
5.847402181528239318e+00
5.853701627753404857e+00
5.859810631774095668e+00
5.865712885759500672e+00
5.871412188313631653e+00
5.876913838289407721e+00
5.882220172784951906e+00
5.887333125970987346e+00
5.892239137790827641e+00
5.896942199073462731e+00
5.901445456646113641e+00
5.905734844408661033e+00
5.909813805423407729e+00
5.913684791527419549e+00
5.917354866169123540e+00
5.920826322339205916e+00
5.924086820386081698e+00
5.927139025829463392e+00
5.929984058640628497e+00
5.932630667589336326e+00
5.935079840026526554e+00
5.937320679627089426e+00
5.939354190282253754e+00
5.941180333845047734e+00
5.942803328685193343e+00
5.944225812010198062e+00
5.945440458036689968e+00
5.946441392950443827e+00
5.947232208825378841e+00
5.947817769102483609e+00
5.948200720675021813e+00
5.948375651571631728e+00
5.948337415294454367e+00
5.948090821584417931e+00
5.947644744036450604e+00
5.947004595814004091e+00
5.946167366621745387e+00
5.945123374653709547e+00
5.943873961461437538e+00
5.942408946050059093e+00
5.940717376960169105e+00
5.938797790003666144e+00
5.936645100010283116e+00
5.934255625201112494e+00
5.931626128745919324e+00
5.928752384079342796e+00
5.925637694490795582e+00
5.922287005079632571e+00
5.918691925598031034e+00
5.914865206373578488e+00
5.910803796840554902e+00
5.906515031946545591e+00
5.901994715226537735e+00
5.897238512230760676e+00
5.892246603561289042e+00
5.887019885373955930e+00
5.881545694065933638e+00
5.875837931824570148e+00
5.869887253237609848e+00
5.863693092656975026e+00
5.857256220770722166e+00
5.850589680267220594e+00
5.843677006555443754e+00
5.836540326071625984e+00
5.829173404169923245e+00
5.821594585371857811e+00
5.813804534865265161e+00
5.805802891445999592e+00
5.797594965887909346e+00
5.789195524645690760e+00
5.780597469402199096e+00
5.771827998352890177e+00
5.762884092522506663e+00
5.753772096229437416e+00
5.744502033186796197e+00
5.735068110419157428e+00
5.725493061138037909e+00
5.715778433872108266e+00
5.705942933154944718e+00
5.696007267428282894e+00
5.685965427351836965e+00
5.675845492077712606e+00
5.665644047451858789e+00
5.655386161995774152e+00
5.645082884026413339e+00
5.634740549517517572e+00
5.624371513319854188e+00
5.613994531823043310e+00
5.603607129050140578e+00
5.593228873206023799e+00
5.582865480376128176e+00
5.572529649926070583e+00
5.562233455372695090e+00
5.551987116528395383e+00
5.541799442959669975e+00
5.531681512785795896e+00
5.521645950270536396e+00
5.511703884793165642e+00
5.501869404507520933e+00
5.492151552630308409e+00
5.482553682518842564e+00
5.473085209918859384e+00
5.463748121453169126e+00
5.454551095558050733e+00
5.445495422674063057e+00
5.436581330490949604e+00
5.427816696954610443e+00
5.419201982808950824e+00
5.410736803007964113e+00
5.402423833800200192e+00
5.394264298869017260e+00
5.386267261100654125e+00
5.378431979609374025e+00
5.370765955043677486e+00
5.363267193628194818e+00
5.355935971332434598e+00
5.348780087424162666e+00
5.341795287919883783e+00
5.334986912203675047e+00
5.328355786991958887e+00
5.321905650092010553e+00
5.315636052084808050e+00
5.309543698621634888e+00
5.303631390524749634e+00
5.297900619102363429e+00
5.292352951956634577e+00
5.286988237691764958e+00
5.281804335904960901e+00
5.276806520117168553e+00
5.271993008149509663e+00
5.267366531980877120e+00
5.262925812197571496e+00
5.258667859030610181e+00
5.254599572909718574e+00
5.250727345240956190e+00
5.247043500436191721e+00
5.243559395266418122e+00
5.240273602796439611e+00
5.237192396713142628e+00
5.234319850099926619e+00
5.231650473369008125e+00
5.229186480236894141e+00
5.226932015312558022e+00
5.224885893357640754e+00
5.223052130086069944e+00
5.221410648716336311e+00
5.219972696197872963e+00
5.218722689939385262e+00
5.217662097407227861e+00
5.216784184319621431e+00
5.216076176879650639e+00
5.215532879722958093e+00
5.215129214605037866e+00
5.214857686986868579e+00
5.214710761462991506e+00
5.214680809232594250e+00
5.214747959024460755e+00
5.214907975516470451e+00
5.215137643686683866e+00
5.215423831532898014e+00
5.215750667828323195e+00
5.216102878081799510e+00
5.216461698862910445e+00
5.216815636868775030e+00
5.217140049304069827e+00
5.217423456593603071e+00
5.217649995687605013e+00
5.217800000080096368e+00
5.217859488104658716e+00
5.217813163719328351e+00
5.217643713413925077e+00
5.217337381432953336e+00
5.216882581341269365e+00
5.216263906772437231e+00
5.215474343340100738e+00
5.214502642716468017e+00
5.213344892303645395e+00
5.211993403474986408e+00
5.210452089498936346e+00
5.208716005276142980e+00
5.206791048239171715e+00
5.204672679941356073e+00
5.202368033121525848e+00
5.199876857738198410e+00
5.197212471406163381e+00
5.194381527344883231e+00
5.191388392190636303e+00
5.188245524506272410e+00
5.184959338943661677e+00
5.181546970348061443e+00
5.178013308684530358e+00
5.174385661225022304e+00
5.170675065259636050e+00
5.166898247043789638e+00
5.163069152872265200e+00
5.159212522248925126e+00
5.155339311997595431e+00
5.151470148007573968e+00
5.147623156945409839e+00
5.143813650350275601e+00
5.140057860355082830e+00
5.136372166316215626e+00
5.132773796360198482e+00
5.129269386868182679e+00
5.125875886420909744e+00
5.122603636722271148e+00
5.119465359191601728e+00
5.116469269733135761e+00
5.113627859096233408e+00
5.110950801710788305e+00
5.108447030226889396e+00
5.106117596666519098e+00
5.103975631783906231e+00
5.102021789292995102e+00
5.100261056314413288e+00
5.098698760460321999e+00
5.097336908917133869e+00
5.096168081577126863e+00
5.095204010571544373e+00
5.094435244764391690e+00
5.093860867883269528e+00
5.093494982126359538e+00
5.093329142614458682e+00
5.093367421001387285e+00
5.093598803270800168e+00
5.094018569465919910e+00
5.094628628891154420e+00
5.095411715831799526e+00
5.096364303779049365e+00
5.097475456174655584e+00
5.098721024420305170e+00
5.100090564813657856e+00
5.101563551005168229e+00
5.103127901133341027e+00
5.104764719631713632e+00
5.106461185392181967e+00
5.108200283225816207e+00
5.109971508111994076e+00
5.111755478557388876e+00
5.113541336532871462e+00
5.115314144667427065e+00
5.117060150232354943e+00
5.118766376253407024e+00
5.120420462664405648e+00
5.122010679569283909e+00
5.123526247468034533e+00
5.124957151290218782e+00
5.126295092430154909e+00
5.127534979533592718e+00
5.128672125365772771e+00
5.129705707457103969e+00
5.130628278132714826e+00
5.131440036397615145e+00
5.132136895980874414e+00
5.132715738404732164e+00
5.133172545347552962e+00
5.133507793944517950e+00
5.133714038830439641e+00
5.133793593149821533e+00
5.133739134565185935e+00
5.133549243964445452e+00
5.133226402968357860e+00
5.132769925862740834e+00
5.132178215503881979e+00
5.131449617117833206e+00
5.130580078035781533e+00
5.129574061155507181e+00
5.128430861279556829e+00
5.127151182040760702e+00
5.125737198040078546e+00
5.124192899808476476e+00
5.122523808226177700e+00
5.120738409802506830e+00
5.118841200217793208e+00
5.116842865541767260e+00
5.114747344449352084e+00
5.112568285957168612e+00
5.110312883749791979e+00
5.107986839905569454e+00
5.105600837663003766e+00
5.103158639267275198e+00
5.100673838004657235e+00
5.098149929687568971e+00
5.095599629625866100e+00
5.093035407409259641e+00
5.090470885977335769e+00
5.087915018543788470e+00
5.085385236188955993e+00
5.082890974179097299e+00
5.080446305319854083e+00
5.078063720062561792e+00
5.075755742982217100e+00
5.073534389034101366e+00
5.071412458166667747e+00
5.069405808195659446e+00
5.067523161515780750e+00
5.065779299333879493e+00
5.064186971381494651e+00
5.062754063055106890e+00
5.061487288370915216e+00
5.060391442597098610e+00
5.059470829934067382e+00
5.058738765090889267e+00
5.058188304126447044e+00
5.057825211070662519e+00
5.057636518858559249e+00
5.057630109952367725e+00
5.057802870122320549e+00
5.058153534641093962e+00
5.058681939167506414e+00
5.059368243513233665e+00
5.060210922581680038e+00
5.061188419384487602e+00
5.062299056870468661e+00
5.063529267681368573e+00
5.064871499312646463e+00
5.066310102117784098e+00
5.067831755799777405e+00
5.069410359782703601e+00
5.071035381329783931e+00
5.072681341690548962e+00
5.074329728407390938e+00
5.075961767954356496e+00
5.077557871562965452e+00
5.079097045881279193e+00
5.080563335639959988e+00
5.081936902327067074e+00
5.083204746169572630e+00
5.084354854894405307e+00
5.085376617757207285e+00
5.086259975133068600e+00
5.086995763850933550e+00
5.087575646897382065e+00
5.087990588916069257e+00
5.088232178518152793e+00
5.088291415635100456e+00
5.088160312750912517e+00
5.087838887923932241e+00
5.087320950010395748e+00
5.086608583533741346e+00
5.085697083452321188e+00
5.084588836708641146e+00
5.083287603089190476e+00
5.081798295208789007e+00
5.080124749073363866e+00
5.078279690572597538e+00
5.076270404288153237e+00
5.074103677251915911e+00
5.071786518374067576e+00
5.069328240284305842e+00
5.066740198263508077e+00
5.064035923013072704e+00
5.061230259367804685e+00
5.058333864042143801e+00
5.055358080992083281e+00
5.052316416928152698e+00
5.049218671449999363e+00
5.046073531636576348e+00
5.042895264753679996e+00
5.039698211976865849e+00
5.036496882268766129e+00
5.033304026851038060e+00
5.030138379165509654e+00
5.027012361118177175e+00
5.023941971489766622e+00
5.020941400954106903e+00
5.018027786442616822e+00
5.015214366742948293e+00
5.012516101428845516e+00
5.009944053420403165e+00
5.007512104043343015e+00
5.005228852012731267e+00
5.003104452618934772e+00
5.001149630674698976e+00
4.999374015310385388e+00
4.997786949107029031e+00
4.996407231071569477e+00
4.995234661230422368e+00
4.994280575790979171e+00
4.993562464693166447e+00
4.993082138279057780e+00
4.992845126574463777e+00
4.992851840722794421e+00
4.993104007746512529e+00
4.993615850079292429e+00
4.994378060418600107e+00
4.995393560099834040e+00
4.996651852298014340e+00
4.998150725084775203e+00
4.999887274670832049e+00
5.001839730608695689e+00
5.004003324526780538e+00
5.006371319759124638e+00
5.008928680885071927e+00
5.011659130025143405e+00
5.014534978735680326e+00
5.017545691299671873e+00
5.020674618947740697e+00
5.023905798363920816e+00
5.027221593427892543e+00
5.030607461500402167e+00
5.034046796131368851e+00
5.037519715595480285e+00
5.041016226876016582e+00
5.044521398115392685e+00
5.048027855324979996e+00
5.051523263323542068e+00
5.054993815291162207e+00
5.058424202370876976e+00
5.061798613238567945e+00
5.065100399720901869e+00
5.068314927089446975e+00
5.071432032156223180e+00
5.074440857637160462e+00
5.077333387005561249e+00
5.080101468730204850e+00
5.082738882768386368e+00
5.085235984939568965e+00
5.087588749695056478e+00
5.089788817185396219e+00
5.091829802561039564e+00
5.093704541045659617e+00
5.095408625173800665e+00
5.096934575307600745e+00
5.098275969493620607e+00
5.099436225387686150e+00
5.100410743746393472e+00
5.101205959859722583e+00
5.101815903875463576e+00
5.102247372809284975e+00
5.102493277359241297e+00
5.102557619795621058e+00
5.102444191160098619e+00
5.102148746191011774e+00
5.101676474003541628e+00
5.101032067848790597e+00
5.100221088244069279e+00
5.099248585267413425e+00
5.098113313256252610e+00
5.096816947399128495e+00
5.095364908216942545e+00
5.093761052130212796e+00
5.092014069198123494e+00
5.090128031013958498e+00
5.088113359747880260e+00
5.085973801998846078e+00
5.083720779059879291e+00
5.081361939995043819e+00
5.078904171524993849e+00
5.076359372673980630e+00
5.073736741481772228e+00
5.071051551340570285e+00
5.068312896429052472e+00
5.065532321868886356e+00
5.062723464308728438e+00
5.059896098910320994e+00
5.057066906629550829e+00
5.054245113371361064e+00
5.051443967758167730e+00
5.048676216541279516e+00
5.045954300402153869e+00
5.043288645683277949e+00
5.040692967115391276e+00
5.038178408382881557e+00
5.035756276039828450e+00
5.033442169515837783e+00
5.031243827132930058e+00
5.029174238382329243e+00
5.027238377122629664e+00
5.025449309884060689e+00
5.023817131011236725e+00
5.022347549139012379e+00
5.021046125678767069e+00
5.019915954186071616e+00
5.018959784819234216e+00
5.018178949742068795e+00
5.017574186040510753e+00
5.017145884199489814e+00
5.016895713689226710e+00
5.016821571383115241e+00
5.016935807093467758e+00
5.017229890785601221e+00
5.017698777541006905e+00
5.018346735164010752e+00
5.019163774698459868e+00
5.020150240063156133e+00
5.021293877735223177e+00
5.022590944691981640e+00
5.024038766845549731e+00
5.025610390230500713e+00
5.027306101992214948e+00
5.029112026020373882e+00
5.031020276471460662e+00
5.033021297081792689e+00
5.035100343897426889e+00
5.037242685481394311e+00
5.039438261910762051e+00
5.041661038919771798e+00
5.043899761661375436e+00
5.046136367395008371e+00
5.048351115807379053e+00
5.050527302100743299e+00
5.052650911434973580e+00
5.054701522662723434e+00
5.056665462627495167e+00
5.058526773377740149e+00
5.060269986763085370e+00
5.061886576637114388e+00
5.063364209755744305e+00
5.064697077050293927e+00
5.065874369069422123e+00
5.066891045346345379e+00
5.067736761941994850e+00
5.068406972959127010e+00
5.068900111093605609e+00
5.069215657412494913e+00
5.069352602175857925e+00
5.069312188638796179e+00
5.069094097404231114e+00
5.068702336041678969e+00
5.068134764520872970e+00
5.067395735471000862e+00
5.066488495259037883e+00
5.065419534458272643e+00
5.064194898246283216e+00
5.062814703373664571e+00
5.061286928145641184e+00
5.059616023092025294e+00
5.057807762412779518e+00
5.055869752852670373e+00
5.053811017362825453e+00
5.051641869334928536e+00
5.049368994174949776e+00
5.047002852796070194e+00
5.044554139612668742e+00
5.042029206989759871e+00
5.039438894330019458e+00
5.036797923682685862e+00
5.034117568074221616e+00
5.031416951952929040e+00
5.028703806339257731e+00
5.025998223362917017e+00
5.023315358398908081e+00
5.020668103037827734e+00
5.018072257278912041e+00
5.015544588504784684e+00
5.013097670017236496e+00
5.010747270374053208e+00
5.008510983525269467e+00
5.006399560956709571e+00
5.004428449957125657e+00
5.002603153823367954e+00
5.000943790613166406e+00
4.999456811784259713e+00
4.998152105449191751e+00
4.997036029486410236e+00
4.996122658787720106e+00
4.995412363795987964e+00
4.994920128411106219e+00
4.994649228522978213e+00
4.994602733225986135e+00
4.994779460569336749e+00
4.995187810165300668e+00
4.995827895877376079e+00
4.996698198122397017e+00
4.997801303071394585e+00
4.999151871008292503e+00
5.000739745301619799e+00
5.002565031004563068e+00
5.004620620561256672e+00
5.006901550841943660e+00
5.009407263947146305e+00
5.012112369490282937e+00
5.015013247085231107e+00
5.018089592409746835e+00
5.021338126314299544e+00
5.024733950746672839e+00
5.028268522275107344e+00
5.031920480383055505e+00
5.035667181265966796e+00
5.039496960294861161e+00
5.043394637060779395e+00
5.047353580248969962e+00
5.051355787170547451e+00
5.055387877774853322e+00
5.059429805529734203e+00
5.063467538607736351e+00
5.067481523407121990e+00
5.071454499316833342e+00
5.075369946909569663e+00
5.079210677993916789e+00
5.082960125458859224e+00
5.086601016772411832e+00
5.090121410143993330e+00
5.093501831246039835e+00
5.096732298088690882e+00
5.099801447046418801e+00
5.102696004462858426e+00
5.105402671051642471e+00
5.107916983318945725e+00
5.110224349302669999e+00
5.112327400398870125e+00
5.114220724356790093e+00
5.115904112113137003e+00
5.117369703454394347e+00
5.118625322831292124e+00
5.119657563818115875e+00
5.120472248075027544e+00
5.121062755351383444e+00
5.121429374580699800e+00
5.121565006523820962e+00
5.121470855837183755e+00
5.121155244474727475e+00
5.120617148940878494e+00
5.119859337126332122e+00
5.118887063404040205e+00
5.117699645077303572e+00
5.116305338358000832e+00
5.114704480831937516e+00
5.112900904183702799e+00
5.110902888392525156e+00
5.108716462766247801e+00
5.106349885677414768e+00
5.103818557774144615e+00
5.101129750227051396e+00
5.098299270783979154e+00
5.095337424491960476e+00
5.092264060889799104e+00
5.089095197831709605e+00
5.085843750154095844e+00
5.082525433217603528e+00
5.079155821119863745e+00
5.075753453587609876e+00
5.072334753190595791e+00
5.068913101469594729e+00
5.065508309220392746e+00
5.062132850503045844e+00
5.058804069971162498e+00
5.055538219427186952e+00
5.052347439741213364e+00
5.049243482565004548e+00
5.046236771856864145e+00
5.043337044333537023e+00
5.040560364340861632e+00
5.037909939800819359e+00
5.035396056090911898e+00
5.033025621985515841e+00
5.030803107832988452e+00
5.028730860268194824e+00
5.026823315536101511e+00
5.025077225034554118e+00
5.023493736152966349e+00
5.022082307850440408e+00
5.020841020112355224e+00
5.019760415395220221e+00
5.018854660754521468e+00
5.018111866702754220e+00
5.017535983612257944e+00
5.017122852382678744e+00
5.016867989925165361e+00
5.016780371181163822e+00
5.016845364630651005e+00
5.017069301143718185e+00
5.017439842656684412e+00
5.017962299384605807e+00
5.018633541487585781e+00
5.019444678895604639e+00
5.020394593723547239e+00
5.021484478809367324e+00
5.022707181223165840e+00
5.024056111224425081e+00
5.025519971646798645e+00
5.027090323217644041e+00
5.028755631544128413e+00
5.030506652392879197e+00
5.032330418028369223e+00
5.034219981082215689e+00
5.036155296363368450e+00
5.038120438851848348e+00
5.040093098380102887e+00
5.042056110598578833e+00
5.043987750210299659e+00
5.045868646748795427e+00
5.047680036224856615e+00
5.049404296674267378e+00
5.051028544404045029e+00
5.052535901017919606e+00
5.053916922308936854e+00
5.055163941704169162e+00
5.056271571688786715e+00
5.057232078485623283e+00
5.058045715563432410e+00
5.058702377401724348e+00
5.059201342858806960e+00
5.059539955169395142e+00
5.059713995609864234e+00
5.059718583421572546e+00
5.059556818520441368e+00
5.059218894308223469e+00
5.058702971963003669e+00
5.058019432006195970e+00
5.057162142200188448e+00
5.056143400473313676e+00
5.054958352325276572e+00
5.053614851264075725e+00
5.052120942352130939e+00
5.050479425368620490e+00
5.048705660132481121e+00
5.046803622422530111e+00
5.044784024534537004e+00
5.042656568465543998e+00
5.040432101366831397e+00
5.038120755878997770e+00
5.035732133565259616e+00
5.033275363622022880e+00
5.030762555179906670e+00
5.028206014809917690e+00
5.025617407141039550e+00
5.023007914898704129e+00
5.020389857766937247e+00
5.017775577483485350e+00
5.015171920535873795e+00
5.012589909909079822e+00
5.010037626502822583e+00
5.007524860976050540e+00
5.005060221580574620e+00
5.002653664378234666e+00
5.000311618027994953e+00
4.998046143976758060e+00
4.995863012103149536e+00
4.993772171167443652e+00
4.991783327488016120e+00
4.989905014065811883e+00
4.988143055168698936e+00
4.986513930586885301e+00
4.985016844002317704e+00
4.983664784608196285e+00
4.982466751960825668e+00
4.981428757486653147e+00
4.980558417467189081e+00
4.979866895032833973e+00
4.979363665533970362e+00
4.979057702226350912e+00
4.978945148093412598e+00
4.979038962237323673e+00
4.979339246079113046e+00
4.979854026250328580e+00
4.980589206404771652e+00
4.981540528423871628e+00
4.982725228853311705e+00
4.984144308753099217e+00
4.985795274711931846e+00
4.987680836953009234e+00
4.989792081303681570e+00
4.992139276750172883e+00
4.994714069850529903e+00
4.997513757236088594e+00
5.000524811334694064e+00
5.003732847757423663e+00
5.007129949219312870e+00
5.010696552283850913e+00
5.014418232627003036e+00
5.018274532146542732e+00
5.022245073802561244e+00
5.026311836130710198e+00
5.030456644780726627e+00
5.034659471995922786e+00
5.038900189287754294e+00
5.043159262127968390e+00
5.047417383678051372e+00
5.051662654764743188e+00
5.055883858389945473e+00
5.060070059783550178e+00
5.064212852604480730e+00
5.068304187841507158e+00
5.072337030954453319e+00
5.076301672644706109e+00
5.080193768329710480e+00
5.084003962762444928e+00
5.087727509028999506e+00
5.091352710611908527e+00
5.094873613305179738e+00
5.098283513970462089e+00
5.101571884639350074e+00
5.104738681502428932e+00
5.107772939987269112e+00
5.110674534030048122e+00
5.113432498164264040e+00
5.116040895767299368e+00
5.118496348894922221e+00
5.120792820788709676e+00
5.122919711656658492e+00
5.124880405999510558e+00
5.126663453466981935e+00
5.128265102989763236e+00
5.129684945978016053e+00
5.130919275097340915e+00
5.131958541758150361e+00
5.132805983684748163e+00
5.133465484566777093e+00
5.133935486189811215e+00
5.134211389943747150e+00
5.134283501547550976e+00
5.134151528537993059e+00
5.133819112167481435e+00
5.133285894528750504e+00
5.132552045271520313e+00
5.131627075806980187e+00
5.130505796060685242e+00
5.129193956986789260e+00
5.127697368846062531e+00
5.126023622737052143e+00
5.124180378452662055e+00
5.122172979996327591e+00
5.120009636119727148e+00
5.117695620194797179e+00
5.115243365601425118e+00
5.112665210501080360e+00
5.109972196058160776e+00
5.107178315059073270e+00
5.104289007619745355e+00
5.101323716179258838e+00
5.098293987647420700e+00
5.095218846038706673e+00
5.092114023999101846e+00
5.088993430272467755e+00
5.085873451069720552e+00
5.082773239151366695e+00
5.079702400998003853e+00
5.076679495409853971e+00
5.073718819455034890e+00
5.070832737819083391e+00
5.068036436871416583e+00
5.065343202487356145e+00
5.062768403128511174e+00
5.060323022738820065e+00
5.058023325339680909e+00
5.055876769558315331e+00
5.053895521447781647e+00
5.052087637767914252e+00
5.050465989992741100e+00
5.049033674136523153e+00
5.047807105914477788e+00
5.046784726367119056e+00
5.045971421957735181e+00
5.045375066236381656e+00
5.045000193440143832e+00
5.044846989786972991e+00
5.044924482521390807e+00
5.045245159868872342e+00
5.045803234507119761e+00
5.046609479714906143e+00
5.047668267865455860e+00
5.048972591240680430e+00
5.050517443646466376e+00
5.052291427482640707e+00
5.054282482792412878e+00
5.056487828572070242e+00
5.058881617118393237e+00
5.061443639029536534e+00
5.064155458141837762e+00
5.066999858249698896e+00
5.069964376319919808e+00
5.073025569547689351e+00
5.076165247489488053e+00
5.079373539914167957e+00
5.082631077398337638e+00
5.085924245943106214e+00
5.089233322371518042e+00
5.092543213297402893e+00
5.095841157366310270e+00
5.099116615284954968e+00
5.102357947160280460e+00
5.105550509323156128e+00
5.108683327068365365e+00
5.111745644141710621e+00
5.114729158212221627e+00
5.117624486912761839e+00
5.120424168337856408e+00
5.123120829392944664e+00
5.125705622960602170e+00
5.128173582185779900e+00
5.130515934456861160e+00
5.132725895722186849e+00
5.134797540535008586e+00
5.136724322219169636e+00
5.138496913541830580e+00
5.140113784451759038e+00
5.141565016587055226e+00
5.142844734419859343e+00
5.143949427907146266e+00
5.144873597998893544e+00
5.145606793989218275e+00
5.146152355787134702e+00
5.146498955008363296e+00
5.146642024512192215e+00
5.146580822141628708e+00
5.146306450599591464e+00
5.145823636473874529e+00
5.145136749492745132e+00
5.144248836384872625e+00
5.143158649327019383e+00
5.141874948562839442e+00
5.140389534504869573e+00
5.138705451907377153e+00
5.136836992474060004e+00
5.134786463500719655e+00
5.132566107781392439e+00
5.130174029143316439e+00
5.127619244130118048e+00
5.124908596845133779e+00
5.122051007421478452e+00
5.119050755472644987e+00
5.115925340624317919e+00
5.112683346541389007e+00
5.109338853331074404e+00
5.105904510887131487e+00
5.102389760883318637e+00
5.098809843929277719e+00
5.095178654761778780e+00
5.091511931391226931e+00
5.087822211654649429e+00
5.084122619004711296e+00
5.080425956519110997e+00
5.076744962008459261e+00
5.073091225595934617e+00
5.069478477211459833e+00
5.065918359132274063e+00
5.062419548304543326e+00
5.058995928140149978e+00
5.055653149755464426e+00
5.052403081031308751e+00
5.049255626471506275e+00
5.046218917937742354e+00
5.043299918444620999e+00
5.040513631971347053e+00
5.037861644597517952e+00
5.035356436045634432e+00
5.033006995292174324e+00
5.030820141406524115e+00
5.028802600772845466e+00
5.026970240892636888e+00
5.025320724518763882e+00
5.023873267890679450e+00
5.022636370183694687e+00
5.021620754571426204e+00
5.020840882779825876e+00
5.020304135316777661e+00
5.020015024011748928e+00
5.019986431300433871e+00
5.020203510429503524e+00
5.020670279878915565e+00
5.021388334575832779e+00
5.022350094262303166e+00
5.023553725052417818e+00
5.025005180258097504e+00
5.026690583545508240e+00
5.028607850689234660e+00
5.030749884117187598e+00
5.033088930863678812e+00
5.035617292243778742e+00
5.038307796437085706e+00
5.041152961868584192e+00
5.044134208280383724e+00
5.047223910111724443e+00
5.050410252827940205e+00
5.053665072638329647e+00
5.056977065820035477e+00
5.060324328858194498e+00
5.063692447263537844e+00
5.067064326125917617e+00
5.070423795897301744e+00
5.073755274731453824e+00
5.077044750768480164e+00
5.080275369304953159e+00
5.083432633299168835e+00
5.086503109950361257e+00
5.089471395332154202e+00
5.092325927931604213e+00
5.095050167757806392e+00
5.097636535484132203e+00
5.100068098176059550e+00
5.102335531879004904e+00
5.104423859882889047e+00
5.106327834743796146e+00
5.108037483114538979e+00
5.109549048859415521e+00
5.110861847568092919e+00
5.111971828881441304e+00
5.112869822475848203e+00
5.113559926319656945e+00
5.114032410029111908e+00
5.114283359944609586e+00
5.114323237077122997e+00
5.114146026395983036e+00
5.113762067728465865e+00
5.113165420577652220e+00
5.112362656057602983e+00
5.111359755606182276e+00
5.110155573175081400e+00
5.108755896673330632e+00
5.107167655811438500e+00
5.105400818125137796e+00
5.103464510277638588e+00
5.101367804244886450e+00
5.099122098521123192e+00
5.096739984289537340e+00
5.094233636692892198e+00
5.091621260777841940e+00
5.088910256163011958e+00
5.086113467053305470e+00
5.083244643644225569e+00
5.080315086082350717e+00
5.077338869706522928e+00
5.074331510797870592e+00
5.071301692561043239e+00
5.068268774286640799e+00
5.065242357388867411e+00
5.062237019971743024e+00
5.059266024664775152e+00
5.056342525318994419e+00
5.053478156463040882e+00
5.050687782005204518e+00
5.047981636957064033e+00
5.045373596087828538e+00
5.042875723675623867e+00
5.040499861077203825e+00
5.038259157673254052e+00
5.036164289847746112e+00
5.034227466718092181e+00
5.032467569545641339e+00
5.030888648167982424e+00
5.029505557403698646e+00
5.028320150733724070e+00
5.027344668940439298e+00
5.026585889518991657e+00
5.026048214756682952e+00
5.025734222740665835e+00
5.025660109789841457e+00
5.025821953331851333e+00
5.026226412569903879e+00
5.026869462793492893e+00
5.027754413550519885e+00
5.028871772577787169e+00
5.030225228806758153e+00
5.031819272031807344e+00
5.033647201498769874e+00
5.035702659329198028e+00
5.037976673682950768e+00
5.040458802869342669e+00
5.043150038411639891e+00
5.046026651253722406e+00
5.049068778147718817e+00
5.052258231630347041e+00
5.055578643968127395e+00
5.059015502026103839e+00
5.062551750233197367e+00
5.066177962114833733e+00
5.069869832386993735e+00
5.073610471775555020e+00
5.077375530889058020e+00
5.081148135950590117e+00
5.084909251322772050e+00
5.088642476191545860e+00
5.092331222584273398e+00
5.095959361782099961e+00
5.099512152364279238e+00
5.102974737277055972e+00
5.106333664050126231e+00
5.109572648396516037e+00
5.112684070458435315e+00
5.115653170337700395e+00
5.118468636860871612e+00
5.121121992459321426e+00
5.123602912863517211e+00
5.125897119184756434e+00
5.128004602184319083e+00
5.129911659052395656e+00
5.131611117711091019e+00
5.133099112203145076e+00
5.134368221452260350e+00
5.135405222317003471e+00
5.136212505763196212e+00
5.136776249138437223e+00
5.137086175223611662e+00
5.137155284546115475e+00
5.136972264684535716e+00
5.136545684374667076e+00
5.135865281782841407e+00
5.134934369362689210e+00
5.133760627619721184e+00
5.132340209595658287e+00
5.130682493559814539e+00
5.128794133178688597e+00
5.126677475087142888e+00
5.124338083229758034e+00
5.121785512231089577e+00
5.119028720818260325e+00
5.116082321367957597e+00
5.112952033839920141e+00
5.109657973013617571e+00
5.106206380389430421e+00
5.102618420384625431e+00
5.098914684317807477e+00
5.095098194740513620e+00
5.091191922984816820e+00
5.087200751267173970e+00
5.083148441873290402e+00
5.079050514958598939e+00
5.074919154308536129e+00
5.070770521722534063e+00
5.066626186631419948e+00
5.062492145560481660e+00
5.058389988206126731e+00
5.054331182800032352e+00
5.050332883260943539e+00
5.046410520635344454e+00
5.042577410898902102e+00
5.038852574787832772e+00
5.035246201418138945e+00
5.031771978996493644e+00
5.028438639007307920e+00
5.025260281823374697e+00
5.022242276333072297e+00
5.019398652575709718e+00
5.016738536022403494e+00
5.014273085407713104e+00
5.012004841677644151e+00
5.009944281838634161e+00
5.008094369880655705e+00
5.006460373513200501e+00
5.005045491866567886e+00
5.003858244679668665e+00
5.002898482419350756e+00
5.002176698930361987e+00
5.001706443875828079e+00
5.001484668943831480e+00
5.001524955415897367e+00
5.001817637579314635e+00
5.002372123012118976e+00
5.003192342752391220e+00
5.004259240114861562e+00
5.005580256366902070e+00
5.007150042289667979e+00
5.008968639457397565e+00
5.011022773468665648e+00
5.013321315729787564e+00
5.015840147221257261e+00
5.018556011700798791e+00
5.021456127250363721e+00
5.024515611314942731e+00
5.027729392433336386e+00
5.031067404234579321e+00
5.034524775529078511e+00
5.038070282721689885e+00
5.041684503042868748e+00
5.045345088625125207e+00
5.049031531298331821e+00
5.052719417298010995e+00
5.056391048216990924e+00
5.060025592827967600e+00
5.063615844035319391e+00
5.067148616397551208e+00
5.070611062431504834e+00
5.073992902422120643e+00
5.077288518333603839e+00
5.080492402994800649e+00
5.083597130561042121e+00
5.086601125085521424e+00
5.089496100628543296e+00
5.092280887448954907e+00
5.094948747837710457e+00
5.097497073793578082e+00
5.099921579593586607e+00
5.102210692101883716e+00
5.104362887674737337e+00
5.106367529267240357e+00
5.108224055552650356e+00
5.109923420185019438e+00
5.111458345288206750e+00
5.112821751022507577e+00
5.114010644266179462e+00
5.115012448066643458e+00
5.115824064472488608e+00
5.116438199961357292e+00
5.116843332396619815e+00
5.117034651273661083e+00
5.117003763357444335e+00
5.116752662642195304e+00
5.116280988773598715e+00
5.115587572327149779e+00
5.114672749808323537e+00
5.113547707667840392e+00
5.112197688093674586e+00
5.110635584911597640e+00
5.108862804493201182e+00
5.106880747994674508e+00
5.104704207649721326e+00
5.102326885929597822e+00
5.099762223234667324e+00
5.097013274004949857e+00
5.094092424681676334e+00
5.091009027233614148e+00
5.087777013352408062e+00
5.084402140548720084e+00
5.080900376906885896e+00
5.077284170260920604e+00
5.073567593863501202e+00
5.069760770967498331e+00
5.065879398158087632e+00
5.061939544549479919e+00
5.057952537110342206e+00
5.053929516246808973e+00
5.049879618158830574e+00
5.045816905370247518e+00
5.041755592396747865e+00
5.037706872096549660e+00
5.033681642582904736e+00
5.029690563550483162e+00
5.025741142800342232e+00
5.021848243048678384e+00
5.018021934202204548e+00
5.014275804331789210e+00
5.010617022982129853e+00
5.007052029243001634e+00
5.003586901894101935e+00
5.000233112147341785e+00
4.996987495294104242e+00
4.993862116208563684e+00
4.990854302218447280e+00
4.987977122536192631e+00
4.985234058967123794e+00
4.982628123631965167e+00
4.980162474980842191e+00
4.977849169990312461e+00
4.975679285099994686e+00
4.973666243126880993e+00
4.971806891581309173e+00
4.970107005706322134e+00
4.968574041148912990e+00
4.967202547362340681e+00
4.966000721326364165e+00
4.964974929711116758e+00
4.964130328467383002e+00
4.963467501646175783e+00
4.962989197356893811e+00
4.962692874485894912e+00
4.962585695835097788e+00
4.962667314486846060e+00
4.962923186181381396e+00
4.963362704200938502e+00
4.963976872025325449e+00
4.964767646624043351e+00
4.965730859993294111e+00
4.966872412545874305e+00
4.968182511909200905e+00
4.969666127546026324e+00
4.971321459843114354e+00
4.973152876628832431e+00
4.975152358396248253e+00
4.977322005315021336e+00
4.979660927338795062e+00
4.982163389308647439e+00
4.984816281480984657e+00
4.987619916482166182e+00
4.990550603850080869e+00
4.993596869094564461e+00
4.996747563762857780e+00
4.999989752156928091e+00
5.003307002170279461e+00
5.006678159518434867e+00
5.010083065314486106e+00
5.013510569019510754e+00
5.016939826591206852e+00
5.020353516323758036e+00
5.023738610131932347e+00
5.027078617496680835e+00
5.030364063663673058e+00
5.033582815809440447e+00
5.036725119335842216e+00
5.039776045365525370e+00
5.042729186697198607e+00
5.045572156889631010e+00
5.048292266113951321e+00
5.050882461352541597e+00
5.053333092017367356e+00
5.055630123300746348e+00
5.057768934948638773e+00
5.059738344533637466e+00
5.061523580683664036e+00
5.063124973906472093e+00
5.064539125396207098e+00
5.065756531117751926e+00
5.066775628535344467e+00
5.067596816702081952e+00
5.068219950406148477e+00
5.068649923486903575e+00
5.068885103522137392e+00
5.068926977512695942e+00
5.068774135017106275e+00
5.068428002612004768e+00
5.067890488260696102e+00
5.067172937893579032e+00
5.066273694836805674e+00
5.065204096489857477e+00
5.063966670387696212e+00
5.062569991701553640e+00
5.061017446422289012e+00
5.059318267011353676e+00
5.057483989500711097e+00
5.055525055432031678e+00
5.053456808978030068e+00
5.051285893374393154e+00
5.049022838377664080e+00
5.046682268136451377e+00
5.044272678845832303e+00
5.041813679539869142e+00
5.039313219690033208e+00
5.036782770955273492e+00
5.034231919550605561e+00
5.031674869262881877e+00
5.029114802086064095e+00
5.026565316223810420e+00
5.024035417639921342e+00
5.021532452010819547e+00
5.019063726269910930e+00
5.016642936074446446e+00
5.014273381435583765e+00
5.011963549756716318e+00
5.009725525879572317e+00
5.007563728594492503e+00
5.005483981871317489e+00
5.003498941862296157e+00
5.001613524907539521e+00
4.999829622858474210e+00
4.998160977714964481e+00
4.996609156930157170e+00
4.995176077538438619e+00
4.993874658697553315e+00
4.992708807193943166e+00
4.991673592382380065e+00
4.990788144820639261e+00
4.990045333036491115e+00
4.989465595350870863e+00
4.989057308637806720e+00
4.988807668813772800e+00
4.988731386733509687e+00
4.988831043389894582e+00
4.989112942514278615e+00
4.989580296498991707e+00
4.990237762701966062e+00
4.991080935222365511e+00
4.992110961747624920e+00
4.993320481923679388e+00
4.994710105506042552e+00
4.996273903546194717e+00
4.998004662392001585e+00
4.999888972190480452e+00
5.001907668707231913e+00
5.004048707929710460e+00
5.006301480976203422e+00
5.008644539860346967e+00
5.011059997228243468e+00
5.013529619274000204e+00
5.016033242044309226e+00
5.018559617397644779e+00
5.021090219912387909e+00
5.023611077663757918e+00
5.026108300683357122e+00
5.028567360041000356e+00
5.030973111984588186e+00
5.033311825690127250e+00
5.035569017526961844e+00
5.037732317147112227e+00
5.039786266980028628e+00
5.041721123454428799e+00
5.043526261744356809e+00
5.045191301402902617e+00
5.046708128747797062e+00
5.048071399775601265e+00
5.049267876145697720e+00
5.050291341093637421e+00
5.051138889563538292e+00
5.051796678153134934e+00
5.052263334353721547e+00
5.052528672793215492e+00
5.052596464783220220e+00
5.052460519822581375e+00
5.052121748628361608e+00
5.051586242059513232e+00
5.050858137423440475e+00
5.049934720957919509e+00
5.048823980355902741e+00
5.047525746638222621e+00
5.046053967589779532e+00
5.044412303680822163e+00
5.042615838164731912e+00
5.040671985114263620e+00
5.038592119181799056e+00
5.036388488078759273e+00
5.034072316104815314e+00
5.031658141428874131e+00
5.029155157918379970e+00
5.026573905462669245e+00
5.023923657352375116e+00
5.021215842182087385e+00
5.018462040836261906e+00
5.015675527269290335e+00
5.012869475597784508e+00
5.010057363624020432e+00
5.007249550039215791e+00
5.004459994251176269e+00
5.001697524005816575e+00
4.998973533327029095e+00
4.996301933342860657e+00
4.993691935355113465e+00
4.991157053524897691e+00
4.988709916139289824e+00
4.986348757857724578e+00
4.984090671355172475e+00
4.981939775610609189e+00
4.979892785067004723e+00
4.977961365843457386e+00
4.976156764293354406e+00
4.974479369486015656e+00
4.972918985003870418e+00
4.971487611795109451e+00
4.970191456789415874e+00
4.969012485707443361e+00
4.967972693855207567e+00
4.967070466617387048e+00
4.966302878449003977e+00
4.965678284319381852e+00
4.965202092902999631e+00
4.964884100893777408e+00
4.964718244562190463e+00
4.964712634030528982e+00
4.964872005265005939e+00
4.965204490404375726e+00
4.965700356382676262e+00
4.966368678305097539e+00
4.967190603781291180e+00
4.968171440530367633e+00
4.969300447050281733e+00
4.970572252068469865e+00
4.971983501259039429e+00
4.973511824849795815e+00
4.975154476854754648e+00
4.976896352562858006e+00
4.978728514555645468e+00
4.980637468192530726e+00
4.982616368476104007e+00
4.984654398206423309e+00
4.986734464261482813e+00
4.988844850603293857e+00
4.990968097690297256e+00
4.993088999930572314e+00
4.995195581856918920e+00
4.997271029148055099e+00
4.999302208367539357e+00
5.001277850810242676e+00
5.003189667854262446e+00
5.005026584360553699e+00
5.006782450470879553e+00
5.008448892626716997e+00
5.010017611477332267e+00
5.011482194904045784e+00
5.012836044374660460e+00
5.014076706040457410e+00
5.015203080940798586e+00
5.016209743115856767e+00
5.017097565252139013e+00
5.017863892856789576e+00
5.018511152434896871e+00
5.019040953460883081e+00
5.019449338633369173e+00
5.019737552255194579e+00
5.019903722144466229e+00
5.019950692155201288e+00
5.019879270200420684e+00
5.019695718944805485e+00
5.019399608732002527e+00
5.018992460542158973e+00
5.018475722321110943e+00
5.017853263006346154e+00
5.017129702330367813e+00
5.016307116881743688e+00
5.015393343106643975e+00
5.014394048363700840e+00
5.013317831964030802e+00
5.012173549369708603e+00
5.010967353940740665e+00
5.009706878871456937e+00
5.008397999317185878e+00
5.007046103835838480e+00
5.005658262879387976e+00
5.004243156374232449e+00
5.002810416132941640e+00
5.001369570106998452e+00
4.999926729858652052e+00
4.998489236146942183e+00
4.997065674573914151e+00
4.995664244652526342e+00
4.994295446933047167e+00
4.992963288486734541e+00
4.991672516674534599e+00
4.990431776852145340e+00
4.989243322894706623e+00
4.988108532414570639e+00
4.987034398526684065e+00
4.986027380437389134e+00
4.985096727893485458e+00
4.984246136308445152e+00
4.983476476655139820e+00
4.982800238118304748e+00
4.982214890369011329e+00
4.981730323196185140e+00
4.981344854295981506e+00
4.981062602423858898e+00
4.980884029757959297e+00
4.980812272052076217e+00
4.980848184388392497e+00
4.981001612574123882e+00
4.981264382761233733e+00
4.981631727639848073e+00
4.982100798946135001e+00
4.982671758655719429e+00
4.983351993236951216e+00
4.984130423043183100e+00
4.985010009605697512e+00
4.985978421543054040e+00
4.987036621693782479e+00
4.988178083051256095e+00
4.989387627516202350e+00
4.990661146614961297e+00
4.991984408173970600e+00
4.993352896694355003e+00
4.994754763219765969e+00
4.996184174541645540e+00
4.997632018897943063e+00
4.999083679590635931e+00
5.000531432453804825e+00
5.001963933978490928e+00
5.003372535679750932e+00
5.004747743729762277e+00
5.006082361463717767e+00
5.007370820913725318e+00
5.008604137871675910e+00
5.009775449086241395e+00
5.010877001855782886e+00
5.011903864566496836e+00
5.012846751485280805e+00
5.013700852666310936e+00
5.014458362210803877e+00
5.015119387481623114e+00
5.015681275811307849e+00
5.016142398316675077e+00
5.016504295069986519e+00
5.016769218456262891e+00
5.016932383843029086e+00
5.016996764002629838e+00
5.016962478772998502e+00
5.016833512249663229e+00
5.016616472776308733e+00
5.016314304626807719e+00
5.015927369079813403e+00
5.015461365512832614e+00
5.014915218732579838e+00
5.014300203479154838e+00
5.013614849753006197e+00
5.012863847396594963e+00
5.012049862153154400e+00
5.011176076463680573e+00
5.010251372984866336e+00
5.009280963174322920e+00
5.008271623707632791e+00
5.007230002365331778e+00
5.006168177656154405e+00
5.005086899779061405e+00
5.003995021364907814e+00
5.002896346903662028e+00
5.001792987666348722e+00
5.000694384656171110e+00
4.999603249288419704e+00
4.998531826294283498e+00
4.997487289018254231e+00
4.996471056572417524e+00
4.995493633902887254e+00
4.994559033147313976e+00
4.993676898039200118e+00
4.992848558879710907e+00
4.992075274146416497e+00
4.991364375881174098e+00
4.990714045695284540e+00
4.990132010883907121e+00
4.989613646722654394e+00
4.989159518785099223e+00
4.988776019483128543e+00
4.988459966263987688e+00
4.988219946517863157e+00
4.988051600649276551e+00
4.987952097959140296e+00
4.987919808004306788e+00
4.987955215563787625e+00
4.988062640288633887e+00
4.988238463224632824e+00
4.988480935385240400e+00
4.988783106216950536e+00
4.989149675601883160e+00
4.989578586676879368e+00
4.990073790820105160e+00
4.990629103677136413e+00
4.991245457650881789e+00
4.991914756940466269e+00
4.992635615812401895e+00
4.993402799339753173e+00
4.994209339888555199e+00
4.995054548503619962e+00
4.995930551113350049e+00
4.996836255686147865e+00
4.997762326421007373e+00
4.998705782191618319e+00
4.999657671795947778e+00
5.000613467814190471e+00
5.001570502416951669e+00
5.002521315263374291e+00
5.003461689920887245e+00
5.004383407654032112e+00
5.005282159046993584e+00
5.006153984116182620e+00
5.006992066250907314e+00
5.007790508093105331e+00
5.008543163509832752e+00
5.009245781870352410e+00
5.009891415955292970e+00
5.010475610689984372e+00
5.010992535473572040e+00
5.011442136028574801e+00
5.011822131695018889e+00
5.012129827504770319e+00
5.012361791403756150e+00
5.012513941228180947e+00
5.012586268074602280e+00
5.012580640712194224e+00
5.012493118276259985e+00
5.012329381392707894e+00
5.012086608284524125e+00
5.011770245382002997e+00
5.011384591409377087e+00
5.010928403945080767e+00
5.010405920059791463e+00
5.009816637547126916e+00
5.009166264594903772e+00
5.008455736474505038e+00
5.007693614052048048e+00
5.006886515156736550e+00
5.006036501960269725e+00
5.005150075541250132e+00
5.004229858504050554e+00
5.003281796933525705e+00
5.002311235205644024e+00
5.001322771669739708e+00
5.000322870226018956e+00
4.999318035901898938e+00
4.998311488987320139e+00
4.997309964509122793e+00
4.996316419602743863e+00
4.995337533043137768e+00
4.994378298358432389e+00
