0.000000000000000000e+00
0.000000000000000000e+00
-1.280446667806245704e-08
-7.655010449525435477e-08
-2.345873235753970665e-07
-5.112420603836653458e-07
-9.599593522580107420e-07
-1.438402205167222218e-06
-2.200405824623886022e-06
2.359708350923028368e-06
1.624951143639919181e-05
4.116625063943503383e-05
8.446884811746718444e-05
1.501376787655318477e-04
2.467000810884201916e-04
3.803087166033947792e-04
5.530221155368054021e-04
7.737865625404082926e-04
1.044525424995299510e-03
1.374822850384589071e-03
1.769308480479593864e-03
2.235485459723349395e-03
2.776141609110709986e-03
3.401851351418372707e-03
4.122599880256530222e-03
4.950770507612105298e-03
5.886383424558514453e-03
6.945519666232938434e-03
8.126418660440320324e-03
9.439131240405912102e-03
1.088737092451083285e-02
1.247838221029269438e-02
1.421375922397601077e-02
1.609896234706866339e-02
1.814474068120943903e-02
2.033667601183878487e-02
2.268691144422517805e-02
2.519610337451921173e-02
2.787484786943421680e-02
3.073381833271012636e-02
3.375896207527146614e-02
3.696426532701477946e-02
4.034138492778763241e-02
4.390665374235139251e-02
4.766885868743882954e-02
5.161110572055803425e-02
5.575183383659348957e-02
6.009431473449693140e-02
6.461845479444489060e-02
6.932952336505876501e-02
7.423547677234636211e-02
7.930185310081468153e-02
8.454802445606217354e-02
8.995408646301256139e-02
9.554203144744859155e-02
1.012983911438368329e-01
1.072402369184874416e-01
1.133574449224852149e-01
1.196313261194609234e-01
1.260747348471067952e-01
1.326755785150908196e-01
1.394553738041304225e-01
1.464039962692640917e-01
1.535045825643919504e-01
1.607607554598234345e-01
1.681643020315549963e-01
1.757298129005812060e-01
1.834498780174635413e-01
1.913484918280028146e-01
1.994134031935118900e-01
2.076547884149931855e-01
2.160537629528426207e-01
2.246059178514861476e-01
2.333181773825072636e-01
2.421895002527618135e-01
2.512305264873885835e-01
2.604552184744261534e-01
2.698458885355375925e-01
2.794344525738142182e-01
2.892093413277050939e-01
2.991961943312070327e-01
3.093833028479000546e-01
3.197285353346248638e-01
3.302428673906704359e-01
3.409050404234310605e-01
3.517561232252499059e-01
3.627901863260647453e-01
3.740119241876980749e-01
3.854192685289761777e-01
3.969782637758634269e-01
4.087022029562375480e-01
4.205918943090818374e-01
4.326385270758054680e-01
4.448519050283811782e-01
4.572525738878629453e-01
4.698409234686277136e-01
4.826539909048460086e-01
4.956602334185026271e-01
5.088518952532194994e-01
5.222138725920103530e-01
5.357500051660917251e-01
5.494983493490599447e-01
5.634243833227536857e-01
5.775680576963804214e-01
5.918953859014892682e-01
6.064453291101836729e-01
6.212406419916532974e-01
6.362533818884275050e-01
6.515114795370480216e-01
6.669694267912288366e-01
6.826655506296536169e-01
6.985944937868496796e-01
7.147275685472866957e-01
7.310701119108576895e-01
7.476080047293084396e-01
7.643564831419363825e-01
7.813317536516563022e-01
7.984909724398033815e-01
8.158573543234246550e-01
8.334021341009514305e-01
8.511535751028435071e-01
8.690919756098166582e-01
8.872232579393758423e-01
9.055684076948535832e-01
9.240937077207936889e-01
9.428262662096393854e-01
9.617375611467732233e-01
9.808543645544421929e-01
1.000157990376509654e+00
1.019676512400664148e+00
1.039425920168913553e+00
1.059362498442687039e+00
1.079509607474364419e+00
1.099836693923033959e+00
1.120373958270110215e+00
1.141136857192076581e+00
1.162078775088347449e+00
1.183223320166624681e+00
1.204538801829375005e+00
1.226054111640013433e+00
1.247747088591612874e+00
1.269626105944670957e+00
1.291714714686431398e+00
1.313974450747527500e+00
1.336431721369780945e+00
1.359058917681731815e+00
1.381881784121551160e+00
1.404874957720794404e+00
1.428088847319640697e+00
1.451533197085418170e+00
1.475155886332549571e+00
1.498978737513579462e+00
1.522967084567107499e+00
1.547149342219390267e+00
1.571505829016722977e+00
1.596061137835539823e+00
1.620827618758238886e+00
1.645758289019622067e+00
1.670878432910003042e+00
1.696156743685759860e+00
1.721638175169982077e+00
1.747293237368620744e+00
1.773145702998198070e+00
1.799212599913633914e+00
1.825445479075468391e+00
1.851870373408354364e+00
1.878458815733945908e+00
1.905237129847562993e+00
1.932181378523863291e+00
1.959321399848020784e+00
1.986677399794614995e+00
2.014205292384184443e+00
2.041912563960111449e+00
2.069775782744443404e+00
2.097830363432920286e+00
2.126076377551114671e+00
2.154537292639767898e+00
2.183206394831693320e+00
2.212083388487851465e+00
2.241163309733426701e+00
2.270481434981382662e+00
2.300031133811033524e+00
2.329823158900297564e+00
2.359823509375609252e+00
2.390033696810759167e+00
2.420420633475340644e+00
2.450995086352385499e+00
2.481734441439665595e+00
2.512594212214507294e+00
2.543556116740263828e+00
2.574588066260375729e+00
2.605678568999328260e+00
2.636794258276977665e+00
2.667917684237518738e+00
2.699032496134796677e+00
2.730128282229462577e+00
2.761182974497834230e+00
2.792179957549133729e+00
2.823103481452026831e+00
2.853942228476562537e+00
2.884687439124145936e+00
2.915315977255859892e+00
2.945820978800812284e+00
2.976194230238953242e+00
3.006428676764527186e+00
3.036514829318085251e+00
3.066443284670868685e+00
3.096204577605286445e+00
3.125790401618042225e+00
3.155189093272247725e+00
3.184393023173370363e+00
3.213390220324554569e+00
3.242182599226990369e+00
3.270757778803863758e+00
3.299118224303283942e+00
3.327251804987945594e+00
3.355161777655639721e+00
3.382836242835083329e+00
3.410278874556579964e+00
3.437478581587829929e+00
3.464439481417694200e+00
3.491146894614257423e+00
3.517600961844482121e+00
3.543789280573882650e+00
3.569712897460021850e+00
3.595426374594726582e+00
3.620885544936218281e+00
3.646139825503387222e+00
3.671139794508971654e+00
3.695929187457122289e+00
3.720462435404815249e+00
3.744784485022582210e+00
3.768847647826231828e+00
3.792692660014189254e+00
3.816270857970274655e+00
3.839625641028440839e+00
3.862730952422178010e+00
3.885617636363066119e+00
3.908285676161802336e+00
3.930743287722623602e+00
3.952991505782163628e+00
3.975041867415463948e+00
3.996850134055173420e+00
4.018429862181699619e+00
4.039801579634701767e+00
4.060968218962704768e+00
4.081959003130948282e+00
4.102757438342130136e+00
4.123381844679868458e+00
4.143778635184324877e+00
4.163972176234281619e+00
4.183967906157530336e+00
4.203758754651106599e+00
4.223369328896558805e+00
4.242752003590620546e+00
4.261928695361174135e+00
4.280903152148283652e+00
4.299671205203093649e+00
4.318258327166594412e+00
4.336620759884871390e+00
4.354780036131895571e+00
4.372743111769713309e+00
4.390506492774046698e+00
4.408094400088347520e+00
4.425464959065473991e+00
4.442641334454573432e+00
4.459630054156340506e+00
4.476426833788908155e+00
4.493053160826718795e+00
4.509469636599576781e+00
4.525694423834837110e+00
4.541730953375852309e+00
4.557574924151456486e+00
4.573245805422818222e+00
4.588706637541807076e+00
4.603973920266187569e+00
4.619050805489575140e+00
4.633934795777356008e+00
4.648645371119534353e+00
4.663148896615063599e+00
4.677461321274792638e+00
4.691586488406215949e+00
4.705521370093380007e+00
4.719283615271602450e+00
4.732841328303371675e+00
4.746210307995831101e+00
4.759399394909893388e+00
4.772394658247982591e+00
4.785201264540707378e+00
4.797814427535091575e+00
4.810236515919720013e+00
4.822474634568249208e+00
4.834514999310528083e+00
4.846362159173046358e+00
4.858010755698238370e+00
4.869463179032360145e+00
4.880713196913753826e+00
4.891761199156795747e+00
4.902610894362483762e+00
4.913255687872920774e+00
4.923698595683132062e+00
4.933933871905361812e+00
4.943962452332530511e+00
4.953788171331439116e+00
4.963404971878085270e+00
4.972815204779658771e+00
4.982013007323299547e+00
4.990998961846386806e+00
4.999776330511128464e+00
5.008342512170827376e+00
5.016701431791342536e+00
5.024849116127050763e+00
5.032779247085607643e+00
5.040498053948438084e+00
5.048002213756597634e+00
5.055293763200795709e+00
5.062367616812742277e+00
5.069249889175451607e+00
5.075933554689444627e+00
5.082412112872160215e+00
5.088687674920119086e+00
5.094755285303152803e+00
5.100631022970236295e+00
5.106301851193464358e+00
5.111782749216115640e+00
5.117069070260082952e+00
5.122149441163098338e+00
5.127037443737542333e+00
5.131722423057114568e+00
5.136215166072403804e+00
5.140508111934220636e+00
5.144596581379927258e+00
5.148490218441045485e+00
5.152178543726957827e+00
5.155659060995139598e+00
5.158939059297598995e+00
5.162017461578406241e+00
5.164889206509149844e+00
5.167559217135466731e+00
5.170026096324480847e+00
5.172296474794901400e+00
5.174370994935787671e+00
5.176245682458437081e+00
5.177925135265148526e+00
5.179408807675398130e+00
5.180703285555399162e+00
5.181809468711769284e+00
5.182722364361440626e+00
5.183436930696522893e+00
5.183952162708198586e+00
5.184270941200708194e+00
5.184392082230230514e+00
5.184319877796848886e+00
5.184056804222096027e+00
5.183606219147374183e+00
5.182971841250588518e+00
5.182156859119464443e+00
5.181164301564026964e+00
5.179996967320371404e+00
5.178654623036313964e+00
5.177141232793260883e+00
5.175468580578495015e+00
5.173642056142020884e+00
5.171665773992467408e+00
5.169541703616310713e+00
5.167274767016102999e+00
5.164875279371669237e+00
5.162349481289317588e+00
5.159706578557421430e+00
5.156954540018965361e+00
5.154105166499545199e+00
5.151169527475764731e+00
5.148158465032507181e+00
5.145082134013104991e+00
5.141951614622998434e+00
5.138778129522729721e+00
5.135571688418317571e+00
5.132343590860296345e+00
5.129104577903678575e+00
5.125868639652659375e+00
5.122646220033099773e+00
5.119449849133420827e+00
5.116289070253301929e+00
5.113177105193067895e+00
5.110124463443685094e+00
5.107139984075953265e+00
5.104229243700435070e+00
5.101394778792789353e+00
5.098647511308124436e+00
5.095995770697524740e+00
5.093447030489375749e+00
5.091004558359315979e+00
5.088673939858606943e+00
5.086458479915789255e+00
5.084370435182979264e+00
5.082408403907945349e+00
5.080569901322057547e+00
5.078858175133397879e+00
5.077274827961852921e+00
5.075830964301755621e+00
5.074524000738789731e+00
5.073361110840966859e+00
5.072337227393916237e+00
5.071457580630710282e+00
5.070722945188213870e+00
5.070122507181992866e+00
5.069658921551934760e+00
5.069323431742421171e+00
5.069118942250540272e+00
5.069044122290841337e+00
5.069094765223606913e+00
5.069262866471007101e+00
5.069534701351121164e+00
5.069909195285335457e+00
5.070381791796580551e+00
5.070946115125015474e+00
5.071592591647102743e+00
5.072312667090490557e+00
5.073095885757401113e+00
5.073931763488844560e+00
5.074809954036071602e+00
5.075718805510594400e+00
5.076647460777355292e+00
5.077584353927564464e+00
5.078518215138506875e+00
5.079443221930454833e+00
5.080351165179203932e+00
5.081232469026039311e+00
5.082076453808734406e+00
5.082874606717417976e+00
5.083619762826750765e+00
5.084305176008532712e+00
5.084921641219447785e+00
5.085459407959173284e+00
5.085911393854806839e+00
5.086270299945066853e+00
5.086531259138178385e+00
5.086688292846125670e+00
5.086737400721801805e+00
5.086675331858028670e+00
5.086496828631539735e+00
5.086198830925900971e+00
5.085776195735713046e+00
5.085225845263381395e+00
5.084550214321394535e+00
5.083747856379528862e+00
5.082818700880785912e+00
5.081769577101846735e+00
5.080602983296890862e+00
5.079326774687547896e+00
5.077945431978482915e+00
5.076462743193882687e+00
5.074887496889608940e+00
5.073225551606196149e+00
5.071486240089910780e+00
5.069677201421040280e+00
5.067804680527228101e+00
5.065876987041014523e+00
5.063902226151006936e+00
5.061889352561014022e+00
5.059848063797728557e+00
5.057787226499097066e+00
5.055717392773406260e+00
5.053647052259224282e+00
5.051582715124863121e+00
5.049534802199380223e+00
5.047510795206800793e+00
5.045522078932301646e+00
5.043578115017192331e+00
5.041686056316869724e+00
5.039851478696840026e+00
5.038075900287406483e+00
5.036369205624837697e+00
5.034740098626395266e+00
5.033194923163433643e+00
5.031737799705048531e+00
5.030373846502085300e+00
5.029106681407471413e+00
5.027938968376298057e+00
5.026874504671472899e+00
5.025914593995590707e+00
5.025064025879878216e+00
5.024326165379065401e+00
5.023709015534300271e+00
5.023209614963311864e+00
5.022823125147302115e+00
5.022550994926174184e+00
5.022392886788625610e+00
5.022356134909246705e+00
5.022436382020864620e+00
5.022636579568539261e+00
5.022950354660901340e+00
5.023371920618268760e+00
5.023903977195772974e+00
5.024538732091937021e+00
5.025276639233383413e+00
5.026109475414308747e+00
5.027038779850158789e+00
5.028059052298817555e+00
5.029157468969974509e+00
5.030330265085254382e+00
5.031567289154086353e+00
5.032866448531900794e+00
5.034219758878503370e+00
5.035619061510119288e+00
5.037052187244449364e+00
5.038505231509957660e+00
5.039971359293018871e+00
5.041439835499082811e+00
5.042899670223746078e+00
5.044337154100690057e+00
5.045740389744793220e+00
5.047100374023472114e+00
5.048409109930550365e+00
5.049659487227952326e+00
5.050840742136394113e+00
5.051945601995145196e+00
5.052965769092594428e+00
5.053896435494577233e+00
5.054729811693584374e+00
5.055461214999712460e+00
5.056083367797588934e+00
5.056592892888044588e+00
5.056990538272117419e+00
5.057276225290302740e+00
5.057452041874681115e+00
5.057513839695643831e+00
5.057461011786986482e+00
5.057295869221020368e+00
5.057019425076474839e+00
5.056634737593165063e+00
5.056144015644720824e+00
5.055550227914979544e+00
5.054859111164738295e+00
5.054076516111424056e+00
5.053209260036280348e+00
5.052260664557148395e+00
5.051235014577437177e+00
5.050135389049579260e+00
5.048966309805442698e+00
5.047731245164801983e+00
5.046434806590011313e+00
5.045083701615264538e+00
5.043683786992957607e+00
5.042240368728569067e+00
5.040758766238620403e+00
5.039243596349885834e+00
5.037701531504323427e+00
5.036141011868645379e+00
5.034571187947918247e+00
5.033001902853180276e+00
5.031439104829956932e+00
5.029890928422142693e+00
5.028361704056193204e+00
5.026857747440268476e+00
5.025388890807557907e+00
5.023959088032175835e+00
5.022576910709072529e+00
5.021245082621505595e+00
5.019971239273480990e+00
5.018760828902057547e+00
5.017612954382828505e+00
5.016534391646318092e+00
5.015525145162873955e+00
5.014592017014556369e+00
5.013740440313749325e+00
5.012971503441265853e+00
5.012285994221501007e+00
5.011678735916548000e+00
5.011153990891807020e+00
5.010715305847159406e+00
5.010362408687403679e+00
5.010095518739006160e+00
5.009911719565323551e+00
5.009808792886369488e+00
5.009785224653359847e+00
5.009837756597015357e+00
5.009963994000616871e+00
5.010160218768331397e+00
5.010423094474288241e+00
5.010751188576731074e+00
5.011138871901245295e+00
5.011579618558793747e+00
5.012063845053821076e+00
5.012589129277079003e+00
5.013151358843355609e+00
5.013743630864230916e+00
5.014358325854449738e+00
5.014986231431870500e+00
5.015624208182600796e+00
5.016267005533483925e+00
5.016912660480048913e+00
5.017556279108431383e+00
5.018195776150133014e+00
5.018826601312067481e+00
5.019443185993042178e+00
5.020043288164344197e+00
5.020623358443882189e+00
5.021182065748182488e+00
5.021715269305316198e+00
5.022218718559052775e+00
5.022690066613759718e+00
5.023126557797696456e+00
5.023526755787934839e+00
5.023888482407238065e+00
5.024210448891427205e+00
5.024488622632380164e+00
5.024719617471601119e+00
5.024901102345939563e+00
5.025030853676181408e+00
5.025107102270741422e+00
5.025127297882028721e+00
5.025089879476037247e+00
5.024994031202550282e+00
5.024839146651829402e+00
5.024625142209734108e+00
5.024352032758797826e+00
5.024019812077785474e+00
5.023628784113134849e+00
5.023178955682125135e+00
5.022670995176339304e+00
5.022105212614442316e+00
5.021484991193320369e+00
5.020814883739257439e+00
5.020097761855030427e+00
5.019336157098913453e+00
5.018531696677708709e+00
5.017687991813325254e+00
5.016810550720000705e+00
5.015903110236430429e+00
5.014968948618077960e+00
5.014010525003576468e+00
5.013031156316900550e+00
5.012037151039146821e+00
5.011033600003027111e+00
5.010027523220084156e+00
5.009022964120410037e+00
5.008026648492120536e+00
5.007042515829703611e+00
5.006071323633690895e+00
5.005118294984600702e+00
5.004185226291916422e+00
5.003278128758571697e+00
5.002400401041409594e+00
5.001551576510570030e+00
5.000736857235931865e+00
4.999957331896329293e+00
4.999219114885236515e+00
4.998525881201531185e+00
4.997878394604232000e+00
4.997277004600073624e+00
4.996722042665387775e+00
4.996213513121511518e+00
4.995751481868829558e+00
4.995335996851827609e+00
4.994966977119947416e+00
4.994644389927888284e+00
4.994367872860784985e+00
4.994137452647591680e+00
4.993952973031009712e+00
4.993814353852103594e+00
4.993721344035622067e+00
4.993673548258413142e+00
4.993671200858263326e+00
4.993713103174996171e+00
4.993793674619700695e+00
4.993914378877561511e+00
4.994072055700999435e+00
4.994268948748540993e+00
4.994505027267916120e+00
4.994775662883951028e+00
4.995082806214524496e+00
4.995423803679480024e+00
4.995801051720812680e+00
4.996214595153762872e+00
4.996661826200616829e+00
4.997138379119170359e+00
4.997638347051872820e+00
4.998161152206196611e+00
4.998704726151957267e+00
4.999265109240844218e+00
4.999836922973229569e+00
5.000414364613427587e+00
5.000996361799373346e+00
5.001580195739699697e+00
5.002165163881910459e+00
5.002746469095182391e+00
5.003321750700307824e+00
5.003885247200560826e+00
5.004434387475085622e+00
5.004967752225531363e+00
5.005480747200382829e+00
5.005970441639256308e+00
5.006431510835719578e+00
5.006861819714139905e+00
5.007259398303758324e+00
5.007620913661848583e+00
5.007944045342338057e+00
5.008225178751927409e+00
5.008463950786572028e+00
5.008659988507461414e+00
5.008813848743048247e+00
5.008926611296665499e+00
5.008997533610854092e+00
5.009026316449346261e+00
5.009014001482468004e+00
5.008962212957744242e+00
5.008872733021455304e+00
5.008746515473651684e+00
5.008585426433310950e+00
5.008391893280968787e+00
5.008169494828509372e+00
5.007921242600606782e+00
5.007650801537857355e+00
5.007360585479366577e+00
5.007049243187833731e+00
5.006717819420923199e+00
5.006367910540034494e+00
5.006002034655145039e+00
5.005622242836585301e+00
5.005226792877843778e+00
5.004815745687415607e+00
5.004390590934386651e+00
5.003953720180621012e+00
5.003507570213009181e+00
5.003052736034919512e+00
5.002588474152913633e+00
5.002117912059953042e+00
5.001642038895120379e+00
5.001164949609269605e+00
5.000688368453015897e+00
5.000211834905971209e+00
4.999738973340320136e+00
4.999270714184571140e+00
4.998811627140570479e+00
4.998363755343784298e+00
4.997926323673058668e+00
4.997503260223497890e+00
4.997095178252388692e+00
4.996707029303839143e+00
4.996340351475707209e+00
4.995999486631086839e+00
4.995683105511896649e+00
4.995392229406469653e+00
4.995129618773543001e+00
4.994899208395115586e+00
4.994707469100437613e+00
4.994554069552875397e+00
4.994442535925960769e+00
4.994370442711120184e+00
4.994337990594399201e+00
4.994349891044734591e+00
4.994403866831747862e+00
4.994502630778192120e+00
4.994642866602703180e+00
4.994825985910907207e+00
4.995050853876931818e+00
4.995311613208218482e+00
4.995609378418489399e+00
4.995940556092724805e+00
4.996307111805840862e+00
4.996708207069501029e+00
4.997140352367028804e+00
4.997598709440396192e+00
4.998075922517643654e+00
4.998571361503169719e+00
4.999081807001100941e+00
4.999602344273196053e+00
5.000127191780673108e+00
5.000649556233154769e+00
5.001167906424567988e+00
5.001678963801428957e+00
5.002182838520571551e+00
5.002677200599178420e+00
5.003158248490260362e+00
5.003625778271424629e+00
5.004077882445024272e+00
5.004515256299244541e+00
5.004935855432021796e+00
5.005335523089932792e+00
5.005708952671455769e+00
5.006051486408876983e+00
5.006361306192892435e+00
5.006636784425544384e+00
5.006877306601571043e+00
5.007080172313915334e+00
5.007243059309737454e+00
5.007365027214008002e+00
5.007445741411836515e+00
5.007484932029226066e+00
5.007482488652356345e+00
5.007440868358726149e+00
5.007362489210107626e+00
5.007248780004346145e+00
5.007101355822423550e+00
5.006920873572716424e+00
5.006709210196175874e+00
5.006467700836846113e+00
5.006197828309275621e+00
5.005901286875493739e+00
5.005579785717315211e+00
5.005235156429595378e+00
5.004869305131620649e+00
5.004484159288592693e+00
5.004081684140151864e+00
5.003663818178361034e+00
5.003232546349649645e+00
5.002789851141755229e+00
5.002337728751485635e+00
5.001878171836619202e+00
5.001413177748802674e+00
5.000944723648609092e+00
5.000474822645665007e+00
5.000005405706942518e+00
4.999538549532772436e+00
4.999076177602290727e+00
4.998620329251170169e+00
4.998172896777867358e+00
4.997736718741833783e+00
4.997316438121377047e+00
4.996911027257918470e+00
4.996522219044743807e+00
4.996147835677145821e+00
4.995788865325628159e+00
4.995446461898861656e+00
4.995121881080446968e+00
4.994816578341303881e+00
4.994532056798813180e+00
4.994269942504939053e+00
4.994031922978934723e+00
4.993819640105244595e+00
4.993634796434668566e+00
4.993479046061289672e+00
4.993354104835194818e+00
4.993263496480537356e+00
4.993203251937990750e+00
4.993171105111138708e+00
4.993166367617847712e+00
4.993188950865475206e+00
4.993241000402663943e+00
4.993317612408604944e+00
4.993415994512792722e+00
4.993535006212946215e+00
4.993674353946874866e+00
4.993835546811055792e+00
4.994013631016890997e+00
4.994205877379457981e+00
4.994411139273028155e+00
4.994629171182345395e+00
4.994860483993719846e+00
4.995104755134265773e+00
4.995360686247180659e+00
4.995626580947022610e+00
4.995900437020640794e+00
4.996179772884528525e+00
4.996462037143241552e+00
4.996744465668629509e+00
4.997024266690890393e+00
4.997298633408675528e+00
4.997564659071098703e+00
4.997819486939292233e+00
4.998060163770746023e+00
4.998283754148464375e+00
4.998488388274739513e+00
4.998676043831686400e+00
4.998847347580771761e+00
4.999001638497169608e+00
4.999137676301356414e+00
4.999254741099607102e+00
4.999355476162340217e+00
4.999441150723900940e+00
4.999511367356348046e+00
4.999565247398744638e+00
4.999601505043859362e+00
4.999621130851040540e+00
4.999626808476926421e+00
4.999621952918126055e+00
4.999610489557264614e+00
4.999592192644952249e+00
4.999568355241093442e+00
4.999537199995714332e+00
4.999499248556559472e+00
4.999456645158818269e+00
4.999407782784429877e+00
4.999353089916286130e+00
4.999290010791039407e+00
4.999218653106829890e+00
4.999141033130466205e+00
4.999060319351733561e+00
4.998980511442527863e+00
4.998901168961778829e+00
4.998823686835127234e+00
4.998746035878317784e+00
4.998668556461812074e+00
4.998593659588835614e+00
4.998519543308533208e+00
4.998446731089383199e+00
4.998372536638519215e+00
4.998296907769283592e+00
4.998221892534523647e+00
4.998147159821122898e+00
4.998075404424921153e+00
4.998007182028844753e+00
4.997940506899499091e+00
4.997877640544206024e+00
4.997818217460765489e+00
4.997765215543798156e+00
4.997719219393795598e+00
4.997678288814379144e+00
4.997643347635632338e+00
4.997611620970302759e+00
4.997583240225677237e+00
4.997560301899676816e+00
4.997545351865001706e+00
4.997541145105961036e+00
4.997550584960145592e+00
4.997577595573265974e+00
4.997619843443272813e+00
4.997676912930210769e+00
4.997749723002662847e+00
4.997839828154419628e+00
4.997950455157432970e+00
4.998078554479752356e+00
4.998223579919312876e+00
4.998382975014274088e+00
4.998559478747075069e+00
4.998754140047704908e+00
4.998965795601135298e+00
4.999192591311757639e+00
4.999431187382315400e+00
4.999683780951772682e+00
4.999951000960891179e+00
5.000231364539240886e+00
5.000522949641918125e+00
5.000822649879727244e+00
5.001127093231652054e+00
5.001432807112458967e+00
5.001735800711784030e+00
5.002032137217344854e+00
5.002317568941386128e+00
5.002587825453253423e+00
5.002839743441314546e+00
5.003074006421834419e+00
5.003290000131696225e+00
5.003485631628303842e+00
5.003658134678720337e+00
5.003805801218716987e+00
5.003929991500794650e+00
5.004031739749356333e+00
5.004113960342824186e+00
5.004177808731204991e+00
5.004222594981422745e+00
5.004249342132702338e+00
5.004259663518628720e+00
5.004255772554775383e+00
5.004239611936959875e+00
5.004208837604841698e+00
5.004163249048164452e+00
5.004103796302101337e+00
5.004032187915168350e+00
5.003950276045820544e+00
5.003856981933809678e+00
5.003753831299714960e+00
5.003644140732236956e+00
5.003532172438450942e+00
5.003423135594227134e+00
5.003317727005802240e+00
5.003218812799775428e+00
5.003125454026037922e+00
5.003039038774319991e+00
5.002963453132422522e+00
5.002897805405543963e+00
5.002844296942228652e+00
5.002801235343095065e+00
5.002769383047007246e+00
5.002752536744110579e+00
5.002749521245597464e+00
5.002762576836276232e+00
5.002789743217753049e+00
5.002832510295437629e+00
5.002889325708263613e+00
5.002955179876760639e+00
5.003029724365212871e+00
5.003109441172444605e+00
5.003194406569116737e+00
5.003281765418240212e+00
5.003371307706573567e+00
5.003465131787696585e+00
5.003562450898924041e+00
5.003665923044198216e+00
5.003775573136397981e+00
5.003888909338154889e+00
5.004004044473282953e+00
5.004119485333674788e+00
5.004234018964805131e+00
5.004346516650283405e+00
5.004455585681014895e+00
5.004559659153335893e+00
5.004659083565809574e+00
5.004750441644452152e+00
5.004832434846199440e+00
5.004900932001061342e+00
5.004954672084302558e+00
5.004994390612580446e+00
5.005021902545001566e+00
5.005039334532217055e+00
5.005044918395455511e+00
5.005038822677328803e+00
5.005021953740963703e+00
5.004995803148360345e+00
5.004961740383754965e+00
5.004916611509273139e+00
5.004859168585264584e+00
5.004789415164726307e+00
5.004708347967700810e+00
5.004617205583365092e+00
5.004517760737671850e+00
5.004411407126918121e+00
5.004295293488412177e+00
5.004168326710223269e+00
5.004030526601582096e+00
5.003882845132483048e+00
5.003726069754792505e+00
5.003556855018122640e+00
5.003373827147169273e+00
5.003176851826592220e+00
5.002966786022170709e+00
5.002744801076934422e+00
5.002512493929699211e+00
5.002271882067308439e+00
5.002025039917663563e+00
5.001774370740041498e+00
5.001522228619888821e+00
5.001271079084709470e+00
5.001023623528764617e+00
5.000777113376990712e+00
5.000530688646124489e+00
5.000284579950260877e+00
5.000039763594852360e+00
4.999797670296270979e+00
4.999560029315641252e+00
4.999329047961971639e+00
4.999106897241316183e+00
4.998896112548997905e+00
4.998698893277784272e+00
4.998517787526239431e+00
4.998356208517093613e+00
4.998211282337893024e+00
4.998082065670627294e+00
4.997968469331848240e+00
4.997871630410539723e+00
4.997793083670424963e+00
4.997733276658567370e+00
4.997690174509648031e+00
4.997666991809260217e+00
4.997664193624390627e+00
4.997686249792336000e+00
4.997736101380308327e+00
4.997813480819334409e+00
4.997917342937310714e+00
4.998044754282330970e+00
4.998198437073027911e+00
4.998379863888716024e+00
4.998587848690097424e+00
4.998820715189670416e+00
4.999074925553744109e+00
4.999352104809825725e+00
4.999652286131624379e+00
4.999972460713926203e+00
5.000308911089542008e+00
5.000656378564181104e+00
5.001015004289093291e+00
5.001383447234275081e+00
5.001758003939630548e+00
5.002134318497719612e+00
5.002507479672075874e+00
5.002877289761545221e+00
5.003241832961085933e+00
5.003598872159365385e+00
5.003946245942954008e+00
5.004282059182170173e+00
5.004606276933792230e+00
5.004915779602471027e+00
5.005209281963053591e+00
5.005483274978343111e+00
5.005736953277830636e+00
5.005970527470800846e+00
5.006181475479844600e+00
5.006368533071817950e+00
5.006528555766434962e+00
5.006661073338928070e+00
5.006767460467981934e+00
5.006850063304173482e+00
5.006910933146008880e+00
5.006949126498529523e+00
5.006964406251663391e+00
5.006954243280214989e+00
5.006918593667668560e+00
5.006858985800517026e+00
5.006777326403407002e+00
5.006675432682257565e+00
5.006554907219705086e+00
5.006418152865244942e+00
5.006267291311396583e+00
5.006104742087646109e+00
5.005932600241377095e+00
5.005752832968010324e+00
5.005567576255871565e+00
5.005376150313987971e+00
5.005180474300161109e+00
5.004979898821787287e+00
5.004776163067893080e+00
5.004568363134041853e+00
5.004353388328329544e+00
5.004131879940853622e+00
5.003902367152497810e+00
5.003665989529567426e+00
5.003421527188498530e+00
5.003169272750843000e+00
5.002910641566146843e+00
5.002647841856110666e+00
5.002383247189452042e+00
5.002119488608320452e+00
5.001859538931628713e+00
5.001606307387580053e+00
5.001363059956809742e+00
5.001133026838531670e+00
5.000919527583053359e+00
5.000726974386951795e+00
5.000553258251628996e+00
5.000398093410066025e+00
5.000262462156123355e+00
5.000148158543042953e+00
5.000058702644190944e+00
4.999990967548681553e+00
4.999944331440372203e+00
4.999919215896396985e+00
4.999917437659049391e+00
4.999941428870832816e+00
4.999991934200687993e+00
5.000067560471532779e+00
5.000165398590206145e+00
5.000281091075330586e+00
5.000416004037425033e+00
5.000569686967820004e+00
5.000740064218581082e+00
5.000923656508267534e+00
5.001116308797091570e+00
5.001319200884491778e+00
5.001530952159257915e+00
5.001754555743130659e+00
5.001991036761495479e+00
5.002238796804042487e+00
5.002495137363614397e+00
5.002756708584668921e+00
5.003024590242596936e+00
5.003298488635511632e+00
5.003576053906172660e+00
5.003854131162108310e+00
5.004129103314072680e+00
5.004401695229053537e+00
5.004671340830563864e+00
5.004936082217783522e+00
5.005193514212907147e+00
5.005441430121600810e+00
5.005681500550299923e+00
5.005914363585352689e+00
5.006138816982447892e+00
5.006353211574197104e+00
5.006554915182233501e+00
5.006740900970935826e+00
5.006909406319199007e+00
5.007061759032248816e+00
5.007198210623054813e+00
5.007317425472602501e+00
5.007417459184246411e+00
5.007496992185654250e+00
5.007557803652191275e+00
5.007600475273968677e+00
5.007623834459984380e+00
5.007626078789646051e+00
5.007606091852824015e+00
5.007565714073891172e+00
5.007506590121948875e+00
5.007432320271210990e+00
5.007344832787812727e+00
5.007243848112003626e+00
5.007128040431590321e+00
5.006996549800561525e+00
5.006851810677499515e+00
5.006694996016622490e+00
5.006527726440282322e+00
5.006347719518991823e+00
5.006155445328507092e+00
5.005952532696131385e+00
5.005741598507913892e+00
5.005525537966343030e+00
5.005302947605551722e+00
5.005074228210898646e+00
5.004839294435980968e+00
5.004597928369943105e+00
5.004350090003167217e+00
5.004099383907918863e+00
5.003847416485253774e+00
5.003598687289807501e+00
5.003355698915723515e+00
5.003118528849039848e+00
5.002891577905570486e+00
5.002676304834489329e+00
5.002477814401095735e+00
5.002299220035379079e+00
5.002140998164718688e+00
5.002002597762798430e+00
5.001881468896348437e+00
5.001780720282872572e+00
5.001701731481184687e+00
5.001643804162336338e+00
5.001605482126647573e+00
5.001583624605151712e+00
5.001580979449679276e+00
5.001598592231055740e+00
5.001635492588865972e+00
5.001690072347883209e+00
5.001759210974452863e+00
5.001845538411762604e+00
5.001950076167013037e+00
5.002071732394870907e+00
5.002208957653965449e+00
5.002358984053605795e+00
5.002520985268526843e+00
5.002696330175274042e+00
5.002881267443769708e+00
5.003074795678728037e+00
5.003272104673557763e+00
5.003471288867764599e+00
5.003672590461096803e+00
5.003874376118652378e+00
5.004077601172499001e+00
5.004280168377332139e+00
5.004482571818403613e+00
5.004682322144977213e+00
5.004874638692012212e+00
5.005058250055185454e+00
5.005229856167455083e+00
5.005388727877756239e+00
5.005531765372029263e+00
5.005656458866320158e+00
5.005760617498777876e+00
5.005842291033364866e+00
5.005899655689025174e+00
5.005930956604895066e+00
5.005934609539286484e+00
5.005908985935562328e+00
5.005852532495225660e+00
5.005763697779217480e+00
5.005640944118091795e+00
5.005484594000915166e+00
5.005297664130520019e+00
5.005081908336323160e+00
5.004837834543031327e+00
5.004565602230321986e+00
5.004266188094806722e+00
5.003943448687386386e+00
5.003600928770793210e+00
5.003243887672616630e+00
5.002876489112569658e+00
5.002500279048874177e+00
5.002116473639799388e+00
5.001725573713374118e+00
5.001331782663655190e+00
5.000938479924988300e+00
5.000546587394962827e+00
5.000156824650654919e+00
4.999768890949378708e+00
4.999387167642305840e+00
4.999014802562487425e+00
4.998652663441789379e+00
4.998301469074977632e+00
4.997960459614587236e+00
4.997634207221161695e+00
4.997325276682565764e+00
4.997038861519138564e+00
4.996776197279286791e+00
4.996541447980743733e+00
4.996334585199547540e+00
4.996158498531619863e+00
4.996019017478863233e+00
4.995916491846035257e+00
4.995854734835626587e+00
4.995832524475587455e+00
4.995853326377869941e+00
4.995917097075322388e+00
4.996019666424432515e+00
4.996162113152855966e+00
4.996341265343541060e+00
4.996559087966049084e+00
4.996814592980260095e+00
4.997103449941092457e+00
4.997424552642220519e+00
4.997771631941612114e+00
4.998141908996220018e+00
4.998535467923099773e+00
4.998947298616582380e+00
4.999375300236457598e+00
4.999813397393041647e+00
5.000258423924856643e+00
5.000709677391165009e+00
5.001162376493626383e+00
5.001613868788295392e+00
5.002058473691755935e+00
5.002493438102717072e+00
5.002917974308545901e+00
5.003332564324553644e+00
5.003737977572198403e+00
5.004131228976365087e+00
5.004510381050821799e+00
5.004870858431276659e+00
5.005210628487583691e+00
5.005528223529872811e+00
5.005819653734978836e+00
5.006081643157121341e+00
5.006309397310432452e+00
5.006500879858101882e+00
5.006655523829574683e+00
5.006774369465600394e+00
5.006856959356409398e+00
5.006900809031394672e+00
5.006905354308146983e+00
5.006871087050714486e+00
5.006799823215880352e+00
5.006693384743012842e+00
5.006554213755481264e+00
5.006384668753200984e+00
5.006186203241997923e+00
5.005960090377087113e+00
5.005706954051459157e+00
5.005427641805911598e+00
5.005122836691045407e+00
5.004792839486801093e+00
5.004438144427441060e+00
5.004058798414371623e+00
5.003655320194266842e+00
5.003229183789991374e+00
5.002785139840743689e+00
5.002326875452600241e+00
5.001856678326330297e+00
5.001376338240406838e+00
5.000887615655265073e+00
5.000396245655319483e+00
4.999906667072972155e+00
4.999421641912957348e+00
4.998943526197870746e+00
4.998473622140188866e+00
4.998013213139672395e+00
4.997563201983173720e+00
4.997125477094848556e+00
4.996702736404437850e+00
4.996298879061539466e+00
4.995911888901790832e+00
4.995541718055208413e+00
4.995189728674192864e+00
4.994858188715477709e+00
4.994551059038091267e+00
4.994266018097001769e+00
4.994002876777846822e+00
4.993762506314268101e+00
4.993546449851890223e+00
4.993358034969021197e+00
4.993193979070235322e+00
4.993052892314914892e+00
4.992934848938782366e+00
4.992840874616701896e+00
4.992773959359798397e+00
4.992730523466775594e+00
4.992709024783867910e+00
4.992709443682028514e+00
4.992732717158428812e+00
4.992780811410554520e+00
4.992854525746004413e+00
4.992953196522937453e+00
4.993075703607099847e+00
4.993219144792456099e+00
4.993386851159083761e+00
4.993580558990288409e+00
4.993800171782422304e+00
4.994044986647714346e+00
4.994313321990120791e+00
4.994603408706534076e+00
4.994913133477020928e+00
4.995240003933358430e+00
4.995581407045174060e+00
4.995934405383814614e+00
4.996296207775523968e+00
4.996664070618500375e+00
4.997035019082178842e+00
4.997406131495884196e+00
4.997774367389431482e+00
4.998136710022738072e+00
4.998490240407337915e+00
4.998831907008935538e+00
4.999158738722255357e+00
4.999467734825958409e+00
4.999755765647787342e+00
5.000021231231440488e+00
5.000265859943976210e+00
5.000490197763939548e+00
5.000693507251490644e+00
5.000874274579038214e+00
5.001032111534079228e+00
5.001169471192334903e+00
5.001287743645879580e+00
5.001388094184147981e+00
5.001471713456484558e+00
5.001539222440841037e+00
5.001588497968548985e+00
5.001616140507320729e+00
5.001621395663168990e+00
5.001602312442191334e+00
5.001558699802772345e+00
5.001488984245152203e+00
5.001394706330538398e+00
5.001277891173304901e+00
5.001138643174710019e+00
5.000978293138834907e+00
5.000796154587808573e+00
5.000594279541913600e+00
5.000375163479988672e+00
5.000142460986320536e+00
4.999899717903974583e+00
4.999646411742363128e+00
4.999384216889088073e+00
4.999115472137277472e+00
4.998843891787624116e+00
4.998573285098469654e+00
4.998302886392271382e+00
4.998034138641601842e+00
4.997768398578560145e+00
4.997507977708524507e+00
4.997255216948038203e+00
4.997008071131355145e+00
4.996767022795324920e+00
4.996533845625166670e+00
4.996311679668074213e+00
4.996104834693764651e+00
4.995912267937607787e+00
4.995735135413057471e+00
4.995572430099643135e+00
4.995427666585244175e+00
4.995302545874662492e+00
4.995196504564307638e+00
4.995107939633824046e+00
4.995033788196093560e+00
4.994976444476566968e+00
4.994936652634575758e+00
4.994913235920765082e+00
4.994904140009246873e+00
4.994906101362218465e+00
4.994921311018194032e+00
4.994950251953348186e+00
4.994992074441766405e+00
4.995045467886744639e+00
4.995108230343690892e+00
4.995183630340402914e+00
4.995273388546562110e+00
4.995377524408183056e+00
4.995495405454791538e+00
4.995625604797756303e+00
4.995766675087293329e+00
4.995917203665381834e+00
4.996075618003166241e+00
4.996240411025144823e+00
4.996409977429220106e+00
4.996582751773903652e+00
4.996757198811182299e+00
4.996932636216886436e+00
4.997108901885009224e+00
4.997286148217178869e+00
4.997464754857725566e+00
4.997645361103720596e+00
4.997823812250650199e+00
4.997998110239064928e+00
4.998168004897094008e+00
4.998333978854722304e+00
4.998497080017482830e+00
4.998653723799294291e+00
4.998802292585973639e+00
4.998942748919730228e+00
4.999075756889437727e+00
4.999202592770238596e+00
4.999324784247805908e+00
4.999443879543473912e+00
4.999556629496297866e+00
4.999661484599714711e+00
4.999758239031439899e+00
4.999847361582002492e+00
4.999929512400782983e+00
5.000000914350755110e+00
5.000059701992801031e+00
5.000105516581466958e+00
5.000138711046098194e+00
5.000160179556483619e+00
5.000171216297100152e+00
5.000172922178977686e+00
5.000162487377752818e+00
5.000139468352650773e+00
5.000104875882031230e+00
5.000060679689855903e+00
5.000009074719497626e+00
4.999947970519648344e+00
4.999877195303204402e+00
4.999797355524139952e+00
4.999709431110757052e+00
4.999614626086192892e+00
4.999514375525403231e+00
4.999410396647514965e+00
4.999304301041053833e+00
4.999198085992472507e+00
4.999093485074923571e+00
4.998992467169523835e+00
4.998897126513406342e+00
4.998804133609741740e+00
4.998711912027433257e+00
4.998620121451899934e+00
4.998529122947588554e+00
4.998439740166872980e+00
4.998350488181098505e+00
4.998257775577587658e+00
4.998162118011024724e+00
4.998061694969293534e+00
4.997957769819405094e+00
4.997849238376002035e+00
4.997737910869400224e+00
4.997627973212730446e+00
4.997519879397805731e+00
4.997416828964705182e+00
4.997318700683171855e+00
4.997228180133605591e+00
4.997145315353627382e+00
4.997067104774396640e+00
4.996994774919804705e+00
4.996926658070517391e+00
4.996864443920422616e+00
4.996807193533386204e+00
4.996753617730791852e+00
4.996707673790733217e+00
4.996672009803223347e+00
4.996647712789344276e+00
4.996635512694118653e+00
4.996635131399015606e+00
4.996646175934801093e+00
4.996668197904580389e+00
4.996700268372295639e+00
4.996741521072907588e+00
4.996790824880224413e+00
4.996847164475691550e+00
4.996909436442290797e+00
4.996976393101138392e+00
4.997046898825426631e+00
4.997119679938403003e+00
4.997193548235442151e+00
4.997267316121938308e+00
4.997344037907528680e+00
4.997424447199660946e+00
4.997512747280631551e+00
4.997610993625927200e+00
4.997718775038006100e+00
4.997834698826403965e+00
4.997956108784633145e+00
4.998085334997954376e+00
4.998222817907440607e+00
4.998367223766032374e+00
4.998516389670180082e+00
4.998667308472426463e+00
4.998821948150501626e+00
4.998980304317877099e+00
4.999145043844686498e+00
4.999315161144690656e+00
4.999492547342882176e+00
4.999676080214187301e+00
4.999861736072555018e+00
5.000049573572680650e+00
5.000236870253786492e+00
5.000424100866869281e+00
5.000609070750281937e+00
5.000789266562418511e+00
5.000966892855570833e+00
5.001142379379228231e+00
5.001314653827205525e+00
5.001481923478051428e+00
5.001642093768670527e+00
5.001797501573667759e+00
5.001948897771866243e+00
5.002099359434427406e+00
5.002248867422673051e+00
5.002399925941932501e+00
5.002552198561239116e+00
5.002702890577125139e+00
5.002852932362217508e+00
5.003000724742519445e+00
5.003147681493643084e+00
5.003292607095422895e+00
5.003432270799161863e+00
5.003567182727487683e+00
5.003695578191758919e+00
5.003818665564389256e+00
5.003935364604323865e+00
5.004047121804536147e+00
5.004152837859796144e+00
5.004249544561239382e+00
5.004337689884336804e+00
5.004415771619746600e+00
5.004484876229758683e+00
5.004543631536285453e+00
5.004588995355512715e+00
5.004621164596970040e+00
5.004638711602526158e+00
5.004642538335390078e+00
5.004631733939967297e+00
5.004606695043839260e+00
5.004569156876750746e+00
5.004521304712615581e+00
5.004465620852060148e+00
5.004403614056282201e+00
5.004335709772058216e+00
5.004262518155374373e+00
5.004184509086408994e+00
5.004101329985061852e+00
5.004012259989033318e+00
5.003920706369901161e+00
5.003828485057676190e+00
5.003735737864846378e+00
5.003641876046533099e+00
5.003545790816644079e+00
5.003450844780529039e+00
5.003358823441887537e+00
5.003269840403445912e+00
5.003183344629580809e+00
5.003098023132409367e+00
5.003017390276293774e+00
5.002943209664884705e+00
5.002875682617527353e+00
5.002814162642684082e+00
5.002757209296326835e+00
5.002707741483103376e+00
5.002666694269503722e+00
5.002632908969175674e+00
5.002604387285178866e+00
5.002578177178735430e+00
5.002556226776437853e+00
5.002538482672759024e+00
5.002528182077446317e+00
5.002526328247555831e+00
5.002531253940476041e+00
5.002540268999223549e+00
5.002549635579858212e+00
5.002560260858667895e+00
5.002571180821910879e+00
5.002584797720706078e+00
5.002601319988539963e+00
5.002618802071597592e+00
5.002639548399534952e+00
5.002663326662085019e+00
5.002693264508206283e+00
5.002730174561082599e+00
5.002772437886386925e+00
5.002817348957112387e+00
5.002861233500815352e+00
5.002905012260242756e+00
5.002947730792737246e+00
5.002991842257841881e+00
5.003037563495389861e+00
5.003083028614572214e+00
5.003130556371114146e+00
5.003179966870746398e+00
5.003234441800095134e+00
5.003294783996470763e+00
5.003359409471094033e+00
5.003425647279298616e+00
5.003489885770767032e+00
5.003553072501026655e+00
5.003614305418968122e+00
5.003676066373527576e+00
5.003738591142982806e+00
5.003800085236370876e+00
5.003862877756409588e+00
5.003926839817367522e+00
5.003995237125134388e+00
5.004068834574942670e+00
5.004146134213594443e+00
5.004224496468020256e+00
5.004300391169313578e+00
5.004374836639549962e+00
5.004447012937675687e+00
5.004519358238252558e+00
5.004591964858631670e+00
5.004662884304346804e+00
5.004734217010486041e+00
5.004805674853782804e+00
5.004880100314553104e+00
5.004958045476163520e+00
5.005037963123108113e+00
5.005117455593358855e+00
5.005193508572925332e+00
5.005267437187072233e+00
5.005338942374152111e+00
5.005408450163017164e+00
5.005471794584813949e+00
5.005527108202737274e+00
5.005573847464334314e+00
5.005612540967345758e+00
5.005644097333356690e+00
5.005669967232320161e+00
5.005691615429753938e+00
5.005705815466867215e+00
5.005711293404968565e+00
5.005707978065986552e+00
5.005696535200042874e+00
5.005677769632240981e+00
5.005648058782028009e+00
5.005605816141399877e+00
5.005550846349144933e+00
5.005483706503802921e+00
5.005405123674937506e+00
5.005313976978579049e+00
5.005211960136587201e+00
5.005102698610794043e+00
5.004986487565260767e+00
5.004865847596598805e+00
5.004740515038070825e+00
5.004612633458969562e+00
5.004481604354156232e+00
5.004344357069281379e+00
5.004201582273168469e+00
5.004051552958487470e+00
5.003895339196247960e+00
5.003731512142043591e+00
5.003557192081284022e+00
5.003373389629344636e+00
5.003179232882033034e+00
5.002976604880461586e+00
5.002765076247672305e+00
5.002542432354459834e+00
5.002310136234083160e+00
5.002067533930460108e+00
5.001816922271320465e+00
5.001558220324734627e+00
5.001292113320599420e+00
5.001020096758078459e+00
5.000743854468386651e+00
5.000465490048448203e+00
5.000187174876848495e+00
4.999911339426110324e+00
4.999635231898796661e+00
4.999357750503046205e+00
4.999079195702149647e+00
4.998800462925508725e+00
4.998523071979806609e+00
4.998246365034656691e+00
4.997967693054751415e+00
4.997688586035445191e+00
4.997408257661090758e+00
4.997129182381259582e+00
4.996851344139951578e+00
4.996575032205957001e+00
4.996300636561292308e+00
4.996028759380506834e+00
4.995760011909234244e+00
4.995495157701598465e+00
4.995234827989416537e+00
4.994980128643740080e+00
4.994732646563727840e+00
4.994494172906209783e+00
4.994266742611010557e+00
4.994052397994029668e+00
4.993853265488224835e+00
4.993672559125053922e+00
4.993507074111778188e+00
4.993355450140018803e+00
4.993217626142953058e+00
4.993094247294296295e+00
4.992987342582721588e+00
4.992893024276648717e+00
4.992809319425080439e+00
4.992735984347466349e+00
4.992673433305401254e+00
4.992622830149423763e+00
4.992585492018782212e+00
4.992563720444389119e+00
4.992553754795746812e+00
4.992553511703783364e+00
4.992562551108470359e+00
4.992580944519771968e+00
4.992609956503196500e+00
4.992645254066496285e+00
4.992684334322160744e+00
4.992726590215509574e+00
4.992771801195388548e+00
4.992820845722501844e+00
4.992872842891422636e+00
4.992925385261235860e+00
4.992980789571349831e+00
4.993039049209375690e+00
4.993103891491239565e+00
4.993176560943295428e+00
4.993256206793060592e+00
4.993340898688233054e+00
4.993427570109537861e+00
4.993518072041964295e+00
4.993612242826542591e+00
4.993708241909094347e+00
4.993803384631224418e+00
4.993894434358276513e+00
4.993982817056871859e+00
4.994068261358239447e+00
4.994153890797220718e+00
4.994240614586793470e+00
4.994327342185475693e+00
4.994411983221121787e+00
4.994491791065135189e+00
4.994568406698578045e+00
4.994641534822346074e+00
4.994709290914522981e+00
4.994768952677311802e+00
4.994817624498444353e+00
4.994856663424341647e+00
4.994886046779627442e+00
4.994908737357525830e+00
4.994925529751979454e+00
4.994935645822021542e+00
4.994942044561081929e+00
4.994945548256561452e+00
4.994950048671504383e+00
4.994957111953459261e+00
4.994966017028833249e+00
4.994974917846316309e+00
4.994981155731998079e+00
4.994986525345643358e+00
4.994990972493882353e+00
4.994997408363610170e+00
4.995006091984445007e+00
4.995014928714128999e+00
4.995025876568154111e+00
4.995038271471614166e+00
4.995054741584219471e+00
4.995075203004282649e+00
4.995100707624562375e+00
4.995127282411313985e+00
4.995153117320489500e+00
4.995177909329988175e+00
4.995202194578935107e+00
4.995227198140685054e+00
4.995249151749058925e+00
4.995266445646749709e+00
4.995278869423538382e+00
4.995287110136461095e+00
4.995292319947959747e+00
4.995295244126802814e+00
4.995296382785865852e+00
4.995299989627065784e+00
4.995308472614826023e+00
4.995322263069076563e+00
4.995340913363590651e+00
4.995363014083679332e+00
4.995392027056632323e+00
4.995429660889175061e+00
4.995475914894458747e+00
4.995530030440394675e+00
4.995590213506338806e+00
4.995659794585636249e+00
4.995740484755342159e+00
4.995832174366195311e+00
4.995934157503623574e+00
4.996044866761046421e+00
4.996162310961487663e+00
4.996284488227071385e+00
4.996408788181694760e+00
4.996532719826180191e+00
4.996653491549047033e+00
4.996768264744283705e+00
4.996874810840787440e+00
4.996975270027148142e+00
4.997070529006275130e+00
4.997159964583667069e+00
4.997242308391111720e+00
4.997316385513956405e+00
4.997385063899534074e+00
4.997449785249159504e+00
4.997510252610631198e+00
4.997565450139194176e+00
4.997614287651924947e+00
4.997659787979758406e+00
4.997703518678284773e+00
4.997746418213321995e+00
4.997789411774686386e+00
4.997833117001540870e+00
4.997878085930681280e+00
4.997924902953057469e+00
4.997973993548042060e+00
4.998025810175425576e+00
4.998080710491016099e+00
4.998139084039106450e+00
4.998201341979988221e+00
4.998267801489531870e+00
4.998338848382085864e+00
4.998414796667024262e+00
4.998495994658990860e+00
4.998582920266166241e+00
4.998673115895912566e+00
4.998768161471784488e+00
4.998866746846437614e+00
4.998970870563612223e+00
4.999079733474030895e+00
4.999192406043261094e+00
4.999311637488975890e+00
4.999438058735654167e+00
4.999569962566570602e+00
4.999705599687844781e+00
4.999842942060753082e+00
4.999980055039599414e+00
5.000114897752030885e+00
5.000245386158899130e+00
5.000369423657507362e+00
5.000484872164056682e+00
5.000589605459794917e+00
5.000682074438631552e+00
5.000764115799070098e+00
5.000835839604810040e+00
5.000900007227286892e+00
5.000957000573947653e+00
5.001005531062221898e+00
5.001047833181766045e+00
5.001084056454093485e+00
5.001117250955976701e+00
5.001148029348660096e+00
5.001174808013566064e+00
5.001196877378353278e+00
5.001214200122594988e+00
5.001227185667340258e+00
5.001236413778934242e+00
5.001242373550739195e+00
5.001245497547169627e+00
5.001246131958286156e+00
5.001244667566169255e+00
5.001241361207465985e+00
5.001236454888965177e+00
5.001230222396222835e+00
5.001222829930735969e+00
5.001214586812671392e+00
5.001205728009477269e+00
5.001196477155568587e+00
5.001187045570946843e+00
5.001175628121962369e+00
5.001164404517293605e+00
5.001153179094217194e+00
5.001144863626941550e+00
5.001140130252425209e+00
5.001137083386967497e+00
5.001137975361889865e+00
5.001142071136963629e+00
5.001151933609033762e+00
5.001167873268238750e+00
5.001187298797993286e+00
5.001211222933596545e+00
5.001237111300688376e+00
5.001265437646762457e+00
5.001294006092466660e+00
5.001322045064989119e+00
5.001350250287904586e+00
5.001379713864989363e+00
5.001412312406573690e+00
5.001444972848512194e+00
5.001476348516988857e+00
5.001506790008388492e+00
5.001537177413228008e+00
5.001569185633669257e+00
5.001601051310533563e+00
5.001633530128272831e+00
5.001664290206496943e+00
5.001691834798072556e+00
5.001715341326304909e+00
5.001734438931558557e+00
5.001748848983075924e+00
5.001758433482714317e+00
5.001763193592300816e+00
5.001763246539080221e+00
5.001758889369115835e+00
5.001750284951443248e+00
5.001737633454643728e+00
5.001721219994391454e+00
5.001701212365911253e+00
5.001677972803624250e+00
5.001651750354829673e+00
5.001622844742413143e+00
5.001591488801675922e+00
5.001557100716781612e+00
5.001518275962481219e+00
5.001473282679254062e+00
5.001420510868810787e+00
5.001362789362938877e+00
5.001301405668528766e+00
