0.000000000000000000e+00
0.000000000000000000e+00
-1.442021602997556346e-06
-7.513805903727189520e-06
-1.900758026749827266e-05
-3.290064065367916173e-05
-4.498813083046118049e-05
-2.230043071904221286e-05
1.343447933322749544e-05
1.097712035698350237e-04
3.007063012046274600e-04
5.670583735627591267e-04
9.449270110053479199e-04
1.502949197165435839e-03
2.232234377734130908e-03
3.167463366262384273e-03
4.328611914388605202e-03
5.774847541324562919e-03
7.446816090814537513e-03
9.468732450477548163e-03
1.180506271528429518e-02
1.443423968958086438e-02
1.735183728145784851e-02
2.062693936037249265e-02
2.425169688867755136e-02
2.817571056293673853e-02
3.245035243438907507e-02
3.705141675876804513e-02
4.202715886043734833e-02
4.728475761818119044e-02
5.287658405708499376e-02
5.880195153164095162e-02
6.499954057144349817e-02
7.152525735305970134e-02
7.835074973510927632e-02
8.551860225605195653e-02
9.295303237842744704e-02
1.007028271000308395e-01
1.087387169639987272e-01
1.171232898275775258e-01
1.257380504648608621e-01
1.346589846651477518e-01
1.437873668711108499e-01
1.532300968210620618e-01
1.629136182110233200e-01
1.728495777885837303e-01
1.830143595974368653e-01
1.934480847160739425e-01
2.040467680733127065e-01
2.148927212994022062e-01
2.258862150947970882e-01
2.371029342453403466e-01
2.484400917332095782e-01
2.599712444584293403e-01
2.717029966156406240e-01
2.835484577457827449e-01
2.955404163639467896e-01
3.076415694992464811e-01
3.198779870312136731e-01
3.322541536133211126e-01
3.447620321552674616e-01
3.574219597618500943e-01
3.701747704784791870e-01
3.830534030239504117e-01
3.960292042534273582e-01
4.091353930275360984e-01
4.224092508594909923e-01
4.357880891601960127e-01
4.493031944076935624e-01
4.629029096405427590e-01
4.766261924545686646e-01
4.904669441025178434e-01
5.044418407719055697e-01
5.185193539898316217e-01
5.327619637291352017e-01
5.471141482632080333e-01
5.616156686584871105e-01
5.762160457413119108e-01
5.909599436561985275e-01
6.058620203773898982e-01
6.209394885342043313e-01
6.362121738235873014e-01
6.516049791614930697e-01
6.671549071113984652e-01
6.828471030037324141e-01
6.986960555355470337e-01
7.146654797832887596e-01
7.307771779339236051e-01
7.470212162773531839e-01
7.634734607975404153e-01
7.800829435627381070e-01
7.968292571346680120e-01
8.137355448048034789e-01
8.307623685638825251e-01
8.479822636883178610e-01
8.652877701561370039e-01
8.827756978313842096e-01
9.004304851334014037e-01
9.182124091427247281e-01
9.361998523514191151e-01
9.542730916778962014e-01
9.725497354309481368e-01
9.910468198101440862e-01
1.009700489167443926e+00
1.028537969712487898e+00
1.047512229804269612e+00
1.066702859524957026e+00
1.085985080126992353e+00
1.105477808837167064e+00
1.125198754195443573e+00
1.145077133301964922e+00
1.165142738942376521e+00
1.185342390660516720e+00
1.205730908040277605e+00
1.226339385632745804e+00
1.247070651177637046e+00
1.267971005563013120e+00
1.288999998692743398e+00
1.310162830476038209e+00
1.331521988038294024e+00
1.352952137116663067e+00
1.374533391122095383e+00
1.396163923863642076e+00
1.417944557790033810e+00
1.439872217301600088e+00
1.461897163514368270e+00
1.484076197270624453e+00
1.506328518513910586e+00
1.528718924645655175e+00
1.551270718697779216e+00
1.573898451451532843e+00
1.596644463662378666e+00
1.619443910245172757e+00
1.642373073224299151e+00
1.665358812932246302e+00
1.688467188004725728e+00
1.711728434685939160e+00
1.735055019978755109e+00
1.758493871812098597e+00
1.782005393628352419e+00
1.805630493287318394e+00
1.829290244702570734e+00
1.853046391133539972e+00
1.876936035279505255e+00
1.900890932206384942e+00
1.924921202782861718e+00
1.948968272332422647e+00
1.973059814099543230e+00
1.997247207288019633e+00
2.021414275292627849e+00
2.045616908196680406e+00
2.069761464719049648e+00
2.093900253895990105e+00
2.118065190438501055e+00
2.142131073598138702e+00
2.166128988389246501e+00
2.190067627553217378e+00
2.213867015961878515e+00
2.237538976792567080e+00
2.261010878209345432e+00
2.284224286202661602e+00
2.307229306821099613e+00
2.329951939706078612e+00
2.352421243314019250e+00
2.374703123692742945e+00
2.396748535756341170e+00
2.418536009911767426e+00
2.439980886105767244e+00
2.461159224633447273e+00
2.482133658055535541e+00
2.502880587701073800e+00
2.523396320466271270e+00
2.543620774869194801e+00
2.563683405045739327e+00
2.583448040608635754e+00
2.602999227170220031e+00
2.622213297013512356e+00
2.641117900733223944e+00
2.659784716490975143e+00
2.678234707240334522e+00
2.696418831471672828e+00
2.714501819733849075e+00
2.732400171879998396e+00
2.750181685809365728e+00
2.767854014758340586e+00
2.785397502307168871e+00
2.802931817893258959e+00
2.820542950753442302e+00
2.838285136346093918e+00
2.856092959765664574e+00
2.874128697041741898e+00
2.892298163298836933e+00
2.910733944300881504e+00
2.929336884145013364e+00
2.948133591536752363e+00
2.967132734183541398e+00
2.986353523854485381e+00
3.005784067038765439e+00
3.025445993069878270e+00
3.045228312138786642e+00
3.065265658025017270e+00
3.085439047936668899e+00
3.105875342015496088e+00
3.126453845624199257e+00
3.147300074223747579e+00
3.168290662888755715e+00
3.189499576215018894e+00
3.210876517419089637e+00
3.232470047597160168e+00
3.254233067158927906e+00
3.276235623482933068e+00
3.298399436597099221e+00
3.320799188737144192e+00
3.343341162327995164e+00
3.366143036011924661e+00
3.389084346417655880e+00
3.412286710862388439e+00
3.435586114053001516e+00
3.458965530518760989e+00
3.482350092057457047e+00
3.505769639138450522e+00
3.529162576321830613e+00
3.552566769246329859e+00
3.575928347234000881e+00
3.599298052911032997e+00
3.622616534356345674e+00
3.645930214051475104e+00
3.669183287743796651e+00
3.692432315472830684e+00
3.715614035252798875e+00
3.738778860692251627e+00
3.761868102673758152e+00
3.784939975861777217e+00
3.807925109986533219e+00
3.830875492219199430e+00
3.853726706628073817e+00
3.876521690015067190e+00
3.899126365308035691e+00
3.921647865895498963e+00
3.943961553696860189e+00
3.966126368169058836e+00
3.988076801423301010e+00
4.009883456353414921e+00
4.031438708428611406e+00
4.052724695328940641e+00
4.073814389828909199e+00
4.094684622411001840e+00
4.115390675191153314e+00
4.135869774941672183e+00
4.156119454030264393e+00
4.176096633795965296e+00
4.195757476214636128e+00
4.215116918210256358e+00
4.234139284018743510e+00
4.252858091716040789e+00
4.271255130891074892e+00
4.289323520783653976e+00
4.307112227801551896e+00
4.324653234605064789e+00
4.341924816493263783e+00
4.358948071126213186e+00
4.375615219001045553e+00
4.391922748212089722e+00
4.407910783414116018e+00
4.423581977013816946e+00
4.438972065572013292e+00
4.454039826516380529e+00
4.468698561314812245e+00
4.483051320437661857e+00
4.497106109980813393e+00
4.510796651963465465e+00
4.524246012095682445e+00
4.537356213454478038e+00
4.550183370236628555e+00
4.562863378648036594e+00
4.575294491175883493e+00
4.587556637648813940e+00
4.599496338490717484e+00
4.611062351588480546e+00
4.622423986319772915e+00
4.633514504555932945e+00
4.644423786525003983e+00
4.655019328717462379e+00
4.665260295991174644e+00
4.675312115077248976e+00
4.685112651113739979e+00
4.694742758397332238e+00
4.704089532617799385e+00
4.713146797541848620e+00
4.721924146537057609e+00
4.730383572701684969e+00
4.738609124545329010e+00
4.746578689340822166e+00
4.754267835740320081e+00
4.761680547122232987e+00
4.768783691052667528e+00
4.775645412925951128e+00
4.782238677267305782e+00
4.788542022232286755e+00
4.794560049299470883e+00
4.800222788576357758e+00
4.805605582122081110e+00
4.810710520867579554e+00
4.815511877063983093e+00
4.820121962849372110e+00
4.824435902063124004e+00
4.828494407359831264e+00
4.832204116110078829e+00
4.835621784154644942e+00
4.838739943031540314e+00
4.841551728669871935e+00
4.844067729238738629e+00
4.846328965697755287e+00
4.848349456761350318e+00
4.850153774295320019e+00
4.851795113358964073e+00
4.853211584810484425e+00
4.854473226044643930e+00
4.855593198512066166e+00
4.856633105252254445e+00
4.857627823029029734e+00
4.858590189565290096e+00
4.859553994063605664e+00
4.860505948040952262e+00
4.861463846315015935e+00
4.862448231254090203e+00
4.863505977962483406e+00
4.864587686557639401e+00
4.865754809279311033e+00
4.867032445270885077e+00
4.868402653981317663e+00
4.869889330316652831e+00
4.871477762360443720e+00
4.873220082719196711e+00
4.875119161207545737e+00
4.877138554055561848e+00
4.879289276946654041e+00
4.881580546100011020e+00
4.884036166418662894e+00
4.886593225349060710e+00
4.889311828960053674e+00
4.892151102174394417e+00
4.895099034954184525e+00
4.898157553125495056e+00
4.901333635498160923e+00
4.904571841407889821e+00
4.907906769562835336e+00
4.911307594228858875e+00
4.914755050588722973e+00
4.918247379709358214e+00
4.921785573412055470e+00
4.925331727315062302e+00
4.928898488331908467e+00
4.932472149480457091e+00
4.936040611315841709e+00
4.939584522892113583e+00
4.943079110730763226e+00
4.946525184858914237e+00
4.949897838283654039e+00
4.953181790162202169e+00
4.956380542267439182e+00
4.959479477156279792e+00
4.962440693129180680e+00
4.965301903833030828e+00
4.968018820036530059e+00
4.970576922942280262e+00
4.972992205519556563e+00
4.975246773410915146e+00
4.977277544189571579e+00
4.979155590135930787e+00
4.980810311932443391e+00
4.982226792771696111e+00
4.983434136037110385e+00
4.984350035090326259e+00
4.985026584465383159e+00
4.985434395868656665e+00
4.985569772079911921e+00
4.985428606702338783e+00
4.985005281551134537e+00
4.984335280565870718e+00
4.983336258365167026e+00
4.982079425437702547e+00
4.980556628985657319e+00
4.978804782463565282e+00
4.976788514836088417e+00
4.974609918726937252e+00
4.972233619226470225e+00
4.969704256190313529e+00
4.967039751543055992e+00
4.964284064306270672e+00
4.961449232830059231e+00
4.958565297259341698e+00
4.955627565218458486e+00
4.952691223753939553e+00
4.949747635258685108e+00
4.946825151874076454e+00
4.943937645389091529e+00
4.941111198200236920e+00
4.938353356553566442e+00
4.935681630505572848e+00
4.933102929724705099e+00
4.930647273792279073e+00
4.928295193000090002e+00
4.926073282493602434e+00
4.923981505764972511e+00
4.922020809782992501e+00
4.920186161829482430e+00
4.918492112143289852e+00
4.916910068525325528e+00
4.915426414145480649e+00
4.914067017270575377e+00
4.912776567770491987e+00
4.911589642150651080e+00
4.910480557440171978e+00
4.909450724108467945e+00
4.908508040143500395e+00
4.907649174316178531e+00
4.906848634464989978e+00
4.906142102463494581e+00
4.905529748743723495e+00
4.904960766045700638e+00
4.904458560293864622e+00
4.904017864523779302e+00
4.903620668782245673e+00
4.903291242888522028e+00
4.903046382723701413e+00
4.902845381016236459e+00
4.902729921818104408e+00
4.902695687957899118e+00
4.902753596799307445e+00
4.902943404214315848e+00
4.903213761551164396e+00
4.903605994982504157e+00
4.904104488631570113e+00
4.904721299512171839e+00
4.905457061407945574e+00
4.906291717989227585e+00
4.907264811722418685e+00
4.908330446956536086e+00
4.909537124661584429e+00
4.910854134587427033e+00
4.912283749161144186e+00
4.913843130646131208e+00
4.915483528552434755e+00
4.917224522260807085e+00
4.919045118568323716e+00
4.920944736180686618e+00
4.922906418917560423e+00
4.924915676293754707e+00
4.926956505207205517e+00
4.929007628289843623e+00
4.931035192040587489e+00
4.933042142866039370e+00
4.934997926382208355e+00
4.936867980239774134e+00
4.938652147529507097e+00
4.940322460410976113e+00
4.941864980785035222e+00
4.943265243945502263e+00
4.944539098469399541e+00
4.945644846884393431e+00
4.946611073193930785e+00
4.947420708713912596e+00
4.948046594885969540e+00
4.948541039144480180e+00
4.948862647777283463e+00
4.949040686944361056e+00
4.949060916681636613e+00
4.948900131848501971e+00
4.948616310101795257e+00
4.948174222675013390e+00
4.947603646521317344e+00
4.946905746464478781e+00
4.946095421691286020e+00
4.945177605156647616e+00
4.944140331228125795e+00
4.942988580469836357e+00
4.941757449288715520e+00
4.940443787206759474e+00
4.939047585357776882e+00
4.937626566369881509e+00
4.936174897630563052e+00
4.934731068243135788e+00
4.933285200078833199e+00
4.931840665717469818e+00
4.930423527289973684e+00
4.929042973001349637e+00
4.927724127848494007e+00
4.926472270716773849e+00
4.925305855800258925e+00
4.924220279832232094e+00
4.923226970364201094e+00
4.922341235359060541e+00
4.921545750875818470e+00
4.920879704211699845e+00
4.920329779949833338e+00
4.919900555317152424e+00
4.919590813689726616e+00
4.919394655939983707e+00
4.919304262916417869e+00
4.919314604217512432e+00
4.919446532560838747e+00
4.919686124811274652e+00
4.920038687067432193e+00
4.920523310752912494e+00
4.921130300538941071e+00
4.921856217386527454e+00
4.922724856289430129e+00
4.923720943110390103e+00
4.924842519464297297e+00
4.926095004530949062e+00
4.927439209970040146e+00
4.928924159558816243e+00
4.930501690211101185e+00
4.932196188273234583e+00
4.933982802780671584e+00
4.935854212047858347e+00
4.937823015304608987e+00
4.939871989490790760e+00
4.941988453271194182e+00
4.944167410435481358e+00
4.946415484847828559e+00
4.948747691365285917e+00
4.951141194107338883e+00
4.953583727481170484e+00
4.956065118762060351e+00
4.958583100589319947e+00
4.961132239254519405e+00
4.963700326832340082e+00
4.966288040729567754e+00
4.968882102223441954e+00
4.971477551015422769e+00
4.974067198487326813e+00
4.976631804557845484e+00
4.979176286908194804e+00
4.981682645531700260e+00
4.984121921511694531e+00
4.986523386540219427e+00
4.988855444195077204e+00
4.991091548057601912e+00
4.993263869436787239e+00
4.995340373816298474e+00
4.997290473135517885e+00
4.999159910085008818e+00
5.000904768707559178e+00
5.002483945491120743e+00
5.003952482046888584e+00
5.005266049506473358e+00
5.006391840802835169e+00
5.007387375237749794e+00
5.008199557291673543e+00
5.008781320566641604e+00
5.009209110515523200e+00
5.009423313925375432e+00
5.009432173236140429e+00
5.009236129312644614e+00
5.008791662989985127e+00
5.008115324466357876e+00
5.007166230319867850e+00
5.006004942445883898e+00
5.004536660103927836e+00
5.002852412252556391e+00
5.000915013938080023e+00
4.998741253553759201e+00
4.996345381080042891e+00
4.993762833713423888e+00
4.990951146422754725e+00
4.988000097512136577e+00
4.984878531037699290e+00
4.981618522941004379e+00
4.978243352114093412e+00
4.974779653488528020e+00
4.971237302063835628e+00
4.967655436633957144e+00
4.964056773721111426e+00
4.960471659242045916e+00
4.956932828961741144e+00
4.953458793698679585e+00
4.950071063875091326e+00
4.946793395518195524e+00
4.943633309542072141e+00
4.940610669790637566e+00
4.937723303078544568e+00
4.934980241595638084e+00
4.932387187122237115e+00
4.929992469041477143e+00
4.927792924134861252e+00
4.925783956139217601e+00
4.924018032192121197e+00
4.922487313835750555e+00
4.921176821379791733e+00
4.920139472200404818e+00
4.919359840690028740e+00
4.918817241578234523e+00
4.918531316961033184e+00
4.918521506553387823e+00
4.918715807264542939e+00
4.919213836369907611e+00
4.919950136793649342e+00
4.920938718793785860e+00
4.922193328020966874e+00
4.923736351756251572e+00
4.925488956300415389e+00
4.927555097518362182e+00
4.929802657989659664e+00
4.932329843370117928e+00
4.935097678331532123e+00
4.938063942221798897e+00
4.941214184490839045e+00
4.944554843334356242e+00
4.948077823249498408e+00
4.951753726331393324e+00
4.955622723130385765e+00
4.959609627155463940e+00
4.963738482920328821e+00
4.967962595252195968e+00
4.972307032970587848e+00
4.976712232855954987e+00
4.981197690693536018e+00
4.985731365708508278e+00
4.990313053158919487e+00
4.994925947515169717e+00
4.999558244971433751e+00
5.004190680710475014e+00
5.008818751303356187e+00
5.013427409557503545e+00
5.017963363258045817e+00
5.022437476245564802e+00
5.026824537245434321e+00
5.031112425653141429e+00
5.035278865722816022e+00
5.039358424572151662e+00
5.043277402249973562e+00
5.047080065933864823e+00
5.050704560307663904e+00
5.054169622389477645e+00
5.057488560406368627e+00
5.060619136718910838e+00
5.063581417826813258e+00
5.066397732226055162e+00
5.069073492316406693e+00
5.071585003165405503e+00
5.073952537951868180e+00
5.076183220622938919e+00
5.078256024448078776e+00
5.080222083954018863e+00
5.082033807067078079e+00
5.083696152297657811e+00
5.085213923482102771e+00
5.086564398584765279e+00
5.087797727314633534e+00
5.088879828704398811e+00
5.089785995362203330e+00
5.090563448769848343e+00
5.091148417731623965e+00
5.091610008282463795e+00
5.091888844231020173e+00
5.091970720561098673e+00
5.091909377770375222e+00
5.091641303365927129e+00
5.091244453368585887e+00
5.090661027384799198e+00
5.089894257364671049e+00
5.088978147534529484e+00
5.087883717818060703e+00
5.086654933718840255e+00
5.085273104337851180e+00
5.083738665906587961e+00
5.082054668245713280e+00
5.080200008926789579e+00
5.078243255196015937e+00
5.076143608866137136e+00
5.073941021589440048e+00
5.071622880129021738e+00
5.069221300957602594e+00
5.066714441357058618e+00
5.064092193124692720e+00
5.061411221502225999e+00
5.058654978154105031e+00
5.055852149007719731e+00
5.053004939434926790e+00
5.050131593821447495e+00
5.047250932333868789e+00
5.044371800599496858e+00
5.041522579369944523e+00
5.038712468324106908e+00
5.035957705853385313e+00
5.033279209313792357e+00
5.030701786754531390e+00
5.028208894310397525e+00
5.025864458260935308e+00
5.023645482687157049e+00
5.021545828608672934e+00
5.019613036839168707e+00
5.017871107784907636e+00
5.016304677305619464e+00
5.014900726256768415e+00
5.013700882596771713e+00
5.012682257024447807e+00
5.011838542995850965e+00
5.011202426133553267e+00
5.010730608692267829e+00
5.010424521276601872e+00
5.010312585299708132e+00
5.010345759526700249e+00
5.010603285846173094e+00
5.010999025707007171e+00
5.011580296088816056e+00
5.012373175849080376e+00
5.013319985796572453e+00
5.014448762540581583e+00
5.015736729358199142e+00
5.017178456489803651e+00
5.018796734218362587e+00
5.020556933586363790e+00
5.022486059074169340e+00
5.024553192709451110e+00
5.026744710658554993e+00
5.029043339644436728e+00
5.031441410784488255e+00
5.033950914447073544e+00
5.036531676058535467e+00
5.039166758363012200e+00
5.041838912670377759e+00
5.044531840090518138e+00
5.047230251734023732e+00
5.049927248661283841e+00
5.052601851229432839e+00
5.055247161392931510e+00
5.057856582109693910e+00
5.060412424807315013e+00
5.062921680216555309e+00
5.065342160020832374e+00
5.067688471828464714e+00
5.069936272655491294e+00
5.072071587298873752e+00
5.074070610557558147e+00
5.075956810121300400e+00
5.077658530627252809e+00
5.079211264257194713e+00
5.080579268489839428e+00
5.081748660732866796e+00
5.082690248344900574e+00
5.083444278840782538e+00
5.083915435937108818e+00
5.084105263990224444e+00
5.084059900925367970e+00
5.083683612220794679e+00
5.083042595707685685e+00
5.082111538522752880e+00
5.080895752631934492e+00
5.079431506418499609e+00
5.077707060598643629e+00
5.075782962911637775e+00
5.073608746402772596e+00
5.071252207183155392e+00
5.068712537609848745e+00
5.066023613237652157e+00
5.063165712379724681e+00
5.060202228450090267e+00
5.057117064320354238e+00
5.053949695252685004e+00
5.050721962475090976e+00
5.047440399252683285e+00
5.044125595711975940e+00
5.040783760868816188e+00
5.037413811706810129e+00
5.034043024205474559e+00
5.030674194716719505e+00
5.027319984459189151e+00
5.023993013822345866e+00
5.020701509737280688e+00
5.017469751858022242e+00
5.014284921013620000e+00
5.011176604353692277e+00
5.008154375874307007e+00
5.005212685488964475e+00
5.002360496842171322e+00
4.999641532921101472e+00
4.997003299617078120e+00
4.994481197022702545e+00
4.992102460139300923e+00
4.989823286854531581e+00
4.987649517082479278e+00
4.985630082362201065e+00
4.983685728930737469e+00
4.981873096399809242e+00
4.980172958397175442e+00
4.978560916953589377e+00
4.977072073989416978e+00
4.975698160850312135e+00
4.974419733309055403e+00
4.973281899192238953e+00
4.972266952567601983e+00
4.971384029411578531e+00
4.970596739821934840e+00
4.969929817342067402e+00
4.969411523477043069e+00
4.968996803783680249e+00
4.968758943048174892e+00
4.968653213116209777e+00
4.968697582073380303e+00
4.968901225626337848e+00
4.969225194342302920e+00
4.969698941670227299e+00
4.970322260856497643e+00
4.971102979481090145e+00
4.972023200616109584e+00
4.973076126351821280e+00
4.974269196912515234e+00
4.975567638650405300e+00
4.976995542719828691e+00
4.978506791367996343e+00
4.980115009769667367e+00
4.981800668910016938e+00
4.983544405177104508e+00
4.985330443158614067e+00
4.987131708338726988e+00
4.988932976499070193e+00
4.990710835680236990e+00
4.992443102523556497e+00
4.994109962954989435e+00
4.995709408447018163e+00
4.997204012349119928e+00
4.998607973381750114e+00
4.999898547753563349e+00
5.001069923043123033e+00
5.002111980095378385e+00
5.003039536177985802e+00
5.003813220336907897e+00
5.004433203600222591e+00
5.004905124939854844e+00
5.005209487322593631e+00
5.005393002554649584e+00
5.005416275188202313e+00
5.005307522667448161e+00
5.005050036357590493e+00
5.004619834953793145e+00
5.004058967279145342e+00
5.003337418483444488e+00
5.002504912884780275e+00
5.001520764352626713e+00
5.000416072951501256e+00
4.999186708601063067e+00
4.997861267300193866e+00
4.996411458374804049e+00
4.994847261281556428e+00
4.993207215489692707e+00
4.991495608808343754e+00
4.989736658008639303e+00
4.987918236674610206e+00
4.986069098086897355e+00
4.984191887797657650e+00
4.982301724376027252e+00
4.980406237067524167e+00
4.978518823953215211e+00
4.976645782859865363e+00
4.974797809244934754e+00
4.972981175901237449e+00
4.971202138783279878e+00
4.969475167067591848e+00
4.967796737672631302e+00
4.966186122270170422e+00
4.964630839498582304e+00
4.963149673314633858e+00
4.961747913779560371e+00
4.960409054281059937e+00
4.959151730658356350e+00
4.957972286315505350e+00
4.956868465663735179e+00
4.955849203737322739e+00
4.954935723142567916e+00
4.954100076975170630e+00
4.953404740663114758e+00
4.952822371655944522e+00
4.952368101673070733e+00
4.952059090277049158e+00
4.951908733704927457e+00
4.951872793384696436e+00
4.952029307507778810e+00
4.952346991547253552e+00
4.952802226119544571e+00
4.953432713844683200e+00
4.954234853261019644e+00
4.955173418321515477e+00
4.956243307911658569e+00
4.957426773332858971e+00
4.958774873190428423e+00
4.960222511761690711e+00
4.961836042129303515e+00
4.963559719496274170e+00
4.965410139583850579e+00
4.967370706223751320e+00
4.969455046378876695e+00
4.971640688055064317e+00
4.973923060172106503e+00
4.976305232071185358e+00
4.978762242966198848e+00
4.981313510113264620e+00
4.983929603570010691e+00
4.986622930937317122e+00
4.989372505717780903e+00
4.992175765805748178e+00
4.995011499994302717e+00
4.997878774874711993e+00
5.000755850844884165e+00
5.003628351264501006e+00
5.006481088274026270e+00
5.009311490827108138e+00
5.012078703218008080e+00
5.014787967079185727e+00
5.017398520880246515e+00
5.019884749227069953e+00
5.022254780554079368e+00
5.024440668546461097e+00
5.026529018306039376e+00
5.028441028618120257e+00
5.030167147987388176e+00
5.031741537325881808e+00
5.033146389298939205e+00
5.034307997249864997e+00
5.035332821407221715e+00
5.036139145442151133e+00
5.036719151981972509e+00
5.037112645120226162e+00
5.037262545828574467e+00
5.037230463032477346e+00
5.036968954917841579e+00
5.036511718262785209e+00
5.035837596659415105e+00
5.034921173457854060e+00
5.033830101420037728e+00
5.032530680526845934e+00
5.031005044360511214e+00
5.029280784507147217e+00
5.027375542153469823e+00
5.025280032385936124e+00
5.023045105864158089e+00
5.020669403900256178e+00
5.018184709180941283e+00
5.015601414968124061e+00
5.012931511332144652e+00
5.010202919770826213e+00
5.007432909835925372e+00
5.004637504448046670e+00
5.001843230356325165e+00
4.999070413042653982e+00
4.996333767105687329e+00
4.993654578556169454e+00
4.991029338766682422e+00
4.988500308324443466e+00
4.986046025683031679e+00
4.983709112037764122e+00
4.981499773640976514e+00
4.979409277667151912e+00
4.977447703708755888e+00
4.975623627682077554e+00
4.973897117902385645e+00
4.972311880965579078e+00
4.970840526600230902e+00
4.969487154562820308e+00
4.968259572838295668e+00
4.967169701387037506e+00
4.966179675985922692e+00
4.965310801197638568e+00
4.964592309896698197e+00
4.963982019875993856e+00
4.963503198479167544e+00
4.963123046052507092e+00
4.962901036296837098e+00
4.962801177385128604e+00
4.962831650383170867e+00
4.962999285783018522e+00
4.963315783094015110e+00
4.963750537286844455e+00
4.964293311971571754e+00
4.964928028497245016e+00
4.965684564325358430e+00
4.966546992647791647e+00
4.967509679857039728e+00
4.968563141662024840e+00
4.969687878105186307e+00
4.970885312619945928e+00
4.972141873005172741e+00
4.973474250647566208e+00
4.974871145549558449e+00
4.976319155010723527e+00
4.977842446926377562e+00
4.979415782752774078e+00
4.981051626417182021e+00
4.982729314181349345e+00
4.984458387109777178e+00
4.986231613221903558e+00
4.988044450196762014e+00
4.989889919224520298e+00
4.991764908346672414e+00
4.993663256976146769e+00
4.995569574448604833e+00
4.997468866917629704e+00
4.999365581485768040e+00
5.001218558165571260e+00
5.002992350223800067e+00
5.004720735463639159e+00
5.006366305712004028e+00
5.007900247785586956e+00
5.009338092568654588e+00
5.010659238013762895e+00
5.011794686678189059e+00
5.012785207319397252e+00
5.013607144642012514e+00
5.014256004157797264e+00
5.014723589222266575e+00
5.015044412750140346e+00
5.015169645424323086e+00
5.015147820992718941e+00
5.014954483045586997e+00
5.014628427943536693e+00
5.014119059501537023e+00
5.013424179463037866e+00
5.012597300766358011e+00
5.011630815176615350e+00
5.010559687896022574e+00
5.009357195033083521e+00
5.008072819544325149e+00
5.006690756811150500e+00
5.005231262279996152e+00
5.003709650172243784e+00
5.002139191015015030e+00
5.000545359088431674e+00
4.998928701265107577e+00
4.997302616669188957e+00
4.995685399903308621e+00
4.994091052992593482e+00
4.992540917082083141e+00
4.991045612080347027e+00
4.989606573267232115e+00
4.988239438815365467e+00
4.986964135749588856e+00
4.985763207210551329e+00
4.984659173025141499e+00
4.983669691665421730e+00
4.982770747823964008e+00
4.981983897222529656e+00
4.981331988854657666e+00
4.980780120363783148e+00
4.980352229161511879e+00
4.980054610690427985e+00
4.979873353524459034e+00
4.979818015594361214e+00
4.979870788401319359e+00
4.980007495947509355e+00
4.980227494083672823e+00
4.980574191093773528e+00
4.980981134765178453e+00
4.981499399684699014e+00
4.982123708047302202e+00
4.982840978943140264e+00
4.983641684867770927e+00
4.984535412334234472e+00
4.985509781010778241e+00
4.986570522182018905e+00
4.987707704298527389e+00
4.988910595916541624e+00
4.990185531072649283e+00
4.991559546135697190e+00
4.993016569160256601e+00
4.994553632878099059e+00
4.996179097883736375e+00
4.997865471832786177e+00
4.999622534208331359e+00
5.001437552266153830e+00
5.003326228849921620e+00
5.005268047146831378e+00
5.007262308739457879e+00
5.009298976205622367e+00
5.011373869471585252e+00
5.013469563417468855e+00
5.015593911253247938e+00
5.017711468778881745e+00
5.019823244653974115e+00
5.021922650032077939e+00
5.023978363268410519e+00
5.025978970073496477e+00
5.027935845546757321e+00
5.029793864183460528e+00
5.031513249270950006e+00
5.033164570473465993e+00
5.034664388738904428e+00
5.035992081307205659e+00
5.037179891459975245e+00
5.038208530165587007e+00
5.039011891179119296e+00
5.039684581078920367e+00
5.040156323194834975e+00
5.040421500813547340e+00
5.040517340854141715e+00
5.040394494964142602e+00
5.040106462894341277e+00
5.039595296701749660e+00
5.038907002976497296e+00
5.038023688292462943e+00
5.036921063384374619e+00
5.035661424717267742e+00
5.034205222597678109e+00
5.032597290745338903e+00
5.030826823732218678e+00
5.028928445300421934e+00
5.026872123649678947e+00
5.024706369361243929e+00
5.022426608672701853e+00
5.020056979379021733e+00
5.017618633380495297e+00
5.015136254897677226e+00
5.012629652193154151e+00
5.010114571025932939e+00
5.007617944201792959e+00
5.005147504678333803e+00
5.002726879438721852e+00
5.000368101915680263e+00
4.998094955107532655e+00
4.995910958519539591e+00
4.993829123994669494e+00
4.991851593872867809e+00
4.990004677346312256e+00
4.988288994154298273e+00
4.986714661291204997e+00
4.985311394652687689e+00
4.984081425836646595e+00
4.983025255075061999e+00
4.982179457715118609e+00
4.981534850543702930e+00
4.981091615243220971e+00
4.980856480824167321e+00
4.980844913960772224e+00
4.981068218347954435e+00
4.981537369040179186e+00
4.982189413530158539e+00
4.983104329404758559e+00
4.984218363759445047e+00
4.985536703911946255e+00
4.987059726414607930e+00
4.988753571358847339e+00
4.990638469455170423e+00
4.992648038712668601e+00
4.994805106518198201e+00
4.997108775523831703e+00
4.999521894601514305e+00
5.002029571381737760e+00
5.004633549598385578e+00
5.007316006568601097e+00
5.010066011694600974e+00
5.012885459808043009e+00
5.015767280903987491e+00
5.018741984811954993e+00
5.021783594933681094e+00
5.024900311974219491e+00
5.028064956513577322e+00
5.031286326793366293e+00
5.034555710402661255e+00
5.037865512219600994e+00
5.041212470976047300e+00
5.044600320306949826e+00
5.048025495556525577e+00
5.051479374316864224e+00
5.054947917309932315e+00
5.058437566605739732e+00
5.061913672236137529e+00
5.065348600295715542e+00
5.068747814146214559e+00
5.072094912675553680e+00
5.075364464965993250e+00
5.078533633497888111e+00
5.081630642560654998e+00
5.084593106058770573e+00
5.087430890945130457e+00
5.090088463572198130e+00
5.092604889122181788e+00
5.094958157238894891e+00
5.097141839710409350e+00
5.099144655761654654e+00
5.101002046165402426e+00
5.102658720014030536e+00
5.104194060859615689e+00
5.105544821468526173e+00
5.106668967229658129e+00
5.107633411807351642e+00
5.108396871460013422e+00
5.109015177336864610e+00
5.109447636974387308e+00
5.109672022794716106e+00
5.109741252150730162e+00
5.109591326278048129e+00
5.109287985071884641e+00
5.108797926970171766e+00
5.108167656950998392e+00
5.107356116317558481e+00
5.106348064609217197e+00
5.105199299298571525e+00
5.103853858851241654e+00
5.102379574768589166e+00
5.100745293043899231e+00
5.098975362323570515e+00
5.097079558663415888e+00
5.095027108632373292e+00
5.092895363562154110e+00
5.090653544061230384e+00
5.088346794985577404e+00
5.085955452464863136e+00
5.083476576201959141e+00
5.080934784703298845e+00
5.078323291831061681e+00
5.075672967724845996e+00
5.072987604432150910e+00
5.070284994237467480e+00
5.067579168372199128e+00
5.064874765269800960e+00
5.062191908054396450e+00
5.059535530798479286e+00
5.056903301768346459e+00
5.054308682971043964e+00
5.051753055744214294e+00
5.049238110475583241e+00
5.046748144172473971e+00
5.044301927976651889e+00
5.041920827769084568e+00
5.039561892144723387e+00
5.037260485284371647e+00
5.035010663412852416e+00
5.032799797796054797e+00
5.030654662691397938e+00
5.028570210926575079e+00
5.026534193896097236e+00
5.024562949233096987e+00
5.022660210721533680e+00
5.020817959599536806e+00
5.019053406261248185e+00
5.017391985200686300e+00
5.015812859081071551e+00
5.014365844868462929e+00
5.013032988004725965e+00
5.011815652318638570e+00
5.010707492374223193e+00
5.009715467386286925e+00
5.008835304893891838e+00
5.008111113973300554e+00
5.007509148598055404e+00
5.007045433290640446e+00
5.006735219017008021e+00
5.006519093469122161e+00
5.006436593097040699e+00
5.006463077568787945e+00
5.006612703145820298e+00
5.006876406145620351e+00
5.007226845768617984e+00
5.007678874989378137e+00
5.008204799739049307e+00
5.008817445074543961e+00
5.009505830665455406e+00
5.010247745772229422e+00
5.011040810157881609e+00
5.011883043160066720e+00
5.012773169015870778e+00
5.013686105196700993e+00
5.014631494392976840e+00
5.015592742224559863e+00
5.016543564533218813e+00
5.017481573780402826e+00
5.018394400139674083e+00
5.019283660312516382e+00
5.020143660937769425e+00
5.020967212726694662e+00
5.021745314036827779e+00
5.022473682572464959e+00
5.023142014329651239e+00
5.023753293452182689e+00
5.024295273532490391e+00
5.024764962454656647e+00
5.025164414082984088e+00
5.025484260914246271e+00
5.025733407453963686e+00
5.025908266377966171e+00
5.026004082856098343e+00
5.026030296690159993e+00
5.025990442863994545e+00
5.025891622442149931e+00
5.025720870874221369e+00
5.025474890700872166e+00
5.025165704607363004e+00
5.024795557267363932e+00
5.024374820224341676e+00
5.023904771513636902e+00
5.023378783657546087e+00
5.022800902842875281e+00
5.022172360985869943e+00
5.021502484574313030e+00
5.020791196941727819e+00
5.020031423314804897e+00
5.019238321229213540e+00
5.018403622030609412e+00
5.017541192218059720e+00
5.016629217460149448e+00
5.015666988461607190e+00
5.014674053236239715e+00
5.013642395257347673e+00
5.012585672854775076e+00
5.011481721594326366e+00
5.010338987230651853e+00
5.009155183702106662e+00
5.007938898249860493e+00
5.006689631088968362e+00
5.005401688560244366e+00
5.004093503847119706e+00
5.002758314951655905e+00
5.001398859962223220e+00
5.000011937066313195e+00
4.998606768592591898e+00
4.997193474813696135e+00
4.995771180137391632e+00
4.994350260540243447e+00
4.992936903729436438e+00
4.991525836780068559e+00
4.990132353647944718e+00
4.988755358948703922e+00
4.987393627508875049e+00
4.986058453663584800e+00
4.984752150073047616e+00
4.983490075066086433e+00
4.982270874723193188e+00
4.981091109781857540e+00
4.979965913190837590e+00
4.978901803761118572e+00
4.977898176654571571e+00
4.976968767538064498e+00
4.976126467927688424e+00
4.975356030582779532e+00
4.974666930108661234e+00
4.974051192446943048e+00
4.973546350754196155e+00
4.973141999847584316e+00
4.972850157029323981e+00
4.972647111143314369e+00
4.972547627610482301e+00
4.972553805093492763e+00
4.972668080655138212e+00
4.972900211782405933e+00
4.973220128090330761e+00
4.973638742425689152e+00
4.974133684494741914e+00
4.974734897584864868e+00
4.975435559050390033e+00
4.976207623900124943e+00
4.977056521297643421e+00
4.977969575793692592e+00
4.978954580248544204e+00
4.979993046269963308e+00
4.981083659948062348e+00
4.982219319836448612e+00
4.983386335642288500e+00
4.984579393536995084e+00
4.985781671376178892e+00
4.986998555929610610e+00
4.988217678413936262e+00
4.989424431220838230e+00
4.990616245837161458e+00
4.991787545577833995e+00
4.992929788799235880e+00
4.994034827844449964e+00
4.995098787741014235e+00
4.996119788334915768e+00
4.997099529401610063e+00
4.998034769864033500e+00
4.998901850999545537e+00
4.999722057999323788e+00
5.000480470181655868e+00
5.001187101499389165e+00
5.001840775133321593e+00
5.002419905745634665e+00
5.002951143578837190e+00
5.003418438294181314e+00
5.003846862734504519e+00
5.004217330151448095e+00
5.004533037998924350e+00
5.004811954283367115e+00
5.005039583211045695e+00
5.005237178177783797e+00
5.005389422950545786e+00
5.005498569085473193e+00
5.005579754010984317e+00
5.005619342340365208e+00
5.005634003599849002e+00
5.005609568321822245e+00
5.005561700781552048e+00
5.005477921265853780e+00
5.005350078494963384e+00
5.005195495627564384e+00
5.005006322629492743e+00
5.004795135568568476e+00
5.004557228862980267e+00
5.004297486442815135e+00
5.004013419236731153e+00
5.003711166392755594e+00
5.003397448111069679e+00
5.003077689792704064e+00
5.002753113183867839e+00
5.002424527156840384e+00
5.002100130144248702e+00
5.001779586348425788e+00
5.001469698484729776e+00
5.001166432380419913e+00
5.000872641104948002e+00
5.000601731251668625e+00
5.000353124785910985e+00
5.000136368006210752e+00
4.999947901043784171e+00
4.999803281008940559e+00
4.999703352890651153e+00
4.999638428717593897e+00
4.999611681624523740e+00
4.999617238587092949e+00
4.999663584965606589e+00
4.999742441836137807e+00
4.999852875245129447e+00
4.999992603303258676e+00
5.000163063385850926e+00
5.000378633288061536e+00
5.000623270084478378e+00
5.000907524020739459e+00
5.001222389133044288e+00
5.001563445457585466e+00
5.001938597985872370e+00
5.002330557049581294e+00
5.002747814336189869e+00
5.003179287628600314e+00
5.003629988820621044e+00
5.004095475391813430e+00
5.004563177020616926e+00
5.005031299607225037e+00
5.005495219991870748e+00
5.005952904687591243e+00
5.006395951153106871e+00
5.006825629377135378e+00
5.007237638512024525e+00
5.007635880575844745e+00
5.008017018043766200e+00
5.008379313514898179e+00
5.008727875554330744e+00
5.009050347895689370e+00
5.009354161915696935e+00
5.009629108176894441e+00
5.009873140395947111e+00
5.010094891690975771e+00
5.010288949364190003e+00
5.010460891311382170e+00
5.010594100996245359e+00
5.010690045587111285e+00
5.010743580779385198e+00
5.010757018184381018e+00
5.010742341716400539e+00
5.010683958994783360e+00
5.010586716848052014e+00
5.010446595408579284e+00
5.010271804582885125e+00
5.010061154932341054e+00
5.009818977479449487e+00
5.009537787389567676e+00
5.009227183972111419e+00
5.008874992903878720e+00
5.008490715686788164e+00
5.008081570666838900e+00
5.007649609957444348e+00
5.007197166707920921e+00
5.006707844649065819e+00
5.006195468742954624e+00
5.005653997947083766e+00
5.005090253640518405e+00
5.004511417959438546e+00
5.003911688764199894e+00
5.003294236351355728e+00
5.002655201767192139e+00
5.001999492858157481e+00
5.001334600363480654e+00
5.000657891844022096e+00
4.999971518580425212e+00
4.999276839931117600e+00
4.998576811168896405e+00
4.997873376075732565e+00
4.997169146676171181e+00
4.996467705507385837e+00
4.995771034200298111e+00
4.995081243355380174e+00
4.994400170732841815e+00
4.993739149932371113e+00
4.993095491219865067e+00
4.992469514150724486e+00
4.991862498771951095e+00
4.991276624676391549e+00
4.990723308723969964e+00
4.990205668610138368e+00
4.989717618924183640e+00
4.989265701462132441e+00
4.988845188532573971e+00
4.988464045215948772e+00
4.988145925503774336e+00
4.987875287280037817e+00
4.987657311641231495e+00
4.987483242162124242e+00
4.987361814136237470e+00
4.987313148345418057e+00
4.987317934841700939e+00
4.987387961470374442e+00
4.987505687284135902e+00
4.987682208097392156e+00
4.987924820850454743e+00
4.988211962128840327e+00
4.988552919770442351e+00
4.988930774587057471e+00
4.989355433131417605e+00
4.989823664720019814e+00
4.990331208552083453e+00
4.990870843636653120e+00
4.991440878356656619e+00
4.992025172556600943e+00
4.992625929969213061e+00
4.993236759486457288e+00
4.993852918888291192e+00
4.994463637168369274e+00
4.995065922806821490e+00
4.995651771384142847e+00
4.996215529921316012e+00
4.996758934925161100e+00
4.997263552802465369e+00
4.997742206598482895e+00
4.998178031253479148e+00
4.998574140290578782e+00
4.998924719723721211e+00
4.999241326260229101e+00
4.999516152529825064e+00
4.999742894428630180e+00
4.999916008910942899e+00
5.000035195615921246e+00
5.000117240990360479e+00
5.000155979720723565e+00
5.000145508455892340e+00
5.000082049816695573e+00
4.999975667502579491e+00
4.999826136007751387e+00
4.999637099727833878e+00
4.999411618057484574e+00
4.999155725929732341e+00
4.998872435372169853e+00
4.998559426870044398e+00
4.998221441786584229e+00
4.997861606795188649e+00
4.997482363711889697e+00
4.997088099289531904e+00
4.996676665711994758e+00
4.996252315807934608e+00
4.995813469271954688e+00
4.995365200359221269e+00
4.994916329402323107e+00
4.994468419421310479e+00
4.994030551183815447e+00
4.993603953588601208e+00
4.993188127074238203e+00
4.992786041404900566e+00
4.992400446180101703e+00
4.992025096919236127e+00
4.991668291892705334e+00
4.991324807796476470e+00
4.990994640569983432e+00
4.990678768735229198e+00
4.990368061214535800e+00
4.990071840844898965e+00
4.989792974274454451e+00
4.989534410275367371e+00
4.989299121070501108e+00
4.989084624554810610e+00
4.988898658845422496e+00
4.988738442156312125e+00
4.988603032473323040e+00
4.988493594331514736e+00
4.988405055161414303e+00
4.988341573816573060e+00
4.988289611241628840e+00
4.988259453968924895e+00
4.988254068465168167e+00
4.988269966651415643e+00
4.988313262585280405e+00
4.988370376072554180e+00
4.988453005144103614e+00
4.988564573695613902e+00
4.988699164727434798e+00
4.988857598939642202e+00
4.989035609943524463e+00
4.989235766121848492e+00
4.989453353510899802e+00
4.989685452582044434e+00
4.989932002184641391e+00
4.990191270356725717e+00
4.990462631845574037e+00
4.990749640783021412e+00
4.991044771821894876e+00
4.991350609568605101e+00
4.991662090087034542e+00
4.991974324827737952e+00
4.992290024256058167e+00
4.992607267295666063e+00
4.992926087436922344e+00
4.993241758702048116e+00
4.993547906839944872e+00
4.993839770426698799e+00
4.994117863310226113e+00
4.994378900753059014e+00
4.994616305717923588e+00
4.994837484640726188e+00
4.995031014552065329e+00
4.995203872324624150e+00
4.995353854961419593e+00
4.995479048724944526e+00
4.995588653098518073e+00
4.995679207343335371e+00
4.995757036317797883e+00
4.995811265922808886e+00
4.995841345313661641e+00
4.995846479633313741e+00
4.995829174026570563e+00
4.995799490894845540e+00
4.995752702003067647e+00
4.995691746065117123e+00
4.995617553136966649e+00
4.995537814927943465e+00
4.995458632988579950e+00
4.995380971554390648e+00
4.995303549400254006e+00
4.995224359851984985e+00
4.995150414366929859e+00
4.995083964100762053e+00
4.995027152459790010e+00
4.994980662038272179e+00
4.994936775054504174e+00
4.994898251464312544e+00
4.994864928328154541e+00
4.994846535156669987e+00
4.994848893415458235e+00
4.994866889365060736e+00
4.994902058687569202e+00
4.994954034254464048e+00
4.995032686057078841e+00
4.995142790290105772e+00
4.995275986554610803e+00
4.995432053968819730e+00
4.995609952915970098e+00
4.995818687394772084e+00
4.996057852540675803e+00
4.996319126595322402e+00
4.996603186704730248e+00
4.996903511301194811e+00
4.997210018147294264e+00
4.997525428120557223e+00
4.997842047472063065e+00
4.998161308948460224e+00
4.998467758834872043e+00
4.998762801994147686e+00
4.999041824542495682e+00
4.999308324397119030e+00
4.999567452330650141e+00
4.999809534378859333e+00
5.000038737018170032e+00
5.000248399038376590e+00
5.000439833622936092e+00
5.000611298677089422e+00
5.000760477722200115e+00
5.000884825081143070e+00
5.000968813343483532e+00
5.001022263524632194e+00
5.001023163845297326e+00
5.000980912412982704e+00
5.000896190193947710e+00
5.000754784143995657e+00
5.000573514796327501e+00
5.000327323771547761e+00
5.000029802698175985e+00
4.999682031351606604e+00
4.999278332743327447e+00
4.998826960589270563e+00
4.998311818208080126e+00
4.997759750525935019e+00
4.997156270075124418e+00
4.996494516286532850e+00
4.995795460793654996e+00
4.995052357468288129e+00
4.994285811785141860e+00
4.993489826250355534e+00
4.992668278071562327e+00
4.991829853582659737e+00
4.990973418507257620e+00
4.990105944502630564e+00
4.989231180402913246e+00
4.988354560363569945e+00
4.987481614056506807e+00
4.986615556705274344e+00
4.985759008157528704e+00
4.984915017861403008e+00
4.984083956557786799e+00
4.983264934572852134e+00
4.982464309561527749e+00
4.981686097908295530e+00
4.980936836007512802e+00
4.980217890742697051e+00
4.979530269134318843e+00
4.978880616206204479e+00
4.978270114924287171e+00
4.977702506038819585e+00
4.977188589240883587e+00
4.976729211363468686e+00
4.976329954418813095e+00
4.975987959544632133e+00
4.975706039502743927e+00
4.975480337202076164e+00
4.975333223821122530e+00
4.975255322152275284e+00
4.975234828191801739e+00
4.975270212908268874e+00
4.975355315144167179e+00
4.975502195834175190e+00
4.975706007434979483e+00
4.975959362900809424e+00
4.976264698254870389e+00
4.976600941392588240e+00
4.976974239210592899e+00
4.977370959120797522e+00
4.977798084366129139e+00
4.978249391327605800e+00
4.978711404959664577e+00
4.979182637828395208e+00
4.979657299342558296e+00
4.980131553235456643e+00
4.980596529367373293e+00
4.981044728877948025e+00
4.981479797187255087e+00
4.981897010925219860e+00
4.982298466275439708e+00
4.982673334079789740e+00
4.983023515055882591e+00
4.983358018967318337e+00
4.983675256195472691e+00
4.983981783623801398e+00
4.984270545701490640e+00
4.984543389911758382e+00
4.984806078347372882e+00
4.985055054585445511e+00
4.985295803706158324e+00
4.985521036936897410e+00
4.985734375166702037e+00
4.985935848328280962e+00
4.986128121829588089e+00
4.986321471772153124e+00
4.986513802810570439e+00
4.986713448549618732e+00
4.986917271512559147e+00
4.987127513374199239e+00
4.987349176789630967e+00
4.987574529471805462e+00
4.987809517039915264e+00
4.988048290471544632e+00
4.988291252302935241e+00
4.988540347601285951e+00
4.988788961461743554e+00
4.989041881590147831e+00
4.989294285039413523e+00
4.989548981479365430e+00
4.989808899714609502e+00
4.990067086434921251e+00
4.990324462383052051e+00
4.990578609342684935e+00
4.990827355637211582e+00
4.991062520268370051e+00
4.991284293468106981e+00
4.991497645108958103e+00
4.991701349197884774e+00
4.991892195633610640e+00
4.992066830649037890e+00
4.992223833362570140e+00
4.992364644222891279e+00
4.992485880498773732e+00
4.992582839551381824e+00
4.992655729903839656e+00
4.992705239063130129e+00
4.992724389050622769e+00
4.992718609880889780e+00
4.992689263489796581e+00
4.992638635956450521e+00
4.992571715530707444e+00
4.992486415891676188e+00
4.992391068232012508e+00
4.992293115700361383e+00
4.992193876593138846e+00
4.992095603956605565e+00
4.991993297957579401e+00
4.991892274790207473e+00
4.991795093775492020e+00
4.991701223528708375e+00
4.991610653935696362e+00
4.991517313788410348e+00
4.991426576035794760e+00
4.991341195632468697e+00
4.991263164011527032e+00
4.991192173878428839e+00
4.991128620188448828e+00
4.991068408982592963e+00
4.991010003331813216e+00
4.990957524631867592e+00
4.990909466985376852e+00
4.990871585961195400e+00
4.990845454961291061e+00
4.990824132514880773e+00
4.990808750248743486e+00
4.990797270067033331e+00
4.990796002094777251e+00
4.990806655837132233e+00
4.990823510094688942e+00
4.990847072742091051e+00
4.990877467858282124e+00
4.990918235637855638e+00
4.990971423707579291e+00
4.991029154559274872e+00
4.991096176722694899e+00
4.991167161742832370e+00
4.991248684123766211e+00
4.991338328829642457e+00
4.991432566268976245e+00
4.991531415114787151e+00
4.991627999244864888e+00
4.991728940018128391e+00
4.991833497573298750e+00
4.991939455064621889e+00
4.992048411507767014e+00
4.992155285224926686e+00
4.992271725441005614e+00
4.992396101540562015e+00
4.992534112929043921e+00
4.992679341015082706e+00
4.992837605242294252e+00
4.993005730871719727e+00
4.993179517526788125e+00
4.993363140401107181e+00
4.993549030561609037e+00
4.993749233473701921e+00
4.993962337475879032e+00
4.994183848675950443e+00
4.994414826397462370e+00
4.994652686015380816e+00
4.994903604750198234e+00
4.995163244054330320e+00
4.995427654915167714e+00
4.995698443882776729e+00
4.995974288758501913e+00
4.996260320608183925e+00
4.996552284684643297e+00
4.996846729655429975e+00
4.997145175848767273e+00
4.997446384605630065e+00
4.997751791000976773e+00
4.998059640087797462e+00
4.998369979177281763e+00
4.998680978742108927e+00
4.998998451930151354e+00
4.999320225854084754e+00
4.999652960476145935e+00
4.999998376805947053e+00
5.000356676083669072e+00
5.000725404497846860e+00
5.001097462464735521e+00
5.001474793021245979e+00
5.001856023807690121e+00
5.002241924729808886e+00
5.002629309919340628e+00
5.003015193891390489e+00
5.003401994657382446e+00
5.003789708194002372e+00
5.004179964613779674e+00
5.004571022529765045e+00
5.004964293119176233e+00
5.005354995046421784e+00
5.005739144337042923e+00
5.006121232387289233e+00
5.006491239544614835e+00
5.006851520378752696e+00
5.007188670363886374e+00
5.007505202320081672e+00
5.007799475033446690e+00
5.008072938796743756e+00
5.008323138028993426e+00
5.008547704619034313e+00
5.008745462529972770e+00
5.008920845229789087e+00
5.009081433423474117e+00
5.009223564685001406e+00
5.009347829118980577e+00
5.009450513905522762e+00
5.009533761729164425e+00
5.009605669582872345e+00
5.009666106704301569e+00
5.009720112577689122e+00
5.009765952270154976e+00
5.009798248008500821e+00
5.009819889488770883e+00
5.009825938822375591e+00
5.009822365475608663e+00
5.009803153935843412e+00
5.009767872142162126e+00
5.009712116355564682e+00
5.009637081879680487e+00
5.009538932829654456e+00
5.009421208990296748e+00
5.009273326374148461e+00
5.009099263321167506e+00
5.008893274344063506e+00
5.008660507309741661e+00
5.008410804472424260e+00
5.008137879833140182e+00
5.007846818059245919e+00
5.007539053666898887e+00
5.007217509891400908e+00
5.006887119333754299e+00
5.006539538498530284e+00
5.006178223896333712e+00
5.005801132354447347e+00
5.005415060404249772e+00
5.005016892920741256e+00
5.004607409942456897e+00
5.004190333593198758e+00
5.003769258927117214e+00
5.003346003736863778e+00
5.002925685118446708e+00
5.002509748484501806e+00
5.002099372591385595e+00
5.001691779788145276e+00
5.001287868801066239e+00
5.000882154736230767e+00
5.000468021701585997e+00
5.000047023254942324e+00
4.999615891385387201e+00
4.999179387907993544e+00
4.998741837512265640e+00
4.998298676643083027e+00
4.997853140230785307e+00
4.997406513947557194e+00
4.996967393714498051e+00
4.996538979853998974e+00
4.996125294263970673e+00
4.995720612253558457e+00
4.995323339920055616e+00
4.994938433538687939e+00
4.994567791480137409e+00
4.994210832785382692e+00
4.993863555449559399e+00
4.993514994378698724e+00
4.993165205750178970e+00
4.992811710495066002e+00
4.992459628652345494e+00
4.992111298773001415e+00
4.991761342729936324e+00
4.991412667218158461e+00
4.991066561039099625e+00
4.990730036418447924e+00
4.990407823431800338e+00
4.990093990299413917e+00
4.989791365429321779e+00
4.989500153302708796e+00
4.989226068328628472e+00
4.988980461447993342e+00
4.988758526179502439e+00
4.988577001425931634e+00
4.988436239795322358e+00
4.988339314801181423e+00
4.988298466248000551e+00
4.988317237790237613e+00
4.988391125323746067e+00
4.988523813337582880e+00
4.988725979459035287e+00
4.988982102573412902e+00
4.989313620217639134e+00
4.989712463692324462e+00
4.990177248307065661e+00
4.990703373738125670e+00
4.991291783266261106e+00
4.991968068890766830e+00
4.992713525482015413e+00
4.993518757038311051e+00
4.994375548400476816e+00
4.995281431191162191e+00
4.996254726984100003e+00
4.997280152775841700e+00
4.998351764865714308e+00
4.999464376830058399e+00
5.000616866685944295e+00
5.001815833412605272e+00
5.003052574955420440e+00
5.004329364412027026e+00
