0.000000000000000000e+00
0.000000000000000000e+00
-1.349077933809894867e-08
-8.160547508850866737e-08
-2.563202076544257198e-07
-5.711468190838788446e-07
-1.094211010013168146e-06
-1.632428910625093881e-06
-2.484570148908459380e-06
-3.390257996898070979e-06
-4.195087393554785596e-06
-4.851785641903915207e-06
-5.561243386864589241e-06
-5.844352243684625374e-06
-5.799915996931303565e-06
-5.762720309121488861e-07
1.263333029896784973e-05
3.454283589348960742e-05
7.018760090545585759e-05
1.221740456469433238e-04
1.946462202988641181e-04
2.966614417903201857e-04
4.307139922104852086e-04
6.045755442403333464e-04
8.220457542859094290e-04
1.090721327456094583e-03
1.412146377953149654e-03
1.798076469095803882e-03
2.247870105894662299e-03
2.770436394604303045e-03
3.371066812070466680e-03
4.057820874842263045e-03
4.831414658220864987e-03
5.709651250036814653e-03
6.686381090077021284e-03
7.776001009734728048e-03
8.988916042836763223e-03
1.033966204861030969e-02
1.183510637620316039e-02
1.349141157010422601e-02
1.531278303602561994e-02
1.731725252011642388e-02
1.952048993447647388e-02
2.193571275809631793e-02
2.457032120564804287e-02
2.741899884084091424e-02
3.048907971719131901e-02
3.377966410258637087e-02
3.727371698954925344e-02
4.097759670356142248e-02
4.487940794566500774e-02
4.898934012988437336e-02
5.330239808896411469e-02
5.780184781888353385e-02
6.249085194209443722e-02
6.735995895007476642e-02
7.241629428008425351e-02
7.765377050975189044e-02
8.308355516532286988e-02
8.873406774142607312e-02
9.461466080287320168e-02
1.007283616695724277e-01
1.070802713070236056e-01
1.136755866442046986e-01
1.204684764776550177e-01
1.274855185184799178e-01
1.346961647901855907e-01
1.421328575048767529e-01
1.497766566906296448e-01
1.576234633360230064e-01
1.656646979484879267e-01
1.739064002666794173e-01
1.823443794880233726e-01
1.909986824426971042e-01
1.998230648670516751e-01
2.088499254618010892e-01
2.180431670580230685e-01
2.274413794908843878e-01
2.370229954157196117e-01
2.467887825403534130e-01
2.567299485836349593e-01
2.668598724041306158e-01
2.772137022648179516e-01
2.877976632747971664e-01
2.986140919361435775e-01
3.096445120010697383e-01
3.209042716656053118e-01
3.323319638405167198e-01
3.439642799530350237e-01
3.557998264465653815e-01
3.678676009807908542e-01
3.801611948643052741e-01
3.927113724384629911e-01
4.055162513885819942e-01
4.185317266617143428e-01
4.317854333553636792e-01
4.453188467655504468e-01
4.591389549408280701e-01
4.732774401340805182e-01
4.876553154621444675e-01
5.023300576839767606e-01
5.172751713428819231e-01
5.324560154114090782e-01
5.478778148327194675e-01
5.635540331039748940e-01
5.794828487072312129e-01
5.956919479999863709e-01
6.121155250702225992e-01
6.287922669086777328e-01
6.456816220913254023e-01
6.627485716972670859e-01
6.800288689766250672e-01
6.975263882313095243e-01
7.152733863029799855e-01
7.332155812416396579e-01
7.513378132019363775e-01
7.696428847942672347e-01
7.881439257297836454e-01
8.068146873150192633e-01
8.257165110740983804e-01
8.448251295719469978e-01
8.641352630291309067e-01
8.836336994800889633e-01
9.033248747024859027e-01
9.232212579880082481e-01
9.432905972633685021e-01
9.635055769119585944e-01
9.838673723373735358e-01
1.004396339717897213e+00
1.025099526706727771e+00
1.046034663978608670e+00
1.067134257617982307e+00
1.088452719512971179e+00
1.109931722942383958e+00
1.131632252994569043e+00
1.153536268535645615e+00
1.175644437137635334e+00
1.197965401474030411e+00
1.220436493221314311e+00
1.243084203067810867e+00
1.265873273674042343e+00
1.288792752090485161e+00
1.311828016105682782e+00
1.334985116783173220e+00
1.358279408279450040e+00
1.381714888874084890e+00
1.405267056289703831e+00
1.428975929084808749e+00
1.452814623180420428e+00
1.476813196006805828e+00
1.500948492351562802e+00
1.525216747585327548e+00
1.549634212318451443e+00
1.574195770088226976e+00
1.598880492511780549e+00
1.623722962204010800e+00
1.648701988521607209e+00
1.673844662967713282e+00
1.699162169757874485e+00
1.724639853302033510e+00
1.750288757148774410e+00
1.776130522552521684e+00
1.802138360801728290e+00
1.828333572212250679e+00
1.854726053539307529e+00
1.881303542915375493e+00
1.908091934982331317e+00
1.935105069938691358e+00
1.962269650760682493e+00
1.989617675605805713e+00
2.017135230365785237e+00
2.044818538490327686e+00
2.072689622703585144e+00
2.100776690307650352e+00
2.129064141574892322e+00
2.157590090099366975e+00
2.186325477424653219e+00
2.215285731617004927e+00
2.244478234115631743e+00
2.273899713817627788e+00
2.303513137165100311e+00
2.333277827564269824e+00
2.363170028987914950e+00
2.393176547351867800e+00
2.423277741733582236e+00
2.453438726726563157e+00
2.483624066177399392e+00
2.513806377712281215e+00
2.543962909046204146e+00
2.574066850009949281e+00
2.604100405040772337e+00
2.634033767047913255e+00
2.663850873771699046e+00
2.693538125816376638e+00
2.723070169750245295e+00
2.752435869041474081e+00
2.781611007514984912e+00
2.810590113464387141e+00
2.839378267589600657e+00
2.867972739997894926e+00
2.896383072200806374e+00
2.924606584373505402e+00
2.952655888858826572e+00
2.980498646560700848e+00
3.008154119316132302e+00
3.035591048065216846e+00
3.062835325065644376e+00
3.089881216350587323e+00
3.116709829631837181e+00
3.143326228920015009e+00
3.169716841045412181e+00
3.195890425506624055e+00
3.221834150615724646e+00
3.247560902896913682e+00
3.273060656848940209e+00
3.298317095104250196e+00
3.323328265014681371e+00
3.348083945575746956e+00
3.372589198413881828e+00
3.396834379497561063e+00
3.420826114479098123e+00
3.444557274642977340e+00
3.468037339511904182e+00
3.491257864299806890e+00
3.514227329555544177e+00
3.536936062637362266e+00
3.559390074077639188e+00
3.581549209419283120e+00
3.603426758113893680e+00
3.625025845829042748e+00
3.646351343456301297e+00
3.667443736854586245e+00
3.688273993793520500e+00
3.708873254123720820e+00
3.729250515762362106e+00
3.749424520793947391e+00
3.769426609340700285e+00
3.789218329254183004e+00
3.808825734916719608e+00
3.828215721908601932e+00
3.847410515609773540e+00
3.866434158149751887e+00
3.885254179302248367e+00
3.903886752191576548e+00
3.922348983350786522e+00
3.940608942571672824e+00
3.958683452669176539e+00
3.976592606369051985e+00
3.994310125175509540e+00
4.011801768604311924e+00
4.029102126422915653e+00
4.046222109857591676e+00
4.063148849073441760e+00
4.079859607282670275e+00
4.096363115373644170e+00
4.112680646244082361e+00
4.128783114019427103e+00
4.144661252561602893e+00
4.160342053237948257e+00
4.175826395813021286e+00
4.191105349126848623e+00
4.206160582366975653e+00
4.221005723539384746e+00
4.235675188365969568e+00
4.250175328317676637e+00
4.264470126691852769e+00
4.278546892467533169e+00
4.292430216136966514e+00
4.306110526386295767e+00
4.319582265678440613e+00
4.332827363077199401e+00
4.345850265089070241e+00
4.358670538726841848e+00
4.371266853872334934e+00
4.383636747661626920e+00
4.395796816412008035e+00
4.407732427183187696e+00
4.419456185165441475e+00
4.430952465597188805e+00
4.442215799156224776e+00
4.453266178432500055e+00
4.464102848831211112e+00
4.474688843551670736e+00
4.485047855440175368e+00
4.495155123535192310e+00
4.505011908474958027e+00
4.514590734902417246e+00
4.523924362722431702e+00
4.532989444795642697e+00
4.541791433158908653e+00
4.550311139288935713e+00
4.558590494457278375e+00
4.566609311762842793e+00
4.574375817242655629e+00
4.581878216925654002e+00
4.589165233436617974e+00
4.596221735540423126e+00
4.603063142362627147e+00
4.609697252574953552e+00
4.616124568048510568e+00
4.622348657909427061e+00
4.628401071492229235e+00
4.634256798687968804e+00
4.639941490355525389e+00
4.645460109177623309e+00
4.650812150898968156e+00
4.656002337995564844e+00
4.661033002797162261e+00
4.665902739528214660e+00
4.670630197588002908e+00
4.675189015928304492e+00
4.679592575195825610e+00
4.683836383584535135e+00
4.687917957666908997e+00
4.691848587456738606e+00
4.695637732211148219e+00
4.699292658332383077e+00
4.702820098165070739e+00
4.706224759284054926e+00
4.709503753844296980e+00
4.712682000163590956e+00
4.715749561253582911e+00
4.718717835608517319e+00
4.721595090094601765e+00
4.724380776349103250e+00
4.727095873716866237e+00
4.729738332692182468e+00
4.732324564519918120e+00
4.734853317204511747e+00
4.737333190802133664e+00
4.739773586306369246e+00
4.742180469546114274e+00
4.744556533906256313e+00
4.746914275649581683e+00
4.749252927217279208e+00
4.751583597574030371e+00
4.753907679978405909e+00
4.756232922736203683e+00
4.758560773644244790e+00
4.760898385706936686e+00
4.763246700081621654e+00
4.765609987590109675e+00
4.767990794840848423e+00
4.770394360486066354e+00
4.772824372861182773e+00
4.775281204793250467e+00
4.777764750633037849e+00
4.780279059622086102e+00
4.782828473064697938e+00
4.785413294944562246e+00
4.788033238265313685e+00
4.790689141962327646e+00
4.793379032823838592e+00
4.796102212283410715e+00
4.798857996675767623e+00
4.801638587627209631e+00
4.804440422270096711e+00
4.807259949955739131e+00
4.810095463309086661e+00
4.812946395787991882e+00
4.815806243929662500e+00
4.818671598050394245e+00
4.821539305064478143e+00
4.824402398381033130e+00
4.827255456361569941e+00
4.830094561192788127e+00
4.832911682340897741e+00
4.835702263626851405e+00
4.838462371442116883e+00
4.841190604183472246e+00
4.843883922908104545e+00
4.846535799417294399e+00
4.849143834326065772e+00
4.851700907859600953e+00
4.854199882510698671e+00
4.856636489394701606e+00
4.859007773164308652e+00
4.861315093103445228e+00
4.863551359239614236e+00
4.865711169156826443e+00
4.867791677329338818e+00
4.869790193948544399e+00
4.871705858621395713e+00
4.873539055946864096e+00
4.875289302233256628e+00
4.876956672284402217e+00
4.878540802660980447e+00
4.880039363119403006e+00
4.881454671535292889e+00
4.882784647706547965e+00
4.884028061691323863e+00
4.885187450859347358e+00
4.886261497798958686e+00
4.887254441219964995e+00
4.888165844071307831e+00
4.888997204813756881e+00
4.889749506104387855e+00
4.890425047490396082e+00
4.891030302744010072e+00
4.891566079843441273e+00
4.892035873893300746e+00
4.892440989192227363e+00
4.892784386377432959e+00
4.893075359247275991e+00
4.893318431906052091e+00
4.893520155164994279e+00
4.893683830450869188e+00
4.893814307896070304e+00
4.893916812173672248e+00
4.893998125519253506e+00
4.894066266578271929e+00
4.894125392099491378e+00
4.894180756935497811e+00
4.894235815212709895e+00
4.894298174854015748e+00
4.894375902263095490e+00
4.894473664674555913e+00
4.894596591291596965e+00
4.894746364883726386e+00
4.894931971065348719e+00
4.895160179610944517e+00
4.895436276409425247e+00
4.895765959906973386e+00
4.896152974728146035e+00
4.896601265694597416e+00
4.897113883856335725e+00
4.897693758818904008e+00
4.898344596985379162e+00
4.899068995553650829e+00
4.899870149034657452e+00
4.900755449447432355e+00
4.901721120241680829e+00
4.902765392426053026e+00
4.903888118702570686e+00
4.905090030941764212e+00
4.906377562794487446e+00
4.907745764616529449e+00
4.909192075494329011e+00
4.910720879498520652e+00
4.912325758251944841e+00
4.914007994744578944e+00
4.915759795967140633e+00
4.917580739322700900e+00
4.919466320488252720e+00
4.921404966625966715e+00
4.923393247041501830e+00
4.925421710524358510e+00
4.927487507227459318e+00
4.929584287318983904e+00
4.931701012018718799e+00
4.933833254042663263e+00
4.935972696307697305e+00
4.938114520523349427e+00
4.940251518103877082e+00
4.942373823884525841e+00
4.944475836518801515e+00
4.946549999478853543e+00
4.948591361257828503e+00
4.950591314497983397e+00
4.952542530957257050e+00
4.954438143733536748e+00
4.956271439257658784e+00
4.958037210765876779e+00
4.959728756758966739e+00
4.961342162403860279e+00
4.962873141083517403e+00
4.964316983732977029e+00
4.965672808352509904e+00
4.966936701748172034e+00
4.968106994095841777e+00
4.969180369291106736e+00
4.970155875224271824e+00
4.971033219087519051e+00
4.971808831531204120e+00
4.972487846228875519e+00
4.973069994773365643e+00
4.973553239766157930e+00
4.973940421368576281e+00
4.974228494900859054e+00
4.974422689161843714e+00
4.974523016016579646e+00
4.974536285027975957e+00
4.974467648924443708e+00
4.974316987483877739e+00
4.974089366155791225e+00
4.973786750487166231e+00
4.973414951353447577e+00
4.972980063124674110e+00
4.972487053698975146e+00
4.971942823543328061e+00
4.971353094480114976e+00
4.970726264841037079e+00
4.970069274655657843e+00
4.969388723424749799e+00
4.968689979664164369e+00
4.967978501818256731e+00
4.967259535393789172e+00
4.966537021598891322e+00
4.965816294304208789e+00
4.965101012340859654e+00
4.964396302751378443e+00
4.963707723892405888e+00
4.963040014407710032e+00
4.962398305214121841e+00
4.961785154692010202e+00
4.961206006161048343e+00
4.960666797994746524e+00
4.960172283589018960e+00
4.959727939604892555e+00
4.959337881966605188e+00
4.959007368735149690e+00
4.958741723238601296e+00
4.958540620184613168e+00
4.958406663867754638e+00
4.958341539879439708e+00
4.958349252779263416e+00
4.958434581484872261e+00
4.958596254185068553e+00
4.958835817490000686e+00
4.959152267080027876e+00
4.959548470627742844e+00
4.960036237415152982e+00
4.960609547559398536e+00
4.961265304524679287e+00
4.961999298546690085e+00
4.962811979416984265e+00
4.963714540962355315e+00
4.964698839847223155e+00
4.965762779031173579e+00
4.966897622857466388e+00
4.968098105404750164e+00
4.969370461318865395e+00
4.970703413699045115e+00
4.972093436632528451e+00
4.973530338768138215e+00
4.975008844647779149e+00
4.976526922200099179e+00
4.978076156888379344e+00
4.979655710671318403e+00
4.981254362825525916e+00
4.982865358654632537e+00
4.984484533582104859e+00
4.986104256574286353e+00
4.987718691889417855e+00
4.989320876363886548e+00
4.990906577322854254e+00
4.992470578018798122e+00
4.994003709469213348e+00
4.995498441968336145e+00
4.996951126221790496e+00
4.998355785373820304e+00
4.999710685972346802e+00
5.001010961000099009e+00
5.002256145093812556e+00
5.003442604158297335e+00
5.004564870510473718e+00
5.005615408856645132e+00
5.006592606444135285e+00
5.007491164792552851e+00
5.008306996364370711e+00
5.009032644320503991e+00
5.009667335141675615e+00
5.010206096198635883e+00
5.010650283124523874e+00
5.010996053580421439e+00
5.011235286750125972e+00
5.011366976730751155e+00
5.011391572810936168e+00
5.011315765472355466e+00
5.011138445696088795e+00
5.010865106022211357e+00
5.010494145116063613e+00
5.010025813466164379e+00
5.009471366031323036e+00
5.008833120240125503e+00
5.008121605960877964e+00
5.007340051381143020e+00
5.006494856177122976e+00
5.005591188295039018e+00
5.004629844052942644e+00
5.003617883621008566e+00
5.002558726294189739e+00
5.001459109036475503e+00
5.000325891373901932e+00
4.999165066553502790e+00
4.997983634619266091e+00
4.996789377330094872e+00
4.995587862355858277e+00
4.994387010185271869e+00
4.993197060672789789e+00
4.992023640794903017e+00
4.990874258129149865e+00
4.989755202455669725e+00
4.988670187665372957e+00
4.987628966121225638e+00
4.986640232501773795e+00
4.985705437509564852e+00
4.984832571296243131e+00
4.984028204379824523e+00
4.983297513945249335e+00
4.982645434586553179e+00
4.982079017682222499e+00
4.981596439777163710e+00
4.981204598507133596e+00
4.980902890840766872e+00
4.980696120968310048e+00
4.980589792773349345e+00
4.980581317241989936e+00
4.980676668692134434e+00
4.980880341078840701e+00
4.981190725374720962e+00
4.981607784438631725e+00
4.982126854132613580e+00
4.982740982394417983e+00
4.983450827222069890e+00
4.984248967911799610e+00
4.985134018208583484e+00
4.986101432662208843e+00
4.987145012091596108e+00
4.988264260511595438e+00
4.989448802020151064e+00
4.990698124985892825e+00
4.992003739248711547e+00
4.993363164435821844e+00
4.994772790591913036e+00
4.996223121952013457e+00
4.997712423126892567e+00
4.999233112554745340e+00
5.000782219391065375e+00
5.002355078380303688e+00
5.003943494181829266e+00
5.005538539211946691e+00
5.007130150269468061e+00
5.008712532739837187e+00
5.010278398912150877e+00
5.011818369548517893e+00
5.013321865718561199e+00
5.014778432916598305e+00
5.016178080212074342e+00
5.017510665129619518e+00
5.018765247981744615e+00
5.019937609951693247e+00
5.021021417226392280e+00
5.022013504575688181e+00
5.022911558966833390e+00
5.023713933225470996e+00
5.024415396000939893e+00
5.025019154283898892e+00
5.025520305890339934e+00
5.025918954755861812e+00
5.026212007604289767e+00
5.026403673585255305e+00
5.026499785935255815e+00
5.026504855672345506e+00
5.026422256449684767e+00
5.026255574426130579e+00
5.026006252238975236e+00
5.025678476276324247e+00
5.025275042647944446e+00
5.024799008997606897e+00
5.024252874361802235e+00
5.023638957286703288e+00
5.022960871601926947e+00
5.022220876286256797e+00
5.021423480505573522e+00
5.020570809910522847e+00
5.019669571588265988e+00
5.018724812189566009e+00
5.017742054382787309e+00
5.016728446105943817e+00
5.015688421646581574e+00
5.014629793459999263e+00
5.013561558792815731e+00
5.012489063138590772e+00
5.011419979403243907e+00
5.010358993778453396e+00
5.009313361416087851e+00
5.008288403520809950e+00
5.007285604024755088e+00
5.006311273942219309e+00
5.005368057186233344e+00
5.004463158170210590e+00
5.003599523822295225e+00
5.002782895261871587e+00
5.002020218069183066e+00
5.001311759496556597e+00
5.000658786738741313e+00
5.000057944464016302e+00
4.999513144450713042e+00
4.999030709596801181e+00
4.998609790014553411e+00
4.998252050871481167e+00
4.997953158909905547e+00
4.997711799568015145e+00
4.997529975710886418e+00
4.997404420445191953e+00
4.997334546870069616e+00
4.997315424918880034e+00
4.997345361018769694e+00
4.997422947970435736e+00
4.997545216198297169e+00
4.997711218859287818e+00
4.997916709355298082e+00
4.998159808743031896e+00
4.998438827063175438e+00
4.998751324641736993e+00
4.999094821701976166e+00
4.999465929496320626e+00
4.999862807284327637e+00
5.000283585193784575e+00
5.000725860151678859e+00
5.001187220330566063e+00
5.001664726699919683e+00
5.002155978980690421e+00
5.002658985930711566e+00
5.003171255964070419e+00
5.003690480518368844e+00
5.004213892410723119e+00
5.004739185388413780e+00
5.005264101478485550e+00
5.005786208289889849e+00
5.006303237456111610e+00
5.006812593567399716e+00
5.007312130521265559e+00
5.007799248772887069e+00
5.008271796110299157e+00
5.008727296295789166e+00
5.009163601736750238e+00
5.009578290621961472e+00
5.009969221207523304e+00
5.010335411208892253e+00
5.010676479975903597e+00
5.010992700348819717e+00
5.011284198708112037e+00
5.011550233162218149e+00
5.011786391980225019e+00
5.011990387219214860e+00
5.012161222904199853e+00
5.012298209074164568e+00
5.012400984860235553e+00
5.012468321014405426e+00
5.012500874736090850e+00
5.012501296791072036e+00
5.012471511437381011e+00
5.012411293903189069e+00
5.012320020323443259e+00
5.012198038095432295e+00
5.012048050569193336e+00
5.011872283885077550e+00
5.011670471088781831e+00
5.011442065121427980e+00
5.011187241891222222e+00
5.010909203974352799e+00
5.010610495297060041e+00
5.010295555455430261e+00
5.009966203620477287e+00
5.009623194759532439e+00
5.009270429214282672e+00
5.008909585451528201e+00
5.008545179081901999e+00
5.008179476124988483e+00
5.007812905696974681e+00
5.007447841590093596e+00
5.007087394682513626e+00
5.006735533376978076e+00
5.006397230265482889e+00
5.006071915937408079e+00
5.005761133389368567e+00
5.005467663010403356e+00
5.005195109391405772e+00
5.004949010008766130e+00
5.004728735046280796e+00
5.004536237766785689e+00
5.004368889139785281e+00
5.004226527459738172e+00
5.004112692003888085e+00
5.004024487262408449e+00
5.003962766829696207e+00
5.003924139054775289e+00
5.003907883378030164e+00
5.003917060017752050e+00
5.003948633226731779e+00
5.004003336041399130e+00
5.004077465402126279e+00
5.004170314490957949e+00
5.004284732703281335e+00
5.004417799346310147e+00
5.004570142336351779e+00
5.004738196067673783e+00
5.004921275608403164e+00
5.005122019544406164e+00
5.005337582852853906e+00
5.005568489756596406e+00
5.005811221849334913e+00
5.006065341074182662e+00
5.006329842664465346e+00
5.006602471795098097e+00
5.006880816228853170e+00
5.007162047911601022e+00
5.007443243459032800e+00
5.007721559655087695e+00
5.007993767287749698e+00
5.008256696339865144e+00
5.008507106702944078e+00
5.008741593163628991e+00
5.008956936568189633e+00
5.009149794623422913e+00
5.009316895295102157e+00
5.009454907475205943e+00
5.009560714688317873e+00
5.009632740889840008e+00
5.009672265181481343e+00
5.009679328369720963e+00
5.009652758977654941e+00
5.009590967615413781e+00
5.009493482821900656e+00
5.009362632577587071e+00
5.009198883251566592e+00
5.009001303241867653e+00
5.008768494279403072e+00
5.008500190043169376e+00
5.008198684715945426e+00
5.007866290622669858e+00
5.007506664359288706e+00
5.007121725716904947e+00
5.006712904722706803e+00
5.006284157374219390e+00
5.005838335269407580e+00
5.005380327665523765e+00
5.004912823477105199e+00
5.004436980785147426e+00
5.003957322688118659e+00
5.003476301134841542e+00
5.002999314965025590e+00
5.002529545055047322e+00
5.002067577989117275e+00
5.001618358494059891e+00
5.001183754579441754e+00
5.000769607202427025e+00
5.000379400440769118e+00
5.000013784208611867e+00
4.999674265013353214e+00
4.999363308736399780e+00
4.999083652646558740e+00
4.998840130606011734e+00
4.998630488236710967e+00
4.998454319314375560e+00
4.998312814860881304e+00
4.998207852077946711e+00
4.998144059461819388e+00
4.998118609943237978e+00
4.998130841628925403e+00
4.998181661382594676e+00
4.998272747272901384e+00
4.998409017553830047e+00
4.998587469520324511e+00
4.998809465660060347e+00
4.999069909161235614e+00
4.999366594931389685e+00
4.999701401001122036e+00
5.000069707004632491e+00
5.000471068701054733e+00
5.000899873717036925e+00
5.001353521650936607e+00
5.001833104534354035e+00
5.002333963146712748e+00
5.002855169480946884e+00
5.003391293814686058e+00
5.003939878462163371e+00
5.004501474989858423e+00
5.005071644975151557e+00
5.005649123309459547e+00
5.006228792896775026e+00
5.006808401501086969e+00
5.007385500228313191e+00
5.007957298090962794e+00
5.008521006597488778e+00
5.009073577864377569e+00
5.009611964753180047e+00
5.010133329002469438e+00
5.010635250626414461e+00
5.011115730038195437e+00
5.011572859628409482e+00
5.012004885567637125e+00
5.012410278065416058e+00
5.012787425784680728e+00
5.013134984119149706e+00
5.013451400814862069e+00
5.013735175567032520e+00
5.013986406965466713e+00
5.014206601089152393e+00
5.014396718168916856e+00
5.014558571303548540e+00
5.014691795852320944e+00
5.014795655688556231e+00
5.014870998972382310e+00
5.014917851347762578e+00
5.014937442507414467e+00
5.014929182793183671e+00
5.014893449301069950e+00
5.014830689912831652e+00
5.014741912789814293e+00
5.014627918478272939e+00
5.014489524316213753e+00
5.014328338027170595e+00
5.014145260349087252e+00
5.013941788643768938e+00
5.013718990691176991e+00
5.013477881372145006e+00
5.013220456510952161e+00
5.012948372688314613e+00
5.012664149969986660e+00
5.012370044764302257e+00
5.012064593423329661e+00
5.011749016631567244e+00
5.011425854291939430e+00
5.011098507072948571e+00
5.010771276381038142e+00
5.010443591874265579e+00
5.010117296490991023e+00
5.009795250397348632e+00
5.009481313366615396e+00
5.009180518247359437e+00
5.008892480701380379e+00
5.008619529258632852e+00
5.008359331850135376e+00
5.008112233456397000e+00
5.007881196465516105e+00
5.007664154458964845e+00
5.007462300069803973e+00
5.007272505134518603e+00
5.007094454270029971e+00
5.006930861164057056e+00
5.006779380951250857e+00
5.006640976404945320e+00
5.006512461340228981e+00
5.006393569007689059e+00
5.006286743737930145e+00
5.006189687781207986e+00
5.006103289749646024e+00
5.006024420958185672e+00
5.005952860017480077e+00
5.005890992026018615e+00
5.005836567374119639e+00
5.005790440727199808e+00
5.005749541742902764e+00
5.005713787326297570e+00
5.005683805265636721e+00
5.005659635195680579e+00
5.005640351841631031e+00
5.005628066296395673e+00
5.005622159995310128e+00
5.005619191976784954e+00
5.005619931241874099e+00
5.005622344566565296e+00
5.005627760902335410e+00
5.005634883714429328e+00
5.005640001556658447e+00
5.005643569784352209e+00
5.005643553264101264e+00
5.005641001370105592e+00
5.005634405251778496e+00
5.005620259656289761e+00
5.005598838738816170e+00
5.005568292825201659e+00
5.005529489887131867e+00
5.005480942192672700e+00
5.005421190347706606e+00
5.005352947667424779e+00
5.005277200441059726e+00
5.005193551394340190e+00
5.005100793221218147e+00
5.004997630787265450e+00
5.004886909208443591e+00
5.004769772027801267e+00
5.004645863768828029e+00
5.004514027244594487e+00
5.004372946012018097e+00
5.004225524987278462e+00
5.004073117205126486e+00
5.003919812037794124e+00
5.003766889727857325e+00
5.003618450190124634e+00
5.003476141437141145e+00
5.003338643021135290e+00
5.003209142086281425e+00
5.003087592140957440e+00
5.002977918244153166e+00
5.002881434436141639e+00
5.002796186587960214e+00
5.002725328535029270e+00
5.002668518300356304e+00
5.002629710540363206e+00
5.002610253912584959e+00
5.002608039280617369e+00
5.002626274213413105e+00
5.002664484997964678e+00
5.002726783917038844e+00
5.002814649936496494e+00
5.002926851833923827e+00
5.003061061805796683e+00
5.003213166759102215e+00
5.003384542313155769e+00
5.003574778658088640e+00
5.003781478197064203e+00
5.004001300704417510e+00
5.004229906049308951e+00
5.004468125660655353e+00
5.004715205614206575e+00
5.004968372431335411e+00
5.005224077977923791e+00
5.005478370391515774e+00
5.005731868014423824e+00
5.005983564850626344e+00
5.006230679635642389e+00
5.006469645888296682e+00
5.006696893774656765e+00
5.006912837342111011e+00
5.007116300646898388e+00
5.007304416575219186e+00
5.007473561127421036e+00
5.007620649437172666e+00
5.007746028301059305e+00
5.007849263629629455e+00
5.007931741202935605e+00
5.007992435103967743e+00
5.008029327999554248e+00
5.008042971018456413e+00
5.008032666896923502e+00
5.007999657651396319e+00
5.007943623739280703e+00
5.007867180218906533e+00
5.007774233117685547e+00
5.007665978519232119e+00
5.007545347183929074e+00
5.007412632562204813e+00
5.007270917424917478e+00
5.007124474391327240e+00
5.006974470501751817e+00
5.006824330881224583e+00
5.006674065010608743e+00
5.006526208005830370e+00
5.006385679168611880e+00
5.006252905622110561e+00
5.006131470341220968e+00
5.006021212058127112e+00
5.005924166243508111e+00
5.005845769017920333e+00
5.005785962345996154e+00
5.005748913488803353e+00
5.005734004904968337e+00
5.005743082990973924e+00
5.005781700123206335e+00
5.005849725335009381e+00
5.005951700993918507e+00
5.006088171667524733e+00
5.006255060277053026e+00
5.006453860524216815e+00
5.006681946470508571e+00
5.006941434043564954e+00
5.007232161603042186e+00
5.007549326039026028e+00
5.007893560296963642e+00
5.008262059382271758e+00
5.008656464806866992e+00
5.009076332925927133e+00
5.009516642942201337e+00
5.009978363356660580e+00
5.010458795457254588e+00
5.010959342896115665e+00
5.011479095622073388e+00
5.012013840294551770e+00
5.012560779406796563e+00
5.013118256173203946e+00
5.013684354341696015e+00
5.014258662789236709e+00
5.014834588832329132e+00
5.015407785541484920e+00
5.015975579909155435e+00
5.016535383491883771e+00
5.017085389859150091e+00
5.017618880859681774e+00
5.018131426937053163e+00
5.018620031206975973e+00
5.019082673928807914e+00
5.019515995747517501e+00
5.019914312317143690e+00
5.020273272200595827e+00
5.020589706479679393e+00
5.020861618398797077e+00
5.021086326717506765e+00
5.021259948062819944e+00
5.021379514076856232e+00
5.021443652413895897e+00
5.021450983430717940e+00
5.021401477316853601e+00
5.021291761622292071e+00
5.021120768581044835e+00
5.020887478366952372e+00
5.020590893067878646e+00
5.020231011398593957e+00
5.019807776250402753e+00
5.019324541539410767e+00
5.018782929145257476e+00
5.018184923902611949e+00
5.017531732470254191e+00
5.016823732182841056e+00
5.016064463481765046e+00
5.015258800685864493e+00
5.014412827045183541e+00
5.013531325459936738e+00
5.012616639435746535e+00
5.011673394144036564e+00
5.010707134679414310e+00
5.009724628031707816e+00
5.008732002601481881e+00
5.007732650042034273e+00
5.006730941981532013e+00
5.005732229650474707e+00
5.004743213728524154e+00
5.003771409616327936e+00
5.002819487676477550e+00
5.001892666295623791e+00
5.000991140977003369e+00
5.000117892623402227e+00
4.999277905300715474e+00
4.998476356044866620e+00
4.997717426866748802e+00
4.997005576044776021e+00
4.996347505599715966e+00
4.995741638280907004e+00
4.995188416056789649e+00
4.994688857607997079e+00
4.994245502762949762e+00
4.993863922432518088e+00
4.993541679122005306e+00
4.993280473705833167e+00
4.993074782677447310e+00
4.992922903672313062e+00
4.992827396039372090e+00
4.992783843037194025e+00
4.992792254824760967e+00
4.992846446003404104e+00
4.992943569695217576e+00
4.993085378374544803e+00
4.993267405893294431e+00
4.993489126547811630e+00
4.993744510396954439e+00
4.994030897713837902e+00
4.994349760882196954e+00
4.994696317858635659e+00
4.995069677739977010e+00
4.995464192501841261e+00
4.995877451397118918e+00
4.996310370362935238e+00
4.996758474841353603e+00
4.997220688074466288e+00
4.997691449768480787e+00
4.998168652489420438e+00
4.998652634679909390e+00
4.999139204643305412e+00
4.999626702129480016e+00
5.000110271259781136e+00
5.000587902314598487e+00
5.001057706050212381e+00
5.001516226961844502e+00
5.001959659851722861e+00
5.002387516520553135e+00
5.002798486970000624e+00
5.003193607799344633e+00
5.003571444697313630e+00
5.003929940595859271e+00
5.004269325680667180e+00
5.004589134513968141e+00
5.004890821206951834e+00
5.005173243809127648e+00
5.005434730596475923e+00
5.005675528909646843e+00
5.005895707070463274e+00
5.006096205547087230e+00
5.006276949628822415e+00
5.006438060070954599e+00
5.006575932869322898e+00
5.006690867863230032e+00
5.006782902231074139e+00
5.006853963782646133e+00
5.006905467569462864e+00
5.006934538037616456e+00
5.006942113911950543e+00
5.006928551375618319e+00
5.006896021186126866e+00
5.006846169626092191e+00
5.006776293704038316e+00
5.006687149071816556e+00
5.006579259337608612e+00
5.006455002885063621e+00
5.006315655905505757e+00
5.006158939480533476e+00
5.005985002994290056e+00
5.005794769331565419e+00
5.005590189538649426e+00
5.005372888773432116e+00
5.005140854950745677e+00
5.004893901433548287e+00
5.004633075512699314e+00
5.004360297407708380e+00
5.004077373977504628e+00
5.003782210621736226e+00
5.003474603883674376e+00
5.003155591070405528e+00
5.002827076382688531e+00
5.002491286091260925e+00
5.002149941056721616e+00
5.001804333582276385e+00
5.001459962680691262e+00
5.001120874017231266e+00
5.000789427302533063e+00
5.000467429041616896e+00
5.000155639379970651e+00
4.999856796778494150e+00
4.999575930081062936e+00
4.999312695033602871e+00
4.999069919392221450e+00
4.998846038181087081e+00
4.998642184987417636e+00
4.998462732817730902e+00
4.998306468717507833e+00
4.998175706324853529e+00
4.998069014513619734e+00
4.997987751226625974e+00
4.997929391043013148e+00
4.997894012100745798e+00
4.997881751041145293e+00
4.997895271798347139e+00
4.997937789905567918e+00
4.998006554131147361e+00
4.998101573639299744e+00
4.998218912302268002e+00
4.998358070260596087e+00
4.998515677309346650e+00
4.998685670277786208e+00
4.998866515892307127e+00
4.999053683454850905e+00
4.999245836368511497e+00
4.999439125998627276e+00
4.999627226895403176e+00
4.999808358593594626e+00
4.999977978250695010e+00
5.000134152850819191e+00
5.000272621900527348e+00
5.000388194030834121e+00
5.000478259396492042e+00
5.000539007575003581e+00
5.000568860354120737e+00
5.000564134533211025e+00
5.000524715914083984e+00
5.000451948943240410e+00
5.000344287606580451e+00
5.000201985447359831e+00
5.000022153093171440e+00
4.999805906212579920e+00
4.999556704035651222e+00
4.999277731648337664e+00
4.998972975334774027e+00
4.998641391566644110e+00
4.998286119273552153e+00
4.997910271606095023e+00
4.997518618351467268e+00
4.997115256770201519e+00
4.996699280014881062e+00
4.996274780205139265e+00
4.995843851661930124e+00
4.995411296656975253e+00
4.994981958998988780e+00
4.994554898648213559e+00
4.994133079743635406e+00
4.993719553335260741e+00
4.993318695558857101e+00
4.992936074531327151e+00
4.992571497729668906e+00
4.992226617655405541e+00
4.991902082546302744e+00
4.991603821891049009e+00
4.991336759890117492e+00
4.991103278158851353e+00
4.990905221982546713e+00
4.990743291920670011e+00
4.990618270470447371e+00
4.990531140586980996e+00
4.990481855480619622e+00
4.990470388234978572e+00
4.990496548778762254e+00
4.990559630856303386e+00
4.990659919768956065e+00
4.990797130965081152e+00
4.990971238311765035e+00
4.991181844059762618e+00
4.991428051401314292e+00
4.991710344083990947e+00
4.992027720973278626e+00
4.992380233198788098e+00
4.992767481185879319e+00
4.993188806042458516e+00
4.993645892680075526e+00
4.994131821297493445e+00
4.994642654523638647e+00
4.995175402701286238e+00
4.995727648601320681e+00
4.996299016714480956e+00
4.996881984785582986e+00
4.997472269252327237e+00
4.998066214226570381e+00
4.998661315493669655e+00
4.999255952962126770e+00
4.999843040943530603e+00
5.000418054923800426e+00
5.000977713257460877e+00
5.001519644238441309e+00
5.002041174263148982e+00
5.002535796888559538e+00
5.002998864889530495e+00
5.003427562989680055e+00
5.003819573611406391e+00
5.004171429440763319e+00
5.004477091204759809e+00
5.004732090156911894e+00
5.004933819264560491e+00
5.005080100201458215e+00
5.005168598775208366e+00
5.005198229128883902e+00
5.005168791740588929e+00
5.005077593020549998e+00
5.004923811220951535e+00
5.004707213976806734e+00
5.004428449833221215e+00
5.004088243582673456e+00
5.003686545567042288e+00
5.003224381917544150e+00
5.002703218424149334e+00
5.002124664673038623e+00
5.001490760931202040e+00
5.000803312101789189e+00
5.000064629950947470e+00
4.999276963510937755e+00
4.998442674317784551e+00
4.997564103120394563e+00
4.996643483751840975e+00
4.995685208105869357e+00
4.994695983269639150e+00
4.993681289070673657e+00
4.992645491921730461e+00
4.991592413523622263e+00
4.990526186713405643e+00
4.989454556220597858e+00
4.988383845203943068e+00
4.987318902724810599e+00
4.986264084243603456e+00
4.985222418570348424e+00
4.984202158191630261e+00
4.983210127839274861e+00
4.982251435556834807e+00
4.981330704280562571e+00
4.980449719542092701e+00
4.979617420697039165e+00
4.978840941005772791e+00
4.978125601076907714e+00
4.977476190367168485e+00
4.976896331535106910e+00
4.976389964522247134e+00
4.975960405582014801e+00
4.975610591584269216e+00
4.975343442355666390e+00
4.975161343478982090e+00
4.975067540538882227e+00
4.975069037789078052e+00
4.975162053417014008e+00
4.975344600315735555e+00
4.975616160045907677e+00
4.975977660353826160e+00
4.976434925432847933e+00
4.976983404170321812e+00
4.977624514560744728e+00
4.978350904743716221e+00
4.979157943140314124e+00
4.980048379387304713e+00
4.981015035669847713e+00
4.982057698677822444e+00
4.983171128492399404e+00
4.984344320680543561e+00
4.985575703169747186e+00
4.986860902543708285e+00
4.988192907359047190e+00
4.989563557888910594e+00
4.990961857672377988e+00
4.992384535904572651e+00
4.993825856830524046e+00
4.995277877237247033e+00
4.996732084538384910e+00
4.998179136152907098e+00
4.999614933367415581e+00
5.001033099826022621e+00
5.002425468798325170e+00
5.003783273782179464e+00
5.005099276836559419e+00
5.006368710632964181e+00
5.007587811361595698e+00
5.008753096919104308e+00
5.009858905162260179e+00
5.010901527564570301e+00
5.011877196218415875e+00
5.012783860649511425e+00
5.013618473123356623e+00
5.014379682477162703e+00
5.015064773123309116e+00
5.015668279874668123e+00
5.016187875356122206e+00
5.016620108943028455e+00
5.016963691610438758e+00
5.017215747732263864e+00
5.017374966695499872e+00
5.017443264584583673e+00
5.017423487442140839e+00
5.017318561837602608e+00
5.017131922670233557e+00
5.016866382916052913e+00
5.016526004631598923e+00
5.016114681806942421e+00
5.015636152435621220e+00
5.015094491687200673e+00
5.014492921118223201e+00
5.013835831393087084e+00
5.013127295185411114e+00
5.012371292669856260e+00
5.011571977694117663e+00
5.010732942332111861e+00
5.009859660525404657e+00
5.008958360735856985e+00
5.008033645187103033e+00
5.007091751952253311e+00
5.006137417812429824e+00
5.005177131478272479e+00
5.004216903854691090e+00
5.003261112381303555e+00
5.002314229120099043e+00
5.001379831765377482e+00
5.000464947779263092e+00
4.999574298296654895e+00
4.998709143285240408e+00
4.997876052741495378e+00
4.997077312056508624e+00
4.996320272792662998e+00
4.995610212941254957e+00
4.994949071292366760e+00
4.994338451061929973e+00
4.993776156712854686e+00
4.993267405067170372e+00
4.992816076834285965e+00
4.992422921915138367e+00
4.992088999670528437e+00
4.991812216505937982e+00
4.991592342719965991e+00
4.991433838025264969e+00
4.991330692289927207e+00
4.991280954802939540e+00
4.991282874442556583e+00
4.991336215076888294e+00
4.991445353127935469e+00
4.991604304969230910e+00
4.991811404455374301e+00
4.992064592972317527e+00
4.992363433729777533e+00
4.992709819342859845e+00
4.993096583302982339e+00
4.993520537990993269e+00
4.993978945840066075e+00
4.994470608871345085e+00
4.994996469397012362e+00
4.995549793954852547e+00
4.996126436445776697e+00
4.996723831225100554e+00
4.997340715307656112e+00
4.997977334860625120e+00
4.998627225015224163e+00
4.999286384660662996e+00
4.999952818084420159e+00
5.000624735359014750e+00
5.001301969814957893e+00
5.001977979991496071e+00
5.002648982185782245e+00
5.003313188854517257e+00
5.003968984637320538e+00
5.004615532312453041e+00
5.005246631804764590e+00
5.005859069865106648e+00
5.006450127366840697e+00
5.007017994116901960e+00
5.007561797428786043e+00
5.008080065775572187e+00
5.008570859696626520e+00
5.009030072655439092e+00
5.009453560229302660e+00
5.009836511988105201e+00
5.010177759084762705e+00
5.010476998057128206e+00
5.010735509604127280e+00
5.010951936416239150e+00
5.011124980732708956e+00
5.011251722102894490e+00
5.011328181865533971e+00
5.011354757439254293e+00
5.011329834120256344e+00
5.011256883231831161e+00
5.011137030603272535e+00
5.010971915157420575e+00
5.010764152364714619e+00
5.010509872356339045e+00
5.010211660111232312e+00
5.009870311388655573e+00
5.009488103048784780e+00
5.009068641321642978e+00
5.008612528884692772e+00
5.008126017818136155e+00
5.007610150793476045e+00
5.007070348592384867e+00
5.006508229220196782e+00
5.005926973329768437e+00
5.005331443989560647e+00
5.004724757069632268e+00
5.004111459137781992e+00
5.003494162144048296e+00
5.002876548537893875e+00
5.002263708444219859e+00
5.001659193592053576e+00
5.001068099731486249e+00
5.000493317985813313e+00
4.999939321385602042e+00
4.999411935241798055e+00
4.998909317957141774e+00
4.998433570222834632e+00
4.997984806815067849e+00
4.997566484579722967e+00
4.997181516842823967e+00
4.996833720387797939e+00
4.996529405800532508e+00
4.996264432569872405e+00
4.996040611280036181e+00
4.995859365308565003e+00
4.995722711620760315e+00
4.995634531289247171e+00
4.995597800462414639e+00
4.995613326181333136e+00
4.995685230435478630e+00
4.995815949344681428e+00
4.996002046277419062e+00
4.996241289319144130e+00
4.996531204001652071e+00
4.996873190866457648e+00
4.997267980815517596e+00
4.997712804766047512e+00
4.998204265029776217e+00
4.998734840357350606e+00
4.999298912154185537e+00
4.999897450187851256e+00
5.000522079186191071e+00
5.001168153600445088e+00
5.001828717233292032e+00
5.002498249204507808e+00
5.003175772295943347e+00
5.003853561373106551e+00
5.004527221413007432e+00
5.005188819707981018e+00
5.005833523662438722e+00
5.006459099070777796e+00
5.007058751264263030e+00
5.007627345302748445e+00
5.008157593512581940e+00
5.008646721111285949e+00
5.009092117266405353e+00
5.009492678472446947e+00
5.009846309030103306e+00
5.010148256474781014e+00
5.010398303175018775e+00
5.010593772938148227e+00
5.010736255699442587e+00
5.010826299262838290e+00
5.010864369690092524e+00
5.010851690053382157e+00
5.010785421660544081e+00
5.010667550420762950e+00
5.010500252327325654e+00
5.010284820111843729e+00
5.010025034478309713e+00
5.009719589507582782e+00
5.009371229714156826e+00
5.008982792316379218e+00
5.008557301355899050e+00
5.008096922791005490e+00
5.007600882431867184e+00
5.007072980484369218e+00
5.006513982681934039e+00
5.005926740249995177e+00
5.005313990345600317e+00
5.004675578182938622e+00
5.004014392799140509e+00
5.003331820896269377e+00
5.002631156525016110e+00
5.001914169868825866e+00
5.001182250684497177e+00
5.000436053878065223e+00
4.999677697351573968e+00
4.998909711322187199e+00
4.998134766077994229e+00
4.997355044490098486e+00
4.996570033288002755e+00
4.995782950749994455e+00
4.994995020261407959e+00
4.994209740465879399e+00
4.993429302132128988e+00
4.992653060486911265e+00
4.991884609094259240e+00
4.991124987086650755e+00
4.990378330877421220e+00
4.989647031059857518e+00
4.988930405607814755e+00
4.988232150381798569e+00
4.987553160569066613e+00
4.986897885954373777e+00
4.986269200599186213e+00
4.985666154852501641e+00
4.985092523699989897e+00
4.984549473008504705e+00
4.984041620722405419e+00
4.983571004910759328e+00
4.983142147293680324e+00
4.982757505929463981e+00
4.982417530721418686e+00
4.982126109959922111e+00
4.981883872548483083e+00
4.981695515444868327e+00
4.981561071236052740e+00
4.981487841388576143e+00
4.981480214069729406e+00
4.981536035905723914e+00
4.981657498092522118e+00
4.981839264077265739e+00
4.982084589344580650e+00
4.982397164185663918e+00
4.982773340684494734e+00
4.983214532700499966e+00
4.983716459502598894e+00
4.984275738229175801e+00
4.984891726379415466e+00
4.985559649397750981e+00
4.986275685434361726e+00
4.987034986321945418e+00
4.987834944580812113e+00
4.988673539017457692e+00
4.989539882172961072e+00
4.990426422064323297e+00
4.991328068305868726e+00
4.992238876302856454e+00
4.993156029884833202e+00
4.994067751248495668e+00
4.994967800234573652e+00
4.995849815015811046e+00
4.996708434377925556e+00
4.997538867448585442e+00
4.998332893108146102e+00
4.999087244575038724e+00
4.999797136043325096e+00
5.000462048505560197e+00
5.001077177231327830e+00
5.001637764503376715e+00
5.002140112822073270e+00
5.002579762344378622e+00
5.002954901387113296e+00
5.003260744870770438e+00
5.003498101425487121e+00
5.003663645987528774e+00
5.003754403605254808e+00
5.003777602152097437e+00
5.003731947275938730e+00
5.003624234474391308e+00
5.003450936745048594e+00
5.003210017881484006e+00
5.002910052179485589e+00
5.002551585040182935e+00
5.002143513350875814e+00
5.001686713113578264e+00
5.001184645011218066e+00
5.000642879060599455e+00
5.000064412183258256e+00
4.999458136498126315e+00
4.998826630949170458e+00
4.998174340813548611e+00
4.997505873902828633e+00
4.996826640605124048e+00
4.996141359224112399e+00
4.995453635691792904e+00
4.994766039415391212e+00
4.994081632360013678e+00
4.993407133012207844e+00
4.992742044045718863e+00
4.992090487717780967e+00
4.991458890750202215e+00
4.990848429291639299e+00
4.990263456865344338e+00
4.989702949761544382e+00
4.989170293114280064e+00
4.988671366325711176e+00
4.988206788650844103e+00
4.987781107328030927e+00
4.987393127842936202e+00
4.987045967704746730e+00
4.986746168579103689e+00
4.986494184094610205e+00
4.986294925729872318e+00
4.986147341732996452e+00
4.986056569577324460e+00
4.986023736538030882e+00
4.986045191818980094e+00
4.986123394463342073e+00
4.986255814107265927e+00
4.986445018528159245e+00
4.986692562056834532e+00
4.986992656225468501e+00
4.987349061416591844e+00
4.987757778400685460e+00
4.988221094170715908e+00
4.988741988474632905e+00
4.989314939463640464e+00
4.989937926912809907e+00
4.990602864632513125e+00
4.991310580978299605e+00
4.992059359783435291e+00
4.992842561015987002e+00
4.993657243484758368e+00
4.994495523208878573e+00
4.995357578108213126e+00
4.996240922967097653e+00
4.997140266010663190e+00
4.998050434449813118e+00
4.998965580547354293e+00
4.999884177083274039e+00
5.000804181853433228e+00
5.001719537982840968e+00
5.002624968225259927e+00
5.003515713149805144e+00
5.004390082592267142e+00
5.005245566452045658e+00
5.006076368028421264e+00
5.006877563381691765e+00
5.007644560868043548e+00
5.008375376025337111e+00
5.009067514771718521e+00
5.009715010682243452e+00
5.010312970476346273e+00
5.010857873940961937e+00
5.011347709642844706e+00
5.011782101439434811e+00
5.012159183556336828e+00
5.012477926435071396e+00
5.012737299734848939e+00
5.012936783498276760e+00
5.013077532015864257e+00
5.013158373432356818e+00
5.013183505255851102e+00
5.013150832650839384e+00
5.013058964663773764e+00
5.012908913444385384e+00
5.012698612909420426e+00
5.012432746912940829e+00
5.012109354462131350e+00
5.011726560357614879e+00
5.011293734971091318e+00
5.010812165129586937e+00
5.010291687871916366e+00
5.009734427433117254e+00
5.009145385723217103e+00
5.008533307116134203e+00
5.007901488046749172e+00
5.007260020624501706e+00
5.006612588639957728e+00
5.005965978156431184e+00
5.005328473623497310e+00
5.004704155686897415e+00
5.004097388039929761e+00
5.003510618049306302e+00
5.002951508562667904e+00
5.002424457434220706e+00
5.001936743992968282e+00
5.001495934713289238e+00
5.001102724324568705e+00
5.000759240451857934e+00
5.000465510457410723e+00
5.000226610738438993e+00
5.000049109223884791e+00
4.999932399175715858e+00
4.999879235222590701e+00
4.999889821995867401e+00
4.999963236962330804e+00
5.000102222411778818e+00
5.000303077584949740e+00
5.000566739532050775e+00
5.000891969594059461e+00
5.001277582476733485e+00
5.001725169698595153e+00
5.002227616551220279e+00
5.002787330913245789e+00
5.003398170228004815e+00
5.004060057829022412e+00
5.004772175381779320e+00
5.005526325757501560e+00
5.006323673481939629e+00
5.007157828788159293e+00
5.008029420803188358e+00
5.008934532980321208e+00
5.009865692387221792e+00
5.010822924653886012e+00
5.011802611405848040e+00
5.012798593769668187e+00
5.013802076558468990e+00
5.014804813693162444e+00
5.015802769790288274e+00
5.016790128628608514e+00
5.017760647962687059e+00
5.018711122776268851e+00
5.019637214000224112e+00
5.020537069867252455e+00
5.021405557299852163e+00
5.022238682637809148e+00
5.023033086339830255e+00
5.023785599599479568e+00
5.024494387934802297e+00
5.025154120678899439e+00
5.025762019696530025e+00
5.026314313652810561e+00
5.026808862703737724e+00
5.027242941464182380e+00
5.027613768669661809e+00
5.027919806445833473e+00
5.028160545191613373e+00
5.028335505499390123e+00
5.028443972951619045e+00
5.028487146439848843e+00
5.028464788784159367e+00
5.028383450469820382e+00
5.028245339411198778e+00
5.028056609592287174e+00
5.027821734378931318e+00
5.027543532530664550e+00
5.027230266610979825e+00
5.026884589324592589e+00
5.026514088640806399e+00
5.026121514308151461e+00
5.025711271221632970e+00
5.025289921778138158e+00
5.024860576371545484e+00
5.024429890456493020e+00
5.024001850093598343e+00
5.023576652760501027e+00
5.023155653829569189e+00
5.022740424479240851e+00
5.022335446382755642e+00
5.021944546754355088e+00
5.021566797735983911e+00
5.021202800626749507e+00
5.020855035948449618e+00
5.020525380874866883e+00
5.020214806067639479e+00
5.019924727602742998e+00
5.019656239486181448e+00
5.019410158059440796e+00
5.019187278821013898e+00
5.018988241291486574e+00
5.018813261574948115e+00
5.018662390912766114e+00
5.018535037952358557e+00
5.018430646833848208e+00
5.018348296041486023e+00
5.018287090681378793e+00
5.018246180716787741e+00
5.018224603912213588e+00
5.018221100713826210e+00
5.018234619576951161e+00
5.018264122148512030e+00
5.018308529778850335e+00
5.018366913143079699e+00
5.018437678208109709e+00
5.018519958862570185e+00
5.018612722372171930e+00
5.018714717942757808e+00
5.018825124762489764e+00
5.018942162738650126e+00
5.019065098193942198e+00
5.019192735468506861e+00
5.019324067029639735e+00
5.019457863233522055e+00
5.019592672064439043e+00
5.019727472550705727e+00
5.019861733968838280e+00
5.019993412959859569e+00
5.020122028141752679e+00
5.020245998976291091e+00
5.020364184500188287e+00
5.020476106255786775e+00
5.020579546680213667e+00
5.020674100182490385e+00
5.020757663612724464e+00
5.020829884572425961e+00
5.020890212575444878e+00
5.020936212590435765e+00
5.020967486497952770e+00
5.020981813178638120e+00
5.020978869431543146e+00
5.020957678599639706e+00
5.020916582738406575e+00
5.020855069105870427e+00
5.020770789367504428e+00
5.020663348260692160e+00
5.020531693642383608e+00
5.020374180955236021e+00
5.020189836473559097e+00
5.019977239744162212e+00
5.019735790138489584e+00
5.019464213719016854e+00
5.019160950073398908e+00
5.018824909554221669e+00
5.018454744072058382e+00
5.018049560674823439e+00
5.017608445399798001e+00
5.017131329552627861e+00
5.016622160823441590e+00
5.016082141475177281e+00
5.015512931273675257e+00
5.014914874398504807e+00
5.014289197587762814e+00
5.013640569934045388e+00
5.012970726454054393e+00
5.012281618156825047e+00
5.011573841386829820e+00
5.010848217719588327e+00
5.010109399446640133e+00
5.009359979370031191e+00
5.008601898962052879e+00
5.007835774460226652e+00
5.007061929368764375e+00
5.006285143086105727e+00
5.005508197882562627e+00
5.004733949267655468e+00
5.003965024912148785e+00
5.003202762865811337e+00
5.002454579734593842e+00
5.001725593396813885e+00
5.001020443850548780e+00
5.000342983642013017e+00
4.999694249519498257e+00
4.999082495832234407e+00
4.998513734863489155e+00
4.997992891372530444e+00
4.997523910479037212e+00
4.997109769211498964e+00
4.996753645503310359e+00
4.996457834487198824e+00
4.996225123574374649e+00
4.996057159101007450e+00
4.995956428415490258e+00
4.995924858834012383e+00
4.995967859426862390e+00
4.996081548814079731e+00
4.996262923568837166e+00
4.996511508968078275e+00
4.996827090304695851e+00
4.997213766906762444e+00
4.997666199799979836e+00
4.998181012604739237e+00
4.998757069182004464e+00
4.999393822398391585e+00
5.000095102709141592e+00
5.000855452340452700e+00
5.001674602251857671e+00
5.002545060288519529e+00
5.003462038856357985e+00
5.004425859894961803e+00
5.005429266985863990e+00
5.006469885181994428e+00
5.007539809119315066e+00
5.008633962195725431e+00
5.009751288142414438e+00
5.010884840261550899e+00
5.012031186592192711e+00
5.013182991665213528e+00
5.014335660856573895e+00
5.015487012710779346e+00
5.016630624529329729e+00
5.017762325849739469e+00
5.018875419941156046e+00
5.019965986084550025e+00
5.021030752729981117e+00
5.022064113241045291e+00
