0.000000000000000000e+00
0.000000000000000000e+00
-1.339706159342313715e-08
-8.090288702078397196e-08
-2.535239082135376393e-07
-5.625553649224457670e-07
-1.072958443728566983e-06
-1.591759978509799306e-06
-2.407309552836523112e-06
-3.261820133957371615e-06
-4.074827343174547355e-06
-4.958718677698926213e-06
-2.234956959910049687e-06
4.733030905299531204e-06
1.881887273611937376e-05
4.592999651777063887e-05
8.750573567795075160e-05
1.469890430917075957e-04
2.298783168544104498e-04
3.421267245312264072e-04
4.896335427065423096e-04
6.810615893800787621e-04
9.222418379385998767e-04
1.219944873114400374e-03
1.584022783895306990e-03
2.021185637672715842e-03
2.536554851790242832e-03
3.144086183269792067e-03
3.848168359359078854e-03
4.655787677725129262e-03
5.580749021132761639e-03
6.629426882823283990e-03
7.810770527680690675e-03
9.128396914561565795e-03
1.060030038770037528e-02
1.222778390463191353e-02
1.404217581566172789e-02
1.603066931780177534e-02
1.821196894462901589e-02
2.057396943982439663e-02
2.313385333236055857e-02
2.593123819049196477e-02
2.897056307013826451e-02
3.227854456122712656e-02
3.585530068095521550e-02
3.972228999551132705e-02
4.390066082890823479e-02
4.839992608245208966e-02
5.318584407981234025e-02
5.830308820422486910e-02
6.371663655455903075e-02
6.940541650470094526e-02
7.538135315593080810e-02
8.163453008349735862e-02
8.820457543547949308e-02
9.507760669406258025e-02
1.022274592083295408e-01
1.096570816200574672e-01
1.173600557010968937e-01
1.252773406666120026e-01
1.334283914726575315e-01
1.417778858106930606e-01
1.503753748100598031e-01
1.591840448540051134e-01
1.682548763912518619e-01
1.775798734587033523e-01
1.871351816814740554e-01
1.969249251049359217e-01
2.069381895225842483e-01
2.171901657741864000e-01
2.276379432838757377e-01
2.383296337288219879e-01
2.492245164078075725e-01
2.603499760788281492e-01
2.716714468162855223e-01
2.832171085041365055e-01
2.949640956085524124e-01
3.069017603557905316e-01
3.190211668175063076e-01
3.313229646843275922e-01
3.438089027565321421e-01
3.565234377544721500e-01
3.694165113132795719e-01
3.825398578804335425e-01
3.958778693836531026e-01
4.094079640072187942e-01
4.231291523140272015e-01
4.370332684677442625e-01
4.511639406841596589e-01
4.654639842670758587e-01
4.799825992744763403e-01
4.946713223617870692e-01
5.095857038658457849e-01
5.247249021690683080e-01
5.400907209080056948e-01
5.557165148418741207e-01
5.715285673302010760e-01
5.875745871227577855e-01
6.037984516781167432e-01
6.202577414673164924e-01
6.369489720028237434e-01
6.538754918735819599e-01
6.710722925823526808e-01
6.884616961639721255e-01
7.060944023292858862e-01
7.239112641971906514e-01
7.419735231560072863e-01
7.602717843216262317e-01
7.788605013054213932e-01
7.977572074097001309e-01
8.169178762596451815e-01
8.363701691788041348e-01
8.560850730102860240e-01
8.760978307884537131e-01
8.964277234237991721e-01
9.170059862297377240e-01
9.378774466675124932e-01
9.590360155266128839e-01
9.804230990570389492e-01
1.002062167183717323e+00
1.023966321007570013e+00
1.046053358570893987e+00
1.068362418667634595e+00
1.090837384716829117e+00
1.113532628075441178e+00
1.136472074047883973e+00
1.159577874199708925e+00
1.182893210903963377e+00
1.206363638893923174e+00
1.230041648403963794e+00
1.253909429566225642e+00
1.277989927784762170e+00
1.302291823880038280e+00
1.326768497483096221e+00
1.351442657963595639e+00
1.376293572441897650e+00
1.401301540390811340e+00
1.426464249150119379e+00
1.451786493317447357e+00
1.477234965817294965e+00
1.502854756371341916e+00
1.528617855564915029e+00
1.554566210762821310e+00
1.580687316910587503e+00
1.607025641457401566e+00
1.633582495705448334e+00
1.660386570946537077e+00
1.687421294705234720e+00
1.714627610699497540e+00
1.742032424465977281e+00
1.769626518742405619e+00
1.797390786663853435e+00
1.825324713246189834e+00
1.853420104042851069e+00
1.881687520996891516e+00
1.910150624768101268e+00
1.938778082386814594e+00
1.967596267716251734e+00
1.996589275853000833e+00
2.025797525898777263e+00
2.055219084278903985e+00
2.084883729473911540e+00
2.114747165695987974e+00
2.144841467396580104e+00
2.175166419998966205e+00
2.205730682865940206e+00
2.236523796574435785e+00
2.267534543530307367e+00
2.298742434040866200e+00
2.330132254616580134e+00
2.361676320092044090e+00
2.393354159848056106e+00
2.425145820633731297e+00
2.457025925175509773e+00
2.488962446705661691e+00
2.520934463993870001e+00
2.552916587845646124e+00
2.584889096276127063e+00
2.616827856556735998e+00
2.648709970967136673e+00
2.680515941635929433e+00
2.712220138565860861e+00
2.743807405487857842e+00
2.775249351517520502e+00
2.806521727101169539e+00
2.837607537762485865e+00
2.868498693959080192e+00
2.899163412110172811e+00
2.929600690857731227e+00
2.959779585854374506e+00
2.989706250683628941e+00
3.019349867359959028e+00
3.048696700589024200e+00
3.077723421112858571e+00
3.106461128250920023e+00
3.134885536686741414e+00
3.163033243672215278e+00
3.190879637257420853e+00
3.218463531987034720e+00
3.245759626881443705e+00
3.272806955830418474e+00
3.299566444413029931e+00
3.326095329777562615e+00
3.352350672737920423e+00
3.378388291851842862e+00
3.404163152233922407e+00
3.429727837101781418e+00
3.455036703602636372e+00
3.480139135376776327e+00
3.504990333573187566e+00
3.529636174694861239e+00
3.554032987610663330e+00
3.578223635212744558e+00
3.602166055695380287e+00
3.625900634781683785e+00
3.649387301461066269e+00
3.672635685459937349e+00
3.695705598847236040e+00
3.718563026444281938e+00
3.741253732697333412e+00
3.763745345131720654e+00
3.786037899510230176e+00
3.808129700676764706e+00
3.830001043335761413e+00
3.851701728360022781e+00
3.873206902996863654e+00
3.894518341080512869e+00
3.915635162846412332e+00
3.936541427628363898e+00
3.957272621647681454e+00
3.977813362137641917e+00
3.998172577874030686e+00
4.018347336308326412e+00
4.038322707669104616e+00
4.058098708645667685e+00
4.077678472058143377e+00
4.097050934092369090e+00
4.116217745797003502e+00
4.135170531527365689e+00
4.153902579800451633e+00
4.172407061116064853e+00
4.190680471913184491e+00
4.208770890490378669e+00
4.226663177267874438e+00
4.244346370951499026e+00
4.261851865307654030e+00
4.279167716757619644e+00
4.296283619658315622e+00
4.313192786232793452e+00
4.329889676825368738e+00
4.346404011504018783e+00
4.362727214352453586e+00
4.378852070824469145e+00
4.394805522219504823e+00
4.410576895729864333e+00
4.426148401753271955e+00
4.441517014757955906e+00
4.456679655567968190e+00
4.471660979048573736e+00
4.486451360241735742e+00
4.501051217572056728e+00
4.515452013270222942e+00
4.529646576897466304e+00
4.543658585802877070e+00
4.557479316250646839e+00
4.571108203188742003e+00
4.584537649409139881e+00
4.597761295096244538e+00
4.610775972859229910e+00
4.623577679650153094e+00
4.636162839190330232e+00
4.648556750075186983e+00
4.660751475350226158e+00
4.672740950838888629e+00
4.684521007792318059e+00
4.696086524979437016e+00
4.707460197464788720e+00
4.718634002463186761e+00
4.729603029743993936e+00
4.740383686081731440e+00
4.750969156281316330e+00
4.761353132979238012e+00
4.771549432532155244e+00
4.781551785723531012e+00
4.791367197887264950e+00
4.800988733426891919e+00
4.810405572311245770e+00
4.819626145617330160e+00
4.828644040481412603e+00
4.837468337075078395e+00
4.846107430116497028e+00
4.854547029392086266e+00
4.862793138877712806e+00
4.870854815499149559e+00
4.878715228096805134e+00
4.886382739798389885e+00
4.893845532194935011e+00
4.901109340445362506e+00
4.908183000938260321e+00
4.915050491945112121e+00
4.921723059670293665e+00
4.928205008761252337e+00
4.934492612735595252e+00
4.940578683869209620e+00
4.946461204544870149e+00
4.952137639777032696e+00
4.957621293918458072e+00
4.962910113589135364e+00
4.967997188226548566e+00
4.972884390012589861e+00
4.977564007596341433e+00
4.982050097243157616e+00
4.986340641633836945e+00
4.990429523543684631e+00
4.994317972318499166e+00
4.997998905138342884e+00
5.001485362009375102e+00
5.004777773873178681e+00
5.007866556600896857e+00
5.010752320842115637e+00
5.013430004970399700e+00
5.015901845501034018e+00
5.018168198720781348e+00
5.020227610127298234e+00
5.022082882629006484e+00
5.023734370277493255e+00
5.025181022987931456e+00
5.026423572109311344e+00
5.027461522774069991e+00
5.028296659470766095e+00
5.028941997395127039e+00
5.029397352666824084e+00
5.029674886104881004e+00
5.029776871365725377e+00
5.029702701702012391e+00
5.029464765548003591e+00
5.029065889961315428e+00
5.028515144459201558e+00
5.027816805935694688e+00
5.026980413220122124e+00
5.026010584480360421e+00
5.024917093239023913e+00
5.023711137718751552e+00
5.022398356593443580e+00
5.020991165883136098e+00
5.019494818992209062e+00
5.017917915231775439e+00
5.016272083319019970e+00
5.014567227310728015e+00
5.012817717886756341e+00
5.011033206827232078e+00
5.009224121964760634e+00
5.007399412638731562e+00
5.005566947258301980e+00
5.003737262136527697e+00
5.001922234094925201e+00
5.000129624403306217e+00
4.998370413429328529e+00
4.996650150812455671e+00
4.994977479375190654e+00
4.993366262561864666e+00
4.991822229272907308e+00
4.990358634836262297e+00
4.988979942000693057e+00
4.987697822845763795e+00
4.986523311606831044e+00
4.985461305327006265e+00
4.984517617470809903e+00
4.983688981182167410e+00
4.982984818465302723e+00
4.982412028483341970e+00
4.981973920113633270e+00
4.981676030050258497e+00
4.981519554949593420e+00
4.981507748416153625e+00
4.981649414873211335e+00
4.981938337157010288e+00
4.982370063694656181e+00
4.982950231167019517e+00
4.983670732858121788e+00
4.984532087626399210e+00
4.985523273231924790e+00
4.986642694058360803e+00
4.987884562271180044e+00
4.989233530717434917e+00
4.990684453802647802e+00
4.992223648684563919e+00
4.993846055673899720e+00
4.995543263512196575e+00
4.997299292343201138e+00
4.999107172744811756e+00
5.000954530792773411e+00
5.002834320324003770e+00
5.004736310946285904e+00
5.006646602707446547e+00
5.008556602703870375e+00
5.010455460357012392e+00
5.012334696459117112e+00
5.014182851868214108e+00
5.015988373416008450e+00
5.017741158711254812e+00
5.019432749258816884e+00
5.021053322362244664e+00
5.022595770763695455e+00
5.024050277578177237e+00
5.025409895139280714e+00
5.026671489434782814e+00
5.027831526058261780e+00
5.028891307892744855e+00
5.029848430114333802e+00
5.030702235134786093e+00
5.031448510172315203e+00
5.032082455115862274e+00
5.032605280982799023e+00
5.033014140086716104e+00
5.033308836440091305e+00
5.033489963686561097e+00
5.033556430334693133e+00
5.033510352186395309e+00
5.033351036998912065e+00
5.033079455680683267e+00
5.032696084789469282e+00
5.032201537824704474e+00
5.031602447144224222e+00
5.030901970602109863e+00
5.030103184394075555e+00
5.029208467490508205e+00
5.028219482637478421e+00
5.027142635695173389e+00
5.025982099063230457e+00
5.024745489246679853e+00
5.023438570238186962e+00
5.022066002971961041e+00
5.020634637660815969e+00
5.019151034689976143e+00
5.017622672952247953e+00
5.016057204342915909e+00
5.014460381604268768e+00
5.012837850935294881e+00
5.011197326220108827e+00
5.009545363224578551e+00
5.007890755868984023e+00
5.006240249014927812e+00
5.004599376804663713e+00
5.002978217489554069e+00
5.001384190357758719e+00
4.999828938133552114e+00
4.998323193676307952e+00
4.996874104626015445e+00
4.995489128268792989e+00
4.994174324012830901e+00
4.992935362122491227e+00
4.991776804588273109e+00
4.990704840309454937e+00
4.989723288006617352e+00
4.988838092796040513e+00
4.988057597167325774e+00
4.987380756921601765e+00
4.986814254857136142e+00
4.986354245133234997e+00
4.986001858189238689e+00
4.985765167735054959e+00
4.985641445042103825e+00
4.985638188287096817e+00
4.985751003059970543e+00
4.985985432672726425e+00
4.986343250568436858e+00
4.986819377760815186e+00
4.987415535035955472e+00
4.988121953341589254e+00
4.988935725796448395e+00
4.989859350207674460e+00
4.990885221097100199e+00
4.992013423848379539e+00
4.993234140980471025e+00
4.994547082293260054e+00
4.995946584749448860e+00
4.997420867640007813e+00
4.998965104180802754e+00
5.000567879635323898e+00
5.002226135540237095e+00
5.003931893664828046e+00
5.005673712450495749e+00
5.007445151615373291e+00
5.009236466694107826e+00
5.011042128759852332e+00
5.012853039461604432e+00
5.014659142005672976e+00
5.016452996093264893e+00
5.018226271081201340e+00
5.019972217190495023e+00
5.021681242394676836e+00
5.023344289767972093e+00
5.024952998417846040e+00
5.026500904220574384e+00
5.027980103153222302e+00
5.029385166126719930e+00
5.030707882303230072e+00
5.031937519270412551e+00
5.033069229233496422e+00
5.034093797388904612e+00
5.035007921713823720e+00
5.035801482978696342e+00
5.036471342775457494e+00
5.037010552394622920e+00
5.037412795718245739e+00
5.037680296297602389e+00
5.037813385543830513e+00
5.037815204865600194e+00
5.037686219715815206e+00
5.037427641225349362e+00
5.037040176091085897e+00
5.036526715827474909e+00
5.035897042376288546e+00
5.035154730600602591e+00
5.034303679389243946e+00
5.033346628544216550e+00
5.032287406620865156e+00
5.031135121953967726e+00
5.029894747061018911e+00
5.028571599048857088e+00
5.027171438259365743e+00
5.025697243583682194e+00
5.024157756639007211e+00
5.022560085875276137e+00
5.020911882144693195e+00
5.019218608063938269e+00
5.017487102818968481e+00
5.015724986714603872e+00
5.013938245249274672e+00
5.012135517818215646e+00
5.010323992741588128e+00
5.008512012136462133e+00
5.006706887704614140e+00
5.004915628058197896e+00
5.003147428256752960e+00
5.001409292293074849e+00
4.999709640813353673e+00
4.998056263548614986e+00
4.996456753385545291e+00
4.994920363051177148e+00
4.993453509432554505e+00
4.992064221573351723e+00
4.990759704483030745e+00
4.989547154081343194e+00
4.988438894746182406e+00
4.987434681874988840e+00
4.986540539113160975e+00
4.985755812076208215e+00
4.985086740476368128e+00
4.984539834854481377e+00
4.984114928913589537e+00
4.983812403154844972e+00
4.983626322557505262e+00
4.983560122956808058e+00
4.983618563997845641e+00
4.983799995991686771e+00
4.984104417606542548e+00
4.984530118598887505e+00
4.985073237686702186e+00
4.985735675885625717e+00
4.986510869904704712e+00
4.987393559857554948e+00
4.988373746468967695e+00
4.989448478638475848e+00
4.990618038668579892e+00
4.991874244108148062e+00
4.993211999281593094e+00
4.994623309417910662e+00
4.996097773804613063e+00
4.997630012526460774e+00
4.999208677902171161e+00
5.000825812562653461e+00
5.002471466704554892e+00
5.004135483547398344e+00
5.005809541239687910e+00
5.007482287480780059e+00
5.009145664169737167e+00
5.010788419439741403e+00
5.012400711222834815e+00
5.013973304524370178e+00
5.015495532795139155e+00
5.016958220496126053e+00
5.018351249887891719e+00
5.019664748951144340e+00
5.020890556245393377e+00
5.022019982680029138e+00
5.023046725287383829e+00
5.023962907909696796e+00
5.024761712073629205e+00
5.025443804159108296e+00
5.026004844500963742e+00
5.026442956148928332e+00
5.026752399082576872e+00
5.026927329941933031e+00
5.026972464208772529e+00
5.026884434099590848e+00
5.026668991211152182e+00
5.026323839376963143e+00
5.025850944469965498e+00
5.025260146136679040e+00
5.024555923889674425e+00
5.023748163010276713e+00
5.022838399957217703e+00
5.021830391760268242e+00
5.020734513725438219e+00
5.019556457425752072e+00
5.018306419725814038e+00
5.016989123548665219e+00
5.015611509557165171e+00
5.014181815560259103e+00
5.012708036179937210e+00
5.011201677794852039e+00
5.009671282644666768e+00
5.008124111171161630e+00
5.006568592514192950e+00
5.005013937379514388e+00
5.003470707114135330e+00
5.001950026477967270e+00
5.000459239955339363e+00
4.999007395084295702e+00
4.997598645563517294e+00
4.996239913876448391e+00
4.994941769863758374e+00
4.993709532569441834e+00
4.992552205573116630e+00
4.991472972358858229e+00
4.990480836878810500e+00
4.989582445050868564e+00
4.988781718115602892e+00
4.988079700122867166e+00
4.987472386571858429e+00
4.986965303744468336e+00
4.986562352466674675e+00
4.986265555161328855e+00
4.986075187164637157e+00
4.985990561272295452e+00
4.986010264346654175e+00
4.986132804008481578e+00
4.986356015803572461e+00
4.986677888931986935e+00
4.987096378432868349e+00
4.987609420979677743e+00
4.988214272784353476e+00
4.988908289002539576e+00
4.989688511269451787e+00
4.990552423225999235e+00
4.991497650521159457e+00
4.992526099683998630e+00
4.993628016414402460e+00
4.994795049729106040e+00
4.996021799223778537e+00
4.997303125636933352e+00
4.998637858854888094e+00
5.000016584025978261e+00
5.001430432128070258e+00
5.002873683201430666e+00
5.004341031985640953e+00
5.005829420762419879e+00
5.007329229789138303e+00
5.008833012061477241e+00
5.010329241829276192e+00
5.011808856206297236e+00
5.013265805619119497e+00
5.014695008622763517e+00
5.016090129690526034e+00
5.017442384736893857e+00
5.018742482440826436e+00
5.019980458097813347e+00
5.021149518193958272e+00
5.022244058179017756e+00
5.023259927111024759e+00
5.024193258213156987e+00
5.025040506797189721e+00
5.025796975570075986e+00
5.026456670912257785e+00
5.027012746969512946e+00
5.027463799679926737e+00
5.027805699670962802e+00
5.028038928529523055e+00
5.028160916922891133e+00
5.028166592014414960e+00
5.028056580233780437e+00
5.027827419876514270e+00
5.027480558134076460e+00
5.027017231709716150e+00
5.026444358765539633e+00
5.025766247450765611e+00
5.024984806045351249e+00
5.024103708877621699e+00
5.023124703257738410e+00
5.022054552673756334e+00
5.020897882371603949e+00
5.019662990286407833e+00
5.018357176348027693e+00
5.016984757646379300e+00
5.015553386970816874e+00
5.014069423391878999e+00
5.012541453852714213e+00
5.010977778598131316e+00
5.009387302413047749e+00
5.007776747658314598e+00
5.006155519946875465e+00
5.004531808062854026e+00
5.002915633633199022e+00
5.001316782101454805e+00
4.999745115652146410e+00
4.998209893866839337e+00
4.996723255827489218e+00
4.995289983316721028e+00
4.993918693527043651e+00
4.992611991330445420e+00
4.991375347986281241e+00
4.990214343755901893e+00
4.989134326666057717e+00
4.988140199496806204e+00
4.987237122520268073e+00
4.986429537847101301e+00
4.985722439899504366e+00
4.985120212040305532e+00
4.984633970088721000e+00
4.984262103564502056e+00
4.984003793183179987e+00
4.983863743502112698e+00
4.983844040302026990e+00
4.983946442823324219e+00
4.984169916785721632e+00
4.984521103999977498e+00
4.984991511642402173e+00
4.985573571301465279e+00
4.986262537069088729e+00
4.987053699396019724e+00
4.987948944620256064e+00
4.988938199556831599e+00
4.990016228161219480e+00
4.991170022464755718e+00
4.992397655598285411e+00
4.993692504517199815e+00
4.995046736798646414e+00
4.996451417408348306e+00
4.997892578891876880e+00
4.999365376434687924e+00
5.000860698125725534e+00
5.002375790677433542e+00
5.003904497079020075e+00
5.005438448540334484e+00
5.006967699579362829e+00
5.008481928906803660e+00
5.009975447706346507e+00
5.011442042044762069e+00
5.012877423069838301e+00
5.014274932048683020e+00
5.015627415529851696e+00
5.016927084229354961e+00
5.018169205836420232e+00
5.019350012294416352e+00
5.020467269993786452e+00
5.021517702914241710e+00
5.022499331362012320e+00
5.023408905095819499e+00
5.024240498594407356e+00
5.024990927703146149e+00
5.025655480153327304e+00
5.026232141941253673e+00
5.026716913408998622e+00
5.027103004022900556e+00
5.027387772999170501e+00
5.027565915822448162e+00
5.027636042992050136e+00
5.027597152879858200e+00
5.027449751254566834e+00
5.027194222268112966e+00
5.026830732096383869e+00
5.026360343043159595e+00
5.025783461127827145e+00
5.025101827700089174e+00
5.024316356648157900e+00
5.023433395717691319e+00
5.022457588632058822e+00
5.021391524095487391e+00
5.020238822121571687e+00
5.019001541529250154e+00
5.017685841713499073e+00
5.016296965573382671e+00
5.014842637870860820e+00
5.013330332581353410e+00
5.011764950994802348e+00
5.010153076593233834e+00
5.008501894269539179e+00
5.006818904970241846e+00
5.005113007817817206e+00
5.003390423152995758e+00
5.001656802986217620e+00
4.999920426998687439e+00
4.998187933508706493e+00
4.996468891743970353e+00
4.994769889805865226e+00
4.993101126049112715e+00
4.991471006963800860e+00
4.989883406851838288e+00
4.988348000441143348e+00
4.986870045010397767e+00
4.985460075978585870e+00
4.984127469752380080e+00
4.982877375726053160e+00
4.981714658681700492e+00
4.980639443193028093e+00
4.979660320673533924e+00
4.978785355780670052e+00
4.978018720690557508e+00
4.977365209926317036e+00
4.976827819813441245e+00
4.976408854369473111e+00
4.976117166188010366e+00
4.975947230104754482e+00
4.975896886345396730e+00
4.975965127405177491e+00
4.976151744705092916e+00
4.976463412288974375e+00
4.976892876532327037e+00
4.977441747915397841e+00
4.978101412859211372e+00
4.978866105433951361e+00
4.979738550316939794e+00
4.980709307399046715e+00
4.981777688693654227e+00
4.982934298795115957e+00
4.984176670667182840e+00
4.985499219354641021e+00
4.986888359543334204e+00
4.988338861074697483e+00
4.989839566108237534e+00
4.991385219898472947e+00
4.992967755850803435e+00
4.994574390408051734e+00
4.996197034772885459e+00
4.997823970523131543e+00
4.999446370955956453e+00
5.001052977051984705e+00
5.002636011150132234e+00
5.004188465830335275e+00
5.005701081660041574e+00
5.007164972927818702e+00
5.008570845183382581e+00
5.009912456181297991e+00
5.011184255388031694e+00
5.012380333152066214e+00
5.013494672459015256e+00
5.014520865660556659e+00
5.015457676481851479e+00
5.016302603837498708e+00
5.017051724102744359e+00
5.017700432967790114e+00
5.018243508581467616e+00
5.018681201544054282e+00
5.019011335801728535e+00
5.019235455412811575e+00
5.019352922598294242e+00
5.019361057414602811e+00
5.019261895430203957e+00
5.019054421720024806e+00
5.018740757417796239e+00
5.018320753511902765e+00
5.017797581453738331e+00
5.017176382777210897e+00
5.016458952438946461e+00
5.015649403122182548e+00
5.014749126967902981e+00
5.013761758145805381e+00
5.012692844954248272e+00
5.011549238500114356e+00
5.010338278350350727e+00
5.009064749565838248e+00
5.007733600673198282e+00
5.006351169732331741e+00
5.004924916413544089e+00
5.003462795403717855e+00
5.001973039445398506e+00
5.000464071121928811e+00
4.998945098605868331e+00
4.997425436166045287e+00
4.995914565113304562e+00
4.994421719399212201e+00
4.992956784901139144e+00
4.991530704286810227e+00
4.990148376312967926e+00
4.988817649421211087e+00
4.987540459421393457e+00
4.986321699780342342e+00
4.985170586791752179e+00
4.984089217272518191e+00
4.983084330123779715e+00
4.982156076145288992e+00
4.981311362174269064e+00
4.980553789672371501e+00
4.979880334150906585e+00
4.979295173336682367e+00
4.978795992632326417e+00
4.978388621334848274e+00
4.978076321140793681e+00
4.977858571757493245e+00
4.977733457491664737e+00
4.977693771652808685e+00
4.977742148468203176e+00
4.977879564387655442e+00
4.978103838914936574e+00
4.978412461651418930e+00
4.978800521528278900e+00
4.979263600258086342e+00
4.979797595700177659e+00
4.980396949423405495e+00
4.981056728212092111e+00
4.981770400552008482e+00
4.982532662374828725e+00
4.983336398897622921e+00
4.984180761275744054e+00
4.985057185364818899e+00
4.985962672380661154e+00
4.986887817529891187e+00
4.987827166316960437e+00
4.988779282418941641e+00
4.989736486745930399e+00
4.990694765297628344e+00
4.991645411027530344e+00
4.992583923114398914e+00
4.993507346657970913e+00
4.994413412732938262e+00
4.995300202069739903e+00
4.996163320688466136e+00
4.997002214042405299e+00
4.997816331831674397e+00
4.998603610394458663e+00
4.999362246094206874e+00
5.000089286787371634e+00
5.000783629191975166e+00
5.001443899793486025e+00
5.002068678623000864e+00
5.002656239157478701e+00
5.003204908406298834e+00
5.003712662381987641e+00
5.004180400928418315e+00
5.004610259903532921e+00
5.005003565436167534e+00
5.005360903402729100e+00
5.005681769659680924e+00
5.005965077185942746e+00
5.006209343856140137e+00
5.006415177563145136e+00
5.006585730051561711e+00
5.006721997538522650e+00
5.006823605706856029e+00
5.006889388685055842e+00
5.006919801321753738e+00
5.006918479503481123e+00
5.006887847500736122e+00
5.006832340721854457e+00
5.006754173654012874e+00
5.006653810645333991e+00
5.006531328725509766e+00
5.006387173476510632e+00
5.006224348283254244e+00
5.006044232285462137e+00
5.005847149695148879e+00
5.005631795692138120e+00
5.005398135836117035e+00
5.005149257163396648e+00
5.004886752030691888e+00
5.004612226615539505e+00
5.004326343144169797e+00
5.004031001235236253e+00
5.003731541669805161e+00
5.003431778660852203e+00
5.003134396522182392e+00
5.002840766849804055e+00
5.002551915439654273e+00
5.002272117826034759e+00
5.002003354932060830e+00
5.001744890528610377e+00
5.001500384229115248e+00
5.001270675509115193e+00
5.001060476264795440e+00
5.000872358566960330e+00
5.000706104243985095e+00
5.000560477821966998e+00
5.000432202302729223e+00
5.000323799484286624e+00
5.000235436799813193e+00
5.000169334838975743e+00
5.000121450655971245e+00
5.000090438806329196e+00
5.000075846997898310e+00
5.000078675640508230e+00
5.000101631077233044e+00
5.000141276529284973e+00
5.000196907616446751e+00
5.000262718911509197e+00
5.000336273972172840e+00
5.000416935364012438e+00
5.000503651404981653e+00
5.000594280081096521e+00
5.000686525235179758e+00
5.000777827657986840e+00
5.000870542962332799e+00
5.000965663649370896e+00
5.001062493760368710e+00
5.001159763176224793e+00
5.001255674882090219e+00
5.001353092322355920e+00
5.001453256363280531e+00
5.001555738177382082e+00
5.001659436103189194e+00
5.001762614807347518e+00
5.001868243420729776e+00
5.001977680342506005e+00
5.002090551302070587e+00
5.002205852585146495e+00
5.002321754226695560e+00
5.002436101528117796e+00
5.002546770161250933e+00
5.002656143371249975e+00
5.002765167549486414e+00
5.002873245317723594e+00
5.002979155265030009e+00
5.003081294939156543e+00
5.003182488976282372e+00
5.003284031309422453e+00
5.003385538364064189e+00
5.003486037271331455e+00
5.003583683192964315e+00
5.003676294887673848e+00
5.003761865485696347e+00
5.003842213301227027e+00
5.003917351261019775e+00
5.003990223168632845e+00
5.004061530440351291e+00
5.004129979282854634e+00
5.004198196868648196e+00
5.004266460592162957e+00
5.004338247592796662e+00
5.004414680463497689e+00
5.004494440083627538e+00
5.004575954669390647e+00
5.004657213653672443e+00
5.004736127875048624e+00
5.004810466448080142e+00
5.004877863445554631e+00
5.004935929149624485e+00
5.004982188081604555e+00
5.005014096166242155e+00
5.005030037165387746e+00
5.005032400270109427e+00
5.005022159380722258e+00
5.004999098008383385e+00
5.004962260607981328e+00
5.004910984627322534e+00
5.004848463103526157e+00
5.004776282251231834e+00
5.004694488697104759e+00
5.004602621687927133e+00
5.004499976128689909e+00
5.004389890596620205e+00
5.004274380585528981e+00
5.004158546474180014e+00
5.004045534829026920e+00
5.003936475418857555e+00
5.003831635700888292e+00
5.003730189862078959e+00
5.003636117220273682e+00
5.003551601093611190e+00
5.003477079334086142e+00
5.003412294044508712e+00
5.003356151144368269e+00
5.003307295480159844e+00
5.003263858422983823e+00
5.003226584241606822e+00
5.003191690029457739e+00
5.003158019929073497e+00
5.003121168444745415e+00
5.003079358207873639e+00
5.003033182550103319e+00
5.002984193157286263e+00
5.002934716715357943e+00
5.002882802960342268e+00
5.002828261227226569e+00
5.002772783677904123e+00
5.002718649356505232e+00
5.002669060042937765e+00
5.002622326210950376e+00
5.002578604197006840e+00
5.002536610787611693e+00
5.002499292945832288e+00
5.002467513374395658e+00
5.002440308308106154e+00
5.002415713231422423e+00
5.002390932600357054e+00
5.002367973140319002e+00
5.002346875470941256e+00
5.002331299220788452e+00
5.002322737765027227e+00
5.002320581208152817e+00
5.002323244263935820e+00
5.002328044627611270e+00
5.002337190459766880e+00
5.002350953430687142e+00
5.002367878880868091e+00
5.002385772891393856e+00
5.002401675516555457e+00
5.002417487483286074e+00
5.002433227476246635e+00
5.002450195164235502e+00
5.002465096433696523e+00
5.002476766805446395e+00
5.002485798472587675e+00
5.002493566458396046e+00
5.002502174867950124e+00
5.002511449522971887e+00
5.002519109493987592e+00
5.002521817120251235e+00
5.002515762624208051e+00
5.002501348826446481e+00
5.002477549173747207e+00
5.002446282870478989e+00
5.002407236144756020e+00
5.002358600822155665e+00
5.002302144843962850e+00
5.002237704437105137e+00
5.002167927323720065e+00
5.002093025249308766e+00
5.002011367929046770e+00
5.001925006703352494e+00
5.001833817035770124e+00
5.001740661700135426e+00
5.001645968229388117e+00
5.001553012383048724e+00
5.001462543605704525e+00
5.001372946741868830e+00
5.001286621781874331e+00
5.001203263149474054e+00
5.001126037602189989e+00
5.001055504171056043e+00
5.000989731730770771e+00
5.000931081146811508e+00
5.000879014524509003e+00
5.000836864713456897e+00
5.000804726336028239e+00
5.000785847063053957e+00
5.000780295584227986e+00
5.000784853621845549e+00
5.000800962915637804e+00
5.000826789866660960e+00
5.000864266603713304e+00
5.000912629421327971e+00
5.000968144838225271e+00
5.001031826142680714e+00
5.001101675373029742e+00
5.001179400402580910e+00
5.001263692806933392e+00
5.001356570608441743e+00
5.001457408433308771e+00
5.001562839867076171e+00
5.001673876000097607e+00
5.001788685479661822e+00
5.001908947005397899e+00
5.002033703354649141e+00
5.002159531274342541e+00
5.002287246696182521e+00
5.002415077080479833e+00
5.002544559668280932e+00
5.002674587759652347e+00
5.002806569216303956e+00
5.002938776481427041e+00
5.003066912609614114e+00
5.003190281139218598e+00
5.003305817357727392e+00
5.003413198310413534e+00
5.003509823996105332e+00
5.003596162981815532e+00
5.003674391246861752e+00
5.003743595582892389e+00
5.003804887895933362e+00
5.003856531828169807e+00
5.003899299469303230e+00
5.003931694023303400e+00
5.003950792066279796e+00
5.003952603160104928e+00
5.003933587042083353e+00
5.003893715013218113e+00
5.003831834998381467e+00
5.003749147020681853e+00
5.003644000785826051e+00
5.003514122032030720e+00
5.003359700739784977e+00
5.003179510627343340e+00
5.002974598948314977e+00
5.002744491491869283e+00
5.002491795272037578e+00
5.002220193371580415e+00
5.001930374335902485e+00
5.001625311077044778e+00
5.001305281371281275e+00
5.000973335095152628e+00
5.000632415190741753e+00
5.000281334557041824e+00
4.999920414165067051e+00
4.999551782161401725e+00
4.999177995436297373e+00
4.998802459501134443e+00
4.998428901434349036e+00
4.998061352894114684e+00
4.997698760815368679e+00
4.997341880128192138e+00
4.996992740519748288e+00
4.996654214561389473e+00
4.996330269836292359e+00
4.996019123066618661e+00
4.995721276384250231e+00
4.995438404605194727e+00
4.995173225049331478e+00
4.994928779639704608e+00
4.994708531313046151e+00
4.994517856855346771e+00
4.994355190955503510e+00
4.994221215062244035e+00
4.994117922299010637e+00
4.994047974888635721e+00
4.994016602007141259e+00
4.994021729146879807e+00
4.994064929638806660e+00
4.994142431821492423e+00
4.994252742780191490e+00
4.994398500341741709e+00
4.994575897659925268e+00
4.994784950706925741e+00
4.995021488126186959e+00
4.995284321661858762e+00
4.995568507686077631e+00
4.995870783552347483e+00
4.996187996305344825e+00
4.996517934761761204e+00
4.996857918090937822e+00
4.997205903641698477e+00
4.997560429647384339e+00
4.997919638119459940e+00
4.998282086215734665e+00
4.998645834363817819e+00
4.999009352922261229e+00
4.999371291026295516e+00
4.999730034135104972e+00
5.000084030814289981e+00
5.000431898757635274e+00
5.000771936736819967e+00
5.001102600320993297e+00
5.001422755978820689e+00
5.001735081411718298e+00
5.002041006255713462e+00
5.002340066507276362e+00
5.002631683777836180e+00
5.002914384193537067e+00
5.003186265677031841e+00
5.003445559628126205e+00
5.003689585067149004e+00
5.003916254527683627e+00
5.004123098570670614e+00
5.004307552072968512e+00
5.004468650538291818e+00
5.004608144946214310e+00
5.004727388880964689e+00
5.004825554229136664e+00
5.004901645560567047e+00
5.004955764827136555e+00
5.004990322296325012e+00
5.005007432239179543e+00
5.005006506748284956e+00
5.004987175694221690e+00
5.004948153115364562e+00
5.004888435473222152e+00
5.004807552324163744e+00
5.004704215677011625e+00
5.004578462160680807e+00
5.004429735924605716e+00
5.004258055027131391e+00
5.004062790564749008e+00
5.003843117702308163e+00
5.003600289403949297e+00
5.003338039509508839e+00
5.003059143024985111e+00
5.002764289967272404e+00
5.002453599359398595e+00
5.002127426314658010e+00
5.001790301363475244e+00
5.001444950151749502e+00
5.001097317274219911e+00
5.000751339803939821e+00
5.000408676910704564e+00
5.000070514354413298e+00
4.999737052704698037e+00
4.999412961016899359e+00
4.999101626194573100e+00
4.998804041400109810e+00
4.998520937293325694e+00
4.998251649114792805e+00
4.998000867619669663e+00
4.997772034771299055e+00
4.997566064774547456e+00
4.997384118858280821e+00
4.997225531294497536e+00
4.997089981363642686e+00
4.996975943950491938e+00
4.996886908245759429e+00
4.996823471255154914e+00
4.996789740949425074e+00
4.996788529567165682e+00
4.996818625833583383e+00
4.996878217379307152e+00
4.996964233959769963e+00
4.997078239000146915e+00
4.997221303800796655e+00
4.997391024860298181e+00
4.997585033452815573e+00
4.997799176363950657e+00
4.998034456702625583e+00
4.998291643759912084e+00
4.998568267631089412e+00
4.998862139689480344e+00
4.999169076806609269e+00
4.999486449821596956e+00
4.999812574959105582e+00
5.000143678649074275e+00
5.000473969219929593e+00
5.000801788023419903e+00
5.001123385629364648e+00
5.001437457739122294e+00
5.001740891164846659e+00
5.002028744141317596e+00
5.002299797381020596e+00
5.002550915903158923e+00
5.002780963065781350e+00
5.002988157937981128e+00
5.003172148628838301e+00
5.003333738795229912e+00
5.003472504080019867e+00
5.003588822143829162e+00
5.003682612837038413e+00
5.003753448514945745e+00
5.003802700768901879e+00
5.003831900956321910e+00
5.003844588828252782e+00
5.003843305022784627e+00
5.003827205469463024e+00
5.003797253697741532e+00
5.003750650423210544e+00
5.003688194715979698e+00
5.003610861018862543e+00
5.003518930977771895e+00
5.003411733514261606e+00
5.003287401373131438e+00
5.003145443430733863e+00
5.002987929458363681e+00
5.002815864446207073e+00
5.002629118884548198e+00
5.002426177902713711e+00
5.002206746774360724e+00
5.001973228870528310e+00
5.001727545658695817e+00
5.001474063290851646e+00
5.001214994365918542e+00
5.000951660262989762e+00
5.000688424824375033e+00
5.000427895492512320e+00
5.000175405765522108e+00
4.999934645711082482e+00
4.999706748692889668e+00
4.999491878754098728e+00
4.999288687674899201e+00
4.999100698369194795e+00
4.998930156963516502e+00
4.998777201694076133e+00
4.998641202260381000e+00
4.998520042148058451e+00
4.998416994136398728e+00
4.998334039111261617e+00
4.998271230106811736e+00
4.998227921418482822e+00
4.998202315966235432e+00
4.998193640906000823e+00
4.998202828395050368e+00
4.998224852187895806e+00
4.998256854219699008e+00
4.998297742917539921e+00
4.998347217850724000e+00
4.998405689029360666e+00
4.998473874554375307e+00
4.998553313073107240e+00
4.998641113816165493e+00
4.998737687133590235e+00
4.998839794034477535e+00
4.998947014687921353e+00
4.999061647914688322e+00
4.999181521926414185e+00
4.999307393571700509e+00
4.999436425883660995e+00
4.999568415861912918e+00
4.999705750886687561e+00
4.999846370136701523e+00
4.999991044737734036e+00
5.000137007693164826e+00
5.000284269200974130e+00
5.000431759488173533e+00
5.000577666899525653e+00
5.000719671082087814e+00
5.000855277451091041e+00
5.000981635833495531e+00
5.001096477574073162e+00
5.001201829854735159e+00
5.001298124185167282e+00
5.001384554263539783e+00
5.001459618108683003e+00
5.001521960716099002e+00
5.001574153052978033e+00
5.001617079172619107e+00
5.001650177245363871e+00
5.001672132467255949e+00
5.001681685402045829e+00
5.001681505267233874e+00
5.001673021056532775e+00
5.001660605367116652e+00
5.001646652872050680e+00
5.001631582276504950e+00
5.001614895842112496e+00
5.001595375773803198e+00
5.001576140357254729e+00
5.001558601473997889e+00
5.001542427352005937e+00
5.001526660268037716e+00
5.001509575012214270e+00
5.001494079330776721e+00
5.001481452717753129e+00
5.001471273923134397e+00
5.001462478451039750e+00
5.001453225795022384e+00
5.001446459898917674e+00
5.001443250011553765e+00
5.001447850172309195e+00
5.001461398894799792e+00
5.001488174695889910e+00
5.001530050078775602e+00
5.001585604359765291e+00
5.001658226346965996e+00
5.001747813823071986e+00
5.001858398059753519e+00
5.001991684625295420e+00
5.002146123566103775e+00
5.002321287647260917e+00
5.002517210889979360e+00
5.002734456856174461e+00
5.002975168183815491e+00
5.003234547183287084e+00
5.003510076620053759e+00
5.003800447650622374e+00
5.004105315387617381e+00
5.004425651833781963e+00
5.004756418086953929e+00
5.005094769105680186e+00
5.005439156659312161e+00
5.005788771763808320e+00
5.006143486939735432e+00
5.006500452191001926e+00
5.006854590915509107e+00
5.007204961732396598e+00
5.007548353702198085e+00
5.007884487688909481e+00
5.008210933275888621e+00
5.008527609475325271e+00
5.008831828248124118e+00
5.009119426470618919e+00
5.009389217824113949e+00
5.009638501473141936e+00
5.009866689343375867e+00
5.010070577294004401e+00
5.010246164493632470e+00
5.010391883395982404e+00
5.010505316259710185e+00
5.010585538216306034e+00
5.010629814735052534e+00
5.010637035847661735e+00
5.010608887542525203e+00
5.010545398849546750e+00
5.010445660087764708e+00
5.010307966829762982e+00
5.010132298903093861e+00
5.009920681925044583e+00
5.009675524537937186e+00
5.009400602323488272e+00
5.009097563145235021e+00
5.008768182513788858e+00
5.008416089010909289e+00
5.008044239660278230e+00
5.007657480245010007e+00
5.007258386728839383e+00
5.006848158208208055e+00
5.006430346486644645e+00
5.006006230344550723e+00
5.005579414037540253e+00
5.005151111376956230e+00
5.004720284608677794e+00
5.004289636207298386e+00
5.003859370244221338e+00
5.003432858554200280e+00
5.003010700052157311e+00
5.002595587824955281e+00
5.002191680265143603e+00
5.001803966765776543e+00
5.001439200346841751e+00
5.001098225866928537e+00
5.000785126355960841e+00
5.000498875366075957e+00
5.000240870011521288e+00
5.000016109017207278e+00
4.999823573609365468e+00
4.999666589764430569e+00
4.999543143637030340e+00
4.999455609177721804e+00
4.999403358125610097e+00
4.999380972078553143e+00
4.999389007883047853e+00
4.999423539012105344e+00
4.999485500857600684e+00
4.999572074955696444e+00
4.999681198384980263e+00
4.999810940774524148e+00
4.999959625715757028e+00
5.000125530830019649e+00
5.000306793379032833e+00
5.000502450598769855e+00
5.000708825571829053e+00
5.000921561645709446e+00
5.001136034971469080e+00
5.001352008844160757e+00
5.001567880532139299e+00
5.001785017142437617e+00
5.002002624852947221e+00
5.002218483241638758e+00
5.002433962041875404e+00
5.002648529189069215e+00
5.002864397952695441e+00
5.003081749810267986e+00
5.003298114018877030e+00
5.003511402143526965e+00
5.003719519397605175e+00
5.003920267133404209e+00
5.004111961352069926e+00
5.004292641172547462e+00
5.004460576253372928e+00
5.004613860112044676e+00
5.004750422558176481e+00
5.004869429136055814e+00
5.004973872306184290e+00
5.005065536575751928e+00
5.005144780215235123e+00
5.005211363735036834e+00
5.005264521099054065e+00
5.005304409728744908e+00
5.005330813063667783e+00
5.005339385098088734e+00
5.005327781416019306e+00
5.005294994393373997e+00
5.005240994131202825e+00
5.005165958747278765e+00
5.005070391444501610e+00
5.004955569615599842e+00
5.004822455922153246e+00
5.004672464484359651e+00
5.004506828540946195e+00
5.004326780864978730e+00
5.004134073982024589e+00
5.003929987398917589e+00
5.003716225082064817e+00
5.003494077509277993e+00
5.003265069628143102e+00
5.003030630068862727e+00
5.002790521884345587e+00
5.002548117766165703e+00
5.002304467985414504e+00
5.002063923010609869e+00
5.001828215884052575e+00
5.001599292231730942e+00
5.001378013862304073e+00
5.001164211219183642e+00
5.000962653586647377e+00
5.000776381881914645e+00
5.000606891399256071e+00
5.000454753244303774e+00
5.000318970315166034e+00
5.000204345926650085e+00
5.000113958314067908e+00
5.000049181415707089e+00
5.000010654188699277e+00
4.999998274377321472e+00
5.000011549053488658e+00
5.000049686414897110e+00
5.000111571370400299e+00
5.000195984036436947e+00
5.000301635457908844e+00
5.000427117465770621e+00
5.000570934942698997e+00
5.000731601162589968e+00
5.000907604160494735e+00
5.001097469671404561e+00
5.001299631881302332e+00
5.001512716754114685e+00
5.001734243991560191e+00
5.001960510655080405e+00
5.002193176175242506e+00
5.002431676189190490e+00
5.002678716934060077e+00
5.002933538692778015e+00
5.003198735999649926e+00
5.003474063972718433e+00
5.003756186633146363e+00
5.004046422510183056e+00
5.004342853377347744e+00
5.004647282684927312e+00
5.004958836163167391e+00
5.005273927735869322e+00
5.005593500609283097e+00
5.005915606903616144e+00
5.006241821038309503e+00
5.006571096951845767e+00
5.006899953844729190e+00
5.007223722251835873e+00
5.007537150631431011e+00
5.007839190947595220e+00
5.008127444206508017e+00
5.008402333806039941e+00
5.008661873011622134e+00
5.008903004030469397e+00
5.009125811128648742e+00
5.009328922337623169e+00
5.009513306828918822e+00
5.009677300682993106e+00
5.009818386283474645e+00
5.009936561991231052e+00
5.010030852134110368e+00
5.010101969667482891e+00
5.010149698328931755e+00
5.010176248568348534e+00
5.010183961785987350e+00
5.010172667638289390e+00
5.010143075045089489e+00
5.010094199604245624e+00
5.010027012284735015e+00
5.009943687878439356e+00
5.009843455562259074e+00
5.009726733518657049e+00
5.009592181071530703e+00
5.009440526161234253e+00
5.009274578671792710e+00
5.009097069781163647e+00
5.008910663369934291e+00
5.008718300741057838e+00
5.008522643204670111e+00
5.008321588970611415e+00
5.008114468995372270e+00
5.007902072593458875e+00
5.007685760967322430e+00
5.007467233221866820e+00
5.007243498209752453e+00
5.007013407703377439e+00
5.006777375023701460e+00
5.006536498460806506e+00
5.006292484123147979e+00
5.006047328766324078e+00
5.005803345087803891e+00
5.005560409426577095e+00
5.005322166234143388e+00
5.005089610721803695e+00
5.004866988062746991e+00
5.004656172525026925e+00
5.004456141665468039e+00
5.004270529076347174e+00
5.004099744371959702e+00
5.003948212340365131e+00
5.003817907189842096e+00
5.003708453727778505e+00
5.003618091381979660e+00
5.003543288274561185e+00
5.003486195397454317e+00
5.003446295359061935e+00
5.003426235914120390e+00
5.003423901862587897e+00
5.003440392051015095e+00
5.003474632714532966e+00
5.003523306486785671e+00
5.003582055087791858e+00
5.003645354224027564e+00
5.003712993560949229e+00
5.003782669812099293e+00
5.003855811002321907e+00
5.003931514898904531e+00
5.004006775928320216e+00
5.004082808307030561e+00
5.004158469400027620e+00
5.004235832173037579e+00
5.004314491780135654e+00
5.004391833165321657e+00
5.004469306979921761e+00
5.004545918753032119e+00
5.004623803313482888e+00
5.004702620118518297e+00
5.004783638933335332e+00
5.004864078437571528e+00
5.004943559126590280e+00
5.005023316204209927e+00
5.005105671308596627e+00
5.005193823737684511e+00
5.005286049129101578e+00
5.005382745800199373e+00
5.005484259411351999e+00
5.005591230377214984e+00
5.005704559929329278e+00
5.005819518364625687e+00
5.005933204175564200e+00
5.006043993424284189e+00
5.006150995999234077e+00
5.006253642936826509e+00
5.006346604538739697e+00
5.006426644747735466e+00
5.006491930972443605e+00
5.006541381155731329e+00
5.006574559778564470e+00
5.006591314473081589e+00
5.006591939555184112e+00
5.006576824507612322e+00
5.006546429461270264e+00
5.006501493640645784e+00
5.006442774301795851e+00
5.006370855714596502e+00
5.006286560907429184e+00
5.006190583263923521e+00
5.006083805072520043e+00
5.005967078037027562e+00
5.005841058562909396e+00
5.005706308684710670e+00
5.005567388763119574e+00
5.005427232166219653e+00
5.005287368731042186e+00
5.005148457191354261e+00
5.005010488122170642e+00
5.004873227323805907e+00
5.004736103271534731e+00
5.004601427470734443e+00
5.004467901499411120e+00
5.004337144126584924e+00
5.004207490836670047e+00
5.004080034341130911e+00
5.003958385461410252e+00
5.003841900756051508e+00
5.003732828083848005e+00
5.003629760104632673e+00
5.003534215144282093e+00
5.003444691100559005e+00
5.003360041180093809e+00
5.003279250194717420e+00
5.003201469774757548e+00
5.003125845506255054e+00
5.003051688159283472e+00
5.002978385505665315e+00
5.002905306704740873e+00
5.002831890043269780e+00
5.002757474421922979e+00
5.002681472963121934e+00
5.002603441514473559e+00
5.002527765660015113e+00
5.002457561423471866e+00
5.002394525511590473e+00
5.002339924038788688e+00
5.002294214084215263e+00
5.002257708418585302e+00
5.002230537832185853e+00
5.002212483716831137e+00
5.002203325039991100e+00
5.002202644526517084e+00
5.002210062143533698e+00
5.002225168962870505e+00
5.002247416028660076e+00
5.002276380461082361e+00
5.002311470164824136e+00
5.002352182260621838e+00
5.002397888978849849e+00
5.002447979465033612e+00
5.002501945352087809e+00
5.002559075430872859e+00
5.002618712988588179e+00
5.002680112953203029e+00
5.002742568562644543e+00
5.002805459062474647e+00
5.002868041643779407e+00
5.002929679454210188e+00
5.002989535970519874e+00
5.003046980035397162e+00
5.003101297440844419e+00
5.003152883472758106e+00
5.003202901394941726e+00
5.003247934305944611e+00
5.003286696053946159e+00
5.003319448966904837e+00
5.003347334254906187e+00
5.003371928516683553e+00
5.003390164110718352e+00
5.003401004952287678e+00
5.003404861337588549e+00
5.003403079987005064e+00
5.003397407364067462e+00
5.003390039019836699e+00
5.003383312413319572e+00
5.003374820384744126e+00
5.003363869389833241e+00
5.003351047493598713e+00
5.003337744407437171e+00
5.003325858177233521e+00
5.003312480887946556e+00
5.003296617637936983e+00
5.003278691388517885e+00
5.003259978560349985e+00
5.003242233084134405e+00
5.003225120148240279e+00
5.003206191161265970e+00
5.003186371243177000e+00
5.003163881369950161e+00
5.003139780592722907e+00
5.003112414652100881e+00
5.003078010297000056e+00
5.003036430655598110e+00
5.002985415473199637e+00
5.002925422294616453e+00
5.002854861626953920e+00
5.002774835648567731e+00
5.002688254584181315e+00
5.002594569763721744e+00
5.002495601280214643e+00
5.002390132174450166e+00
5.002279696008744558e+00
5.002167666527064682e+00
5.002053585444198980e+00
5.001939532878429517e+00
5.001824242175178625e+00
5.001709184935869246e+00
5.001592804408253379e+00
5.001472693747462728e+00
5.001350942394317656e+00
5.001227623252751719e+00
5.001104017682927783e+00
5.000976889664860536e+00
5.000845078463287408e+00
5.000709171705500111e+00
5.000570515441327579e+00
5.000431187889158302e+00
5.000290773651181020e+00
5.000147164278281764e+00
5.000002378179309481e+00
4.999856218444732825e+00
4.999711682303426663e+00
4.999569350816858382e+00
4.999431949090761051e+00
4.999298695708242590e+00
4.999171175640626075e+00
4.999053445673166785e+00
4.998945008479610763e+00
4.998848259961784279e+00
4.998761850605339951e+00
4.998686966575303536e+00
4.998627193780236233e+00
4.998580903811930654e+00
4.998549328237390732e+00
4.998529651437969790e+00
4.998521460417507889e+00
4.998527374551016145e+00
4.998545097547434146e+00
4.998575456118528493e+00
4.998615253473947639e+00
4.998664216105212610e+00
4.998720108828825559e+00
4.998784054205138716e+00
4.998853596341181316e+00
4.998929191431346730e+00
4.999014026899206264e+00
4.999106901357266430e+00
4.999209581999423335e+00
4.999320141705067222e+00
4.999439804362446615e+00
4.999566666888386024e+00
4.999695935905292821e+00
4.999826995995209522e+00
4.999956535933852919e+00
5.000084445247741094e+00
5.000207979739025532e+00
5.000327089647144341e+00
5.000443585835710358e+00
5.000558427855685828e+00
5.000671691712306632e+00
5.000783114763289738e+00
5.000892092245011966e+00
5.000999440303384169e+00
5.001107225440754256e+00
5.001213019112436875e+00
5.001316466903625191e+00
5.001413841829015716e+00
5.001503980722589837e+00
5.001587404808342185e+00
5.001661413465008366e+00
5.001725501864530798e+00
5.001776647408807897e+00
5.001814574184210827e+00
5.001840554961782814e+00
5.001853190672664873e+00
5.001853203603431552e+00
5.001839039078813443e+00
5.001811428882548149e+00
5.001770449231744742e+00
5.001715467742079646e+00
5.001645670153567202e+00
5.001559930483245431e+00
5.001456982402497253e+00
5.001336477410414538e+00
5.001201764701300512e+00
5.001054924384127354e+00
5.000896783911059629e+00
5.000727412805328065e+00
5.000546960637341165e+00
5.000359658889840020e+00
5.000168023884665303e+00
4.999973404940587507e+00
4.999776174512129856e+00
4.999576197669279409e+00
4.999378026921670326e+00
4.999184432171654535e+00
4.998996814072501849e+00
4.998815806072575363e+00
4.998641179588062755e+00
4.998472519789260105e+00
4.998308821034055605e+00
4.998154244453084871e+00
4.998011419523876953e+00
4.997881391087916292e+00
4.997764738297459708e+00
4.997660918517408568e+00
4.997571627658230042e+00
4.997501190786620917e+00
4.997448713856188718e+00
4.997416768115850338e+00
4.997403388939469338e+00
4.997410193153678293e+00
4.997435664162526159e+00
4.997474683982340515e+00
4.997526950401274703e+00
4.997588768683395521e+00
4.997660323384239156e+00
4.997738602825459786e+00
4.997823579165173058e+00
4.997918223666977688e+00
4.998021099756490671e+00
4.998133969542589483e+00
4.998254835580495659e+00
4.998384860021082510e+00
4.998522185108644322e+00
4.998662008217555908e+00
4.998803777045590202e+00
4.998944190091473949e+00
4.999083160397616687e+00
4.999218029010129349e+00
4.999349088913779937e+00
4.999478912291135835e+00
4.999606432163175462e+00
4.999733076955209299e+00
4.999857213462720829e+00
4.999979635265673572e+00
5.000098273226078582e+00
5.000208838175069559e+00
5.000310473286566193e+00
5.000400246747789268e+00
5.000477733475176656e+00
5.000540227240903413e+00
5.000585733245148212e+00
5.000612590318102235e+00
5.000619530114834177e+00
5.000605330812302185e+00
5.000568954148818079e+00
5.000510107214120481e+00
5.000429773498815678e+00
5.000326783964900379e+00
5.000201417394472436e+00
5.000052143633856083e+00
4.999880146179839002e+00
4.999688236304118405e+00
4.999479118101788799e+00
4.999255592972529527e+00
4.999020316415024645e+00
4.998775730412943652e+00
4.998520658221586643e+00
4.998255710043503441e+00
