1.9742123956424444 5428.2885217510575
1.8481612903549607 8619.611093481904
1.827525137065008 3467.3305274808563
1.9575760436265428 11072.025662472524
1.990628836309474 2682.139064625203
1.8441613026678418 3774.568382422229
2.056419626164098 3128.7725089302185
1.920967460633302 4012.6666781380627
1.842981917970777 3436.4977337107343
1.908587120989293 3633.317621818168
1.985187992506847 2936.2672293033856
1.9751464432158448 4894.841335429023
1.830974373346483 3776.0294174144
1.9837828340383656 2599.400166874023
2.018302589165789 2895.436912130158
2.087690285969504 7842.007550657373
1.8226305943066334 3426.9365730067257
1.6504975509923272 5782.081543126418
1.9482695517986899 5132.548216828715
1.8269377906503603 3482.075227826214
1.9994110798005473 2841.3969392500258
1.9763043642155282 2621.226605815079
1.8187514924232322 3213.217904925439
2.088135327693162 3287.621375163362
1.9184385918550744 2678.4979906842027
1.9302645845259176 9544.56250160171
1.8786767411015692 4667.006108342815
1.824954439648956 5907.19489629482
1.6948210481295343 8127.711394501217
1.868051139679708 3019.500767234401
1.9813391568206877 4364.202691228945
1.7731582277527356 2660.4640898186244
1.5974751603663788 3799.6204612006204
1.9536650390268295 3502.483238392327
1.8951561709047993 3082.6684853335864
1.8912528436316225 5051.270928094913
1.929651849916594 6847.009382586216
1.8923996188479166 3741.8446906423624
1.9230758618436727 3604.9169239510247
1.7400639195395686 3993.628117563251
1.899182340594092 7795.084682196579
1.9463147597775758 4206.727874191096
1.8927891846428926 3557.916088989766
1.8642264591154813 2659.9481546170837
1.9865012400941264 3105.193011605659
1.8931886062192864 4463.635522190932
2.036736780675072 6532.242256405835
1.9155154329027484 5002.343589160166
2.0548910740789696 2836.118280721348
1.9584791200024418 2555.5859905888087
1.8278936081356196 56844.4063310069
1.9457496065830466 3299.676352146177
1.8313629425151445 2705.2739646463697
1.7049738200269426 5540.291411497208
1.9363776723372472 3324.1109854718184
1.9662478969464858 2492.0070580125816
2.104328723611077 7822.244071802106
1.955272811343545 12209.287430777807
1.9217232220171312 19329.59715998949
2.0124071853281422 2741.142988608131
2.0188531882911245 2780.566933140706
1.8579974060425983 2664.1833345241826
1.7209636225218652 3565.9538341674206
1.9244182493251716 3265.289876431151
1.9759577180546546 4352.496640892848
1.9157038932257604 10201.49498464547
1.9640408773470455 17615.401734734965
1.835916900802833 2928.6740499283032
1.9495010464394609 3606.269715214956
1.7554727956098246 7209.736521527629
1.8605620102456504 2826.4911817294796
1.9005610331889533 6427.07241434585
1.7793874675669432 2874.90844192274
1.8281718582760815 9696.726621178383
1.8441452992885192 2925.71350474705
2.059896775424606 4261.084069157765
1.9676195719105378 2629.8905726564662
1.7993820029141188 2547.1163900854203
1.8646689140571686 5665.953742354721
1.764999044156445 5541.86595000674
1.945566375774613 4996.9759994612195
1.8056736756334422 5691.597889830288
1.7745211156736096 3947.3919923711214
1.8447182085831757 5392.963012247996
1.9564651175277643 2593.289218129644
2.0105040624592276 3988.6928153762083
1.901073646628081 4711.924618315591
1.8247821672670814 2961.2912567846
1.8458888682462349 2912.0272988971033
1.8142010874978463 4436.404881078792
1.925634079605054 8469.875602426051
1.9415259305183228 4683.580102106782
1.8668683716753975 2489.086806442886
1.8163265469522454 2568.3159597928625
1.9698264841237207 6941.476971758378
1.9136956638051903 3642.1557298268317
1.7702539284815824 4534.007067794604
2.042508799825126 4812.589386803024
1.858438337063123 6396.701847752556
1.8475688032964808 2779.886291642123
