1.4815293124560796 2210.810906391657
1.5429872574633645 2271.852028276153
1.397117066400151 2251.8885933916526
1.5537948907814016 2375.287828249512
1.5491927893203923 2335.9830764065005
1.5663904034663725 2399.878722288172
1.5362019494410764 2439.1202120109347
1.5028530910546392 2520.6975894492016
1.5526074735320288 2281.432991676329
1.4941720037683135 2285.559979428699
1.5176042835819499 2263.0326630989484
1.5525577648117708 2151.909746560497
1.6890074026166884 2415.9506606273217
1.5607809906285297 2464.952547103812
1.3644099369895908 2451.4433004811854
1.5066198942873918 2247.709710971026
1.7092559460520136 2233.553598378581
1.3763886561071577 2364.010000874897
1.510332183055911 2365.57348215322
1.4223777481928255 2426.835020412909
1.3622935421143167 2491.421593560823
1.6082689202621292 2340.1815189773133
1.2542757474779735 2390.4121625274056
1.4939512522796328 2414.6722731165937
1.4129064829617755 2417.9498351073807
1.4521088606981352 2538.0395898527995
1.5942220130816087 2382.581872417817
1.5909556787583872 2283.3102962583816
1.5283578719189606 2395.27008008187
1.4439273478942725 2305.0447344611734
1.5308737443681133 2222.4665737484356
1.5540090331920773 2381.28899897299
1.6220767364187367 2468.6746448415793
1.479234027967953 2183.846363108906
1.4577514968243195 2338.126098457372
1.5049767579003421 5029.030347147761
1.5271858887429384 2458.481159997848
1.5121159820475218 2125.525571976225
1.492764467647353 2364.0837341899833
1.7211104073784484 2354.063301319159
1.455946937704506 2277.3445783492484
1.575009724977269 2418.805597302901
1.5074580253513192 2278.8089724746515
1.5980482060938126 2383.3411053457676
1.4704573830932404 2168.8546968031787
1.5260958715170199 2134.5161754291557
1.6522902660943473 2383.553360648581
1.384488122777445 2354.091764578854
1.604995964085867 2437.233296284122
1.407335631229042 2462.468518395439
1.3407847324380393 2320.51045068894
1.463689754100922 2325.713061742738
1.581809412420306 2385.004380942009
1.468557530134484 2446.0396605812484
1.5632947285226715 2280.5014812497266
1.380058131775307 2475.3232206999883
1.5357917034088304 2499.41329527386
1.4193239110097697 2491.05082012428
1.7066114435850324 2392.3766942783705
1.3776353984489842 2431.1006963828822
1.581031960145002 2329.3592409092826
1.561019998468512 2282.691604114132
1.5220196256290648 2467.5074007682897
1.5944064022976265 2347.68612703742
1.472105112071373 2446.1483932362694
1.477037530917794 2403.8979013233334
1.4270016901545537 2429.189948503671
1.6413356795276046 2476.939264052114
1.52957903160076 2493.296456880523
1.464307530977575 2369.500149983057
1.3826291790441794 2673.8078088853076
1.4728297642450388 2309.724848746264
1.727452620271218 2559.6752504858446
1.2974593069097775 2296.6940351435787
1.5285990785742318 2158.2236348591136
1.544311787077397 2310.3477841556114
1.4849723227925722 2876.783143584326
1.5576127133147686 2444.375118054948
1.4697381159579834 2328.2563338610003
1.5032979676144946 2419.3925272232423
1.593127172701594 2177.8842059722897
1.5245225029011231 2380.274260052405
1.6335232701759475 2217.8771467423107
1.3940656569340173 2196.9095913040815
1.5013387920980388 2376.9792283697925
1.5028364838382096 2439.7549960415336
1.6079984369251614 2506.156821065248
1.5501625915705124 2287.360366127593
1.514939121566264 2414.06663050971
1.6303156319629697 2536.9865159804303
1.4802006503293585 2460.6525204384
1.5698657549394177 2349.2777447873405
1.5065199626921146 2535.029376470979
1.4153285648293452 2247.5519698227463
1.4749822795636474 2426.7907782736356
1.5613737771286478 2467.878694079658
1.5276434276515853 2422.2765206340155
1.5482379838259748 2485.534006984032
1.5040973610753825 2346.8317490805366
1.5066924967272186 2239.1860846919217
