1.4681362252956647 1959.025066626434
1.268341968186419 2512.483039132052
1.5595894724892159 2267.445505320209
1.4063301615657624 2532.9320457303506
1.3488529563570146 2169.0173320109006
1.4239171157126054 2321.1907711942067
1.4068875305641297 2499.3042534915676
1.3704793837027178 2410.5625221604423
1.3877365976184541 2187.5305949016424
1.338717552176478 2172.9895761209045
1.7398178742874233 2323.7267611359302
1.4028472607939437 2312.013147656069
1.4585330988573058 2347.0099601755683
1.4156848894284235 2140.2914509207617
1.4619141952070902 2516.054738860408
1.4155234520478268 2397.7776869838845
1.1931760912792009 2496.6058317711404
1.4809729193982295 2351.023892756417
1.4676287548079117 2334.8423885996604
1.388622696115662 2429.1698458452283
1.3013499788262426 2553.07620339771
1.5297223887769724 2557.193859566084
1.3095954823445421 2237.4982108996855
1.595210402263671 2481.193966838955
1.3794048374445411 2249.8436284499576
1.3339275518992466 2099.4747103317154
1.3588346779105471 2530.1284259163003
1.5576000075550276 2186.821548496428
1.4927156041112657 2402.293954972667
1.5118880117819773 2530.7152162015645
1.6385592028404365 2213.1835749002166
1.4613734003516825 2368.516433859246
1.4280804855110412 2381.761346855502
1.385734678168956 2620.067052287493
1.4131445353880059 2468.452713741137
1.4276223615462402 2407.928623156382
1.3340345047132307 2248.0952571543135
1.4399606683525181 2478.960688067036
1.2911203146596077 2493.959672107809
1.3767794038285739 2533.7995324905633
1.4517390285290193 2487.470262193285
1.3154523854862483 2578.5639865162
1.4143545048772141 2136.1248622828316
1.483247495325951 2561.3286231746715
1.2363381281145445 2452.6075436948013
1.444003587828778 2447.794451821598
1.418888194843088 2173.3476041178887
1.297270923336613 2246.3519699198496
1.4691126179575533 2452.4233452589697
1.2838969315949997 2165.718304897784
1.4750287418036896 2175.381914893811
1.3366020805728942 2459.6518590291557
1.378615396554263 2528.136523570403
1.3551360775413748 2588.1963826315373
1.5513653050100749 2437.517787470703
1.3887509831592033 2381.834827699824
1.4857367218536595 2199.0332019646175
1.32767896133028 2206.9163809306647
1.3969289269046437 2444.361957013355
1.5021450902038722 2368.9323641526316
1.3964437578725049 2361.648024273224
1.4904568349606893 2364.534412158915
1.3853685833772214 2512.14370385631
1.3601408671556885 2459.530934522019
1.29189675748365 2196.591583286217
1.4569323273633334 2116.6224229422005
1.3283853743656175 2441.2909166734225
1.331754057966464 2164.084496484259
1.2846649446022513 2472.4257953881483
1.3977688868849851 2402.738803090627
1.305000546717651 2008.8682739454457
1.293575759427115 2418.1913102756007
1.3894784461301781 2502.015041434556
1.515779680737864 2433.2725295629884
1.4054275472801558 2436.6251219331234
1.5042479889253146 2458.931739926543
1.223582938160256 2170.3008945339902
1.2531029617743887 2409.6401295275336
1.4464115919272804 2543.5455225703186
1.4244977524020113 2358.7559412990836
1.4793202327519455 2079.8585325834993
1.5031906539336055 2285.9530770135834
1.3507793131865915 2273.4827259175554
1.4299328053372145 2479.6435989637293
1.518705371869934 2161.7811265620203
1.4621375329687991 2498.5893881276597
1.4676442081557224 2479.7539934825754
1.5763842107617823 2461.573029942282
1.4346676285540103 2491.210823262515
1.4092851527708723 2255.579023966563
1.4700548312494846 2239.3452081793225
1.2996875722654524 2519.159101992157
1.3038075678715848 2222.5901593384347
1.2582147356725406 2262.332826514797
1.2258680022206203 2584.104697557071
1.3787268105662438 2509.9623709568914
1.3523470777374054 2445.191029752125
1.420660855988222 2478.5677835448632
1.533461678734191 2534.8584194486584
1.3795150191318626 2110.943335333067
