1.7972308904087777 2451.787336295224
1.726494351372488 2468.6131944811623
1.6348666063866566 2516.253872690577
1.566194332128428 2595.689184571984
1.4876578679752674 2382.9481724531443
1.5293275177055095 2487.1221471772074
1.8050045428741068 2449.97376871007
1.71125684977534 2401.2051003791803
1.86468451049748 2414.421432101775
1.7011282202840396 2346.7204501378546
1.53233613173747 2536.3954597955344
1.6705753834299477 2289.46127442823
1.9310542129372816 2426.2270808486273
1.8155493657855113 2517.3018102431356
1.7812636965451347 2500.255264519061
1.6641000805357904 2433.8423433198222
1.8506033101151007 2451.329888174435
1.631858965766911 2487.518484780115
1.5997234442552015 4225.606960138541
1.6392354890306828 2433.1773261077115
1.7293127134749773 3111.7317871953055
1.728264631049727 2535.8282119970513
1.7821588556960768 3193.893753598899
1.5635005931398849 2468.742019286441
1.676669843403621 3265.649310264912
1.6266679482520583 2510.8675246035586
1.6361243364576075 2421.980797569659
1.736656610901009 2498.0417128841905
1.768334790922015 2532.9679898775003
1.708569057901041 3182.6072737696895
1.819041290138469 2499.4140998495022
1.7409016203951624 4607.74561485239
1.7380852043638317 2305.6141930843633
1.7056534027232524 2426.7256822482427
1.7050313798704653 2553.490581418023
1.678581486102223 2376.4191588800218
1.5927814129865439 2400.8374031184685
1.742123295162395 2775.2348989475013
1.718915937878118 2429.35574799926
1.8079976563161166 2468.830249508972
1.6918383797490908 2384.2930509044136
1.6801413570731611 2820.7883771397483
1.7468623734873656 2462.1974472562833
1.6378929450145154 2718.0695696495313
1.6719150198665276 2522.095130329644
1.705722739834774 2431.457222280075
1.9162019906249856 2539.1841640876864
1.8761097585069217 2608.213308711408
1.7319214879163904 2978.0503064094423
1.6554749380990952 2944.998485658924
1.7056352302478994 2503.234402161983
1.952151992241775 2662.155133560508
1.6847769224646643 2289.6537765918997
1.7738025240303037 2547.7739917560903
1.5591541560503601 2713.005464626497
1.5995688052136166 2344.8370058995833
1.8019982234403153 2479.642358338973
1.6189185141516516 200439.65987080886
1.7258263841917751 2348.4625004185655
1.6840137717362624 4361.089058097784
1.8220695536683693 2260.5913151591494
1.745029349102227 2426.741558540607
1.5161349747325457 3019.7129442250643
1.7070207894267586 2603.4889144732206
1.6861066757309566 2506.447898774652
1.6381935753840045 2397.3334333696885
1.841293893267315 2533.75341210429
1.6118042791538123 3095.9263246745127
1.8604730443558168 2472.9281859590074
1.7503410818928373 2432.5165703883063
1.7727965408942128 2424.6641351527533
1.6326332700297022 2523.239292476848
1.8732927555358891 3025.7631975597515
1.5843018009632701 2328.9106684118024
1.6136909949250908 2477.2491636693767
1.8598932261163912 2469.962626563365
1.6044679249054794 2278.8011768148735
1.4717179476573807 2507.111060155261
1.6153100213287495 3015.0869306768627
1.7249999172656618 2463.438379273697
1.8130445484602413 3024.220625671199
1.765966988962145 2887.3230785371925
1.8143034273214784 2372.6417715930593
1.7070148962266254 2412.7197994426624
1.4668985600592854 2597.3620638813413
1.5872158358448332 2463.495555956868
1.8227018495957736 3680.738452218799
1.5930832615484545 2496.444279686684
1.9351111787362265 3082.191992521778
1.7129358745235406 2430.108988422824
1.7898581262388427 2838.1692066285195
1.7966726409663956 2535.8183537118557
1.6281241666073965 3445.7527231622425
1.6900512946335735 2243.2053404995772
1.7748904633054732 2379.829691025261
1.6364117503469813 2488.202670979743
1.7398022025226028 2637.0678748684854
1.6162914979337424 2490.1252642289014
1.7540091551133086 2505.1184277645425
1.6767989018167484 3607.0772729343166
