1.6033466673783054 2441.673864942133
1.6581886468526947 2612.928960372094
1.5379763428201698 2423.955294086649
1.5611056951280666 2525.1822965201836
1.6519788617493645 3129.9939422717957
1.7524214094340547 2413.7407939623236
1.7822316129773719 2465.71247699618
1.5082917675345664 2430.490366275416
1.568498301493061 2419.381297877242
1.695050362455303 2482.131520835621
1.5679961294404618 2349.548732232899
1.5997571858763435 2351.404192982874
1.6103801092538412 2335.791365344179
1.4450332662685386 2075.7734556869764
1.655142893797606 2310.3203956721054
1.4464196573914543 2471.5241189240687
1.5616639789343099 2555.7351048523556
1.5664928053382572 2484.1266212880832
1.4280313365878883 2420.955787546878
1.6587794311709703 2377.622001524677
1.5449049744101115 2477.5624910125407
1.554106540841003 2384.5828638841604
1.6445683704802594 2438.78830334908
1.5479562071181392 2480.50355081764
1.5827159750452342 2453.7599811647597
1.5613956468404582 2234.242653890398
1.4836761763586392 2312.6556220966395
1.624909866846919 2487.044176595174
1.6539933284290183 2409.1905403238525
1.75022336105728 2446.595364003604
1.544334878540848 2414.3491605484023
1.4783038423376773 2459.7410223003726
1.6586424033890712 2448.2440237262304
1.6168431801071048 2416.1099613627102
1.5298427457095471 2198.684252527083
1.6195193549902487 2489.263408345444
1.7595245100214163 2419.4790357810825
1.6622530293913538 2508.5049266481687
1.7247548131742076 2352.021098648078
1.7485288998497057 2174.089480293812
1.601408556351285 2670.9892259031076
1.6823394870181574 2536.3240221999745
1.5049838415878016 2453.548089250343
1.6124245027939506 2439.402161832252
1.6651153113778887 2276.523401184949
1.7053296915908405 2246.322687255388
1.6260142651316156 2827.835405119697
1.5190101440832722 2372.468487619296
1.5843541748089518 3239.4042721725646
1.77345474062166 2210.174376910467
1.575073888043721 2463.054959839901
1.6172449886535694 2476.811083195101
1.6275742033090252 2414.836164390488
1.5427856955614165 2209.167102112947
1.620188614441262 2312.1889328926545
1.5195866416751336 3000.995463644871
1.5338685822232165 2287.6001513772444
1.5071897773635712 28722541.599097442
1.6301858362768429 2441.673864942133
1.6925201218079793 2442.640205033362
1.4550764774615126 2340.78637750549
1.6452380856986646 2396.249657528483
1.7123603007446309 2373.74678702819
1.6476761092523418 2398.3443411131348
1.7018327468736612 2186.878918685535
1.6590525856568978 2260.9432146981603
1.6786788619772202 2492.8689376627144
1.6594632909228095 2475.8580894722454
1.5047549108829141 2483.552591592136
1.7289346370829812 2525.1512111880947
1.6496028313203208 2427.118016679073
1.5236649804567914 2468.456887135084
1.7198055455678052 2313.92672147301
1.5222248806122933 2436.702335697487
1.5847750818646722 2392.3489719740633
1.5321629024005166 2308.9309745881883
1.645641617050694 2448.547564830822
1.5625460805981688 2358.13339391544
1.664677036689566 2471.2359295006904
1.5330435821645763 2408.595614129605
1.3379851981480368 2259.709659784585
1.6051344677540462 2309.7996140315436
1.613125424577339 3411.557438393281
1.5062665712115675 2496.1061723103435
1.4327382793591656 2763.765185070093
1.7419224872114918 2405.037674454319
1.5746513580355985 2363.241810665566
1.6229920802135052 2361.8591368426323
1.5031060204685478 2291.9987291712714
1.7101725368235126 2404.014387306501
1.750301991272012 2479.994323697369
1.7181004672288405 2408.0940522651704
1.4982546126011766 2243.3815411423584
1.5581783242251048 2371.956843257982
1.7309396666050598 2396.5432143618455
1.5929021099007679 2373.3826574250543
1.747782730858293 2333.9781160719717
1.618594490834673 2222.7179149099575
1.585593035061012 2365.078957293186
1.6990875066284852 2515.4087266617607
