0.6832718610551287 2241.9468709124294
0.6356754518959837 2502.112066427116
0.9168946167169908 2535.342470818768
0.590913554905774 2569.0383267000557
0.6977907881012488 2264.359688411477
0.6012135666495437 2123.797082735573
0.6742130109300715 2367.860962302619
0.8074278562618238 2276.349452447923
0.8352522425379041 2257.674863233421
0.5617503170199235 2608.0546757519583
0.8250324633706869 2133.767507584952
0.650053968021493 2192.459709299327
0.5750617606988451 2434.214908125619
0.8469995909401241 2537.549339586797
0.35588184171822335 2604.607203182691
0.6988233258614501 2157.8334614916885
0.7998768528899709 2430.3212997963433
0.7570684582310355 2480.8304625531146
0.7601565990454904 2504.0673083862066
0.7187029395961853 2534.377633566727
0.5745033698264009 2188.2898564143225
0.6149267052977047 2268.411889057217
0.6735653536615293 2482.9624188702282
0.6983488044229945 2152.387290689614
0.6218657047001671 2530.5766430366066
0.5844994458035329 2488.5593576730444
0.571386499222662 2206.6301861754364
0.6814445562401205 2108.41833512224
0.6553079315112358 2383.7027442659864
0.5656466481498518 2255.371246574084
0.6440276225576088 2186.047032164246
0.7774588586005848 2194.2840766028476
0.7856051397418953 2596.7798174381087
0.69296503567648 3162.8873877248657
0.749639679574045 2263.1388293410946
0.7733790868787986 2601.000810350163
0.6240119523325495 5645.50601178259
0.5513290436394569 2165.5293798097346
0.7930632750449139 2660.253799238303
0.4794614276935626 2210.2437931382256
0.6072857199225534 2462.349867972412
0.7366560005881313 2396.3248013022476
0.7503476109248729 2580.2621851972726
0.8874658877335496 2520.2962177929394
0.6344066249951691 2184.007821110147
0.672585411992865 2552.753427682379
0.7225075529551377 2395.2388744282016
0.6553441400292592 4326.765635434252
0.7220877811491343 2177.3053374794777
0.6617572280970169 2138.0280202166864
0.6519333315234646 2134.9268457310336
0.8186903024204145 2200.604511887361
0.6179839698335177 2375.630566973325
0.5831148916163593 2203.151434182234
0.7444663215495418 2288.637918219755
0.8306048110686646 2296.735249329233
0.7841732612354969 2555.2780189531795
0.7723580644852301 2590.4179021608124
0.8960627726349758 2448.024034949668
0.7019898781511977 2312.014637944395
0.5315120406693328 2488.9265214859442
0.6554877286297555 2618.383415334556
0.7298485940737391 2545.8718385889006
0.7862751008171621 2498.422033469551
0.7976107606304204 2550.4902258312977
0.9425015335906309 2283.268040638784
0.7780891897407718 2606.3784353037136
0.8803818447523375 2511.4405199334487
0.8937828548944424 2338.653480965353
0.8337805941253347 2123.682765960866
0.9328312249923458 2173.364815268177
0.621544378436403 2520.71212374065
0.5466922011455636 2342.7242511276922
0.7137951527582272 2367.74668201051
0.8857362167670113 2116.0495318756566
0.7488135109829703 2643.0886108847803
0.6586084012628712 2250.1609989654717
0.5807011435171058 2120.618811180777
0.6846844878103955 2550.4402857717505
0.4795237727672038 2137.7178429090754
0.49760487532691855 2634.3360088842983
0.8437892611018574 2541.1858279489497
0.8753094926215568 2507.0675105913097
0.7274948653244235 2112.1291856545486
0.5572720044272099 2601.620882907784
0.5861394146739674 2082.433815196311
0.71179570682833 2255.4248946035045
0.7736968293457562 2569.556685343904
0.7176693822983606 2156.6835010591276
0.7268454877123337 2528.672106992994
0.7221761176701027 1862.0660225117667
0.7342914102615424 2187.457918504937
0.6068611391975594 2107.8123830420386
0.6091836785836182 2598.096096954485
0.5775112543020048 2549.8404623917404
0.7607558804248851 2195.0344505086086
0.5484741359620541 2532.116729490228
0.6195970533574684 2228.400904831706
0.7573874877503655 2675.92080058353
0.6694753774481437 2096.00648809797
