1.779025762898318 2405.926081971133
1.86627855746391 5743.761349609228
1.8133382096571073 2630.373482613202
1.7099860154442093 2541.640943666296
1.8727537924783224 3662.5593272696688
1.7491044915879754 2511.57714783909
1.811614831987882 7019.5953437690805
1.677400069038449 2618.4287697809905
1.866922473898681 2457.3078700549886
1.7562516219019586 2727.5562230329497
1.790391314969391 3745.247226359793
1.6726261594310738 2660.755918008181
1.6818569418750207 2364.594315892303
1.7736410519399655 2481.227585039749
1.8523043319632693 2542.8311356181202
1.7796201587988119 3007.573094892623
2.0189377834847084 2631.8673718392556
1.818860854495943 2529.305449227455
1.8871262163860265 4055.5227252217646
1.7242742192210763 2667.4572665175147
1.8000218392909986 2594.996287336116
1.6645623135866585 2556.26777024231
1.7567135385237687 4930.468867817037
1.9694793129397412 4355.808917274561
1.7494151164306122 10679.619746072218
1.8421990388921288 6902.618679078047
1.7983404509505676 4133.23895384432
1.7732660867293193 9270.587087169068
1.8165557710991418 2563.537353519793
1.7468287388051909 5092.960312764613
1.8395833967343145 3824.1130757384412
1.6495367824655052 2504.2072052387543
1.8019392471979627 2585.6410740400306
1.8216042298784683 2938.7438849918126
1.7090349669922045 2552.869179869679
1.7999317731615623 2572.013255864472
1.7538761726754633 4746.111218014903
1.8035117584182465 2738.584969035357
1.6632553428670602 2563.7929507913923
1.7336363474175338 2566.5223744316827
1.9095463713900973 2423.9777844794844
1.7379438787244956 3322.8302466769755
1.6693725615623805 2389.4728866923315
1.8799964273897616 3192.357889739307
1.8543276016640688 2723.867207103892
1.8191855815762144 2475.2523324316467
1.7525735164272678 2487.895826608322
1.680914648029452 2635.0894018812855
1.7034873737004583 5827.681032140683
1.7465663769342266 4701.210087939158
1.7987360327077693 9489.922328245917
1.631028972861846 4842.5132483722
1.7783277048819268 5335.733823586632
1.7825832414735099 2368.518756990211
1.788020792521976 2622.3351514723004
1.7034266396003728 3417.347775255077
1.735033422659596 2461.2757620820985
1.754302708332583 2509.2642636029773
1.913963118232449 2432.66420412891
1.6029172333287207 2622.8764816027633
1.7856202665147678 2489.249945511898
1.7551864183919035 4045.6108217156743
1.8115893093569428 2617.6521937091284
1.8940931595910104 2355.679065916496
1.8550098298739355 2470.528901274969
1.8199847192080132 2602.67621940151
1.972048307232915 2736.0713708891344
1.9257232736112984 2522.926569983532
1.9016722383766669 2609.9492731293803
1.8125086285895289 3194.9008611412164
1.9614011777659681 2420.2181076374463
1.8082984864509508 2626.6106459044927
1.8228147674533297 2758.550348971605
1.850958751019366 2776.6622931306156
1.6827876054535078 3716.288613623018
1.9173673714024402 3908.99791655284
1.5680847663078914 2646.097783028992
1.7762566261668276 5088.471405264321
1.6836724380569736 4874.912953202129
1.8076574477275213 4969.418785409891
1.8973428538352475 4114.614731790964
1.7485767321090702 2669.1509353431575
1.645109065146467 2582.4842502642045
1.8030832260713818 2620.055885677625
1.776918387671081 2586.0790207011737
1.7997159068804005 2683.9556842334387
1.8580648786426472 2535.154898962607
1.824477899267855 2585.3461833057245
1.6593179396288442 4381.324535075885
1.851396220312865 2436.9261618819946
1.8838248583426207 6643.911801527393
1.7913169439197 4930.285616859983
1.8191431701964238 6324.998125323328
1.8963595039073478 4796.57942402324
1.7292570787822346 2630.0370942890095
1.9604517794799632 2494.408447043627
1.696205020494556 3763.0574257559274
1.8623325499761385 2512.4913525781176
1.749145180677508 2921.49369081059
1.8821222097603987 2552.754688028889
