1.037730820186805 2040.4352413377505
0.7745950264461663 2565.0764530317556
0.8841542912283532 2223.1330452588463
1.0772367150206827 2191.712271618223
0.9269926608102856 2078.251865650651
0.9363411612977275 2214.7830254435194
0.9828231986002973 2166.205951331259
0.8532747443902093 2308.9775103999764
1.028946490937296 2523.7640043911033
0.9746590211954295 2615.89159556136
0.9629825044732724 2196.897669844934
0.9500545618169265 2334.1918658522777
0.7950660865360341 2542.44624498271
0.8497935566727137 2621.4294119189362
0.8904347688662204 2523.2020912941175
0.9491407755313583 2630.334172050478
1.0052157912580522 2208.774775683065
0.9900882470833863 2453.293081304114
0.8240168874428282 2183.077615570207
0.7648822794271855 2206.009676644123
0.8371044046750437 2082.03229538174
0.8419560730461438 2201.641881352315
0.8284459987480023 2411.6123089504536
0.8472259838410249 2470.347188561364
0.8681110960130543 2425.0004668265624
0.9012616459832475 2224.7342305309157
0.9007822549794734 2390.242558456721
0.6488219753506392 2202.7133153265822
0.9009414226373909 1987.4198504308954
0.8641740049012728 2567.174401678336
0.9770217402011724 2323.5566017780075
0.8109590584511255 2532.013384390025
0.9917172069772116 2161.94950138407
0.8790416998789939 2508.5777436201925
0.8686070565095545 1904.7716482827973
0.8215710161184472 2549.493368114367
0.8431513851066197 2383.152111486732
1.0415609872946132 2533.7066585944003
1.0358917538792727 2615.8394312110945
0.9016299586381047 2615.6064148979613
0.8964839544596755 2226.6398322868877
0.9456885530417019 2614.330989903633
0.9783565318467157 2518.570340788392
0.8973042338916113 2415.34738770612
0.9088698888179273 2258.248138943107
0.9732165970523147 2580.9415931602093
1.0467407515684175 2214.5698459355394
0.885080695687073 2440.4136674533947
0.9149749353046772 2619.651452518733
1.0407688552978605 2485.7373846075766
0.8784591259065856 2509.316734187478
0.8248082335372157 2523.6072343554083
0.879015996476901 2572.042849988032
0.8140229962819716 2326.1027614698874
0.7996342114895073 2158.789440154348
0.8227352477089525 2466.4971370603807
0.6908016884355379 2442.865914960249
0.7505036652329458 2147.602300059312
1.007339639289745 2480.8330442622964
1.0413444376948275 2556.9697983425926
0.765572652957627 2452.3505972220055
0.9018128107682604 2124.536340491436
1.0037336842193911 2216.229621733107
0.9367508587848992 2658.2514102935693
0.8513654272647612 2524.8476933093516
0.8667047037093045 2571.292669926238
0.8814128908667508 2521.619931927332
0.6762595106683087 2552.254038895204
0.9355063651060984 2497.081243591085
0.7810134778284534 2651.989443238699
0.8779543891569311 2297.901910797361
0.8138548699163317 2460.375782673509
0.7776881193449912 2232.7671387891446
0.9260088799332402 2552.393505076654
0.9172759121542415 2031.37810887355
0.94935592888513 2492.042602709852
0.8239165763276692 2357.77681372154
0.9422211391990624 2531.7911949665786
0.9277370488789968 2541.996213749606
0.9656411161257127 2242.876031304328
0.9485547748018808 2476.91612682824
0.789583904968017 2523.3425591426967
0.8884305948477959 2723.7490659054747
0.9278676099095163 2291.577041439341
0.7949960134849443 2220.5195035831894
0.919612639010756 2568.5319498072677
0.7261631531085214 2492.548056032144
1.2004112865226706 1919.1402099655115
0.7922424063017626 2264.925517922574
0.8389465622339299 2510.1368770166755
0.9090969882620757 2476.25274231776
1.0633395270845685 2250.9484347559205
0.8672788665149377 2553.2684226600413
0.8469795531766592 2255.5114414968293
0.8995444997229833 2492.9224177653796
0.9016575920326444 2337.640615374414
0.8972604102542835 2226.851340144205
1.0669580666543719 2550.409197834527
0.8061871585617507 2314.4283921028255
0.8008413711431007 2586.2556522889095
