1.1360681158598984 2044.513713224743
1.3201270978646191 2459.8131060623055
1.2216035011091602 2439.684610925259
1.1867258206820197 2148.5985537985707
1.1280729568463264 2437.180072116107
1.195122346784169 2401.882536720029
1.0896331131952595 2208.2547139758926
1.3824608207124585 2157.1971514968222
1.0061380909968674 2180.085858539838
1.1464483575429942 2204.3845372606793
1.1951690906196764 2506.479352704626
1.0948674491565717 2534.4253751132383
1.2799297683907918 2536.6379492805145
1.2443845190777694 2555.1095625197017
1.1604603229137684 2238.474614799712
1.1222936315595171 2267.162790323001
1.2426195603232861 2305.531188916413
1.404426012893586 2592.9855628853265
1.3698758239615108 2525.50936572548
1.162224901806187 2163.230897333823
1.3646916480486306 2627.9885379186967
1.1195154033564454 2530.44241583682
1.0821418784317167 2597.1680064889097
1.1750358850896203 2610.3940375164343
1.2380889690194565 2183.5973409679145
1.2196696730302816 2575.6008084121318
1.0529864401606235 2129.9926378008645
1.143149293811421 2585.563995032723
1.2560343285415019 2101.651964358483
1.1410073146731023 2203.9804294679625
1.2975717772493849 2539.126317210588
1.2050124810206204 2499.827663443458
1.3306324918294608 2313.5580432477345
1.2574718086982564 2570.751339950972
1.1372315472740078 2581.0273917528907
1.1545717862728275 2575.1307916784876
1.1286712021462584 2237.8302103877686
1.2326602414634642 2562.266838012961
1.2293758776998267 2116.2333141040986
1.228812324639916 2546.7741014309663
1.120651977176739 2433.898270261424
1.3685072244889958 2577.8220283283495
1.2480636025705942 2560.6412569856366
1.2346441059357922 2274.194704183274
1.0855149337190309 2286.295533402418
1.2216410448736705 2550.9985201054533
1.250047566470695 2285.423670466802
1.1027765940117513 2531.44142041876
1.1411327278232364 2302.208650419656
1.0957278356037665 2573.1523767197527
1.2635018887005125 2612.10735335705
1.1850222701695068 2324.4252712814164
1.1252066661718327 2559.2310454258622
1.1040102769889606 2507.5464982225976
1.1563934999196024 2540.2142235683796
1.1164286804453842 2322.105605668178
1.3586922759939029 2232.7330810916164
1.2744379813679638 2112.068516975458
1.2275119128044165 2161.959273452832
1.2307320233635226 2299.3917183892136
1.0221456279879781 2546.259563688434
1.3027682910203402 2365.847252530295
1.3184113350220832 2146.1001156305897
1.1161819495612393 2508.247028527435
1.2734834028130582 2464.6790040230735
1.2542671588654886 3427.5865214956993
1.2274730625509442 1941.5778433293117
1.1960742171598087 2616.4684237997767
1.3363687231010506 2513.355297817235
1.0341217706976447 2163.041913466592
1.2200503049537468 2485.945923063549
1.2160852970644567 2390.0147865597883
1.086654450390026 2567.6388726753
1.3632001320305434 2435.4322392897316
1.2417162873412588 2548.035848362273
1.3162695363606658 2561.812156351256
1.133840885082848 2613.912286866815
1.0911535781486434 2486.803251384602
1.192612509844881 2495.330610814419
1.18909385702487 2391.8098883698576
1.0941509063848214 2358.0241345121976
1.2964857690421752 2475.9420873352665
1.3041184508114299 2208.05435384574
1.3228852335205668 2172.324567192241
1.1753416588099663 2198.0288146851435
1.075157149153244 2468.5228365711896
1.238815773099505 2575.2192551596877
1.2301519361434312 2502.787204976305
1.3428878422320307 2357.7494109206714
1.3271953571245052 2401.079867949713
1.2002850168577819 2591.2880183129555
1.1770900773610813 2380.1177151958477
1.260347589253059 2514.65934278426
1.347249259589119 2506.7743229289117
1.066971651005487 2177.741302277637
1.0334701686047443 2458.68488162455
1.3049341537552495 2188.164984049842
1.230324503456156 2318.450309178472
1.2960219201958585 2209.3028434284474
1.1170007339037773 2398.861375996158
