0.000000000000000000e+00
0.000000000000000000e+00
-1.441596104996278187e-06
-7.510969444410875643e-06
-1.899757378851063658e-05
-3.287184124928899760e-05
-4.492177467909643055e-05
-2.225715274107644017e-05
1.778885183739474334e-05
1.218169128696899015e-04
3.058506308298092682e-04
5.734201653103809934e-04
9.377648441295607408e-04
1.494619189033983978e-03
2.184928370843409844e-03
3.075006095896243991e-03
4.276911778579235365e-03
5.656637264619351554e-03
7.346483184228419852e-03
9.291002614627359019e-03
1.164439947737264461e-02
1.431760312450933159e-02
1.734759957922505508e-02
2.075733543766545425e-02
2.458690465820836252e-02
2.872106225622701736e-02
3.329423369301367369e-02
3.821652056110907969e-02
4.350614489449072808e-02
4.918587805164863214e-02
5.526159407032538162e-02
6.167505325211097150e-02
6.842777670754005004e-02
7.547547639740517789e-02
8.283514918221046575e-02
9.053752721680215221e-02
9.853949130905678699e-02
1.068222344054083894e-01
1.153629684580664561e-01
1.241877985133032769e-01
1.332932001484732620e-01
1.425719899071555274e-01
1.521157068146567481e-01
1.618576407564978337e-01
1.718061262501578146e-01
1.819472915066580598e-01
1.923323458565573962e-01
2.028604453934531315e-01
2.136044997109274590e-01
2.244795388115744250e-01
2.355644089115957740e-01
2.468163949383596900e-01
2.582705098523001008e-01
2.699914592636924460e-01
2.818582683934073851e-01
2.939376133812766634e-01
3.061869460476737137e-01
3.186394053830008399e-01
3.312869686020712967e-01
3.440911096466880426e-01
3.570756858719689175e-01
3.702859717739921952e-01
3.837139612568718494e-01
3.973157686127525845e-01
4.111001044644219116e-01
4.250387805832726018e-01
4.391436594857079934e-01
4.533900970352990889e-01
4.678400391472681275e-01
4.824834770096644299e-01
4.972557383908136619e-01
5.121710795296534613e-01
5.271857673062191330e-01
5.423646646870480259e-01
5.576194769276486829e-01
5.730343443287716498e-01
5.885720390213832198e-01
6.042783254517419822e-01
6.201556927098139660e-01
6.361745101345883668e-01
6.523659485710966432e-01
6.687328034771787832e-01
6.852118140591492157e-01
7.018823081387390861e-01
7.186406797303070970e-01
7.355707401169646609e-01
7.525863093270172000e-01
7.697737580670228619e-01
7.871391135586609522e-01
8.046533924473632249e-01
8.223706311119902690e-01
8.401564246548521853e-01
8.581081110371457932e-01
8.762258714569913787e-01
8.944851690663206956e-01
9.128985327614654866e-01
9.314514690770020477e-01
9.501569646729339791e-01
9.690490776432860720e-01
9.881112128628600777e-01
1.007306742085348539e+00
1.026605325354468023e+00
1.045988786829840311e+00
1.065514417303930816e+00
1.085133938206564563e+00
1.104957072152029429e+00
1.124883461607824930e+00
1.145014279497991838e+00
1.165288274897467113e+00
1.185735061777960286e+00
1.206427770270239508e+00
1.227263956679236045e+00
1.248262971056829596e+00
1.269356980933080914e+00
1.290608297003637439e+00
1.312004943503271237e+00
1.333593588484655257e+00
1.355453787459264925e+00
1.377421937598120039e+00
1.399594278944860770e+00
1.421880925310980093e+00
1.444330561770330812e+00
1.466981340063940653e+00
1.489718223227392890e+00
1.512602825774084891e+00
1.535546913756262732e+00
1.558680024756323945e+00
1.581921353949438780e+00
1.605417516840826453e+00
1.629110117567907468e+00
1.652963233603369053e+00
1.676944637907873403e+00
1.701060169352422768e+00
1.725400310171972373e+00
1.749930928362737781e+00
1.774563553942571925e+00
1.799277308596502589e+00
1.824045794619451710e+00
1.848802052153478925e+00
1.873519795550237621e+00
1.898201616419683324e+00
1.922819831980596694e+00
1.947374652041326426e+00
1.971855350149999797e+00
1.996268792761694666e+00
2.020600631846320105e+00
2.044852419508826014e+00
2.069139664782416066e+00
2.093416462553869817e+00
2.117661829604040591e+00
2.141837623728643614e+00
2.165932605875861228e+00
2.190047438753973452e+00
2.214113534106146641e+00
2.238128107203376072e+00
2.262035606516730635e+00
2.285847895754706816e+00
2.309507098807227710e+00
2.333003748072516981e+00
2.356510019911658205e+00
2.379946227682959048e+00
2.403395321978460508e+00
2.426769536150823470e+00
2.450105860842596073e+00
2.473577018393408267e+00
2.497154880179296654e+00
2.520924611700902762e+00
2.544895570887456770e+00
2.569074142588506859e+00
2.593419013632665582e+00
2.618052015913854280e+00
2.642902830256352864e+00
2.667987847937475010e+00
2.693334000719915355e+00
2.718950546397100432e+00
2.744804018153081948e+00
2.771014881743322000e+00
2.797488825930486200e+00
2.824325516833196215e+00
2.851438646925816833e+00
2.878922789706120255e+00
2.906714699877628760e+00
2.934656580103764068e+00
2.962871349467167459e+00
2.991295779360661378e+00
3.020031688822636617e+00
3.049024460924993019e+00
3.078209229124913460e+00
3.107573233260045864e+00
3.137056630267034407e+00
3.166668642176519555e+00
3.196355517519842149e+00
3.226141060007940098e+00
3.255965245379338846e+00
3.285865426672826217e+00
3.315779338492284456e+00
3.345779264582525059e+00
3.375809558047186076e+00
3.405931771410833697e+00
3.436093500269781664e+00
3.466353064192663425e+00
3.496643531931768578e+00
3.526850829733739978e+00
3.556977790011297547e+00
3.586949036730658236e+00
3.616958954943549021e+00
3.646893613947760127e+00
3.676724913729559230e+00
3.706490455283056207e+00
3.736174703253636764e+00
3.765965145243535872e+00
3.795797141207586378e+00
3.825626104487310553e+00
3.855426550520788531e+00
3.885162902487646175e+00
3.914852560175786866e+00
3.944478190554509656e+00
3.974064772738347795e+00
4.003596842898259567e+00
4.033217175616155004e+00
4.062887821806798527e+00
4.092702012671361800e+00
4.122550407065283196e+00
4.152433500899205931e+00
4.182312858713994608e+00
4.212159162176977389e+00
4.241985533846746925e+00
4.271762366904150454e+00
4.301491888178717637e+00
4.331200411929023275e+00
4.360907953394782766e+00
4.390562093867194093e+00
4.420177500857246145e+00
4.449677727831733876e+00
4.479006605757606785e+00
4.508230901373757149e+00
4.537293215407265379e+00
4.566254885805976826e+00
4.595053947581185128e+00
4.623706856383217101e+00
4.652236285818947437e+00
4.680609582079781283e+00
4.708841996802224372e+00
4.736901362551583894e+00
4.764807325018777462e+00
4.792495270384684147e+00
4.819875891817942737e+00
4.846968615664378532e+00
4.873770948065653918e+00
4.900260911597148272e+00
4.926417804373637743e+00
4.952224546088115353e+00
4.977808638228313320e+00
5.003118577612773343e+00
5.028201375616923485e+00
5.052918277396098112e+00
5.077299347533122287e+00
5.101467476500406661e+00
5.125341880930795568e+00
5.148959177149667887e+00
5.172178116454019481e+00
5.195061536444558925e+00
5.217629945887460430e+00
5.239890280379190912e+00
5.261905012740030863e+00
5.283691859854593886e+00
5.305294132841960497e+00
5.326628981245891126e+00
5.347645171297924271e+00
5.368306809080975128e+00
5.388675666464702196e+00
5.408831210745708162e+00
5.428732141865626915e+00
5.448467642678157752e+00
5.467954314364329882e+00
5.487173448218242378e+00
5.506118165863886915e+00
5.524774529351129893e+00
5.543247887505426519e+00
5.561462535275355279e+00
5.579408859623805839e+00
5.597089042080776622e+00
5.614488164795773173e+00
5.631714960945981119e+00
5.648678750409025007e+00
5.665364403141873950e+00
5.681772961033718872e+00
5.697831991328136780e+00
5.713652436150447045e+00
5.729168823374644504e+00
5.744386112107172870e+00
5.759320910586253284e+00
5.773912773741618487e+00
5.788274156464472853e+00
5.802346065653696705e+00
5.816126593960657232e+00
5.829658125056161211e+00
5.842970628155603308e+00
5.856065841330423183e+00
5.868862270726098451e+00
5.881383969200983053e+00
5.893652418269052617e+00
5.905612270249261719e+00
5.917375918043984662e+00
5.928831884278191744e+00
5.940009461058510354e+00
5.950926703823936847e+00
5.961531432284249199e+00
5.971926097287072466e+00
5.982008993042840395e+00
5.991815692795647408e+00
6.001366372717750863e+00
6.010614330185783949e+00
6.019657365096939827e+00
6.028399415625465885e+00
6.036854502571953773e+00
6.045105214728248910e+00
6.053062075389756380e+00
6.060814242972267785e+00
6.068286303891075484e+00
6.075452243698967969e+00
6.082416891468896303e+00
6.089088741554154360e+00
6.095562604082955360e+00
6.101757254017724286e+00
6.107642693532838507e+00
6.113319516195192094e+00
6.118690640343561249e+00
6.123809427632227909e+00
6.128628930462732605e+00
6.133130157007113503e+00
6.137412440492048482e+00
6.141386467827691931e+00
6.145097050680056405e+00
6.148511628819838926e+00
6.151670210374728498e+00
6.154584749056235538e+00
6.157191237522498639e+00
6.159601534320251481e+00
6.161745510859624630e+00
6.163601828528777915e+00
6.165216169817582248e+00
6.166532122655048020e+00
6.167662120996250330e+00
6.168538121296299970e+00
6.169136736778749075e+00
6.169511838233305845e+00
6.169601496992840772e+00
6.169513978729232129e+00
6.169175513679369338e+00
6.168514745826109369e+00
6.167659657368643522e+00
6.166531713823063754e+00
6.165200176308138325e+00
6.163633731076699540e+00
6.161761261293869474e+00
6.159663605461102698e+00
6.157313618580084302e+00
6.154771221498231526e+00
6.152004230836610965e+00
6.148967250803691442e+00
6.145710024157745366e+00
6.142210380951149240e+00
6.138536317268593834e+00
6.134656669715628396e+00
6.130530226448761333e+00
6.126253828922497924e+00
6.121775964120613978e+00
6.117128380755173289e+00
6.112282361308324141e+00
6.107288758078801116e+00
6.102115479031789747e+00
6.096722176591146791e+00
6.091153973261107524e+00
6.085384179273833460e+00
6.079471414009322672e+00
6.073382590929260694e+00
6.067120900670279759e+00
6.060677066365469656e+00
6.054041413584936748e+00
6.047250124732244103e+00
6.040270113269079033e+00
6.033149841347921871e+00
6.025815153638113486e+00
6.018309626499403819e+00
6.010632479110945781e+00
6.002791420141448064e+00
5.994799141803969000e+00
5.986576658407439133e+00
5.978208347479093909e+00
5.969627724210013753e+00
5.960871584335555085e+00
5.951919110337484220e+00
5.942783444443930030e+00
5.933472002664793798e+00
5.924017702261197726e+00
5.914424381176221601e+00
5.904691367069471397e+00
5.894829668918837307e+00
5.884880224386442649e+00
5.874836941877592977e+00
5.864726539770353853e+00
5.854572739521255009e+00
5.844387818495024867e+00
5.834187264362562964e+00
5.823984956661453438e+00
5.813798873344651064e+00
5.803638199487916260e+00
5.793507237354508455e+00
5.783430766979447135e+00
5.773408096948854151e+00
5.763452353397600092e+00
5.753569381753198542e+00
5.743750006476632919e+00
5.734029410997622200e+00
5.724401738563769548e+00
5.714881449857943885e+00
5.705474116126293183e+00
5.696167735973591384e+00
5.687001705089802073e+00
5.677931960741276818e+00
5.669019644776578382e+00
5.660205507198567965e+00
5.651554456273312432e+00
5.643073948541875495e+00
5.634761765519376020e+00
5.626599308768506447e+00
5.618626344720119903e+00
5.610775886694187697e+00
5.603110052267307850e+00
5.595552708426708932e+00
5.588163607040638858e+00
5.580916455904240792e+00
5.573816564003225338e+00
5.566848353663679028e+00
5.560008226553198263e+00
5.553284333864445976e+00
5.546708720842596030e+00
5.540269761005635729e+00
5.533973607937093142e+00
5.527812384287114078e+00
5.521761298695797571e+00
5.515821789423221766e+00
5.509979416052097179e+00
5.504252596417659404e+00
5.498666027108424892e+00
5.493182082096332408e+00
5.487795768300289367e+00
5.482492843190426512e+00
5.477271248022312022e+00
5.472173383156055948e+00
5.467170452395672342e+00
5.462244673589462529e+00
5.457383914510005596e+00
5.452580827692740328e+00
5.447872732797853779e+00
5.443207104424232057e+00
5.438619403759235027e+00
5.434085010806315452e+00
5.429606931129686842e+00
5.425210952380887797e+00
5.420851872185461495e+00
5.416553448060744458e+00
5.412308075646155459e+00
5.408102212766402239e+00
5.403943079034083219e+00
5.399806156078570396e+00
5.395702533642046994e+00
5.391630518058531329e+00
5.387590294400445678e+00
5.383583885649434464e+00
5.379600391308059670e+00
5.375640916744459652e+00
5.371698583582627862e+00
5.367780914226758071e+00
5.363890120009171092e+00
5.360022118607747466e+00
5.356182566205251128e+00
5.352365389088381775e+00
5.348583546200980976e+00
5.344840169171085620e+00
5.341133026400795458e+00
5.337471080342521823e+00
5.333851204732646956e+00
5.330280060986270385e+00
5.326762492278803940e+00
5.323284320453394614e+00
5.319856743434657531e+00
5.316473759928930676e+00
5.313137342551935483e+00
5.309848895887126830e+00
5.306591364661445986e+00
5.303378280321351390e+00
5.300206051985018263e+00
5.297084200004332999e+00
5.294014862397902199e+00
5.290983710209124169e+00
5.287994330147497202e+00
5.285047526875726653e+00
5.282130207637541375e+00
5.279260359922640866e+00
5.276420867363207812e+00
5.273626224914782057e+00
5.270879335025542289e+00
5.268161831716291488e+00
5.265492908576719699e+00
5.262853575865023892e+00
5.260254544535868604e+00
5.257698685744994549e+00
5.255166870275729707e+00
5.252675957748884628e+00
5.250201626489157114e+00
5.247766431043141999e+00
5.245371748129123546e+00
5.243015668014281871e+00
5.240711171547168590e+00
5.238430766383403103e+00
5.236193352559798342e+00
5.233987876245969062e+00
5.231819182107441790e+00
5.229706050673716078e+00
5.227622233102313665e+00
5.225588398644917199e+00
5.223591094980233329e+00
5.221637231627695996e+00
5.219737565437549520e+00
5.217881644437307287e+00
5.216083072046035163e+00
5.214323801169388872e+00
5.212602294603580155e+00
5.210920021752111886e+00
5.209272656658879619e+00
5.207667921999685312e+00
5.206092381695502702e+00
5.204544437447779615e+00
5.203027294347279508e+00
5.201538095245354043e+00
5.200075528541795222e+00
5.198639369676104849e+00
5.197217736164323476e+00
5.195806331107608145e+00
5.194402864048472956e+00
5.193009022543423114e+00
5.191626312056772719e+00
5.190247579137079903e+00
5.188871512929194019e+00
5.187495949337474599e+00
5.186118874768009590e+00
5.184748276094189201e+00
5.183378023425332159e+00
5.182007511178246872e+00
5.180634859124413794e+00
5.179259511897555512e+00
5.177890758136502569e+00
5.176523840645543828e+00
5.175165283451072185e+00
5.173809745380871128e+00
5.172454874584666129e+00
5.171108531424990495e+00
5.169766141990415953e+00
5.168429963359826296e+00
5.167098973611587986e+00
5.165772941032642507e+00
5.164451409796471104e+00
5.163136319140190444e+00
5.161823580781216059e+00
5.160518459001774083e+00
5.159215536931747614e+00
5.157917117396587869e+00
5.156626035938257857e+00
5.155340646574492425e+00
5.154061658451552397e+00
5.152781706670517714e+00
5.151498898038858520e+00
5.150217566559308402e+00
5.148932818541522849e+00
5.147645805845257883e+00
5.146348624596592813e+00
5.145042853275533012e+00
5.143730576852555636e+00
5.142416458646055233e+00
5.141109405825134537e+00
5.139807695368524776e+00
5.138506883153913130e+00
5.137209605494735598e+00
5.135919170448777216e+00
5.134641635040042118e+00
5.133376009831427389e+00
5.132115443865059135e+00
5.130862429360150578e+00
5.129620268339514233e+00
5.128394418055415294e+00
5.127184574300645892e+00
5.125990144381521674e+00
5.124808395574091513e+00
5.123636135155555493e+00
5.122479546809791451e+00
5.121336546087859709e+00
5.120212111914752562e+00
5.119108736658689374e+00
5.118018284732697154e+00
5.116949881086347851e+00
5.115901032159325901e+00
5.114878997275826400e+00
5.113888663122652112e+00
5.112923693875071507e+00
5.111997133786080560e+00
5.111102473432420190e+00
5.110249946857093661e+00
5.109436031276582746e+00
5.108669419208763607e+00
5.107955939391850109e+00
5.107280870074627721e+00
5.106652520442602317e+00
5.106062386365828765e+00
5.105517438346740100e+00
5.105015882211026756e+00
5.104563922802207721e+00
5.104149882564541940e+00
5.103765274765190263e+00
5.103409406164881368e+00
5.103077286923523914e+00
5.102768966643359327e+00
5.102472033215905256e+00
5.102181490281814114e+00
5.101894098626666540e+00
5.101610178662681960e+00
5.101330991363369982e+00
5.101045843003535474e+00
5.100748018877798273e+00
5.100431631760887541e+00
5.100097426990262584e+00
5.099738717520825304e+00
5.099349364260428175e+00
5.098930830018811200e+00
5.098480982737831901e+00
5.098005061889283596e+00
5.097502260538035124e+00
5.096966422045818845e+00
5.096403688075235472e+00
5.095815907972148118e+00
5.095209727244666809e+00
5.094586579198231213e+00
5.093950132051697111e+00
5.093303949156990029e+00
5.092641273284545633e+00
5.091960470596543331e+00
5.091258992398372207e+00
5.090537217477550946e+00
5.089803091431250870e+00
5.089046595687261920e+00
5.088267216677061278e+00
5.087460609073034767e+00
5.086630170563451792e+00
5.085783149520150204e+00
5.084915292257659480e+00
5.084023294443482222e+00
5.083096982607834491e+00
5.082139726648324363e+00
5.081150831723803662e+00
5.080130242774480998e+00
5.079083804855341278e+00
5.078003609622115277e+00
5.076895380983347472e+00
5.075760545203679364e+00
5.074599898377649687e+00
5.073424458498350553e+00
5.072222515339245064e+00
5.070997830027927478e+00
5.069747679973234611e+00
5.068478090012659365e+00
5.067190587962258519e+00
5.065887047792066333e+00
5.064573756152976003e+00
5.063255013073074018e+00
5.061936716580974327e+00
5.060621372306929544e+00
5.059319216901647209e+00
5.058025121087418974e+00
5.056751404846298925e+00
5.055494804525960006e+00
5.054262695083607149e+00
5.053072789082516891e+00
5.051907650226942437e+00
5.050787626276006748e+00
5.049693473125091536e+00
5.048646696577062443e+00
5.047662982562770573e+00
5.046712198624601520e+00
5.045814770678271444e+00
5.044946732590187999e+00
5.044130988860715981e+00
5.043368629956830773e+00
5.042658489862669846e+00
5.042005895966876317e+00
5.041391353713559731e+00
5.040824856678235655e+00
5.040301488856065326e+00
5.039818697231102540e+00
5.039385602133561015e+00
5.038996651688803396e+00
5.038663985127795009e+00
5.038370581617789945e+00
5.038128013884859868e+00
5.037933394437867030e+00
5.037779837710994357e+00
5.037668103626208982e+00
5.037599276750560406e+00
5.037569249236701907e+00
5.037584342795169867e+00
5.037634193978019148e+00
5.037717269190334690e+00
5.037836209402166254e+00
5.037988359310412001e+00
5.038172351323746412e+00
5.038389616512440661e+00
5.038629604481839053e+00
5.038894653782925559e+00
5.039182684008708613e+00
5.039490875133060044e+00
5.039818045959555626e+00
5.040156457812273061e+00
5.040503177025103199e+00
5.040854352914474923e+00
5.041205533348701806e+00
5.041550136931919113e+00
5.041889787555418501e+00
5.042214179166338184e+00
5.042507119622758438e+00
5.042772883527658401e+00
5.042993079402230627e+00
5.043185963813894723e+00
5.043328812584960019e+00
5.043414319657468781e+00
5.043438895968002988e+00
5.043386794374537629e+00
5.043291387035724327e+00
5.043127448092429077e+00
5.042907286267009681e+00
5.042616919911679929e+00
5.042247308417436180e+00
5.041813404224094519e+00
5.041294249854263221e+00
5.040711974202866763e+00
5.040054109468335319e+00
5.039319274871820298e+00
5.038523650392168207e+00
5.037663571759336101e+00
5.036718900650017261e+00
5.035700698419683263e+00
5.034622036068910234e+00
5.033488238378637902e+00
5.032310902922625395e+00
5.031079488023394219e+00
5.029807246103159990e+00
5.028483892007939104e+00
5.027131087555756217e+00
5.025744554474225190e+00
5.024330670162310497e+00
5.022900047227014220e+00
5.021454308553804147e+00
5.020001654549707482e+00
5.018538436218368481e+00
5.017065774723159066e+00
5.015586695893870406e+00
5.014109065904484908e+00
5.012634065075981304e+00
5.011168107315169706e+00
5.009708052202330286e+00
5.008257705941068672e+00
5.006823560073245361e+00
5.005412926598658885e+00
5.004038858785499144e+00
5.002703135236371779e+00
5.001396226658691546e+00
5.000128606631626837e+00
4.998906108587254593e+00
4.997745042517055758e+00
4.996643800213208308e+00
4.995605389847626476e+00
4.994623009487262344e+00
4.993724150135389728e+00
4.992903878762595227e+00
4.992165541722648037e+00
4.991516768633597501e+00
4.990970764792733938e+00
4.990521169825667513e+00
4.990163294933015692e+00
4.989894192981743082e+00
4.989734666216396164e+00
4.989669349490874595e+00
4.989724166285457230e+00
4.989865614896849877e+00
4.990114800105080128e+00
4.990457297260151748e+00
4.990888010407077857e+00
4.991434836494017091e+00
4.992055744374383153e+00
4.992757089654196179e+00
4.993512771571268161e+00
4.994330131480682056e+00
4.995205648759593053e+00
4.996122219259132358e+00
4.997075654560911850e+00
4.998050677174914469e+00
4.999047710368622610e+00
5.000063166612970456e+00
5.001089141288982631e+00
5.002118663186417180e+00
5.003148681888565541e+00
5.004171538869127467e+00
5.005188762391195034e+00
5.006189177626953146e+00
5.007157043734774327e+00
5.008100559706076815e+00
5.009002763027532446e+00
5.009879484692795870e+00
5.010712054366453394e+00
5.011482425997241918e+00
5.012208954313979170e+00
5.012868079835759438e+00
5.013486612508284423e+00
5.014037830228196491e+00
5.014532063449013144e+00
5.014955074520992540e+00
5.015296138296115203e+00
5.015573274003552129e+00
5.015762644274370352e+00
5.015885655353056194e+00
5.015931409741030578e+00
5.015894672869915638e+00
5.015794274470979808e+00
5.015613184533292745e+00
5.015374773553783250e+00
5.015071079897903239e+00
5.014720162804447767e+00
5.014313601794862407e+00
5.013850140254223042e+00
5.013335315342271059e+00
5.012763499896251140e+00
5.012161760683380152e+00
5.011527201737487225e+00
5.010869675110305010e+00
5.010195112283553520e+00
5.009512891452040151e+00
5.008832116703714199e+00
5.008154863099779419e+00
5.007480933274353951e+00
5.006813499163115466e+00
5.006162292118394141e+00
5.005534876118624688e+00
5.004927133749450086e+00
5.004347762408877465e+00
5.003791204969611606e+00
5.003272669221487057e+00
5.002788297887172497e+00
5.002334808725144022e+00
5.001910853999879336e+00
5.001518711763646152e+00
5.001170434224630590e+00
5.000858053601558773e+00
5.000582292693878550e+00
5.000335659067357774e+00
5.000122103988404731e+00
4.999955208449836874e+00
4.999819185248788322e+00
4.999729167836930444e+00
4.999673481517683094e+00
4.999652980658436441e+00
4.999679348866199469e+00
4.999740940347987994e+00
4.999840393696654672e+00
4.999969912047239617e+00
5.000128774407061272e+00
5.000311115725639688e+00
5.000513981158587917e+00
5.000729780222031629e+00
5.000953396918925264e+00
5.001182262326334005e+00
5.001415291807357555e+00
5.001649082141672586e+00
5.001878963715140181e+00
5.002106215457176042e+00
5.002328459738499156e+00
5.002547559055245507e+00
5.002759262236512683e+00
5.002961666795170181e+00
5.003158740370278856e+00
5.003350230275398047e+00
5.003538452374493239e+00
5.003721889841115100e+00
5.003898908315902894e+00
5.004064147925681105e+00
5.004221633380955936e+00
5.004369002195751648e+00
5.004510425875641211e+00
5.004649181968278349e+00
5.004777603826230603e+00
5.004892089335924332e+00
5.004986035587942972e+00
5.005063121804711912e+00
5.005121478067454888e+00
5.005158096558158576e+00
5.005178345152386576e+00
5.005176790728445901e+00
5.005154158204541126e+00
5.005112677800216403e+00
5.005055225530385066e+00
5.004990208583629752e+00
5.004913909078322121e+00
5.004821336294270395e+00
5.004707948609001811e+00
5.004578020560301432e+00
5.004429763654925090e+00
5.004264406698502476e+00
5.004086399960078424e+00
5.003888121328063043e+00
5.003670548244126159e+00
5.003430033686318446e+00
5.003165781485596320e+00
5.002883752665229444e+00
5.002578069350428258e+00
5.002254954508252638e+00
5.001907606280155960e+00
5.001540522656150678e+00
5.001146824552424874e+00
5.000722644856877785e+00
5.000279599173673262e+00
4.999815795912153860e+00
4.999339234537191423e+00
4.998847256048328802e+00
4.998345307118006176e+00
4.997841273925013539e+00
4.997338997206397515e+00
4.996843750259585271e+00
4.996357755294746461e+00
4.995890091365880359e+00
4.995444275109774956e+00
4.995010543881662102e+00
4.994609262763269442e+00
4.994228346614843161e+00
4.993886102071710020e+00
4.993579136791385764e+00
4.993303042265333502e+00
4.993077991536565285e+00
4.992881862136282933e+00
4.992734338740566713e+00
4.992617277155377842e+00
4.992546271883629316e+00
4.992527227295076031e+00
4.992539572649847379e+00
4.992597124007742693e+00
4.992678397809367397e+00
4.992796150454531734e+00
4.992947002415757396e+00
4.993124827993313808e+00
4.993328968015710245e+00
4.993554792058866987e+00
4.993804267411332098e+00
4.994082044483374005e+00
4.994389564794700753e+00
4.994712699865203831e+00
4.995056723085445682e+00
4.995410896604163042e+00
4.995781924714549405e+00
4.996162050505382091e+00
4.996537800383967109e+00
4.996909149800639938e+00
4.997270983931821675e+00
4.997623990391594440e+00
4.997953292344909926e+00
4.998256411337507643e+00
4.998537064128769636e+00
4.998797251683872567e+00
4.999036420629574096e+00
4.999241724842442558e+00
4.999414175049616382e+00
4.999561269226698634e+00
4.999671488356991489e+00
4.999749437341680647e+00
4.999784411864104605e+00
4.999787936260557508e+00
4.999755301844428956e+00
4.999690986691143202e+00
4.999601365743305159e+00
4.999473921233888341e+00
4.999317596970224820e+00
4.999127117475594240e+00
4.998906989066029816e+00
4.998665794903512705e+00
4.998388299612427588e+00
4.998088520808245505e+00
4.997761115623737815e+00
4.997416520608688906e+00
4.997056131480361429e+00
4.996683563409472839e+00
4.996298309868301146e+00
4.995901889955725039e+00
4.995493525309589344e+00
4.995081500602987390e+00
4.994669451160456575e+00
4.994260592727091108e+00
4.993853077372636839e+00
4.993440852021898912e+00
4.993033358050610104e+00
4.992629695763912245e+00
4.992234852617708718e+00
4.991845865255323922e+00
4.991455753227798553e+00
4.991071468820898360e+00
4.990689139371840000e+00
4.990325870929388508e+00
4.989983648998765453e+00
4.989662636337902413e+00
4.989370295876737416e+00
4.989096218148348250e+00
4.988863448171047210e+00
4.988669776661422972e+00
4.988513315232571799e+00
4.988392561521482804e+00
4.988307994200019024e+00
4.988278299186946541e+00
4.988280134244575059e+00
4.988330850877552791e+00
4.988419757202952276e+00
4.988548627604483698e+00
4.988719923828482727e+00
4.988919600263924004e+00
4.989152641460986359e+00
4.989416519195527755e+00
4.989696565192878630e+00
4.990001009345739647e+00
4.990323700287134123e+00
4.990674129069537557e+00
4.991049495243222722e+00
4.991442721129150328e+00
4.991860382162720988e+00
4.992295024522335645e+00
4.992757869452925767e+00
4.993241715260538172e+00
4.993751955494972528e+00
4.994286265463325769e+00
4.994830760263594627e+00
4.995395435259433192e+00
4.995973650679680134e+00
4.996563719861897290e+00
4.997158606067988451e+00
4.997748391271326085e+00
4.998333420322034648e+00
4.998908498451802629e+00
4.999474184975716717e+00
5.000020410806629734e+00
5.000547884494754847e+00
5.001062815167697018e+00
5.001559879087600358e+00
5.002039593958053310e+00
5.002493448906334628e+00
5.002916613385768763e+00
5.003319164604635993e+00
5.003692769684583652e+00
5.004043531098156805e+00
5.004366661921829440e+00
5.004669975486336853e+00
5.004949383471845259e+00
5.005198803596883295e+00
5.005431657542229296e+00
5.005637401916771978e+00
5.005820383258850370e+00
5.005972100195228869e+00
5.006085771850064425e+00
5.006173070777892420e+00
5.006222427861518831e+00
5.006241758843405165e+00
5.006222878342247995e+00
5.006167582666255278e+00
5.006075384190061150e+00
5.005945131240167711e+00
5.005796226395049509e+00
5.005620170460768570e+00
5.005415563920267097e+00
5.005179771354175244e+00
5.004915837255990319e+00
5.004635285923010102e+00
5.004338209891445288e+00
5.004021474050111884e+00
5.003685580754406281e+00
5.003337414713329601e+00
5.002978348398332109e+00
5.002621619777504414e+00
5.002270219513896166e+00
5.001925541424872890e+00
5.001595057846728309e+00
5.001276739762846368e+00
5.000975586643193083e+00
5.000696934817110417e+00
5.000442073644820518e+00
5.000220987276855489e+00
5.000023102817806375e+00
4.999870200056332870e+00
4.999751060383145429e+00
4.999664745202038851e+00
4.999613065544265211e+00
4.999586703289981671e+00
4.999606959637469927e+00
4.999662872263446189e+00
4.999755376883998181e+00
4.999884792118548305e+00
5.000044128838210256e+00
5.000254800393459043e+00
5.000499592292334761e+00
5.000780892688062806e+00
5.001095048281578137e+00
5.001434054243592442e+00
5.001799563448159347e+00
5.002185102197556077e+00
5.002589981387583151e+00
5.003010756205049425e+00
5.003438082131771658e+00
5.003871684911874063e+00
5.004310985150960178e+00
5.004750995355871979e+00
5.005187618638602842e+00
5.005607383753385875e+00
5.006013082060244201e+00
5.006399422976400615e+00
5.006768392081584196e+00
5.007128401751841373e+00
5.007468775528695737e+00
5.007789960037198007e+00
5.008083868882830636e+00
5.008351973201361496e+00
5.008600024859633848e+00
5.008824246208396502e+00
5.009016117974398163e+00
5.009162130643826316e+00
5.009264779099476428e+00
5.009322243658107965e+00
5.009327316463905611e+00
5.009283374862727456e+00
5.009183568710441570e+00
5.009022556709107121e+00
5.008810505734738072e+00
5.008541961571183698e+00
5.008193760586885368e+00
5.007772016895917666e+00
5.007283455653098514e+00
5.006739671414700332e+00
5.006138546911981457e+00
5.005466310529020468e+00
5.004731541348601986e+00
5.003931681958939670e+00
5.003078177569416418e+00
5.002165904564764176e+00
5.001179974673297224e+00
5.000143285913373425e+00
4.999032356290127765e+00
4.997866024000551910e+00
4.996650315074233184e+00
4.995380805281905090e+00
4.994075667856243683e+00
4.992730235455540289e+00
4.991355648485926721e+00
4.989951361862924983e+00
4.988519096223620330e+00
4.987073198256997131e+00
4.985618711559084204e+00
4.984165222791937744e+00
4.982723932562380220e+00
4.981299955693989645e+00
4.979906155465156026e+00
4.978549629447964975e+00
4.977225616274383313e+00
4.975958210078980315e+00
4.974736648498083724e+00
4.973578808901812920e+00
4.972469745425487808e+00
4.971428186370040692e+00
4.970478584988024195e+00
4.969598370565083911e+00
4.968806280789879182e+00
4.968081401435640920e+00
4.967444066030886951e+00
4.966903976200130799e+00
4.966458108311501363e+00
4.966116558497754241e+00
4.965849190371093513e+00
4.965673487016912802e+00
4.965581203045305259e+00
4.965593271733243164e+00
4.965675486803966976e+00
4.965843490541893779e+00
4.966090817091036946e+00
4.966404687997868272e+00
4.966794740234485417e+00
4.967249173273314611e+00
4.967762258511950968e+00
4.968336390268971670e+00
4.968958163124491456e+00
4.969623857078124374e+00
4.970335643527081793e+00
4.971093933743406801e+00
4.971894371819663760e+00
4.972741597679425141e+00
4.973627497938442055e+00
4.974548041162061729e+00
4.975503634822535659e+00
4.976490551692415387e+00
4.977510531184244691e+00
4.978554548260738066e+00
4.979614767369795025e+00
4.980695599255133388e+00
4.981793938812781875e+00
4.982904395771195816e+00
4.984018895340136091e+00
4.985128277105262740e+00
4.986235014212301309e+00
4.987336063620617210e+00
4.988436653402617438e+00
4.989531729084423439e+00
4.990622179296782868e+00
4.991705667537620350e+00
4.992774081242254525e+00
4.993830859524181598e+00
4.994866133791378893e+00
4.995868299168518156e+00
4.996835179862548770e+00
4.997756988567283010e+00
4.998636828747560656e+00
4.999470029410889360e+00
5.000245385554602073e+00
5.000968065944483065e+00
5.001615727481415696e+00
5.002212438930741634e+00
5.002744179901650767e+00
5.003191336107424725e+00
5.003567155574431879e+00
5.003843049474975047e+00
5.004058811751177949e+00
5.004180727445504573e+00
5.004206347843150660e+00
5.004139359253907848e+00
5.003985054051022452e+00
5.003746380904208202e+00
5.003401775197575674e+00
5.002982500927042331e+00
5.002476327852796167e+00
5.001887427666672714e+00
5.001217844882497765e+00
5.000453380593548047e+00
4.999619670236000957e+00
4.998708591559418934e+00
4.997717544087659114e+00
4.996671285205970925e+00
4.995561001026521453e+00
4.994394637593518205e+00
4.993172670328508644e+00
4.991909810179362417e+00
4.990621331208835443e+00
4.989307272010932159e+00
4.987972461306939387e+00
4.986620740020166309e+00
4.985265563005100375e+00
4.983915745043645096e+00
4.982580804550538645e+00
4.981261849278102005e+00
4.979968700879702226e+00
4.978714321279414712e+00
4.977502167770156305e+00
4.976352618509420900e+00
4.975247162082681029e+00
4.974214945906289209e+00
4.973260632479078680e+00
4.972375943684467003e+00
4.971593039208539011e+00
4.970866102823504384e+00
4.970232788422592307e+00
4.969674048745520878e+00
4.969207447083181961e+00
4.968846361549086765e+00
4.968559610848761743e+00
4.968359270361699664e+00
4.968244886897021040e+00
4.968209972549677111e+00
4.968267080993839180e+00
4.968400796666255559e+00
4.968616673364749659e+00
4.968897821507861856e+00
4.969255483947208063e+00
4.969678480974843993e+00
4.970176701969913680e+00
4.970736665032318591e+00
4.971355332783868874e+00
4.972044621981194901e+00
4.972790996931006902e+00
4.973602013714125469e+00
4.974484081319979545e+00
4.975421804315857344e+00
4.976416621259859951e+00
4.977455500564983204e+00
4.978540484360863161e+00
4.979670620388795932e+00
4.980840484179070771e+00
4.982052003196885792e+00
4.983295973516514543e+00
4.984571183152011642e+00
4.985873049176744232e+00
4.987193156010917505e+00
4.988524544663242466e+00
4.989861182994656197e+00
4.991192302382999380e+00
4.992515862710290797e+00
4.993818007833772832e+00
4.995097725070529293e+00
4.996344320751242130e+00
4.997559955246261509e+00
4.998750025756172555e+00
4.999908778346591198e+00
5.001036114371829377e+00
5.002128096200042506e+00
5.003174342788272888e+00
5.004183130390458700e+00
5.005139187775069054e+00
5.006024878747277640e+00
5.006860672361665543e+00
5.007618112168723101e+00
5.008312913976125991e+00
5.008927472918741408e+00
5.009460503734163517e+00
5.009914711690954370e+00
5.010274198479465646e+00
5.010570012215040947e+00
5.010781073491535231e+00
5.010887268060333355e+00
5.010893789084376770e+00
5.010810062011452182e+00
5.010638474357993921e+00
5.010363196583211831e+00
5.009995445573449224e+00
5.009523533398031248e+00
5.008954326065002682e+00
5.008291772605596215e+00
5.007542261110361714e+00
5.006684737430628473e+00
5.005728694872673579e+00
5.004669705630956145e+00
5.003497852684675173e+00
5.002250791491685611e+00
5.000916583986697361e+00
4.999522155524906530e+00
4.998051357717929299e+00
4.996494053454814122e+00
4.994891644270835762e+00
4.993238095791755704e+00
4.991557285936295330e+00
4.989848692865787250e+00
4.988119038047014620e+00
4.986380409301936822e+00
4.984643698485315078e+00
4.982912471594034720e+00
4.981202046127735983e+00
4.979515348525464624e+00
4.977862558366477508e+00
4.976261742563665713e+00
4.974716733993709283e+00
4.973237027974545477e+00
4.971837601663290584e+00
4.970498236419378379e+00
4.969272164256989477e+00
4.968125413508831301e+00
4.967094144748268825e+00
4.966173303426920427e+00
4.965367844627915694e+00
4.964740057887254920e+00
4.964233905153094817e+00
4.963885995113967553e+00
4.963650186212478665e+00
4.963569785814478053e+00
4.963671939272179756e+00
4.963932996142402132e+00
4.964343201342716227e+00
4.964889281179501346e+00
4.965602407391859430e+00
4.966459455575540360e+00
4.967459324087694306e+00
4.968615349318579177e+00
4.969906813140704926e+00
4.971323214705780202e+00
4.972882885422304611e+00
4.974570943202570206e+00
4.976382744248703638e+00
4.978286491717890172e+00
4.980288073803976090e+00
4.982395724739625109e+00
4.984595092769457558e+00
4.986862311150624727e+00
4.989194123681381043e+00
4.991583618011071977e+00
4.994026483531787797e+00
4.996505214955404561e+00
4.999007328238086245e+00
5.001520521428185262e+00
5.004030523385602613e+00
5.006525924291212348e+00
5.009002788003283690e+00
5.011437922056513727e+00
5.013835478957492597e+00
5.016156887646513240e+00
5.018428263451652604e+00
5.020609797920779549e+00
5.022679233636454299e+00
5.024665070410565981e+00
5.026539966549472993e+00
5.028329215284185416e+00
5.029968097891407197e+00
5.031461357708769455e+00
5.032812309797602524e+00
5.034028849687178564e+00
5.035108400296171460e+00
5.035982921506960253e+00
5.036676206227142849e+00
5.037201043154794000e+00
5.037572587441402128e+00
5.037790776222693445e+00
5.037838179913099346e+00
5.037691053149040421e+00
5.037367200103337161e+00
5.036860666644508377e+00
5.036211692166263632e+00
5.035402489823039396e+00
5.034408057850535911e+00
5.033288986828860168e+00
5.031983022835786912e+00
5.030568541434342400e+00
5.028995157477194944e+00
5.027260062691504494e+00
5.025422253605658085e+00
5.023449856337839137e+00
5.021402534839444876e+00
5.019259451177650710e+00
5.017060037252242033e+00
5.014795337018306043e+00
5.012472536411817892e+00
5.010117394772109378e+00
5.007740582075652647e+00
5.005355208513077692e+00
5.002976393547591272e+00
5.000617505606945734e+00
4.998288124647673136e+00
4.996010588404471875e+00
4.993772899058397385e+00
4.991599131074485385e+00
4.989492845830260315e+00
4.987462623265326300e+00
4.985538088974296400e+00
4.983702760186730529e+00
4.981974693235693863e+00
4.980366792824802324e+00
4.978870345798071639e+00
4.977541218098934905e+00
4.976305757385429018e+00
4.975225856077607922e+00
4.974304226484830949e+00
4.973519278538163668e+00
4.972878519368109096e+00
4.972368184623059406e+00
4.972050699998375123e+00
4.971879790776159602e+00
4.971879200067973237e+00
4.972042271167642191e+00
4.972344327521181384e+00
4.972813242104505704e+00
4.973433378328238952e+00
4.974186238263404114e+00
4.975063827921306192e+00
4.976082846511756586e+00
4.977228010211742770e+00
4.978505143587149462e+00
4.979895446960485472e+00
4.981384466652428955e+00
4.982961477552210638e+00
4.984616020087754507e+00
4.986366351161753308e+00
4.988181100849664595e+00
4.990038159702574916e+00
4.991925430510795181e+00
4.993828195546423210e+00
4.995734446112665594e+00
4.997622646008286651e+00
4.999483251188548749e+00
5.001315441940577422e+00
5.003102695409806344e+00
5.004839182261974884e+00
5.006500030670911094e+00
5.008082133446484896e+00
5.009591866348535483e+00
5.011021758232861778e+00
5.012375243817120740e+00
5.013603343878537011e+00
5.014731922362595462e+00
5.015736764956861826e+00
5.016619258139878745e+00
5.017393137578516793e+00
5.018002526116220885e+00
5.018488899384288437e+00
5.018825270932761207e+00
5.019048749030230461e+00
5.019131294673902843e+00
5.019045032811013662e+00
5.018844963208436205e+00
5.018479608342646614e+00
5.017990637876688531e+00
5.017354342349467977e+00
5.016575755932031200e+00
5.015667047881185781e+00
5.014593500353991651e+00
5.013406672485768212e+00
5.012089367218911740e+00
5.010651140519083668e+00
5.009104104497135168e+00
5.007459670313300748e+00
5.005725313433114110e+00
5.003888053604069519e+00
5.001965356477204416e+00
4.999968837358657048e+00
4.997914715864363977e+00
4.995809310682718163e+00
4.993657114215793946e+00
4.991477297105493705e+00
4.989271750160158447e+00
4.987049876906573864e+00
4.984814586200415398e+00
4.982580535866914850e+00
4.980359239437280650e+00
4.978159641631541454e+00
4.975991628327069982e+00
4.973848376282154149e+00
4.971748753049073599e+00
4.969697857060134005e+00
4.967711815544068266e+00
4.965787955977618573e+00
4.963923922785221876e+00
4.962136529990135436e+00
4.960417887874541520e+00
4.958773937233386775e+00
4.957197310485540243e+00
4.955703485318123214e+00
4.954301254608330929e+00
4.952977046825585816e+00
4.951734162279067597e+00
4.950563556708989843e+00
4.949481029593050252e+00
4.948500058882533637e+00
4.947608423837125180e+00
4.946807365649042332e+00
4.946088103809056058e+00
4.945456938155588844e+00
4.944930065207777226e+00
4.944525246032176469e+00
4.944236884590833547e+00
4.944048830818981166e+00
4.943965143792927286e+00
4.943975098326235162e+00
4.944125745266108929e+00
4.944376530803172187e+00
4.944739041037289340e+00
4.945207222595240815e+00
4.945760912753071281e+00
4.946437258652770730e+00
4.947202057398284225e+00
4.948064562834227686e+00
4.949000707573617319e+00
4.950021245709979922e+00
4.951146783016049824e+00
4.952325585044348166e+00
4.953575960851631876e+00
4.954874092496358351e+00
4.956217643625461022e+00
4.957606675035678201e+00
4.959021278477632855e+00
4.960462562001669795e+00
4.961917042590106242e+00
4.963376088000261532e+00
4.964833053953373820e+00
4.966278953261102025e+00
4.967713159329618655e+00
4.969128863818372821e+00
4.970520570881094002e+00
4.971889198131287380e+00
4.973228740550005078e+00
4.974535080499373763e+00
4.975793548531256327e+00
4.976995430893621730e+00
4.978153250820361642e+00
4.979252372688971029e+00
4.980292786813699024e+00
4.981281191341006220e+00
4.982179972163758741e+00
4.983007475442609469e+00
4.983740453279933647e+00
4.984400997019728941e+00
4.984966374866089289e+00
4.985399461730739112e+00
4.985735017030855865e+00
4.985953181951664703e+00
4.986086655880682450e+00
4.986113124056612556e+00
4.986018431535816475e+00
4.985838798000371774e+00
4.985536446547961020e+00
4.985118195875440250e+00
4.984603268070969762e+00
4.983965289234074447e+00
4.983241999237688624e+00
4.982398094548734946e+00
4.981466557397398631e+00
4.980431146412047205e+00
4.979279054342659272e+00
4.978051111861022449e+00
4.976733330502065122e+00
4.975339255793843840e+00
4.973872819705758452e+00
4.972335563762936950e+00
4.970738859488521122e+00
4.969096344127212461e+00
4.967428985996996005e+00
4.965744308396137008e+00
4.964048659815347264e+00
4.962344738258874344e+00
4.960656036301410943e+00
4.958984123035228286e+00
4.957349940552270517e+00
4.955757554187334435e+00
4.954209631099260491e+00
4.952749019875086312e+00
4.951352962716378592e+00
4.950048803998985392e+00
4.948833036213077463e+00
4.947705543353117186e+00
4.946698744459903985e+00
4.945795664503134681e+00
4.945037711947121828e+00
4.944380487142957747e+00
4.943887193179583583e+00
4.943557538105999960e+00
4.943368528368775827e+00
4.943361272562072806e+00
4.943477367145717949e+00
4.943786299546957252e+00
4.944242471141518713e+00
4.944873523397149029e+00
4.945660615844430730e+00
4.946668085364403389e+00
4.947797848788799691e+00
4.949111439643205657e+00
4.950578302053512125e+00
4.952180588153900054e+00
4.953930348066389655e+00
4.955788683054745292e+00
4.957784208712876506e+00
4.959860547987521961e+00
4.962041091231408352e+00
4.964300585446657976e+00
4.966629551110567142e+00
4.969014686701595629e+00
4.971432650444804757e+00
4.973874858824311573e+00
4.976324061361848017e+00
4.978770579455195744e+00
4.981196936277447307e+00
4.983603324053582639e+00
4.985960366038378666e+00
4.988275806812342950e+00
4.990530055073794991e+00
4.992719253210124997e+00
4.994840373156366198e+00
4.996867036876972534e+00
4.998813221959169439e+00
5.000659543184335476e+00
5.002431020943220119e+00
5.004102643636758607e+00
5.005660037753875358e+00
5.007076649276310576e+00
5.008382068035894363e+00
5.009548310545975269e+00
5.010586471987658719e+00
5.011461744664007512e+00
5.012222427336270769e+00
5.012828478349144135e+00
5.013251304907495154e+00
5.013517527227993043e+00
5.013589648955273148e+00
5.013529446680801804e+00
5.013297608808386485e+00
5.012908666671026303e+00
5.012360144682931562e+00
5.011630712278889455e+00
5.010742370613622043e+00
5.009683230721162950e+00
5.008512330778645882e+00
5.007203428276586266e+00
5.005741448529769322e+00
5.004147776045609675e+00
5.002419044800807235e+00
5.000601662673760828e+00
4.998680010267308127e+00
4.996647841461709483e+00
4.994522250720074830e+00
4.992311424889377847e+00
4.990049189605526792e+00
4.987735531904510466e+00
4.985382781901172677e+00
4.982997438885979236e+00
4.980591696181110528e+00
4.978179790952019346e+00
4.975776357033065977e+00
4.973389379509502106e+00
4.971024602182919416e+00
4.968713907428796261e+00
4.966447459735687353e+00
4.964247034468467490e+00
4.962094290234857041e+00
4.960014462002328983e+00
4.958046445675901914e+00
4.956150127776673742e+00
4.954369015672020815e+00
4.952652181514315188e+00
4.951048519440703899e+00
4.949562480130008879e+00
4.948183882661870925e+00
4.946945105769446904e+00
4.945800902449302150e+00
4.944786146261504811e+00
4.943892354571034708e+00
4.943139957018902741e+00
4.942527459055891192e+00
4.942044625856688356e+00
4.941724291049650830e+00
4.941512826696745186e+00
4.941468304560295621e+00
4.941583606690875818e+00
4.941841645442657693e+00
4.942236799054556151e+00
4.942759343215041845e+00
4.943441708513311994e+00
4.944294956081322745e+00
4.945279477291515846e+00
4.946414181642941443e+00
4.947685334139279689e+00
4.949083501898461357e+00
4.950662037932091586e+00
4.952373002969438609e+00
4.954221599899942596e+00
4.956191411369259114e+00
4.958268630408461775e+00
4.960468453668767985e+00
4.962756262772495930e+00
4.965154313795979490e+00
4.967631879501755776e+00
4.970165749841148006e+00
4.972744401448185414e+00
4.975355230324681521e+00
4.977995139711316241e+00
4.980644157879765999e+00
4.983286369793828108e+00
4.985914707534725210e+00
4.988518986456806026e+00
4.991084254734928116e+00
4.993589676969464541e+00
4.996034740709480282e+00
4.998424248003182413e+00
5.000754500084337195e+00
5.003027323537286186e+00
5.005227805875953173e+00
5.007333034925874671e+00
5.009345510654862998e+00
5.011245688550887145e+00
5.013068245106158116e+00
5.014783019178328693e+00
5.016374534421380815e+00
5.017861103617365259e+00
5.019194393210822724e+00
5.020373336353117111e+00
5.021406829410011596e+00
5.022276698254758642e+00
5.023021794386917094e+00
5.023584984035008638e+00
5.023971617572717818e+00
5.024197442509942491e+00
5.024266545504108450e+00
5.024187840681298312e+00
5.023945663377419102e+00
5.023543466359152276e+00
5.023004251375569496e+00
5.022289982765688166e+00
5.021420738354100521e+00
5.020412198185694841e+00
5.019242819204701611e+00
5.017959930106771438e+00
5.016543972596301693e+00
5.014993739530219763e+00
5.013324059352055606e+00
5.011538689836634752e+00
5.009681050583494333e+00
5.007748680665862651e+00
5.005757495119940614e+00
5.003716670378816289e+00
5.001639847859514099e+00
4.999548224612844649e+00
4.997449159577262989e+00
4.995357172444236049e+00
4.993275606736314209e+00
4.991235688432824169e+00
4.989230193748843689e+00
4.987297624453676193e+00
4.985427113875521066e+00
4.983637137368095438e+00
4.981962793275488188e+00
4.980368609532488833e+00
4.978906041785849723e+00
4.977543894305600070e+00
4.976303982764256340e+00
4.975195084467303630e+00
4.974208158880246700e+00
4.973398476868641893e+00
4.972720277711522918e+00
4.972198350198340222e+00
4.971838183730613814e+00
4.971626734725904662e+00
4.971580452566740860e+00
4.971702775416670050e+00
4.971973659211545105e+00
4.972460876667647689e+00
4.973102764302640644e+00
4.973910086491852844e+00
4.974844217935353363e+00
4.975922622347026980e+00
4.977183572614342744e+00
4.978563809657247319e+00
4.980092810356766542e+00
4.981747295224815630e+00
4.983523605132250900e+00
4.985433240944295186e+00
4.987425420546679256e+00
4.989514479005483949e+00
4.991672076994327689e+00
4.993909400963929990e+00
4.996196313315775406e+00
4.998532819861319254e+00
5.000901166314033475e+00
5.003289003634599830e+00
5.005681543165591663e+00
5.008067880386260384e+00
5.010433451646712832e+00
5.012775978708412516e+00
5.015077429825213429e+00
5.017321048343327483e+00
5.019519150966551102e+00
5.021649959349777426e+00
5.023713162356759909e+00
5.025700794422770734e+00
5.027576675677442708e+00
5.029369911068821253e+00
5.031049047672891739e+00
5.032645833754682663e+00
5.034121214562798485e+00
5.035419090652609064e+00
5.036614423135066687e+00
5.037649703958774872e+00
5.038590691873574556e+00
5.039377851972126621e+00
5.040020154008412412e+00
5.040523759202802268e+00
5.040831997824603228e+00
5.041027931889289881e+00
5.041050659082134011e+00
5.040917558194373704e+00
5.040640853484394945e+00
5.040198030685307806e+00
5.039626529728296056e+00
5.038909739245894137e+00
5.038031459366203890e+00
5.037014328380347905e+00
5.035860639875055611e+00
5.034605407332302995e+00
5.033246562098384835e+00
5.031787930344464144e+00
5.030250405286670556e+00
5.028633719598175844e+00
5.026956864957931259e+00
5.025231048827293101e+00
5.023467489992500923e+00
5.021677052145125053e+00
5.019866140400293553e+00
5.018052003448132403e+00
5.016249024932507794e+00
5.014457379495028455e+00
5.012697559808614756e+00
5.010965969627024563e+00
5.009302896623731627e+00
5.007710013007046435e+00
5.006183851276756691e+00
5.004747282480122017e+00
5.003380417590261864e+00
5.002140317176700712e+00
5.000989249711156326e+00
4.999961619739653251e+00
4.999050171737791537e+00
4.998249592771053962e+00
4.997622890238881510e+00
4.997114855674325895e+00
4.996756841344057953e+00
4.996501046930669432e+00
4.996385800390733323e+00
4.996466778292549371e+00
4.996667141056848394e+00
4.997044932618036839e+00
4.997553343474164578e+00
4.998212452381149085e+00
4.998980074524179251e+00
4.999878078474893961e+00
5.000928685366408111e+00
5.002101771309273914e+00
5.003392178639070487e+00
5.004780742301838004e+00
5.006268767192260327e+00
5.007859727963104746e+00
5.009555590375558864e+00
5.011340097411768113e+00
5.013188515975372184e+00
5.015096049531593714e+00
5.017046192511215530e+00
5.019042784794463863e+00
5.021064484491243540e+00
5.023090241178169713e+00
5.025113251581086793e+00
5.027122860624684719e+00
5.029116022064581415e+00
5.031066681965485010e+00
5.032970812096490221e+00
5.034820227249756641e+00
5.036596945449010043e+00
5.038295733704463153e+00
5.039885098113909834e+00
5.041387478932038313e+00
5.042774947955504850e+00
5.044029414131538935e+00
5.045156399234430822e+00
5.046122573538915468e+00
5.046966143547789052e+00
5.047655698730840967e+00
5.048227976336375100e+00
5.048650224282638099e+00
5.048864906541304265e+00
5.048926385905827097e+00
5.048806770866970162e+00
5.048551346151392671e+00
5.048128127431732892e+00
5.047517425803705216e+00
5.046728491721912846e+00
5.045746335773035440e+00
5.044625023467703251e+00
5.043338068438931288e+00
5.041889212740820803e+00
5.040292743308705248e+00
5.038558868630093279e+00
5.036632443679732063e+00
5.034549946947258547e+00
5.032342747314135778e+00
5.030027435882249875e+00
5.027620723260798563e+00
5.025114069296278352e+00
5.022523889256872209e+00
5.019862888468660245e+00
5.017150997234738341e+00
5.014398652626432806e+00
5.011610623313345059e+00
5.008803438259518792e+00
5.005991896106159800e+00
5.003182206465161208e+00
5.000388708127891491e+00
4.997612050784979942e+00
4.994874486638462230e+00
4.992178742600832386e+00
4.989526047421846577e+00
4.986933899237071088e+00
4.984397402419006085e+00
4.981942413313542595e+00
4.979548609717046936e+00
4.977239599092162514e+00
4.975008721811927437e+00
4.972868390096582658e+00
4.970833784355082940e+00
4.968871074332156468e+00
4.967009065760532138e+00
4.965263552380958956e+00
4.963616709871450539e+00
4.962114226533334005e+00
4.960692568434636129e+00
4.959410820914667006e+00
4.958242893008749874e+00
