0.000000000000000000e+00
0.000000000000000000e+00
-1.317755086347461204e-06
-6.711793248541655460e-06
-1.492753450293093730e-05
-2.314786310307681954e-05
-2.476461202604696060e-05
1.470081071602179950e-05
8.650336909340688800e-05
2.446665291790849290e-04
5.099459228222258996e-04
8.875785258715043063e-04
1.411305726796854322e-03
2.116745026141871391e-03
2.965064109594096713e-03
3.997995914251080939e-03
5.229381756216755842e-03
6.643875972658861914e-03
8.278325782448518744e-03
1.009611679735826495e-02
1.209538219991373141e-02
1.430820493522333425e-02
1.668438939872431484e-02
1.929886399331736183e-02
2.206859021011042116e-02
2.503895460191416650e-02
2.823627083125758441e-02
3.159942685189891243e-02
3.520415602746652939e-02
3.893812684837030802e-02
4.289097516360925594e-02
4.703882216039346337e-02
5.137798635783838441e-02
5.593164800229715600e-02
6.063784836354899760e-02
6.557626812282253692e-02
7.062929718318630701e-02
7.588238029304193721e-02
8.126474826160121068e-02
8.683510570350334856e-02
9.261878042045282311e-02
9.854907481494591670e-02
1.047031745177810086e-01
1.109900608522002285e-01
1.174639126521651450e-01
1.240489098292891779e-01
1.308139708501403209e-01
1.377861454946105457e-01
1.449047329885069790e-01
1.522468569737975286e-01
1.597176095706526466e-01
1.673773649198118940e-01
1.751949480039183549e-01
1.831924411517683871e-01
1.913847550612990389e-01
1.997307905417983198e-01
2.083034422856871737e-01
2.169826963407103237e-01
2.258501389485899902e-01
2.348123481732908580e-01
2.439553257686201682e-01
2.533387747270170465e-01
2.628385141355100707e-01
2.725367674094739678e-01
2.823286488515439618e-01
2.922994640332761684e-01
3.023604705792967140e-01
3.126006880265776444e-01
3.230869045716826538e-01
3.336946239930693725e-01
3.445009878140989357e-01
3.554050746423307316e-01
3.664952412110868418e-01
3.776816943151060091e-01
3.890501800042692193e-01
4.006708171826902642e-01
4.124101796609465076e-01
4.243512275678221202e-01
4.363934877378050081e-01
4.486259785157743485e-01
4.609512010079923061e-01
4.734565952283444346e-01
4.862116601926388948e-01
4.990839066964689041e-01
5.121559622747007268e-01
5.253278592092101018e-01
5.386887779695096468e-01
5.521724131566586591e-01
5.658230176431240377e-01
5.797012951833309113e-01
5.936887946588100817e-01
6.078613939744532679e-01
6.221674576264920598e-01
6.366511300069394030e-01
6.513046243650021383e-01
6.660981097680629404e-01
6.811063387853207862e-01
6.962211850148741776e-01
7.115224841100280528e-01
7.270075252515378894e-01
7.426458099347654773e-01
7.584472492200440286e-01
7.743881097299164518e-01
7.905429378015107478e-01
8.068348124486511841e-01
8.233611813050812911e-01
8.400620606404847202e-01
8.569495883447235673e-01
8.740094831449096713e-01
8.913050618630951050e-01
9.088438001138277045e-01
9.265494671327181297e-01
9.444541063767974975e-01
9.625625243646209750e-01
9.809042027455869839e-01
9.995227029782834949e-01
1.018302260921627456e+00
1.037311221645504489e+00
1.056493553207546787e+00
1.075883221910626020e+00
1.095450427816540451e+00
1.115281763361126055e+00
1.135358655737071842e+00
1.155649397657542599e+00
1.176140842722087188e+00
1.196778333471446132e+00
1.217630317495494108e+00
1.238654549406199790e+00
1.259794986532359440e+00
1.281033740327983450e+00
1.302340843961864225e+00
1.323795016096263488e+00
1.345347688482432913e+00
1.366946893022685572e+00
1.388563196943431111e+00
1.410174904153971953e+00
1.431757097528605360e+00
1.453291573808817683e+00
1.474850971983103332e+00
1.496392131136087933e+00
1.517900996492533183e+00
1.539349942491678780e+00
1.560736296461252781e+00
1.582006545351175797e+00
1.603192014978556346e+00
1.624243367002634830e+00
1.645181808756022379e+00
1.665955858514933219e+00
1.686611433313517150e+00
1.707093079374460753e+00
1.727381272600321482e+00
1.747626519487528451e+00
1.767766378210215317e+00
1.787920813844828372e+00
1.808012569234995759e+00
1.828056607530741617e+00
1.848081298158793295e+00
1.868085861490397459e+00
1.888088875101237241e+00
1.908085785196452111e+00
1.928089943216471758e+00
1.948094687746195763e+00
1.968005390451579073e+00
1.987942475364832928e+00
2.007806530283122282e+00
2.027706971452861051e+00
2.047541950033336278e+00
2.067416619346767348e+00
2.087227065847545582e+00
2.107024619863659076e+00
2.126773737953334908e+00
2.146517522619396434e+00
2.166213318393856113e+00
2.185843220041423951e+00
2.205419445322185368e+00
2.224926924989849120e+00
2.244315897510677615e+00
2.263656901405483257e+00
2.282899874733120171e+00
2.302103573368221578e+00
2.321161922500758923e+00
2.340095842168956608e+00
2.358826208398967950e+00
2.377405191944271579e+00
2.395760845230251679e+00
2.413942359970241647e+00
2.431855726526409356e+00
2.449527209089428226e+00
2.466807494447857518e+00
2.483772981451183970e+00
2.500319315479427651e+00
2.516524602459103033e+00
2.532399092004925301e+00
2.547909153984218911e+00
2.563075917051464536e+00
2.577887529419094825e+00
2.592373106763988577e+00
2.606568053053051059e+00
2.620452839420467583e+00
2.634075537012249058e+00
2.647499335096508588e+00
2.660811331556469206e+00
2.673993177698284374e+00
2.687032606886059050e+00
2.699999416158824772e+00
2.712821290777354566e+00
2.725477606342463943e+00
2.738045215891032669e+00
2.750483155534892532e+00
2.762884609983593087e+00
2.775191190527110940e+00
2.787357702539592808e+00
2.799476341293483994e+00
2.811502719209820089e+00
2.823412508056790227e+00
2.835303859995037978e+00
2.847136754081875942e+00
2.858976377533108959e+00
2.870786752985150514e+00
2.882530738399655679e+00
2.894284986541898252e+00
2.905978334234387894e+00
2.917685798690945909e+00
2.929378979490430357e+00
2.940998558090360149e+00
2.952638389156491794e+00
2.964260722683103477e+00
2.975933269546659155e+00
2.987625009105832952e+00
2.999286898658902967e+00
3.010989066646726275e+00
3.022687920616300428e+00
3.034429092691572460e+00
3.046174212978514095e+00
3.057881824062498755e+00
3.069608018682631556e+00
3.081309180544051340e+00
3.093051872537765146e+00
3.104780451343688963e+00
3.116486516283188291e+00
3.128225760744247630e+00
3.139939906881485054e+00
3.151676067398224035e+00
3.163372642086181852e+00
3.175063112066421223e+00
3.186717962310943175e+00
3.198343057916793075e+00
3.209975129650267878e+00
3.221546213911208323e+00
3.233089676187667294e+00
3.244572675512465754e+00
3.256006545112761774e+00
3.267373137758406987e+00
3.278676085756453418e+00
3.289943527267607859e+00
3.301138994978102925e+00
3.312265252159270812e+00
3.323305663154754175e+00
3.334273795173796628e+00
3.345155719803007965e+00
3.355951298759611845e+00
3.366694044159086907e+00
3.377349721477659994e+00
3.387921918914946318e+00
3.398402350233229008e+00
3.408799104974897354e+00
3.419102725074918858e+00
3.429315096424253362e+00
3.439471122310788775e+00
3.449540365026624311e+00
3.459524045274884774e+00
3.469415717409284117e+00
3.479220176027447931e+00
3.488928971574933424e+00
3.498540925071866869e+00
3.508065924332768759e+00
3.517491489933163962e+00
3.526827886984975624e+00
3.536068198369176852e+00
3.545226391838224078e+00
3.554299252317579150e+00
3.563277811096341452e+00
3.572153531597287213e+00
3.580931297825009629e+00
3.589600637839467367e+00
3.598180797980458312e+00
3.606676782653958302e+00
3.615106324241788016e+00
3.623476106808812158e+00
3.631792485998303288e+00
3.640041393325955443e+00
3.648237743662030130e+00
3.656403893516690040e+00
3.664541277573734934e+00
3.672593063996464569e+00
3.680576385543973039e+00
3.688506542728573923e+00
3.696419832394749694e+00
3.704312717006832845e+00
3.712125783250958211e+00
3.719883261011273312e+00
3.727600878165394427e+00
3.735312152789265649e+00
3.743011679337651554e+00
3.750686007426411450e+00
3.758325067446858014e+00
3.765978278206020935e+00
3.773638005540997042e+00
3.781274564550549222e+00
3.788879542635113395e+00
3.796456095264584274e+00
3.804041552231938184e+00
3.811614557192952280e+00
3.819197027371556530e+00
3.826760706589848571e+00
3.834287131713063790e+00
3.841796962307126861e+00
3.849269262836606753e+00
3.856727139042050556e+00
3.864138495610386137e+00
3.871505059884220223e+00
3.878835024521976926e+00
3.886131971762806447e+00
3.893400348709255443e+00
3.900629708455234823e+00
3.907817610786587181e+00
3.914934481070667438e+00
3.922011037157207447e+00
3.929020094559818155e+00
3.935979647920757163e+00
3.942873230264812179e+00
3.949709170745044684e+00
3.956507821963458849e+00
3.963238336728244438e+00
3.969924002574114930e+00
3.976519772098689565e+00
3.983050231025843768e+00
3.989505557106165945e+00
3.995898345993190048e+00
4.002248576567797755e+00
4.008504385636477707e+00
4.014709378765254577e+00
4.020822899625925650e+00
4.026862057731776190e+00
4.032858752296595739e+00
4.038782457993655761e+00
4.044661556766659061e+00
4.050457780645519534e+00
4.056206561015278211e+00
4.061861757324368050e+00
4.067416703985363924e+00
4.072922035144001640e+00
4.078348601744801627e+00
4.083735011504322721e+00
4.089054057882457904e+00
4.094303223775058953e+00
4.099532138989597563e+00
4.104721842692524270e+00
4.109907756136089496e+00
4.115064708278805661e+00
4.120194996283680133e+00
4.125309246466785318e+00
4.130406950400501209e+00
4.135496373460918029e+00
4.140575342462686770e+00
4.145642485306886726e+00
4.150742100761561026e+00
4.155855030105738201e+00
4.160975199030069405e+00
4.166091704652933103e+00
4.171198846386102055e+00
4.176301644728806828e+00
4.181388674066690569e+00
4.186463540480760415e+00
4.191515253470567970e+00
4.196544206426767509e+00
4.201557050035622964e+00
4.206547433124211643e+00
4.211550816879895187e+00
4.216537700281765666e+00
4.221500608609344951e+00
4.226436592624811084e+00
4.231342865811018150e+00
4.236216861889985807e+00
4.241033852682736693e+00
4.245815151022103606e+00
4.250562070594456898e+00
4.255268882201340475e+00
4.259912864850190495e+00
4.264482561038163588e+00
4.268976907418397637e+00
4.273380539105561482e+00
4.277712129936841023e+00
4.281966107473995642e+00
4.286136163757469753e+00
4.290232205675270194e+00
4.294242407069828182e+00
4.298202871964599936e+00
4.302080169008400290e+00
4.305876249061252992e+00
4.309604860232497892e+00
4.313270058320190614e+00
4.316863841698792115e+00
4.320368400202419856e+00
4.323811636553433146e+00
4.327188118384507121e+00
4.330518097863820692e+00
4.333804925964501287e+00
4.337051415131714549e+00
4.340272524343159688e+00
4.343472892330314750e+00
4.346660549924996175e+00
4.349843371198797826e+00
4.353030959056044757e+00
4.356237296448375318e+00
4.359453250156070325e+00
4.362703897045279611e+00
4.365968717620993367e+00
4.369275633381034751e+00
4.372624121592667557e+00
4.376001246855881099e+00
4.379427429125931859e+00
4.382873695479062803e+00
4.386363177583840312e+00
4.389871677742626765e+00
4.393426632569458867e+00
4.397033354030277508e+00
4.400669652209905358e+00
4.404338246570257631e+00
4.408024306879667620e+00
4.411731896982817425e+00
4.415441015647083134e+00
4.419144490645558143e+00
4.422840968356757330e+00
4.426526040719179989e+00
4.430213554189829317e+00
4.433892137096552055e+00
4.437551528797774480e+00
4.441188594685224977e+00
4.444794100509314561e+00
4.448373922095923305e+00
4.451926794038443269e+00
4.455451994822649198e+00
4.458937832103399224e+00
4.462364591048388895e+00
4.465730015919834095e+00
4.469042712734371037e+00
4.472296509431033407e+00
4.475476225898891158e+00
4.478567620800166793e+00
4.481575131402641077e+00
4.484484935389190241e+00
4.487305547581343923e+00
4.490060022161631359e+00
4.492745572910934015e+00
4.495361964390903076e+00
4.497897053049235261e+00
4.500354997651009548e+00
4.502755960063367091e+00
4.505101196156172882e+00
4.507388479844957274e+00
4.509605195359617014e+00
4.511772359148889855e+00
4.513890580372243555e+00
4.515973647521166257e+00
4.518026301400094091e+00
4.520047148303419249e+00
4.522061271504790980e+00
4.524064323739439786e+00
4.526076062456995786e+00
4.528093932108312458e+00
4.530117747024924313e+00
4.532156891958146971e+00
4.534220537529617623e+00
4.536321876780420759e+00
4.538468796597152632e+00
4.540652210251718834e+00
4.542879875139624879e+00
4.545148562328250819e+00
4.547466749982269185e+00
4.549838151322039614e+00
4.552283552424342794e+00
4.554811411933334497e+00
4.557411731020838630e+00
4.560069682435423211e+00
4.562789449827104882e+00
4.565589395896822111e+00
4.568472544388205492e+00
4.571414142684370852e+00
4.574424942271144268e+00
4.577499611513049516e+00
4.580637252168091145e+00
4.583826768533619145e+00
4.587073700265319687e+00
4.590377953187853244e+00
4.593721047477155928e+00
4.597102228836447146e+00
4.600511899725824527e+00
4.603950919942289666e+00
4.607417272464661373e+00
4.610889927284149259e+00
4.614370880858329471e+00
4.617861346439745773e+00
4.621357979015734863e+00
4.624861317412284123e+00
4.628364782766726471e+00
4.631859555379775450e+00
4.635335763530163966e+00
4.638784584240347009e+00
4.642190860347182202e+00
4.645551987723738563e+00
4.648852383927733811e+00
4.652075304524333710e+00
4.655240182117850622e+00
4.658301023082167980e+00
4.661254682676225336e+00
4.664097437695889248e+00
4.666782824830441712e+00
4.669382104114919052e+00
4.671838052557140131e+00
4.674179439381986434e+00
4.676367984847455972e+00
4.678391602770717306e+00
4.680293724076182826e+00
4.682025349722536589e+00
4.683669186667832385e+00
4.685167396948966889e+00
4.686517410562667685e+00
4.687721615494523597e+00
4.688771260590587353e+00
4.689679449633990416e+00
4.690442898259793658e+00
4.691078603030477190e+00
4.691592737906905342e+00
4.691995435790451197e+00
4.692290865709366265e+00
4.692499824841799061e+00
4.692628291235596549e+00
4.692681215722404708e+00
4.692671622578345136e+00
4.692606102638237076e+00
4.692500282945401224e+00
4.692363644345022067e+00
4.692206924213386365e+00
4.692041392950630829e+00
4.691879992978937430e+00
4.691743793543719399e+00
4.691638368415005367e+00
4.691566586355039092e+00
4.691559956056007508e+00
4.691608019337000890e+00
4.691735269516650320e+00
4.691925625666916844e+00
4.692205644618660187e+00
4.692609587233453894e+00
4.693107424709886288e+00
4.693725332539467665e+00
4.694431682523278582e+00
4.695255339216378943e+00
4.696214969303396103e+00
4.697312704618958001e+00
4.698533000048187525e+00
4.699878707226304186e+00
4.701341167535571408e+00
4.702965251352577702e+00
4.704734542217044790e+00
4.706624834533719159e+00
4.708649952556877238e+00
4.710773536857155719e+00
4.713037455227166106e+00
4.715403756942540880e+00
4.717891697283776331e+00
4.720486915107759529e+00
4.723192211385758732e+00
4.725994944568665979e+00
4.728879848118813456e+00
4.731832273300679681e+00
4.734854266937763789e+00
4.737932697232754009e+00
4.741046696599515720e+00
4.744188592132124072e+00
4.747349856790098244e+00
4.750521788593324857e+00
4.753690830167327519e+00
4.756856431063209989e+00
4.759998205598388488e+00
4.763116233643087227e+00
4.766177356835398449e+00
4.769185843463930929e+00
4.772124211188348397e+00
4.774993216987641453e+00
4.777781645055802606e+00
4.780467765625509458e+00
4.783055154677423815e+00
4.785527235414775760e+00
4.787891065921578537e+00
4.790139246728216449e+00
4.792248445000443446e+00
4.794229343529734955e+00
4.796091634180341678e+00
4.797807960357461710e+00
4.799410030391011439e+00
4.800841838713680865e+00
4.802156650420224437e+00
4.803337623100674136e+00
4.804398789178525142e+00
4.805353576909694446e+00
4.806150896098407621e+00
4.806845858465822907e+00
4.807418122138771288e+00
4.807906356971652251e+00
4.808291609357984164e+00
4.808566648546547917e+00
4.808748056624026823e+00
4.808839880941377487e+00
4.808879450662932875e+00
4.808864825768102591e+00
4.808806008621757222e+00
4.808707997770687470e+00
4.808589428318371439e+00
4.808463795110290206e+00
4.808338309460959081e+00
4.808225202150350874e+00
4.808126207515306838e+00
4.808051790701864725e+00
4.808010297519795806e+00
4.808008190449474029e+00
4.808069108482596832e+00
4.808198650935811003e+00
4.808406073032092998e+00
4.808690270008665557e+00
4.809051200719696162e+00
4.809515920551639567e+00
4.810064168730896483e+00
4.810748400176089845e+00
4.811535788783950274e+00
4.812442621598166603e+00
4.813498694533629774e+00
4.814669960076137123e+00
4.815980414087099426e+00
4.817433421695750617e+00
4.819049870604794172e+00
4.820833222055954437e+00
4.822731058681531735e+00
4.824760906333251498e+00
4.826920064473672944e+00
4.829201696152014556e+00
4.831602476919216294e+00
4.834093918437285531e+00
4.836700585419460019e+00
4.839411287540718476e+00
4.842190926307960552e+00
4.845035318965241089e+00
4.847926121587082804e+00
4.850858505303187407e+00
4.853823167318626730e+00
4.856798588866515942e+00
4.859772556657120823e+00
4.862741216654108634e+00
4.865688334638403667e+00
4.868605571026133561e+00
4.871462411517428315e+00
4.874267583722399877e+00
4.876997959250735093e+00
4.879647810096071403e+00
4.882217861944957882e+00
4.884638080680891115e+00
4.886950721824690369e+00
4.889118343079611684e+00
4.891140338713451996e+00
4.893027519816680382e+00
4.894726500595136365e+00
4.896282251263185614e+00
4.897649972224756176e+00
4.898855946594997235e+00
4.899847549060506680e+00
4.900596022317333045e+00
4.901168667012973046e+00
4.901521523120029755e+00
4.901658742744623432e+00
4.901605366850421142e+00
4.901339502902851031e+00
4.900867268862352688e+00
4.900208073901162642e+00
4.899328017579541061e+00
4.898293390693292615e+00
4.897068960638866209e+00
4.895653697820529615e+00
4.894092206927165734e+00
4.892369407238588153e+00
4.890520878555403073e+00
4.888560118647441222e+00
4.886490228744372111e+00
4.884326127292735187e+00
4.882096156152111455e+00
4.879809310855489635e+00
4.877473891647677640e+00
4.875102057280163770e+00
4.872714301468949571e+00
4.870317677380661792e+00
4.867925026687006884e+00
4.865538664879420772e+00
4.863169016214230922e+00
4.860827932329992329e+00
4.858520477684359129e+00
4.856276146145680706e+00
4.854070854159215465e+00
4.851939857872346273e+00
4.849892253698925515e+00
4.847923338087420930e+00
4.846047751428704586e+00
4.844256476434094516e+00
4.842581370892149017e+00
4.841043570907932470e+00
4.839612629683835543e+00
4.838316000523192884e+00
4.837136745723112696e+00
4.836111774044260514e+00
4.835230127023682378e+00
4.834489952149017888e+00
4.833914901139362286e+00
4.833475771928353204e+00
4.833180829147023516e+00
4.833053754959402148e+00
4.833110484271457175e+00
4.833300801939478752e+00
4.833654960780551235e+00
4.834162430181314640e+00
4.834839915945341460e+00
4.835666750534584502e+00
4.836663560881425461e+00
4.837812884687591186e+00
4.839102651714492609e+00
4.840557124703337877e+00
4.842166657685449849e+00
4.843903323649575654e+00
4.845777043639828641e+00
4.847769028633047483e+00
4.849886519252470052e+00
4.852092983960320183e+00
4.854392750202823237e+00
4.856775196432280950e+00
4.859223083048272329e+00
4.861729241400170487e+00
4.864273991375373640e+00
4.866847841530250740e+00
4.869438583045409885e+00
4.872020655661033928e+00
4.874581270902561769e+00
4.877104972093510682e+00
4.879581608711886176e+00
4.882012461065459163e+00
4.884389837621854191e+00
4.886692717312978829e+00
4.888894528388188832e+00
4.891009568213628533e+00
4.893013237505364543e+00
4.894905279814408594e+00
4.896686125933335632e+00
4.898290061890291369e+00
4.899765381454633584e+00
4.901084347902941118e+00
4.902257308676050584e+00
4.903261556862995363e+00
4.904110205262109723e+00
4.904805562882825321e+00
4.905316273695929929e+00
4.905677466257616359e+00
4.905858049891099526e+00
4.905827385655280537e+00
4.905647739062693802e+00
4.905257745797422686e+00
4.904743022176114131e+00
4.904046787324038092e+00
4.903166239860144771e+00
4.902172385903683427e+00
4.901051793547956059e+00
4.899846200647441030e+00
4.898524578067151580e+00
4.897104489954799078e+00
4.895611506255953316e+00
4.894048692884532592e+00
4.892446614059298149e+00
4.890805437120287813e+00
4.889137596490471971e+00
4.887456742378561536e+00
4.885774275066940397e+00
4.884100522252408538e+00
4.882446454765883459e+00
4.880825659635154246e+00
4.879254851939764492e+00
4.877734464707461193e+00
4.876263088586417105e+00
4.874848672899094737e+00
4.873493268641320597e+00
4.872223361733048819e+00
4.871066065284103352e+00
4.869986168148606964e+00
4.869020228909938908e+00
4.868135087492554192e+00
4.867380270811407783e+00
4.866757336000589795e+00
4.866253088528900150e+00
4.865895009117810588e+00
4.865632569959996268e+00
4.865522973400218554e+00
4.865564112228019766e+00
4.865734368760747941e+00
4.866035567049546096e+00
4.866459133487804678e+00
4.867016296994552071e+00
4.867757130798562315e+00
4.868598984789712425e+00
4.869594493445617900e+00
4.870699698862297922e+00
4.871919464331729621e+00
4.873279605221610744e+00
4.874731498968464471e+00
4.876310588878255636e+00
4.877962485861640829e+00
4.879714760494094250e+00
4.881547344785791331e+00
4.883450856369597304e+00
4.885422850561005781e+00
4.887440920483930640e+00
4.889496310663087542e+00
4.891579776865107476e+00
4.893684699547155681e+00
4.895795694154364774e+00
4.897898677599293649e+00
4.899979185473781307e+00
4.902032817315918223e+00
4.904057797056298185e+00
4.906029546570638722e+00
4.907949530494073898e+00
4.909799267661432154e+00
4.911597759139399777e+00
4.913301376265149401e+00
4.914911232453447631e+00
4.916410772663217799e+00
4.917809280019861617e+00
4.919108161938053669e+00
4.920280518618088905e+00
4.921358645719151603e+00
4.922286259767274075e+00
4.923086061936476909e+00
4.923768506732442596e+00
4.924310505625463463e+00
4.924749758665122101e+00
4.925031574417508828e+00
4.925205133978879601e+00
4.925247399329810705e+00
4.925203452010311622e+00
4.925048093705111540e+00
4.924744330740206344e+00
4.924344865402810356e+00
4.923840591630571417e+00
4.923266202195221375e+00
4.922607486455374826e+00
4.921859707667165296e+00
4.921040857492618770e+00
4.920157496913009076e+00
4.919237659631900073e+00
4.918286124153666172e+00
4.917312475948267370e+00
4.916324698610835320e+00
4.915338123052054087e+00
4.914365761114888542e+00
4.913421182988815694e+00
4.912498895584278102e+00
4.911625558196238472e+00
4.910806831328801358e+00
4.910045327900581569e+00
4.909350495247774226e+00
4.908724718897275352e+00
4.908181442490450408e+00
4.907746232098570971e+00
4.907397156043580289e+00
4.907162385920665670e+00
4.907006959023557435e+00
4.906962120875387967e+00
4.907023611723117185e+00
4.907213375403217448e+00
4.907527158169679993e+00
4.907950610390537705e+00
4.908511260806256438e+00
4.909193206040792568e+00
4.910015449060731285e+00
4.910958070589832580e+00
4.912010982989004404e+00
4.913172354085972415e+00
4.914465529753496931e+00
4.915879997743896723e+00
4.917415407730867827e+00
4.919054474218418349e+00
4.920787871910862421e+00
4.922626159025959680e+00
4.924542142732671657e+00
4.926559049470952800e+00
4.928651821001103883e+00
4.930801949931910677e+00
4.933011028005412690e+00
4.935261769427587986e+00
4.937553594394257672e+00
4.939871982766917746e+00
4.942197338177494181e+00
4.944526095523170461e+00
4.946850133373073000e+00
4.949164669199517697e+00
4.951470198615124829e+00
4.953754188253215673e+00
4.955993286802104159e+00
4.958188565506269185e+00
4.960309028162289913e+00
4.962383566780616206e+00
4.964370323552417474e+00
4.966240892096090320e+00
4.968019257618713880e+00
4.969682846351194172e+00
4.971251652671623056e+00
4.972675526423978809e+00
4.973971858455467299e+00
4.975143261982727161e+00
4.976160306616354667e+00
4.977057899146009490e+00
4.977807309313346806e+00
4.978395531682897612e+00
4.978802836819220090e+00
4.979050861674030770e+00
4.979101708459337416e+00
4.979023854287941475e+00
4.978775545454253937e+00
4.978369669860829738e+00
4.977802015228796506e+00
4.977051531134772056e+00
4.976146396903920355e+00
4.975072779862809824e+00
4.973858771978545867e+00
4.972514978705572908e+00
4.971033416448759290e+00
4.969433921782898445e+00
4.967722726969647340e+00
4.965939367173837660e+00
4.964077412395404565e+00
4.962148735283539835e+00
4.960162243305370922e+00
4.958123573123142336e+00
4.956046778319999291e+00
4.953950931488200204e+00
4.951852120070383556e+00
4.949768731801436950e+00
4.947706857978032779e+00
4.945671554415153715e+00
4.943698305098938484e+00
4.941771096347498116e+00
4.939914606271910813e+00
4.938109621612952971e+00
4.936380694268867941e+00
4.934767154513523657e+00
4.933226925043985744e+00
4.931806993393824001e+00
4.930453102945015154e+00
4.929216814173981831e+00
4.928104442714378308e+00
4.927107093169018626e+00
4.926263515858575026e+00
4.925506456329152627e+00
4.924894808179364425e+00
4.924417645728810911e+00
4.924089809639975890e+00
4.923922202123924841e+00
4.923867880634627880e+00
4.923985286073424561e+00
4.924231738390067115e+00
4.924631897227505384e+00
4.925168475897649500e+00
4.925835792140703440e+00
4.926620173545221526e+00
4.927555811347106740e+00
4.928644238875844685e+00
4.929837108792402667e+00
4.931151807101108453e+00
4.932566278369762358e+00
4.934096077622510457e+00
4.935702250988818207e+00
4.937396869601347049e+00
4.939171118976212860e+00
4.940991217137909786e+00
4.942856138439512215e+00
4.944746471734379867e+00
4.946652256639336720e+00
4.948551658333873782e+00
4.950426287145948123e+00
4.952257324846123687e+00
4.954052861870859914e+00
4.955784323306416717e+00
4.957441140802239410e+00
4.958999879302119496e+00
4.960447253377770593e+00
4.961757399530743129e+00
4.962961967976426081e+00
4.964024499596691342e+00
4.964888571740724288e+00
4.965607042180039343e+00
4.966146227547564074e+00
4.966549014391043571e+00
4.966780401577838511e+00
4.966846989060416995e+00
4.966757576225921511e+00
4.966458077712579744e+00
4.965965963623149015e+00
4.965310526511294675e+00
4.964502408302051251e+00
4.963553951850753876e+00
4.962472106164914187e+00
4.961242420172911949e+00
4.959882907366973015e+00
4.958395168876867487e+00
4.956798253900032591e+00
4.955115067756396208e+00
4.953334972954017701e+00
4.951475462413055695e+00
4.949545821494084841e+00
4.947565724945289567e+00
4.945542295372707287e+00
4.943478661722165768e+00
4.941392847246151909e+00
4.939299316501838177e+00
4.937205460763197884e+00
4.935125279224139128e+00
4.933059917932968830e+00
4.931030484980564843e+00
4.929039452618581230e+00
4.927089324540120607e+00
4.925188693797808881e+00
4.923346434778195224e+00
4.921552904641848691e+00
4.919840829020958317e+00
4.918192810511809121e+00
4.916631722843867180e+00
4.915174463784914849e+00
4.913800805008631478e+00
4.912529486513357746e+00
4.911370608827691164e+00
4.910345370343546456e+00
4.909467017671683919e+00
4.908697841412047680e+00
4.908062534725885051e+00
4.907571357025424241e+00
4.907211907452563082e+00
4.907038379165003406e+00
4.906968221364202520e+00
4.907067673762920634e+00
4.907294558880511026e+00
4.907672365976157636e+00
4.908241772127929003e+00
4.908914628324691165e+00
4.909746831057254290e+00
4.910696353984657314e+00
4.911782730815593467e+00
4.913012096805158713e+00
4.914341281426731989e+00
4.915803648305717033e+00
4.917361121249976819e+00
4.919027119351210509e+00
4.920767973435702380e+00
4.922596696836533781e+00
4.924513462407174913e+00
4.926503661645236676e+00
4.928549348486247261e+00
4.930641061288897120e+00
4.932769077641548705e+00
4.934927918834269178e+00
4.937098971826613614e+00
4.939271095169366355e+00
4.941432856095612003e+00
4.943579091502010137e+00
4.945683170778333526e+00
4.947743937296449346e+00
4.949744498802004955e+00
4.951683272195636754e+00
4.953566158784211027e+00
4.955355174166739651e+00
4.957089745623650678e+00
4.958728002084078490e+00
4.960261899901211358e+00
4.961703630609095583e+00
4.963019925279200883e+00
4.964237779823720942e+00
4.965328515691340705e+00
4.966268437651574885e+00
4.967090730888427785e+00
4.967780231086195819e+00
4.968330261556089589e+00
4.968722966273904973e+00
4.968949977567079124e+00
4.969056657895106532e+00
4.969027620265387135e+00
4.968891093544788973e+00
4.968632013462611852e+00
4.968218664303549303e+00
4.967691772282250895e+00
4.967014404535421868e+00
4.966254530027637060e+00
4.965378018841273722e+00
4.964373592436441385e+00
4.963290913850196162e+00
4.962111370042094016e+00
4.960879390463359684e+00
4.959581122473009529e+00
4.958228562846906939e+00
4.956837829575069243e+00
4.955407691821582361e+00
4.953953549787526889e+00
4.952480315789705045e+00
4.950998762622600857e+00
4.949517417177682788e+00
4.948043945953374489e+00
4.946584338769441480e+00
4.945145765766626234e+00
4.943739827796941988e+00
4.942368512675290759e+00
4.941050946489100149e+00
4.939773078635457892e+00
4.938553836792831220e+00
4.937412476465230071e+00
4.936345957219724134e+00
4.935363683626179387e+00
4.934460652843241313e+00
4.933647614941124360e+00
4.932945938706521538e+00
4.932372071631376365e+00
4.931922376863782098e+00
4.931583318822211126e+00
4.931362748667724283e+00
4.931251504849767819e+00
4.931301330700642360e+00
4.931474557630843414e+00
4.931785958781965462e+00
4.932197518721348928e+00
4.932727607153482019e+00
4.933415280543393067e+00
4.934210510589307930e+00
4.935123670958108555e+00
4.936125662885730847e+00
4.937228327356403490e+00
4.938431028612083828e+00
4.939724342115348499e+00
4.941128912903492321e+00
4.942604577876751115e+00
4.944150126315776994e+00
4.945759375281754799e+00
4.947422658093397985e+00
4.949134473391001876e+00
4.950882528908675084e+00
4.952645175047344139e+00
4.954411620237058500e+00
4.956168665178244837e+00
4.957907007373994368e+00
4.959619003869718767e+00
4.961277368404096499e+00
4.962892273850864733e+00
4.964441123344130347e+00
4.965923733897632530e+00
4.967340583838647738e+00
4.968645635135596983e+00
4.969863761402791624e+00
4.970965322367971950e+00
4.971948650963730287e+00
4.972822446636981475e+00
4.973532567583149877e+00
4.974114563427990632e+00
4.974534792974717234e+00
4.974837446510916195e+00
4.974985680319491621e+00
4.974977695522370347e+00
4.974820685116113417e+00
4.974464726438284856e+00
4.973930958313405704e+00
4.973235804689586814e+00
4.972389934910000697e+00
4.971403345195116508e+00
4.970291292322338350e+00
4.969025049013555240e+00
4.967625827146232353e+00
4.966082364571750674e+00
4.964440689188898581e+00
4.962688180161179297e+00
4.960838158530653352e+00
4.958903103721798544e+00
4.956898963702382588e+00
4.954839533967436260e+00
4.952739041102589113e+00
4.950620275092780354e+00
4.948491478366316088e+00
4.946365079534710496e+00
4.944262874526442531e+00
4.942186524969996775e+00
4.940159091455401885e+00
4.938195083988371259e+00
4.936281772208872098e+00
4.934442489547196331e+00
4.932689362717333381e+00
4.931022789580287835e+00
4.929488105130854336e+00
4.928050586832227964e+00
4.926731940609875515e+00
4.925542219979229586e+00
4.924475306896034965e+00
4.923539394689267823e+00
4.922759495703046717e+00
4.922129460153644054e+00
4.921671384637718027e+00
4.921343150501613195e+00
4.921170469698970429e+00
4.921179330442808642e+00
4.921315866783969817e+00
4.921653957255892387e+00
4.922108312771431571e+00
4.922750522122495198e+00
4.923558644578569954e+00
4.924506290406696962e+00
4.925657671318165676e+00
4.926958181784264035e+00
4.928420494274012853e+00
4.930005978272072653e+00
4.931736735180727749e+00
4.933627248183599434e+00
4.935642046705594588e+00
4.937808777020088691e+00
4.940056298450342886e+00
4.942415229902378471e+00
4.944854933843723543e+00
4.947377504036536422e+00
4.949969329760183001e+00
4.952595580742467973e+00
4.955252763555160200e+00
4.957925147340408678e+00
4.960606489107719064e+00
4.963277206645122064e+00
4.965931843743434548e+00
4.968558006510845004e+00
4.971159026846996731e+00
4.973719324693790078e+00
4.976220070347896041e+00
4.978666171655763861e+00
4.981033349410403765e+00
4.983338711783995123e+00
4.985553339049926258e+00
4.987674404457917099e+00
4.989688638970962486e+00
4.991567434296718453e+00
4.993350147233120317e+00
4.995007758513799523e+00
4.996543612406364687e+00
4.997945633307804947e+00
4.999207474962581443e+00
5.000346388072480330e+00
5.001348372475016291e+00
5.002189727351773030e+00
5.002869758457650029e+00
5.003406131342758911e+00
5.003795463518014408e+00
5.004046890103033718e+00
5.004117009584567732e+00
5.003988394030145059e+00
5.003692486193736855e+00
5.003244077657123867e+00
5.002658871357104076e+00
5.001900759209652492e+00
5.001022906173724358e+00
4.999999006558914161e+00
4.998841154296654210e+00
4.997534266431587824e+00
4.996069490630882015e+00
4.994502444137589592e+00
4.992822424341694543e+00
4.991052943636433703e+00
4.989187643100278180e+00
4.987229493130700853e+00
4.985199497957484738e+00
4.983105839212195853e+00
4.980965225417868680e+00
4.978782417495505541e+00
4.976574269701496078e+00
4.974344495852247583e+00
4.972103829105154027e+00
4.969857836087003378e+00
4.967615951020971643e+00
4.965385983009593218e+00
4.963187972475544996e+00
4.961017199327008242e+00
4.958890107889430965e+00
4.956806859989421277e+00
4.954775338788286021e+00
4.952803881634727290e+00
4.950890898574844101e+00
4.949051948060050776e+00
4.947288054843203220e+00
4.945624201913132900e+00
4.944088157583727217e+00
4.942672552634730820e+00
4.941379665304674873e+00
4.940204480533257225e+00
4.939157359470382147e+00
4.938252961580411160e+00
4.937562606950060662e+00
4.937030372005658307e+00
4.936677799430447600e+00
4.936470658127920075e+00
4.936439015237384709e+00
4.936587915109240221e+00
4.936898899102354576e+00
4.937409310849154132e+00
4.938098779456461251e+00
4.938937953697289274e+00
4.939968560473764647e+00
4.941130432473265444e+00
4.942478106455647335e+00
4.943987143622482705e+00
4.945631073998060678e+00
4.947420627312509644e+00
4.949299483882038331e+00
4.951282041059581474e+00
4.953350844966020183e+00
4.955499652461853088e+00
4.957702924148883916e+00
4.959936769591418049e+00
4.962185298638192243e+00
4.964434017227737250e+00
4.966677341000883317e+00
4.968880292312947589e+00
4.971038620607701297e+00
4.973125204728690463e+00
4.975113607631770130e+00
4.977021547840680959e+00
4.978804654465761814e+00
4.980513817654697029e+00
4.982094438211766452e+00
4.983521794663515969e+00
4.984826918082085889e+00
4.985983976112453142e+00
4.987027714090196184e+00
4.987896196605413834e+00
4.988588008941857943e+00
4.989118233719616491e+00
4.989467472048251473e+00
4.989682073356360270e+00
4.989736934621594955e+00
4.989622744220084449e+00
4.989360598615146358e+00
4.988892497486212108e+00
4.988268889999725175e+00
4.987480357206202974e+00
4.986530215210057015e+00
4.985442094645238242e+00
4.984171779594158913e+00
4.982767703822588601e+00
4.981210695794557886e+00
4.979524232438540032e+00
4.977728968999124426e+00
4.975814132830835845e+00
4.973810494831539586e+00
4.971708628228642013e+00
4.969531780323720227e+00
4.967302712640500495e+00
4.965022428772187801e+00
4.962710438958144010e+00
4.960375848403907106e+00
4.958033733955359956e+00
4.955702333590721764e+00
4.953386188736891071e+00
4.951096997997499471e+00
4.948845623723006959e+00
4.946638841918445273e+00
4.944498790642954056e+00
4.942420424512363297e+00
4.940411747089363814e+00
4.938479257366396702e+00
4.936669989666676805e+00
4.934952895930743821e+00
4.933352730563617783e+00
4.931846790603137798e+00
4.930466423622108074e+00
4.929267605087495951e+00
4.928166615358330560e+00
4.927229653737283499e+00
4.926421337566113223e+00
4.925774316630101346e+00
4.925317536732888080e+00
4.924997578999733783e+00
4.924841908999493256e+00
4.924851783125900440e+00
4.925046782198601036e+00
4.925413303750806548e+00
4.925935988317482028e+00
4.926630641485803430e+00
4.927487022768014313e+00
4.928483581210726605e+00
4.929658813069815793e+00
4.930957949797864615e+00
4.932421270649190781e+00
4.934004608582014839e+00
4.935705481956953022e+00
4.937511720697635553e+00
4.939402845244162954e+00
4.941390088836902450e+00
4.943424824069494683e+00
4.945513816665165763e+00
4.947637179087155168e+00
4.949778128604644500e+00
4.951915289799923237e+00
4.954040245603080983e+00
4.956124668310638803e+00
4.958167635391707684e+00
4.960146037231441873e+00
4.962029227952714727e+00
4.963840319852586447e+00
4.965530789236779263e+00
4.967122457961792747e+00
4.968588557879681566e+00
4.969951686005350311e+00
4.971181616525408131e+00
4.972254574339148192e+00
4.973162873725648581e+00
4.973884180973525027e+00
4.974470349068994324e+00
4.974888032007271477e+00
4.975131274166757045e+00
4.975161019014900710e+00
4.975005183602456249e+00
4.974672403978888546e+00
4.974136522161547447e+00
4.973445344614569663e+00
4.972579161348526178e+00
4.971545649367158148e+00
4.970329675200169106e+00
4.968935222300474130e+00
4.967414579662267293e+00
4.965764294090455166e+00
4.964013903113787762e+00
4.962143665077871191e+00
4.960171953561490099e+00
4.958113148483222155e+00
4.955986652347032617e+00
4.953802407654706030e+00
4.951573253246728257e+00
4.949313623728935241e+00
4.947029925706570630e+00
4.944737630459254518e+00
4.942440258535331310e+00
4.940160983922665672e+00
4.937907893481439103e+00
4.935687026056234217e+00
4.933515281948033682e+00
4.931383785131161268e+00
4.929336637976353686e+00
4.927354730787461889e+00
4.925455179187243182e+00
4.923656120720094620e+00
4.921934420886223904e+00
4.920340234610026897e+00
4.918846348794883916e+00
4.917466258826442171e+00
4.916219468164034545e+00
4.915065735402293079e+00
4.914031567024774283e+00
4.913117957982009898e+00
4.912345366599743635e+00
4.911701063337510220e+00
4.911204668740516865e+00
4.910822889479582898e+00
4.910577023281491371e+00
4.910510217869428651e+00
4.910599040515495339e+00
4.910833966821206431e+00
4.911205717637910695e+00
4.911736778184546459e+00
4.912432675003781668e+00
4.913272232427970287e+00
4.914294860824719002e+00
4.915440833657755526e+00
4.916760830670370730e+00
4.918240230023635640e+00
4.919849224328769921e+00
4.921605679034961156e+00
4.923455026089921027e+00
4.925425986289752700e+00
4.927500456511748617e+00
4.929674911141169069e+00
4.931944023459922555e+00
4.934283820032846712e+00
4.936689023315679492e+00
4.939132830589782586e+00
4.941610682695876555e+00
4.944103830098877772e+00
4.946599188834200689e+00
4.949086136162053506e+00
4.951547973841202044e+00
4.953981673955691001e+00
4.956359533011687191e+00
4.958674971997512060e+00
4.960927138119711088e+00
4.963094195812715270e+00
4.965171908676398793e+00
4.967120857327951278e+00
4.968967740326894145e+00
4.970676821261418965e+00
4.972250018805040028e+00
4.973694167524352672e+00
4.974933219864741574e+00
4.976018296867386503e+00
4.976904522195236602e+00
4.977587486967223640e+00
4.978081131517666513e+00
4.978374291784842143e+00
4.978464611727525302e+00
4.978334481116165833e+00
4.977991812858511445e+00
4.977459257874418341e+00
4.976722496632266513e+00
4.975825844887423521e+00
4.974750547814894119e+00
4.973501834977198222e+00
4.972068415689994580e+00
4.970475458908607536e+00
4.968745938051273292e+00
4.966903611976435151e+00
4.964942468363572559e+00
4.962892973679829289e+00
4.960773789394425926e+00
4.958590023178387263e+00
4.956359899300861294e+00
4.954106336343813588e+00
4.951843573409845156e+00
4.949582799035836089e+00
4.947336644489095825e+00
4.945120331454799789e+00
4.942941820133255781e+00
4.940819000709581132e+00
4.938749278146553401e+00
4.936747395206022127e+00
4.934827391911078998e+00
4.932991516548922206e+00
4.931261668164064638e+00
4.929632902998258182e+00
4.928108586776782651e+00
4.926745437491466539e+00
4.925473265457680050e+00
4.924352296326090617e+00
4.923337136540344439e+00
4.922458660784894136e+00
4.921774387020401598e+00
4.921200778033369083e+00
4.920806117836171723e+00
4.920511312499429302e+00
4.920388054676140932e+00
4.920447456772225614e+00
4.920646798155056345e+00
4.921027145451651208e+00
4.921547585456417906e+00
4.922229941963003341e+00
4.923119510887907779e+00
4.924121135427403040e+00
4.925289142458487923e+00
4.926552471994211757e+00
4.927960468708327824e+00
4.929477425693325365e+00
4.931118822424463310e+00
4.932899690001062432e+00
4.934749446092896008e+00
4.936689943252853929e+00
4.938693100540689329e+00
4.940762548773339091e+00
4.942881126581481155e+00
4.945026076464706044e+00
4.947185485838704544e+00
4.949345663516574234e+00
4.951497426806739988e+00
4.953622986702970188e+00
4.955706832288555574e+00
4.957739193766170338e+00
4.959724921016746890e+00
4.961647157548719989e+00
4.963464462934785715e+00
4.965201384453826527e+00
4.966826926200443637e+00
4.968344164221340620e+00
4.969757403909022209e+00
4.971031684755140567e+00
4.972182684792928242e+00
4.973174197925978035e+00
4.974049166842156033e+00
4.974763318477921636e+00
4.975321464678995831e+00
4.975709568588786880e+00
4.975890876772606219e+00
4.975889338456760846e+00
4.975719723363143387e+00
4.975398200635534174e+00
4.974910347607654160e+00
4.974293559898358197e+00
4.973495764766555638e+00
4.972577566613177957e+00
4.971496662010173928e+00
4.970283076052288251e+00
4.968951479975801000e+00
4.967495286796909326e+00
4.965945135687213075e+00
4.964301307235579941e+00
4.962566176836114451e+00
4.960760110650878296e+00
4.958906234387974621e+00
4.957014428411345541e+00
4.955095178370099163e+00
4.953154697303394194e+00
4.951211172078469502e+00
4.949277232025482753e+00
4.947362980131724264e+00
4.945475493107655218e+00
4.943638927672721728e+00
4.941846067790605979e+00
4.940115785781957314e+00
4.938447259251692145e+00
4.936835161779739245e+00
4.935314208005286751e+00
4.933867291097260299e+00
4.932511951808548289e+00
4.931227262203313089e+00
4.930035865341044321e+00
4.928966088925220035e+00
4.927978150655246914e+00
4.927105684016562570e+00
4.926347233612752063e+00
4.925705603097296326e+00
4.925216574405050451e+00
4.924863712002254701e+00
4.924650292114086447e+00
4.924601011343031409e+00
4.924682522501528048e+00
4.924924479156464585e+00
4.925354731298715372e+00
4.925917023524372773e+00
4.926685396909444847e+00
4.927611282273858251e+00
4.928710200890629167e+00
4.929979963257639319e+00
4.931395691439242057e+00
4.933005977824063137e+00
4.934719620302053578e+00
4.936583389743897321e+00
4.938582866444917840e+00
4.940690115049215514e+00
4.942915670826764973e+00
4.945204940542312855e+00
4.947576928242774841e+00
4.950018555327983627e+00
4.952498733207317372e+00
4.955015802487465315e+00
4.957548991545768224e+00
4.960093048616976752e+00
4.962630764052004650e+00
4.965158749326796794e+00
4.967660711213679470e+00
4.970143572196098702e+00
4.972586115404697082e+00
4.974991680785747938e+00
4.977340097084376858e+00
4.979614642068478148e+00
4.981817158117624267e+00
4.983938121303649993e+00
4.985981435730787226e+00
4.987914113953443973e+00
4.989709419265123458e+00
4.991388772383066552e+00
4.992945163354011839e+00
4.994388188227745218e+00
4.995687528356643980e+00
4.996847802355619095e+00
4.997837057664724192e+00
4.998653946995468722e+00
4.999326082348557243e+00
4.999841610446306817e+00
5.000170640825960966e+00
5.000284243134516693e+00
5.000241300171907710e+00
4.999965356259343352e+00
4.999553982584473033e+00
4.998941403894422209e+00
4.998181177719232871e+00
4.997266017987129771e+00
4.996140477998850749e+00
4.994900608776806195e+00
4.993498871444461251e+00
4.992003170667883793e+00
4.990378811179396301e+00
4.988640622763630184e+00
4.986817886947389589e+00
4.984904336600301633e+00
4.982932504533525986e+00
4.980901512323614888e+00
4.978830432711836451e+00
4.976737562834019357e+00
4.974633959053750054e+00
4.972531403123136684e+00
4.970446332215066043e+00
4.968397775112385339e+00
4.966393888859743200e+00
4.964445123641485935e+00
4.962560786573882332e+00
4.960776646851296157e+00
4.959088905124659163e+00
4.957509250162834391e+00
4.956071440695518859e+00
4.954743087856763317e+00
4.953551257221691984e+00
4.952498552768225260e+00
4.951606682284468874e+00
4.950887070714230731e+00
4.950326281531448380e+00
4.949949386126095696e+00
4.949709917611175847e+00
4.949668348735863255e+00
4.949810991302796559e+00
4.950113127228535248e+00
4.950644768585181765e+00
4.951347897608495252e+00
4.952236792479371097e+00
4.953263305459833177e+00
4.954452019368027926e+00
4.955824267749403766e+00
4.957343412224862966e+00
4.959010815058561228e+00
4.960779277716489410e+00
4.962659734819742319e+00
4.964635566358179375e+00
4.966689254228682238e+00
4.968823697750180735e+00
4.971005802039711874e+00
4.973233366344779860e+00
4.975486719493478205e+00
4.977751677517503026e+00
4.980007206086723315e+00
4.982250985835401380e+00
4.984462218169776193e+00
4.986640120927899211e+00
4.988766497109739184e+00
4.990815053914395172e+00
4.992818029408064184e+00
4.994742643867341236e+00
4.996615479324665543e+00
4.998396550898162261e+00
5.000109038089123104e+00
5.001733891402091459e+00
5.003215879236068808e+00
5.004610696469154796e+00
5.005862134580222111e+00
5.007030686025228938e+00
5.008053653423395701e+00
5.008935300741996777e+00
5.009681180526222022e+00
5.010266623531188124e+00
5.010722197589183580e+00
5.010984387245678739e+00
5.011075185040660962e+00
5.011013280825406646e+00
5.010770022721678707e+00
5.010382580684215270e+00
5.009826297314555532e+00
5.009100463689953209e+00
5.008225103841811077e+00
5.007176246048599566e+00
5.005945170225293062e+00
5.004563806207568355e+00
5.003038134129433878e+00
5.001392664910941477e+00
4.999635581375746263e+00
4.997751514317183563e+00
4.995765191020160145e+00
4.993706676812560197e+00
4.991573893876463330e+00
4.989390257449538346e+00
4.987145719380766451e+00
4.984859892578512586e+00
4.982558832468181542e+00
4.980246274472862389e+00
4.977938155980497825e+00
4.975639842750219977e+00
4.973360719384340101e+00
4.971106565745261108e+00
4.968891790510800099e+00
4.966715963335421868e+00
4.964606738539126596e+00
4.962559015603450696e+00
4.960591309519198688e+00
4.958702556343463463e+00
4.956900411249784533e+00
4.955185610951570396e+00
4.953561953158764020e+00
4.952086668314127138e+00
4.950743118079094174e+00
4.949528989793447131e+00
4.948438352720526012e+00
4.947470698507216547e+00
4.946695315243390567e+00
4.946045847909239512e+00
4.945570061357406288e+00
4.945212573857693528e+00
4.945026350414097216e+00
4.945033142126463943e+00
4.945184182559440700e+00
4.945532017198692287e+00
4.945988839042673391e+00
4.946619878557810601e+00
4.947411988524088144e+00
4.948354263750204041e+00
4.949425107387193101e+00
4.950626776364930315e+00
4.951994806674606231e+00
4.953475351331119825e+00
4.955081474033479871e+00
4.956788610217456537e+00
4.958594463912133321e+00
4.960483634320381086e+00
4.962466207442167487e+00
4.964517094341401204e+00
4.966626024541738182e+00
4.968772559908512854e+00
4.970947277543429799e+00
4.973138128963594085e+00
4.975325748023871952e+00
4.977493682799225105e+00
4.979631887373808574e+00
4.981717712876680970e+00
4.983758550432805023e+00
4.985731382665519185e+00
4.987602971789723227e+00
4.989373539087659459e+00
4.991013685164338298e+00
4.992558771965390108e+00
4.993974048045759062e+00
4.995253274587279080e+00
4.996362503391987175e+00
4.997303634059911737e+00
4.998094486070161047e+00
4.998702377935234864e+00
4.999132409279528844e+00
4.999401907936964484e+00
4.999510972255204244e+00
4.999371693113181969e+00
4.999060830378268427e+00
4.998550343268846063e+00
4.997900832795832748e+00
4.997075391688678536e+00
4.996017844134303942e+00
4.994833502450318541e+00
4.993471499511332290e+00
4.991991055735678806e+00
4.990378240325779480e+00
4.988656314590304675e+00
4.986835242786735733e+00
4.984901134946674084e+00
4.982899670430749772e+00
4.980837575027077690e+00
4.978737118074030299e+00
4.976602788248389864e+00
4.974442731865972966e+00
4.972273050525517490e+00
4.970108053067059828e+00
4.967950786927076479e+00
4.965818296798798492e+00
4.963716818371149309e+00
4.961658506521316347e+00
4.959667565950485191e+00
4.957727185913655354e+00
4.955862478890750822e+00
4.954073384830090632e+00
4.952381577917668309e+00
4.950794850417707060e+00
4.949310873576734160e+00
4.947928838112685135e+00
4.946675093748901020e+00
4.945556599104140361e+00
4.944592498668764158e+00
4.943743092620109358e+00
4.943030571618413305e+00
4.942459959888196863e+00
4.942019854502119003e+00
4.941750515193977122e+00
4.941635529796892357e+00
4.941684465787673730e+00
4.941853477998937372e+00
4.942161147116983955e+00
4.942646114497745380e+00
4.943254072300458546e+00
4.944022339663767696e+00
4.944931806109215344e+00
4.945966255671645939e+00
4.947156160331632080e+00
4.948456608957913616e+00
4.949883314675955326e+00
4.951416095204024259e+00
4.953063858605292857e+00
4.954819618321327113e+00
4.956646585322289411e+00
4.958546525097756508e+00
4.960501484430699826e+00
4.962502428598074999e+00
4.964533307261136841e+00
4.966579096920160197e+00
4.968638116426137508e+00
4.970703125304845926e+00
4.972758470780521023e+00
4.974796414829164348e+00
4.976805162436634511e+00
4.978783649809032319e+00
4.980699739015966188e+00
4.982543001479775135e+00
4.984318209297329716e+00
4.986018512255818713e+00
4.987645382589966481e+00
4.989149296737582340e+00
4.990553117401272942e+00
4.991839076138408160e+00
4.993006533912689449e+00
4.994068078331024729e+00
4.994970464117201026e+00
4.995785150460274160e+00
4.996454467556746160e+00
4.997007883793980199e+00
4.997417938045531471e+00
4.997687737650543305e+00
4.997826424471407236e+00
4.997788733055188892e+00
4.997650978609292416e+00
4.997356452892837808e+00
4.996939578566071738e+00
4.996382289368030527e+00
4.995701791930316382e+00
4.994903707045433627e+00
4.993977665069815330e+00
4.992937629658099397e+00
4.991767317715401830e+00
4.990499813619371672e+00
4.989119533214087632e+00
4.987648485365623330e+00
4.986068570080512963e+00
4.984376841548199266e+00
4.982612687113995520e+00
4.980769575300926455e+00
4.978865874174351447e+00
4.976908613655085745e+00
4.974903046700473119e+00
4.972851390007254402e+00
4.970764478209731330e+00
4.968662193927285919e+00
4.966552536550281616e+00
4.964448479923724733e+00
4.962349208060023997e+00
4.960282581362245757e+00
4.958251602563380267e+00
4.956255001488446332e+00
4.954310359570500921e+00
4.952404723379132179e+00
4.950561585489031913e+00
4.948778928431983637e+00
4.947086140278097233e+00
4.945481081667659318e+00
4.943964163425681235e+00
4.942557515415666458e+00
4.941247303399560309e+00
4.940067213687416192e+00
4.939002507242675755e+00
4.938057381945965219e+00
4.937226397234319109e+00
4.936536133575557983e+00
4.935983709122359286e+00
4.935560827839493570e+00
4.935309917374818056e+00
4.935178957308947290e+00
4.935194837770961129e+00
4.935358875918738342e+00
4.935666173718473715e+00
4.936131881869933125e+00
4.936743284262321119e+00
4.937515762321255330e+00
4.938437440193793826e+00
4.939499608598253211e+00
4.940689488075277858e+00
4.942003910861514804e+00
4.943447999678155291e+00
4.945037332199117230e+00
4.946748024396201870e+00
4.948557968310614896e+00
4.950461414776345492e+00
4.952451730094454163e+00
4.954526783100863696e+00
4.956669431499741485e+00
4.958858581058285253e+00
4.961090783498787182e+00
