0.000000000000000000e+00
0.000000000000000000e+00
-1.209319520967256090e-08
-7.148665076783802467e-08
-2.050784712537279183e-07
-4.518857019775170770e-07
-8.677046059801800115e-07
-1.277548784628380058e-06
-1.943419614462982806e-06
2.757323105697651180e-06
1.670258412218571681e-05
4.168169865465642238e-05
8.496149269944904469e-05
1.503561186984824481e-04
2.467254951045560335e-04
3.784620884255218785e-04
5.552613671318339756e-04
7.840259123042868459e-04
1.074564431925182544e-03
1.428566922564868938e-03
1.848174122293357903e-03
2.337476586122875719e-03
2.903333989103203984e-03
3.550305676777726002e-03
4.285056826789743201e-03
5.119364795406229976e-03
6.052633908708462615e-03
7.089451489169965037e-03
8.231723171790014323e-03
9.484328788836371427e-03
1.085108802946365726e-02
1.233718739183701021e-02
1.396421910556114657e-02
1.572901071341789928e-02
1.764435486229217961e-02
1.970473082097328951e-02
2.190834210546768746e-02
2.425639660390175451e-02
2.675122128160752413e-02
2.940942243965424807e-02
3.222730652721680911e-02
3.522121922405518218e-02
3.838320092590606636e-02
4.170773969324385877e-02
4.521017090709960468e-02
4.888250247867859111e-02
5.273687468202865186e-02
5.676464901598250734e-02
6.098188982637679778e-02
6.537750915916717975e-02
6.994317607315338192e-02
7.469502077730452716e-02
7.962215678127564089e-02
8.475164191158568450e-02
9.007014350326809915e-02
9.559194878967557096e-02
1.013134332123592773e-01
1.072274018946483831e-01
1.133339037123516496e-01
1.196281220141247048e-01
1.261142732325390148e-01
1.327929826203182451e-01
1.396553440514401168e-01
1.467040480795697155e-01
1.539357645932034335e-01
1.613530923548535667e-01
1.689531852427319791e-01
1.767413474741773294e-01
1.847186030569867854e-01
1.928782059374647140e-01
2.012241168442563677e-01
2.097510714951353050e-01
2.184628446522550727e-01
2.273582102480726785e-01
2.364436806860762130e-01
2.457186950865584141e-01
2.551775379601317617e-01
2.648213531199293813e-01
2.746460093680220260e-01
2.846567608538466132e-01
2.948534692946271907e-01
3.052399815741377309e-01
3.158154358092146730e-01
3.265733851614791572e-01
3.375148941698867811e-01
3.486353804293472192e-01
3.599403573695022507e-01
3.714296712103682951e-01
3.831218578043776302e-01
3.950063277903395620e-01
4.070667959872084629e-01
4.193048955622511453e-01
4.317108072462874646e-01
4.443103183928328592e-01
4.570939721289474234e-01
4.700685896101791661e-01
4.832293905440170900e-01
4.965659143153030586e-01
5.100826634589035180e-01
5.237721063319046300e-01
5.376418985548812035e-01
5.516894950095015959e-01
5.659265007201034203e-01
5.803478218737441185e-01
5.949482061091262430e-01
6.097466947260694603e-01
6.247546304884749047e-01
6.399589635554152611e-01
6.553692104044753775e-01
6.710035695257979826e-01
6.868621923151809749e-01
7.029060579958754662e-01
7.191462279978589889e-01
7.355610944453075950e-01
7.521682728949383723e-01
7.689513780299024326e-01
7.858873798075511896e-01
8.029765929404095726e-01
8.202106858912305842e-01
8.376140190783338824e-01
8.551733602705795523e-01
8.729294027510481335e-01
8.908564509573774215e-01
9.089462329569654164e-01
9.272100927058057884e-01
9.456230105582074108e-01
9.642152132216289528e-01
9.829556454840496782e-01
1.001826572579463281e+00
1.020817185801585314e+00
1.039923979205210625e+00
1.059153208893854670e+00
1.078500863474924687e+00
1.097948140067179112e+00
1.117481773060877259e+00
1.137094134253580524e+00
1.156781855982859097e+00
1.176543398064691992e+00
1.196389544171412078e+00
1.216303060216028742e+00
1.236271671217997081e+00
1.256289094847757859e+00
1.276350280207712684e+00
1.296457766455729077e+00
1.316601230067331985e+00
1.336792818469126454e+00
1.357024117869456203e+00
1.377304283541758601e+00
1.397623142165263177e+00
1.417989484232981434e+00
1.438399137419779539e+00
1.458858381671030768e+00
1.479357606333811637e+00
1.499898621005137489e+00
1.520468982619364695e+00
1.541071261328776476e+00
1.561690186423380755e+00
1.582324968737681248e+00
1.602961625022013559e+00
1.623596531313975300e+00
1.644217237395365627e+00
1.664818076056559626e+00
1.685391212863047494e+00
1.705928431910593845e+00
1.726422716540415569e+00
1.746864243907053860e+00
1.767247568530161850e+00
1.787561673087199265e+00
1.807803017062266315e+00
1.827960018080790450e+00
1.848023241919596549e+00
1.867981596154292045e+00
1.887828060549815001e+00
1.907551766795237302e+00
1.927161278885920259e+00
1.946642429989893452e+00
1.966003699463922949e+00
1.985216903847772940e+00
2.004291272324640438e+00
2.023199470204431805e+00
2.041953680676538152e+00
2.060553704661447050e+00
2.079006796044427396e+00
2.097307437819558640e+00
2.115462792080957222e+00
2.133466870946008509e+00
2.151323411625940540e+00
2.169040131730158194e+00
2.186646350783426840e+00
2.204136270445901769e+00
2.221527520579416048e+00
2.238810042304117065e+00
2.255978971880991057e+00
2.273051422995645776e+00
2.290022725028117101e+00
2.306901909274180262e+00
2.323687130374033849e+00
2.340378600520212959e+00
2.356983547371943377e+00
2.373503183287699603e+00
2.389933304947932324e+00
2.406268735093195943e+00
2.422515548628886517e+00
2.438673627537806698e+00
2.454739301365931770e+00
2.470723586243709136e+00
2.486628041428645908e+00
2.502450488967022046e+00
2.518197622460445206e+00
2.533860039872249725e+00
2.549447316092571469e+00
2.564967483443340246e+00
2.580413217705806783e+00
2.595792668027003813e+00
2.611111853283961448e+00
2.626362815064509526e+00
2.641550568503459484e+00
2.656673760575373855e+00
2.671733373564799230e+00
2.686734259289820237e+00
2.701672152442057051e+00
2.716553541583139442e+00
2.731375326079446886e+00
2.746139468115884608e+00
2.760852718514520632e+00
2.775510819119531902e+00
2.790113351506311457e+00
2.804657627505381168e+00
2.819146715563852545e+00
2.833582834166604947e+00
2.847963454884606893e+00
2.862292219561654694e+00
2.876565812987405657e+00
2.890786650342065833e+00
2.904957622450906385e+00
2.919078210753518476e+00
2.933151658934670447e+00
2.947171752614098583e+00
2.961142336291390453e+00
2.975066428345757519e+00
2.988937921685296040e+00
3.002759896678047991e+00
3.016527375144081979e+00
3.030243868989067391e+00
3.043908605736809214e+00
3.057520331305580985e+00
3.071078096789437328e+00
3.084579924506265058e+00
3.098027378481942318e+00
3.111418132943230663e+00
3.124751243752556640e+00
3.138023688954430845e+00
3.151240837735253653e+00
3.164398396176415496e+00
3.177492170495110013e+00
3.190521234435158338e+00
3.203482366961555972e+00
3.216382666987495753e+00
3.229216703337745908e+00
3.241990573567466782e+00
3.254698345822410577e+00
3.267334952515678292e+00
3.279900800150947315e+00
3.292391529244499182e+00
3.304814142150001466e+00
3.317163226765708739e+00
3.329444266718940781e+00
3.341650492114143223e+00
3.353775890034750962e+00
3.365821067256049126e+00
3.377781340045050928e+00
3.389663750094489281e+00
3.401462922257498800e+00
3.413184738320426348e+00
3.424822441500739778e+00
3.436369440716819046e+00
3.447833477419929071e+00
3.459207977217749974e+00
3.470498166245536087e+00
3.481696784657553945e+00
3.492804418963507906e+00
3.503821934622840306e+00
3.514748521012382110e+00
3.525588984650687596e+00
3.536341889065818478e+00
3.547006716889457234e+00
3.557583645743445544e+00
3.568070938748435506e+00
3.578467639845924086e+00
3.588773570221976961e+00
3.598992604178504529e+00
3.609123231333808857e+00
3.619162359398917506e+00
3.629110460442618535e+00
3.638977189821318792e+00
3.648766980332450061e+00
3.658480671209410673e+00
3.668115763229445214e+00
3.677675399345472940e+00
3.687168671053961511e+00
3.696600355667189586e+00
3.705971759718970304e+00
3.715281658333853709e+00
3.724533386987761041e+00
3.733730220955923773e+00
3.742876346272544286e+00
3.751970085066871352e+00
3.761010813874320569e+00
3.770002147716597918e+00
3.778948321503715402e+00
3.787850628060417169e+00
3.796709596079902660e+00
3.805525700611191109e+00
3.814298734826164328e+00
3.823027295035438478e+00
3.831712244314270599e+00
3.840354675215797986e+00
3.848954497737007596e+00
3.857511341733055765e+00
3.866024897855835363e+00
3.874494921130256841e+00
3.882923115653114543e+00
3.891307127636986163e+00
3.899647576374130953e+00
3.907941454810219373e+00
3.916186576050835644e+00
3.924386992615777281e+00
3.932540624898988035e+00
3.940650736254769804e+00
3.948714548510629196e+00
3.956732999247628335e+00
3.964707055849152617e+00
3.972632424992638800e+00
3.980510932368355625e+00
3.988339399856644540e+00
3.996120013755875000e+00
4.003852417630271887e+00
4.011536464852410333e+00
4.019171365660745288e+00
4.026752397579270948e+00
4.034281115693170605e+00
4.041756625932771740e+00
4.049180586499292467e+00
4.056551612776834403e+00
4.063863991660195296e+00
4.071119802159385515e+00
4.078314588231162219e+00
4.085450678628997245e+00
4.092527334851340015e+00
4.099546626967505603e+00
4.106513416332320254e+00
4.113424969476775495e+00
4.120285297793463641e+00
4.127094319027976965e+00
4.133854748171882143e+00
4.140570674699858955e+00
4.147240452331619309e+00
4.153866827053146693e+00
4.160448529881553448e+00
4.166987959307745903e+00
4.173487487000540064e+00
4.179947116536214757e+00
4.186369072360113464e+00
4.192753156584815066e+00
4.199101754588203228e+00
4.205416443509178315e+00
4.211694029134827488e+00
4.217932127279358845e+00
4.224127959174233560e+00
4.230281642836648537e+00
4.236393509072381214e+00
4.242462901634293182e+00
4.248491167587357786e+00
4.254477954668122841e+00
4.260424810809213092e+00
4.266333443683702598e+00
4.272203617257196662e+00
4.278037128609735618e+00
4.283830756706315412e+00
4.289581380051690651e+00
4.295288782280999307e+00
4.300951092404443621e+00
4.306569181245882838e+00
4.312141913336833277e+00
4.317670140427668279e+00
4.323154223126490336e+00
4.328590834898073503e+00
4.333977618974764745e+00
4.339314571184238467e+00
4.344601560396275097e+00
4.349843164843639975e+00
4.355039487046323821e+00
4.360190330905043155e+00
4.365296453994834458e+00
4.370357406896673957e+00
4.375375967187011383e+00
4.380350808066451052e+00
4.385280007583224560e+00
4.390163152677142300e+00
4.394998549086176709e+00
4.399787890476309471e+00
4.404529631597124961e+00
4.409225179118239524e+00
4.413877765101514861e+00
4.418488478225790494e+00
4.423060301107488712e+00
4.427593617004475846e+00
4.432089772385678472e+00
4.436550901693425253e+00
4.440978341561875986e+00
4.445374213618360493e+00
4.449740369183145638e+00
4.454078500432097520e+00
4.458390470010363593e+00
4.462676203710161715e+00
4.466935697657190119e+00
4.471170000595174443e+00
4.475378678304277713e+00
4.479562815887057958e+00
4.483720261019789710e+00
4.487849298876844806e+00
4.491949752432430998e+00
4.496021008950795483e+00
4.500063469273175798e+00
4.504076807958212747e+00
4.508061677974787074e+00
4.512015881997671229e+00
4.515937217039193818e+00
4.519825473291005480e+00
4.523679651481237407e+00
4.527500030559625799e+00
4.531286983353223441e+00
4.535041680199230818e+00
4.538766077024067869e+00
4.542461997431839649e+00
4.546129695934379988e+00
4.549767675561036562e+00
4.553375577193822465e+00
4.556954708558644818e+00
4.560506304961767121e+00
4.564030479055967149e+00
4.567527344686117985e+00
4.570995544654456566e+00
4.574433767062750178e+00
4.577842520040597663e+00
4.581221916836823560e+00
4.584572375578011894e+00
4.587892382306184125e+00
4.591180764597978303e+00
4.594438737196053779e+00
4.597669361991013837e+00
4.600875557524289228e+00
4.604059356016244386e+00
4.607222339374150266e+00
4.610364317161168124e+00
4.613484513622845284e+00
4.616583683950032047e+00
4.619662728172863275e+00
4.622721708578193756e+00
4.625759907526100001e+00
4.628775919241036263e+00
4.631770219070042494e+00
4.634743776780690716e+00
4.637695964438045770e+00
4.640626151424969592e+00
4.643532745999420897e+00
4.646416293841922673e+00
4.649277550441349049e+00
4.652115380329216343e+00
4.654929529887759543e+00
4.657718352538669393e+00
4.660482484859550745e+00
4.663223482829654820e+00
4.665941225153527938e+00
4.668634710473142491e+00
4.671301670831762287e+00
4.673941933673940952e+00
4.676557524663530252e+00
4.679149674636446044e+00
4.681720897716604490e+00
4.684272232514939738e+00
4.686806326371749876e+00
4.689322498303972075e+00
4.691819537592254008e+00
4.694298355591616456e+00
4.696758946341593521e+00
4.699203188133556530e+00
4.701629662227949424e+00
4.704036607307513052e+00
4.706424527478536568e+00
4.708793249291500338e+00
4.711144471627792818e+00
4.713478192699274594e+00
4.715796573770363764e+00
4.718098595601637690e+00
4.720382678073961280e+00
4.722650118333418412e+00
4.724900410634597314e+00
4.727135348779279767e+00
4.729354123932440146e+00
4.731556852770168575e+00
4.733747303647120042e+00
4.735927404326517376e+00
4.738097907167991174e+00
4.740258671057541839e+00
4.742408905786592577e+00
4.744547031534033898e+00
4.746672863376456775e+00
4.748787719023544796e+00
4.750891467345077501e+00
4.752986441266854989e+00
4.755072380167563395e+00
4.757151344579775731e+00
4.759224077475388448e+00
4.761289246839600864e+00
4.763345683229284866e+00
4.765392313313799200e+00
4.767431489837485437e+00
4.769465309542733955e+00
4.771492610138970747e+00
4.773512608719187256e+00
4.775523749602156087e+00
4.777528682214335909e+00
4.779528981608467397e+00
4.781523617071229637e+00
4.783512370300609717e+00
4.785492742967923263e+00
4.787462592286190421e+00
4.789420639735778806e+00
4.791368802947125083e+00
4.793307838899216300e+00
4.795237069887241077e+00
4.797155207109768504e+00
4.799061321330388097e+00
4.800957935762722784e+00
4.802846193772871253e+00
4.804727064234334044e+00
4.806601305318194406e+00
4.808469528270083337e+00
4.810332407665567800e+00
4.812190597367602685e+00
4.814044665110426280e+00
4.815895202619151050e+00
4.817742705357388466e+00
4.819587793660478958e+00
4.821431014252024028e+00
4.823271795672492424e+00
4.825109033596828745e+00
4.826941038233354853e+00
4.828766015035227177e+00
4.830581826430871750e+00
4.832386207592799465e+00
4.834176650804593578e+00
4.835950736266686256e+00
4.837706127178980964e+00
4.839440075022294785e+00
4.841150079530789796e+00
4.842833211732223475e+00
4.844486942899538739e+00
4.846108883035494586e+00
4.847696216863705665e+00
4.849245836150958944e+00
4.850754928154064061e+00
4.852220518005204930e+00
4.853640230459284055e+00
4.855012119424651829e+00
4.856335747105191558e+00
4.857611741882871037e+00
4.858837964099953055e+00
4.860011830565641233e+00
4.861132501301477227e+00
4.862199289959977300e+00
4.863213251841377094e+00
4.864176001337479960e+00
4.865088585180353142e+00
4.865950962764335586e+00
4.866762325552417501e+00
4.867521013406230779e+00
4.868226045158816184e+00
4.868879301709246654e+00
4.869483773161781492e+00
4.870043316309464743e+00
4.870559220102738784e+00
4.871033551965964215e+00
4.871465775382830543e+00
4.871854815942359807e+00
4.872203423467588834e+00
4.872512781613631105e+00
4.872789211006029575e+00
4.873033484996421194e+00
4.873247192160351737e+00
4.873432605148417807e+00
4.873592412390871154e+00
4.873732043265490255e+00
4.873853538616685022e+00
4.873958189071279534e+00
4.874047917139840536e+00
4.874125432551962511e+00
4.874195550846059710e+00
4.874262365743641467e+00
4.874325216806616901e+00
4.874386575536925115e+00
4.874448071893425549e+00
4.874514748633959726e+00
4.874590549588322830e+00
4.874675457950801594e+00
4.874771523166567810e+00
4.874875637300433162e+00
4.874989193098739904e+00
4.875114338414864079e+00
4.875249724563332165e+00
4.875395700445520397e+00
4.875549097636836748e+00
4.875709948165464880e+00
4.875880167128642029e+00
4.876058252321679554e+00
4.876244384141762644e+00
4.876435548214365312e+00
4.876631252857049681e+00
4.876833798380693530e+00
4.877041120806833163e+00
4.877253721783060492e+00
4.877468318732579355e+00
4.877684732673814416e+00
4.877904726414134196e+00
4.878131361043205771e+00
4.878369076529644133e+00
4.878616850746921862e+00
4.878876641726247243e+00
4.879145957918963106e+00
4.879425168631723153e+00
4.879717187916984500e+00
4.880019594652702075e+00
4.880333969442297359e+00
4.880656491814304054e+00
4.880987492015708362e+00
4.881328588536132607e+00
4.881682265734422543e+00
4.882054065240669871e+00
4.882442873491096513e+00
4.882851035034406983e+00
4.883276190905024627e+00
4.883718091396739069e+00
4.884180863162626451e+00
4.884661784878125523e+00
4.885162446087353061e+00
4.885680119430771740e+00
4.886215080244590503e+00
4.886765445543576725e+00
4.887329621164250959e+00
4.887906670345116389e+00
4.888495958706486455e+00
4.889097035711753136e+00
4.889709434693801704e+00
4.890332982426631503e+00
4.890967572515954487e+00
4.891612459233154020e+00
4.892267801871645894e+00
4.892933326697100682e+00
4.893609173035374127e+00
4.894295177346221770e+00
4.894991784131280887e+00
4.895694244390481842e+00
4.896402300557250342e+00
4.897111844604964404e+00
4.897822166418785983e+00
4.898529712891334320e+00
4.899233240520709742e+00
4.899934277346486233e+00
4.900630399843805662e+00
4.901321618145460413e+00
4.902005062138790059e+00
4.902680302521342348e+00
4.903345274662727959e+00
4.904000840520617466e+00
4.904645339286085814e+00
4.905275972670075646e+00
4.905893370134887022e+00
4.906496371401604328e+00
4.907086173368747417e+00
4.907662436140830309e+00
4.908226599691564829e+00
4.908777733406180843e+00
4.909313718451316255e+00
4.909835071450228128e+00
4.910340733712667216e+00
4.910831972060852202e+00
4.911308246886485485e+00
4.911771825252228219e+00
4.912225116079800280e+00
4.912666200658432736e+00
4.913095411991825756e+00
4.913512917196504404e+00
4.913919379076116201e+00
4.914315044803671206e+00
4.914700697956732256e+00
4.915076931601517707e+00
4.915444087458901379e+00
4.915802571362012152e+00
4.916152972949796585e+00
4.916496213486546196e+00
4.916832961922640521e+00
4.917163491992408098e+00
4.917488579524809111e+00
4.917808377517515872e+00
4.918124239778275175e+00
4.918436199052388602e+00
4.918745532220357930e+00
4.919052858313673227e+00
4.919358276872093150e+00
4.919662659203762445e+00
4.919966303741688307e+00
4.920268468724692923e+00
4.920566611772532184e+00
4.920861828660721748e+00
4.921153828648979101e+00
4.921445066163445681e+00
4.921736187541986496e+00
4.922025334796065188e+00
4.922314705288165726e+00
4.922604213336612133e+00
4.922896761370952667e+00
4.923192983379718335e+00
4.923493105748798726e+00
4.923797239622230926e+00
4.924105238000059614e+00
4.924416970087342804e+00
4.924732173567765159e+00
4.925050588807218688e+00
4.925371908320243186e+00
4.925695755256468189e+00
4.926023737041407280e+00
4.926359697429589346e+00
4.926702932266644908e+00
4.927055824471763934e+00
4.927416693864517860e+00
4.927787105960899083e+00
4.928165250046306234e+00
4.928546294679992279e+00
4.928929944260172391e+00
4.929312746411317114e+00
4.929694874024146856e+00
4.930073697453492443e+00
4.930449442228430179e+00
4.930824220514051781e+00
4.931195167413108038e+00
4.931561931928746922e+00
4.931920755243057286e+00
4.932270474953705630e+00
4.932612209020311056e+00
4.932948337754362811e+00
4.933281573986763036e+00
4.933610339200251715e+00
4.933934298640243910e+00
4.934250109976284548e+00
4.934557542370758831e+00
4.934857638253024703e+00
4.935152691191187380e+00
4.935445347221693702e+00
4.935733507515988272e+00
4.936018064169338970e+00
4.936300674433013569e+00
4.936583993451795216e+00
4.936871143875768198e+00
4.937160811199000854e+00
4.937453530578068239e+00
4.937745941056064680e+00
4.938037425464147034e+00
4.938328929225111352e+00
4.938622366542125164e+00
4.938920946883166074e+00
4.939222760645800570e+00
4.939528343023859236e+00
4.939839323906353385e+00
4.940158222502224028e+00
4.940489160156004367e+00
4.940830518825106488e+00
4.941183391807726366e+00
4.941543964108578102e+00
4.941911431474736993e+00
4.942286872154227240e+00
4.942672297990074348e+00
4.943071743173648613e+00
4.943483258111527334e+00
4.943907022846986798e+00
4.944339565036943718e+00
4.944779858252158711e+00
4.945229905283203387e+00
4.945686221270015892e+00
4.946148198766760373e+00
4.946611357851080193e+00
4.947074518276504129e+00
4.947538482396058868e+00
4.948004481157414425e+00
4.948473833760373530e+00
4.948947976080828148e+00
4.949428590310865239e+00
4.949913923142605476e+00
4.950404824463777942e+00
4.950899293160192727e+00
4.951397781891876626e+00
4.951898118702823481e+00
4.952395695595200209e+00
4.952889480179305082e+00
4.953376381730789646e+00
4.953855817912275583e+00
4.954324686562770808e+00
4.954778372084850169e+00
4.955215326694900391e+00
4.955632499491924747e+00
4.956028945183510004e+00
4.956401722876483618e+00
4.956748278884345993e+00
4.957066393641882840e+00
4.957354158422106138e+00
4.957609917240344721e+00
4.957831677960358618e+00
4.958020163474730957e+00
4.958177718704693149e+00
4.958306646466382084e+00
4.958406885413581655e+00
4.958478708898777398e+00
4.958522588930220465e+00
4.958539485639787081e+00
4.958530251585772319e+00
4.958497208181662508e+00
4.958443859761475281e+00
4.958371568254089645e+00
4.958281960763863516e+00
4.958176028418249004e+00
4.958055991490264880e+00
4.957926164937098257e+00
4.957787649749671566e+00
4.957642365774963977e+00
4.957491150616560205e+00
4.957335680217373586e+00
4.957178980016040626e+00
4.957017085567938963e+00
4.956849258315639162e+00
4.956675602176116691e+00
4.956497507148313275e+00
4.956316138950068506e+00
4.956127799355316554e+00
4.955931426283795460e+00
4.955726359483677790e+00
4.955513657831477126e+00
4.955294335351216439e+00
4.955066306178347979e+00
4.954830444061085970e+00
4.954588875916673629e+00
4.954345382709874457e+00
4.954104140751881324e+00
4.953865262080801912e+00
4.953630597346347919e+00
4.953398267251325038e+00
4.953169146251751087e+00
4.952946137876135246e+00
4.952727809061181929e+00
4.952515354265343284e+00
4.952306295760791954e+00
4.952101019152324923e+00
4.951902209685068890e+00
4.951708199043643788e+00
4.951520066388766850e+00
4.951335244082731180e+00
4.951154041697158448e+00
4.950979044732526368e+00
4.950809735112712495e+00
4.950648820397331562e+00
4.950496264544202774e+00
4.950354860198571849e+00
4.950225090288444818e+00
4.950104460443258247e+00
4.949994890314415308e+00
4.949895287972763569e+00
4.949808167234883705e+00
4.949733314650953453e+00
4.949668165805638509e+00
4.949614188155980088e+00
4.949570631470420423e+00
4.949539707500375307e+00
4.949520887828552596e+00
4.949516905521454291e+00
4.949528190708664788e+00
4.949552193184794113e+00
4.949590562508388025e+00
4.949642205779388071e+00
4.949709785930758166e+00
4.949793584892472786e+00
4.949890831872767905e+00
4.950002525398454978e+00
4.950125689232669046e+00
4.950261416114815738e+00
4.950406881185196006e+00
4.950562349051185862e+00
4.950731014847703726e+00
4.950911315508133015e+00
4.951105567734636281e+00
4.951311337627418929e+00
4.951529258355448881e+00
4.951763012405435482e+00
4.952011177647810847e+00
4.952276221174696680e+00
4.952555904049376956e+00
4.952851397763888386e+00
4.953162780735592463e+00
4.953490925241212040e+00
4.953835756774942922e+00
4.954198320578734993e+00
4.954578721966544919e+00
4.954978635493615613e+00
4.955392813976803978e+00
4.955816766504149484e+00
4.956249200288157297e+00
4.956687995303374450e+00
4.957133117128114108e+00
4.957584348689715092e+00
4.958040740225413856e+00
4.958502715412476114e+00
4.958970015045204072e+00
4.959443545114197605e+00
4.959923409666814109e+00
4.960410325597918835e+00
4.960899639870918421e+00
4.961388022337057890e+00
4.961874282319047147e+00
4.962357731942036665e+00
4.962838331606187481e+00
4.963316195379890772e+00
4.963791793320275758e+00
4.964261238124169751e+00
4.964723075326481272e+00
4.965172692310013680e+00
4.965608340870538484e+00
4.966030233386854675e+00
4.966439344171384995e+00
4.966837377320924674e+00
4.967221798110704079e+00
4.967592395577530517e+00
4.967950330968897710e+00
4.968297263938884711e+00
4.968635715540449915e+00
4.968963115137020381e+00
4.969279229078392035e+00
4.969580846760372594e+00
4.969866931397419307e+00
4.970135405749034341e+00
4.970385781206142717e+00
4.970621146928471568e+00
4.970843733061057534e+00
4.971057713083875562e+00
4.971262035813134972e+00
4.971457235250573703e+00
4.971641860805402935e+00
4.971814839295994659e+00
4.971978344671381222e+00
4.972129338491660278e+00
4.972268227158066267e+00
4.972392675789024885e+00
4.972500985326196776e+00
4.972595394892567633e+00
4.972674576627040821e+00
4.972738285778040890e+00
4.972784681544589525e+00
4.972812279805956415e+00
4.972823955450157207e+00
4.972819378262220980e+00
4.972800111990957284e+00
4.972766578969615381e+00
4.972719894348712089e+00
4.972663384703057687e+00
4.972599836237797888e+00
4.972529147476026701e+00
4.972451756423407865e+00
4.972370218284496879e+00
4.972287389043787087e+00
4.972206972859868124e+00
4.972127820862525915e+00
4.972051169605993692e+00
4.971974237574332101e+00
4.971896252063169541e+00
4.971818904484688773e+00
4.971744450693085682e+00
4.971676622241801624e+00
4.971613784338414277e+00
4.971556999486938189e+00
4.971503267976520313e+00
4.971451691090194025e+00
4.971404088618298189e+00
4.971358971254964843e+00
4.971318725649331860e+00
4.971282644932223604e+00
4.971247302884301611e+00
4.971214053236479025e+00
4.971181284411875900e+00
4.971151039529657645e+00
4.971122449637922713e+00
4.971097858880248133e+00
4.971076781599850669e+00
4.971056194609564827e+00
4.971037309923278080e+00
4.971018773395637247e+00
4.971002572070875480e+00
4.970987974987667535e+00
4.970972170846371441e+00
4.970956512278943862e+00
4.970939952706983966e+00
4.970924635356357868e+00
4.970910213832110180e+00
4.970899054092885017e+00
4.970891161649785950e+00
4.970884291152183998e+00
4.970880079471977631e+00
4.970877681638672385e+00
4.970879450927755627e+00
4.970885095500421791e+00
4.970896197877159750e+00
4.970910215881454874e+00
4.970927444175620380e+00
4.970950142248335979e+00
4.970976208358339754e+00
4.971006214933737510e+00
4.971037124992149892e+00
4.971069308277952459e+00
4.971104708000352979e+00
4.971146325062295368e+00
4.971198281877009073e+00
4.971259187863473983e+00
4.971330085334631832e+00
4.971407495879832439e+00
4.971491150402727932e+00
4.971582350706014175e+00
4.971679308529274088e+00
4.971783664378600420e+00
4.971893828793692904e+00
4.972011386326776972e+00
4.972137301427574485e+00
4.972270878584386544e+00
4.972411681584344656e+00
4.972558151505218405e+00
4.972708933393733766e+00
4.972862868554222437e+00
4.973018188684509511e+00
4.973173228058296758e+00
4.973325973957110513e+00
4.973474589458930950e+00
4.973617420534867328e+00
4.973752500538978438e+00
4.973878010868358679e+00
4.973991978506821177e+00
4.974092668661181271e+00
4.974177968216393353e+00
4.974246436001998006e+00
4.974296409579258338e+00
4.974326513524431448e+00
4.974335398125842467e+00
4.974321794791761064e+00
4.974285332136936688e+00
4.974225973799042855e+00
4.974143919670172664e+00
4.974039584291316984e+00
4.973913512672447190e+00
4.973766227574238030e+00
4.973598839850315478e+00
4.973411937994101528e+00
4.973206711844690098e+00
4.972983782184459578e+00
4.972743759718872170e+00
4.972487456374951265e+00
4.972216172334888995e+00
4.971930662323871708e+00
4.971632096418329816e+00
4.971320504569599841e+00
4.970996836074780489e+00
4.970662553594600297e+00
4.970318356217036992e+00
4.969965433092007778e+00
4.969603770510444996e+00
4.969234732003102728e+00
4.968859039680252998e+00
4.968477407046746563e+00
4.968091031373631061e+00
4.967699865200708942e+00
4.967305629276824064e+00
4.966908298493517115e+00
4.966508614965867707e+00
4.966107778013837404e+00
4.965706084096026096e+00
4.965304710739444793e+00
4.964903070540319874e+00
4.964505048901925122e+00
4.964113138192486119e+00
4.963727646642517755e+00
4.963348203026844097e+00
4.962973351800037847e+00
4.962606630386008355e+00
4.962250337922171184e+00
4.961904565193847816e+00
4.961569133722381508e+00
4.961242578798131575e+00
4.960923197665409567e+00
4.960609253742889635e+00
4.960303469714866687e+00
4.960008071665809481e+00
4.959722682950244099e+00
4.959446352687821857e+00
4.959178080228314300e+00
4.958920994536176963e+00
4.958678028476581012e+00
4.958448828780247730e+00
4.958233058867199894e+00
4.958029602156175386e+00
4.957836481821876973e+00
4.957652257033776877e+00
4.957479417012226719e+00
4.957319822632861417e+00
4.957173721767183849e+00
4.957040397408571941e+00
4.956918498245221905e+00
4.956808784068716278e+00
4.956713745636088575e+00
4.956633539362965024e+00
4.956571547766369434e+00
4.956530243004826808e+00
4.956508079657950816e+00
4.956502636787635474e+00
4.956510606095697824e+00
4.956533682844173505e+00
4.956571379273235323e+00
4.956626366038843656e+00
4.956697356735393356e+00
4.956786756894588919e+00
4.956894723751619658e+00
4.957018162856847709e+00
4.957158539124802310e+00
4.957314126423598921e+00
4.957486400666685000e+00
4.957675488970279432e+00
4.957877512040584023e+00
4.958094341053663534e+00
4.958323732732831779e+00
4.958567319481671731e+00
4.958825184094758143e+00
4.959093477732539057e+00
4.959373873683661671e+00
4.959664265035689468e+00
4.959966765257567189e+00
4.960280371892301865e+00
4.960607314619272401e+00
4.960947575184554204e+00
4.961297517369539278e+00
4.961658613297195153e+00
4.962029119270892963e+00
4.962411174538584824e+00
4.962804103854151272e+00
4.963204140315802704e+00
4.963612458544822026e+00
4.964027184906455226e+00
4.964450465540440227e+00
4.964881581652017317e+00
4.965316972310694688e+00
4.965757734726222949e+00
4.966202190245541992e+00
4.966652360807214173e+00
4.967107215660665709e+00
4.967569305437658400e+00
4.968038045938167890e+00
4.968510346959385870e+00
4.968987547109875003e+00
4.969468063811812719e+00
4.969954062688205276e+00
4.970444716165815180e+00
4.970936906772706720e+00
4.971431691299231126e+00
4.971927688966542469e+00
4.972426781530528750e+00
4.972928142461030987e+00
4.973433987784236621e+00
4.973943916509895757e+00
4.974455124574748588e+00
4.974968861664680553e+00
4.975483826163261014e+00
4.976001984949258272e+00
4.976522579739836694e+00
4.977047802980093749e+00
4.977577388833312355e+00
4.978108642089215330e+00
4.978642857137170807e+00
4.979178633901325313e+00
4.979717909197358239e+00
4.980259957338717847e+00
4.980804314489509999e+00
4.981347359742072989e+00
4.981889216366259809e+00
4.982427143107203804e+00
4.982961558352260845e+00
4.983490008215456513e+00
4.984012829947321421e+00
4.984531561980990233e+00
4.985048673401620611e+00
4.985567612412419969e+00
4.986086785147932687e+00
4.986606514218298258e+00
4.987124547126739138e+00
4.987641287024169756e+00
4.988154957096129216e+00
4.988661445888728174e+00
4.989160290273876974e+00
4.989649115975054450e+00
4.990128073605749393e+00
4.990595106693955785e+00
4.991048846046479248e+00
4.991488339516372719e+00
4.991913065823764484e+00
4.992322577635796677e+00
4.992716665777416907e+00
4.993095064523669357e+00
4.993457789520771684e+00
4.993804608124347233e+00
4.994135560716541633e+00
4.994450541834384971e+00
4.994750212847292481e+00
4.995037706798911792e+00
4.995314031771421526e+00
4.995578907064198937e+00
4.995835317808240639e+00
4.996084181486667219e+00
4.996329246523828260e+00
4.996571740626396085e+00
4.996810693766029488e+00
4.997046213435979212e+00
4.997278677306176142e+00
4.997509040298910854e+00
4.997738486330063346e+00
4.997965645070227225e+00
4.998187861225607875e+00
4.998406118999275449e+00
4.998619714367244171e+00
4.998830477359746283e+00
4.999037766146514628e+00
4.999239723055664442e+00
4.999437573856715389e+00
4.999631081881973138e+00
4.999822188324333894e+00
5.000010665922465236e+00
5.000199752251657692e+00
5.000389154466841291e+00
5.000577080330852020e+00
5.000764918128999703e+00
5.000952035102101512e+00
5.001140886011572917e+00
5.001331032763275175e+00
5.001520475192966941e+00
5.001710582829120177e+00
5.001900632406623970e+00
5.002092999822499664e+00
5.002287398210766511e+00
5.002483147203030001e+00
5.002679677239658673e+00
5.002876933540255422e+00
5.003072220000476911e+00
5.003260881031902585e+00
5.003441990229339886e+00
5.003612632851154096e+00
5.003772442813069432e+00
5.003919153704345923e+00
5.004053516673892865e+00
5.004177880144716539e+00
5.004291641159952064e+00
5.004396093829573289e+00
5.004489939955101718e+00
5.004574089261740966e+00
5.004646956293881566e+00
5.004709899464660161e+00
5.004765889152921865e+00
5.004814167290030369e+00
5.004856602137012445e+00
5.004891802353819585e+00
5.004921366639470293e+00
5.004946715544945413e+00
5.004963961776382142e+00
5.004971525653536091e+00
5.004968778774354199e+00
5.004956415506756073e+00
5.004934762950730587e+00
5.004900311927054979e+00
5.004850722958077647e+00
5.004785249318671525e+00
5.004704007247205766e+00
5.004607464384031701e+00
5.004494613149878646e+00
5.004362169906240609e+00
5.004211560182016960e+00
5.004041823904705311e+00
5.003854543670754218e+00
5.003649152025324121e+00
5.003423237457615080e+00
5.003178289934737677e+00
5.002913632701827318e+00
5.002631845596921423e+00
5.002332826863717052e+00
5.002014115836213470e+00
5.001676907475779643e+00
5.001320491406809232e+00
5.000946993466209634e+00
5.000556770313273169e+00
5.000153640854844816e+00
4.999739284600804190e+00
4.999316623817870564e+00
4.998887876879163805e+00
4.998456146467216143e+00
4.998024179052300120e+00
4.997594526905305479e+00
4.997170346166678101e+00
4.996754651937374447e+00
4.996346034306772488e+00
4.995946729231365957e+00
4.995554507683703349e+00
4.995171172965059192e+00
4.994794915888200570e+00
4.994420802194367681e+00
4.994048701200377138e+00
4.993674985777328601e+00
4.993300031061957078e+00
4.992921265374611117e+00
4.992539107102643037e+00
4.992151644203555172e+00
4.991755388837049168e+00
4.991347599189469797e+00
4.990926678303369890e+00
4.990491230759509733e+00
4.990040061149485062e+00
4.989572827752418505e+00
4.989089605074114253e+00
4.988594563837832396e+00
4.988091312844044722e+00
4.987580792654044970e+00
4.987065173063167656e+00
4.986544200826176443e+00
4.986018062393852368e+00
4.985487415391690824e+00
4.984951792221255396e+00
4.984411418635136926e+00
4.983865223202592176e+00
4.983312902796750876e+00
4.982754729363804813e+00
4.982194845277553519e+00
4.981636733907945924e+00
4.981081881236026021e+00
4.980531461734065246e+00
4.979986156683155585e+00
4.979445899996646219e+00
4.978911237057038974e+00
4.978381750222036217e+00
4.977857331942509234e+00
4.977337620492766845e+00
4.976821952026080353e+00
4.976310231622050217e+00
4.975805460858830465e+00
4.975307584155091334e+00
4.974819631252178631e+00
4.974341374199579668e+00
4.973876208934674636e+00
4.973424592140804457e+00
4.972984238687645053e+00
4.972557105581950410e+00
4.972141907188785126e+00
4.971741759489966661e+00
4.971356132786466375e+00
4.970987004574134893e+00
4.970631034012630067e+00
4.970288572918369674e+00
4.969961913760498895e+00
4.969648213211194765e+00
4.969347708217547677e+00
4.969055998168633081e+00
4.968772719662384318e+00
4.968499313827350328e+00
4.968234564318999347e+00
4.967980025179430825e+00
4.967736445657656041e+00
4.967500960316256098e+00
4.967275942090646268e+00
4.967060107972220528e+00
4.966855381626382737e+00
4.966663155119612760e+00
4.966480846192434129e+00
4.966306374288842029e+00
4.966135973587377350e+00
4.965970842439426214e+00
4.965811113223177031e+00
4.965654456607741629e+00
4.965498032618057778e+00
4.965338291648520475e+00
4.965176574840886481e+00
4.965012599073095778e+00
4.964849194932473786e+00
4.964687166001393592e+00
4.964525320242834994e+00
4.964366383433088004e+00
4.964211124742148762e+00
4.964063261357813950e+00
4.963924442251890667e+00
4.963793710564941009e+00
4.963669912872582302e+00
4.963551993986338395e+00
4.963438485443338877e+00
4.963327710937454285e+00
4.963218168114988060e+00
4.963108258416619734e+00
4.962996670959261003e+00
4.962881787840020209e+00
4.962762374302116086e+00
4.962642070820300511e+00
4.962523059399544856e+00
4.962406249019995386e+00
4.962291730718433769e+00
4.962179088407874694e+00
4.962072713628159271e+00
4.961975331093864128e+00
4.961888079402717366e+00
4.961811249043542205e+00
4.961744526635605723e+00
4.961687291731808003e+00
4.961638469087642278e+00
4.961596950322141097e+00
4.961561313808647178e+00
4.961530227222696432e+00
4.961502265354368113e+00
4.961475925060670811e+00
4.961454677914019840e+00
4.961440735343361830e+00
4.961434890510148854e+00
4.961437423332985652e+00
4.961447864332162894e+00
4.961465648904136216e+00
4.961489535321175204e+00
4.961523286665483035e+00
4.961569815727575161e+00
4.961629905060558343e+00
4.961704507253758223e+00
4.961792568878896859e+00
4.961893279792436218e+00
4.962005868468129854e+00
4.962132975913282174e+00
4.962273816464167098e+00
4.962430269678753447e+00
4.962601101899219103e+00
4.962788504341316909e+00
4.962992043567521883e+00
4.963208557085765804e+00
4.963438273144586077e+00
4.963678988719060214e+00
4.963932378420307323e+00
4.964196496436072081e+00
4.964472478439730274e+00
4.964759721046012153e+00
4.965060065572780346e+00
4.965374297087710609e+00
4.965703503375570982e+00
4.966050439102272840e+00
4.966414613721590321e+00
4.966796942649107649e+00
4.967197003213385642e+00
4.967614167069714703e+00
4.968049080928485850e+00
4.968500599598209888e+00
4.968968236891250001e+00
4.969450860989908847e+00
4.969947943014721758e+00
4.970458586772600107e+00
4.970981528272548466e+00
4.971513608840922416e+00
4.972050999959629181e+00
4.972590158691328810e+00
4.973132548814336751e+00
4.973677803946356057e+00
4.974228957628527681e+00
4.974787153748491342e+00
4.975351868716695769e+00
4.975920924840191439e+00
4.976491934766690051e+00
4.977066466135600997e+00
4.977644643483379205e+00
4.978225283061779471e+00
4.978805663210965626e+00
4.979383194146372205e+00
4.979959294086016008e+00
4.980534061414814140e+00
4.981110320200835773e+00
4.981687484753940964e+00
4.982268362676415485e+00
4.982852113580022113e+00
4.983435647783491795e+00
4.984019880143616632e+00
4.984602850300881904e+00
4.985186238212203413e+00
4.985768800114906085e+00
4.986347047274624522e+00
4.986921546829555574e+00
4.987490434979711118e+00
4.988055271764908483e+00
4.988615125750813561e+00
4.989171625261817233e+00
4.989723626186763461e+00
4.990267952864680723e+00
4.990805652698194095e+00
4.991335048412596009e+00
4.991857523729716029e+00
4.992372371999239000e+00
4.992880766911123480e+00
4.993382141513442285e+00
4.993873607104336365e+00
4.994355739911710224e+00
4.994827469175374013e+00
4.995289838349139977e+00
4.995741620881176459e+00
4.996181137522376581e+00
4.996610264664210099e+00
4.997029651214994317e+00
4.997442444896019076e+00
4.997849981372870509e+00
4.998251167757130631e+00
4.998644015377081473e+00
4.999026209486342687e+00
4.999399373231148580e+00
4.999763445479488588e+00
5.000119742376424981e+00
5.000465842110731529e+00
5.000801965815640848e+00
5.001129744087972284e+00
5.001452321184494565e+00
5.001773336713828400e+00
5.002091229779339621e+00
5.002406942879475515e+00
5.002717425988682187e+00
5.003022690096565306e+00
5.003324105607042327e+00
5.003619046618857702e+00
5.003907118810034582e+00
5.004184461308335941e+00
5.004450498835807615e+00
5.004706107822870287e+00
5.004950290413264113e+00
5.005184721273992388e+00
5.005408571676972507e+00
5.005622349770429302e+00
5.005827283912958947e+00
5.006024243978472121e+00
5.006215197981955356e+00
5.006401710638463953e+00
5.006585879062920519e+00
5.006764862162679464e+00
5.006936957088917062e+00
5.007102429492086060e+00
5.007261583206862987e+00
5.007415899911584312e+00
5.007566886691065200e+00
5.007716045908317426e+00
5.007863584633605036e+00
5.008008529364751382e+00
5.008149556776197109e+00
5.008289822142258707e+00
5.008430331328570517e+00
5.008570941861405501e+00
5.008710375509843438e+00
5.008846984652489454e+00
5.008979727176636310e+00
5.009108409050538668e+00
5.009233106922045486e+00
5.009354159801884698e+00
5.009472201054602891e+00
5.009588028143778793e+00
5.009702600806638983e+00
5.009816789643525503e+00
5.009931839851348379e+00
5.010043103152570509e+00
5.010147980281767666e+00
5.010245248403084162e+00
5.010334372257498003e+00
5.010415574272778727e+00
5.010489142912124549e+00
5.010555759060813408e+00
5.010614196851534530e+00
5.010662281785775996e+00
5.010698600870241215e+00
5.010724909950663886e+00
5.010742163311376451e+00
5.010753483335872005e+00
5.010759473231307659e+00
5.010763598660566309e+00
5.010766150946006192e+00
5.010765921677906576e+00
5.010764662281967929e+00
5.010762130547906423e+00
5.010760942474978386e+00
5.010761020730676307e+00
5.010760490123063349e+00
5.010761328006335447e+00
5.010763032293032104e+00
5.010768119926648723e+00
5.010776938293563632e+00
5.010787715306939560e+00
5.010799555980335995e+00
5.010810919931824259e+00
5.010820856926000211e+00
5.010828702979341465e+00
5.010833349348247978e+00
5.010834033513817509e+00
5.010829734461001550e+00
5.010819599981039651e+00
5.010802988726498874e+00
5.010778867758197030e+00
5.010746595093367617e+00
5.010705220715462538e+00
5.010653802130691226e+00
5.010591670146531840e+00
5.010517657419986115e+00
5.010431062124989232e+00
5.010330769282155039e+00
5.010216529492608650e+00
5.010087120944954009e+00
5.009941977609268626e+00
5.009780160367807156e+00
5.009600282285679995e+00
5.009402090099026594e+00
5.009184178665597287e+00
5.008945972465295604e+00
5.008686046667714997e+00
5.008403923224975962e+00
5.008099117365053310e+00
5.007770614486506844e+00
5.007421113226881104e+00
5.007050925281216536e+00
5.006662593197394706e+00
5.006257329743673878e+00
5.005837699223627979e+00
5.005405972089936206e+00
5.004964008044768597e+00
5.004512656975856011e+00
5.004053365897705774e+00
5.003587351899912328e+00
5.003114860516359563e+00
5.002637267869283200e+00
5.002154803771843739e+00
5.001668327126971292e+00
5.001178386558166267e+00
5.000685606237821546e+00
5.000190861832670919e+00
4.999694206279090558e+00
4.999196504105202443e+00
4.998698284488491517e+00
4.998200317185692576e+00
4.997703199435346022e+00
4.997207274187677406e+00
4.996712268453412875e+00
4.996217289541238671e+00
4.995720906194621058e+00
4.995226859275573084e+00
4.994736773979241207e+00
4.994251169499332121e+00
4.993769761447185651e+00
4.993291269626791262e+00
4.992819735568339468e+00
4.992356996622259402e+00
4.991903747145408410e+00
4.991459536861948543e+00
4.991023383748107278e+00
4.990595731076173713e+00
4.990179097030632782e+00
4.989773893144302974e+00
4.989379217896932062e+00
4.988993346590870459e+00
4.988613503139787575e+00
4.988242278669351215e+00
4.987880131464772049e+00
4.987527791347675432e+00
4.987186000731162139e+00
4.986856139351004025e+00
4.986533587213926921e+00
4.986215436581843186e+00
4.985900188323431514e+00
4.985587093320065222e+00
4.985276049461536019e+00
4.984967197992228982e+00
4.984660778001271275e+00
4.984357515696757446e+00
4.984057946868561295e+00
4.983762962065957147e+00
4.983473401639932021e+00
4.983189986396903137e+00
4.982913611430998202e+00
4.982645390231486893e+00
4.982386221021738670e+00
4.982137423336831183e+00
4.981899818174866823e+00
4.981674443494854110e+00
4.981462264761653991e+00
4.981263252470966130e+00
4.981076558225181472e+00
4.980905745953646324e+00
4.980753162850020566e+00
4.980619121717614561e+00
4.980503295690146714e+00
4.980404278014180619e+00
4.980319879848835285e+00
4.980247106554311465e+00
4.980189344126124240e+00
4.980148438846085490e+00
4.980124164926678532e+00
4.980114919979100385e+00
4.980119184161162948e+00
4.980140319081115763e+00
4.980178717524836429e+00
4.980238256641755790e+00
4.980315574990676453e+00
4.980410604063512103e+00
4.980518525919035433e+00
4.980637480836451303e+00
4.980768061500132404e+00
4.980911091078162656e+00
4.981070353571415588e+00
4.981242113743067357e+00
4.981426334936260858e+00
4.981622545305728345e+00
4.981828326243995519e+00
4.982043129444210905e+00
4.982265150915919705e+00
4.982493095617829937e+00
4.982724716287195044e+00
4.982957464881329734e+00
4.983189820978878082e+00
4.983424968659965870e+00
4.983664991740226036e+00
4.983910055920569349e+00
4.984159686617640972e+00
4.984412757359533153e+00
4.984672943592159733e+00
4.984942750442861836e+00
4.985222989913164149e+00
4.985513394210576266e+00
4.985812524311334037e+00
4.986124581113546839e+00
4.986451677918523728e+00
4.986794507928283160e+00
4.987152655102403465e+00
4.987524151928814931e+00
4.987913595341237460e+00
4.988322697483094537e+00
4.988752568379135610e+00
4.989202388949783185e+00
4.989671524815352477e+00
4.990159039251595985e+00
4.990667092032819774e+00
4.991191844806164291e+00
4.991729717642157560e+00
4.992281034045010557e+00
4.992844960033983703e+00
4.993423363506884982e+00
4.994017339512796028e+00
4.994629475005059938e+00
4.995256460882813165e+00
4.995895997934132637e+00
4.996548744864852232e+00
4.997214865438730058e+00
4.997896252773791126e+00
4.998589176736860651e+00
4.999291340909985948e+00
5.000002676673321211e+00
5.000723701618698946e+00
5.001455313839104910e+00
5.002199311159637674e+00
5.002958249352959186e+00
5.003728416912346155e+00
5.004508407838731188e+00
5.005297913305549962e+00
5.006097794897942599e+00
5.006908913083462309e+00
5.007732873015193320e+00
5.008571960531263301e+00
5.009422668494372566e+00
5.010283716149718458e+00
5.011154453657657548e+00
5.012035612143665553e+00
5.012928792141467582e+00
5.013830113835720859e+00
5.014737589858559552e+00
5.015645437367348691e+00
5.016551422081975353e+00
5.017455305658368836e+00
5.018358148984700229e+00
5.019262195356279044e+00
5.020164659001022045e+00
5.021065286226659374e+00
5.021964950837283226e+00
5.022865791522055368e+00
5.023770697616129155e+00
5.024677513070493262e+00
5.025586072854785868e+00
5.026492139823822924e+00
5.027394356407313580e+00
5.028292979426771225e+00
5.029184352956801440e+00
5.030066740416078375e+00
5.030935558058409640e+00
5.031789075858978499e+00
5.032626927323727628e+00
5.033446920268326075e+00
5.034248972736387273e+00
5.035031046919612230e+00
5.035792418919592173e+00
5.036533310316592349e+00
5.037254491947681601e+00
5.037957094214947418e+00
5.038642507247718783e+00
5.039311452113183876e+00
5.039961978547367494e+00
5.040593408845457368e+00
5.041202889248819652e+00
5.041790669240147515e+00
5.042358484916479533e+00
5.042909417800697014e+00
5.043446223713549337e+00
5.043968387633653627e+00
5.044476181805224613e+00
5.044967836678117656e+00
5.045443376354964649e+00
5.045904636286290490e+00
5.046349416874440941e+00
5.046776964642198493e+00
5.047185130804867192e+00
5.047573965802879314e+00
5.047945913501173720e+00
5.048303555749446225e+00
5.048650721773594086e+00
5.048986366368919398e+00
5.049310540311127582e+00
5.049621850602418860e+00
5.049920182392091839e+00
5.050207898091614744e+00
5.050482607014566305e+00
5.050744057759732897e+00
5.050989390384496680e+00
5.051218696195722835e+00
5.051434291057379511e+00
5.051638541739524868e+00
5.051834567166956447e+00
5.052022194970491320e+00
5.052201995976361104e+00
5.052370829187425194e+00
5.052529900573286881e+00
5.052680182108748141e+00
5.052820325499494558e+00
5.052949600635189498e+00
5.053064525980595967e+00
5.053165723640565155e+00
5.053254388641659212e+00
5.053333586096856678e+00
5.053406637125742229e+00
5.053472893895674112e+00
5.053533129353169784e+00
5.053584949123766101e+00
5.053628536817710959e+00
5.053665942092053776e+00
5.053694896673411208e+00
5.053715723719074404e+00
5.053725650767887601e+00
5.053724034746851501e+00
5.053712649111843369e+00
5.053688797742800887e+00
5.053652767894530662e+00
5.053601440607311091e+00
5.053535018928089428e+00
5.053455021252596602e+00
5.053358419306316129e+00
5.053245357053094189e+00
5.053112603101618028e+00
5.052960400564334265e+00
5.052789697909465083e+00
5.052598415894170358e+00
5.052385937871148869e+00
5.052150063255539614e+00
5.051890682393423759e+00
5.051609194894991717e+00
5.051305111126712433e+00
5.050977786669245795e+00
5.050625946076324091e+00
5.050248764829446735e+00
5.049849486762393980e+00
5.049429868275036704e+00
5.048994147443879754e+00
5.048543781751503090e+00
5.048079095819701045e+00
5.047599506193508390e+00
5.047103416884054283e+00
5.046593622194338380e+00
5.046071110518384195e+00
5.045538462215769293e+00
5.044995467813421008e+00
5.044443573916066015e+00
5.043883166948068819e+00
5.043317741827776146e+00
5.042748591677955083e+00
5.042175223083903646e+00
5.041601335556913810e+00
5.041028088332820900e+00
5.040460185112166869e+00
5.039899618031193462e+00
5.039345763848832149e+00
5.038802122028282149e+00
5.038268939258268908e+00
5.037750297376623720e+00
5.037247419954946182e+00
5.036757846066465483e+00
5.036284414717665747e+00
5.035826377758494843e+00
5.035387858377508685e+00
5.034969639928749352e+00
5.034568917305877633e+00
5.034188411535432728e+00
5.033827013412227380e+00
5.033489116804410912e+00
5.033174898141731468e+00
5.032881531512099826e+00
5.032611913030702766e+00
5.032364780755449019e+00
5.032144706716495719e+00
5.031951187794763136e+00
5.031783694794137674e+00
5.031638813635070484e+00
5.031511944217342602e+00
5.031404204547139436e+00
5.031313378905610811e+00
5.031243103804730943e+00
5.031192639639333386e+00
5.031160677801084447e+00
5.031144948594004518e+00
5.031144286266420629e+00
5.031157325661402169e+00
5.031183685396459992e+00
5.031217703539074826e+00
5.031256157284730079e+00
5.031292272304778379e+00
5.031321797623893310e+00
5.031343050398060512e+00
5.031355294282909618e+00
5.031358607258948901e+00
5.031348416460747153e+00
5.031322020518198102e+00
5.031278618581197293e+00
5.031218217981582974e+00
5.031140668650694536e+00
5.031042373438903148e+00
5.030921028356605262e+00
5.030775900611260454e+00
5.030607088150062189e+00
5.030414000002272346e+00
5.030193278414733626e+00
5.029941836891302032e+00
5.029660800544150767e+00
5.029349804443843830e+00
5.029007540529199183e+00
5.028630863500364256e+00
5.028216269088513712e+00
5.027764147182531396e+00
5.027273866233950450e+00
5.026745963578647114e+00
5.026176169139867866e+00
5.025562564728384807e+00
5.024905270559316683e+00
5.024203116966014626e+00
5.023456274492268392e+00
5.022660169748191628e+00
5.021812954915287897e+00
5.020913610232595303e+00
5.019963202474240660e+00
5.018961025325182845e+00
5.017906436843398765e+00
5.016801319418076943e+00
5.015642626730326903e+00
5.014431649369720745e+00
5.013170608205322232e+00
5.011861916107656967e+00
5.010509813798189604e+00
5.009115651173115857e+00
5.007681940419198341e+00
5.006212299985409508e+00
5.004709523392439685e+00
5.003178316277980819e+00
5.001622179669857893e+00
5.000046719235897719e+00
4.998455034715653333e+00
4.996848412079335056e+00
4.995231664849044684e+00
4.993607401622058184e+00
4.991981226427079754e+00
4.990356157643319968e+00
4.988732908589366133e+00
4.987116465193751402e+00
4.985508836133007549e+00
