0.000000000000000000e+00
0.000000000000000000e+00
-1.322969865213962912e-08
-7.965884606164762305e-08
-2.486203516127717068e-07
-5.476264664139309518e-07
-1.036390010540344672e-06
-1.544505164474685189e-06
-2.322725947578874184e-06
-9.199141891258487525e-07
2.585169252142804772e-06
6.040904820565628442e-06
1.210147832580332618e-05
2.120310583677565677e-05
3.632372388210570384e-05
6.418149130013264423e-05
1.068337834772137686e-04
1.686788085248736122e-04
2.554577789601353310e-04
3.740215595212248055e-04
5.307569089677599593e-04
7.354545886960296101e-04
9.953772384074001389e-04
1.318969774558809366e-03
1.716475981786515876e-03
2.196816142215994062e-03
2.767765868022707253e-03
3.446205529883173291e-03
4.238642949178484873e-03
5.157046589567927664e-03
6.217896986320283793e-03
7.427811670615938958e-03
8.818140822961596792e-03
1.038626720340516535e-02
1.215953369767930510e-02
1.413031180532243157e-02
1.630255838067796309e-02
1.869113613994386608e-02
2.129791517884996321e-02
2.413695057065751853e-02
2.722708960206773887e-02
3.053562869460848053e-02
3.407972385318545211e-02
3.785405744941501560e-02
4.183405299814014350e-02
4.602869470746783626e-02
5.044351090820101829e-02
5.504307528169421343e-02
5.984468211562898876e-02
6.482547004850175432e-02
7.000700910718704595e-02
7.537492652566696316e-02
8.096177776487137323e-02
8.675581892164016540e-02
9.272672017247940435e-02
9.889575024278426940e-02
1.052418853822496003e-01
1.118026967826630941e-01
1.185571362558152653e-01
1.255216290536668167e-01
1.326832940164353880e-01
1.400623889747407425e-01
1.476360919061448229e-01
1.554004921499039793e-01
1.633651371780182882e-01
1.715272541824127972e-01
1.798956849160934790e-01
1.884652574840332551e-01
1.972461309018875564e-01
2.062141712489868606e-01
2.153642233196045308e-01
2.246891780677582329e-01
2.341962035480285864e-01
2.438869680944229512e-01
2.537458856883789138e-01
2.638054974857116930e-01
2.740479048076416291e-01
2.845258804145599507e-01
2.952151652160430739e-01
3.061311002555633376e-01
3.172554441276336790e-01
3.285881074252868794e-01
3.401222701850676877e-01
3.518694051090025532e-01
3.638224979224943811e-01
3.759900339427732496e-01
3.883640225711607608e-01
4.009541722121977569e-01
4.137570746722959991e-01
4.267832251373075980e-01
4.400306959930204709e-01
4.534586771312498765e-01
4.670852061095976948e-01
4.809129234138274089e-01
4.949562378707672017e-01
5.092125531020905704e-01
5.236944027725005668e-01
5.383983667674803186e-01
5.533368488136076735e-01
5.684746964755797993e-01
5.837792452159666912e-01
5.992799945655608029e-01
6.149493892970824271e-01
6.308167215171600617e-01
6.468571480098511683e-01
6.630993099990630801e-01
6.795619650665067901e-01
6.962583144489074005e-01
7.131926818671967538e-01
7.303526433292176767e-01
7.477532025161531815e-01
7.653710325542237847e-01
7.832020588699128982e-01
8.012377270046021627e-01
8.194845481696869660e-01
8.379764922443180275e-01
8.567056401553897471e-01
8.756907316032198629e-01
8.949001224818973199e-01
9.143621774497772137e-01
9.340529759708190438e-01
9.539685948673033433e-01
9.741365154567502849e-01
9.944792660060667311e-01
1.015044120151116669e+00
1.035774358111931859e+00
1.056726268130852686e+00
1.077917128402306579e+00
1.099406274158074348e+00
1.121181772548272004e+00
1.143214767772271268e+00
1.165512295562340706e+00
1.188063693839623403e+00
1.210924869376732937e+00
1.234120472270562319e+00
1.257601054507805793e+00
1.281404524642540510e+00
1.305505076247765128e+00
1.329896376926018142e+00
1.354564257461143839e+00
1.379502347308708687e+00
1.404659288722588162e+00
1.430054224330498558e+00
1.455672360259606224e+00
1.481487088996483292e+00
1.507504256564689893e+00
1.533720897037101905e+00
1.560194547969414147e+00
1.586918900806022936e+00
1.613840907413078618e+00
1.640981164771629697e+00
1.668314467269493839e+00
1.695912216502740044e+00
1.723761890727593782e+00
1.751802628833367903e+00
1.780050350028588690e+00
1.808470333415581832e+00
1.837088723975731863e+00
1.865896573859765262e+00
1.894918318587853978e+00
1.924151218730523416e+00
1.953642586070611253e+00
1.983369298774316558e+00
2.013376515704706105e+00
2.043632012206629156e+00
2.074164129096583320e+00
2.104941283065394408e+00
2.135953255492762715e+00
2.167196260291651910e+00
2.198658064204769058e+00
2.230288360911922396e+00
2.262082961398677483e+00
2.294015532332973173e+00
2.326063631373957996e+00
2.358201921779231380e+00
2.390416131812647560e+00
2.422664085227564268e+00
2.454942775565699176e+00
2.487224064666345935e+00
2.519498282271936507e+00
2.551738160449579240e+00
2.583929801780298074e+00
2.616061001617028925e+00
2.648118372756555150e+00
2.680093749362542521e+00
2.711970597106530434e+00
2.743736158210351661e+00
2.775388360816553046e+00
2.806915188628747782e+00
2.838322952586724846e+00
2.869599326449945309e+00
2.900753331977441896e+00
2.931771844226434443e+00
2.962667394477441096e+00
2.993423643905237075e+00
3.024052909213616580e+00
3.054533847171380323e+00
3.084860015708520198e+00
3.115016270476891780e+00
3.144997025329187235e+00
3.174787824946954551e+00
3.204385245639398416e+00
3.233823653060510228e+00
3.263088832694604147e+00
3.292206557590080962e+00
3.321121612388207467e+00
3.349863506156518067e+00
3.378433585959985219e+00
3.406814466315820411e+00
3.435007448989465750e+00
3.462960372764185557e+00
3.490681429702356731e+00
3.518179205257013553e+00
3.545456424552515085e+00
3.572523303824976182e+00
3.599374361831263247e+00
3.626014233428553446e+00
3.652435005504206078e+00
3.678639012176111667e+00
3.704582055408075725e+00
3.730275402862146983e+00
3.755680359202936636e+00
3.780813461143091914e+00
3.805687130290583475e+00
3.830295255977228752e+00
3.854645243484095207e+00
3.878736935454920154e+00
3.902576962310389419e+00
3.926159144240931376e+00
3.949461928206995598e+00
3.972459686595514405e+00
3.995193692046716816e+00
4.017637680369928077e+00
4.039826114970757942e+00
4.061780348617150871e+00
4.083482094604089063e+00
4.104947207767084549e+00
4.126158445674494857e+00
4.147131188708857330e+00
4.167848003703669590e+00
4.188280974227503783e+00
4.208470576602534763e+00
4.228388381797389961e+00
4.248070100146846606e+00
4.267483361560421962e+00
4.286655053693371187e+00
4.305621835786419993e+00
4.324374821979123595e+00
4.342921621400433807e+00
4.361250902015286535e+00
4.379410955506878977e+00
4.397375909883099787e+00
4.415144313174802271e+00
4.432699234086591389e+00
4.450042352277356450e+00
4.467216281491833918e+00
4.484205183583814147e+00
4.500984798270780018e+00
4.517550994950848775e+00
4.533914395171720457e+00
4.550118183690626594e+00
4.566151573258955487e+00
4.582008256513198319e+00
4.597676599818786514e+00
4.613128077584823572e+00
4.628374344903549265e+00
4.643388371068557063e+00
4.658178451854308122e+00
4.672794212895949428e+00
4.687224142152388140e+00
4.701467115480024717e+00
4.715490890342314501e+00
4.729299484092314820e+00
4.742879192430098811e+00
4.756231305200180337e+00
4.769363762933334527e+00
4.782293357450088322e+00
4.795018556911071705e+00
4.807520817119201872e+00
4.819799676734527694e+00
4.831860463220198909e+00
4.843717339831909108e+00
4.855368412334045480e+00
4.866796799499114812e+00
4.878004020053467116e+00
4.888996982175430439e+00
4.899791875678619846e+00
4.910387352305969344e+00
4.920789219934067482e+00
4.930990711051545183e+00
4.940991875726303384e+00
4.950804252225479374e+00
4.960424272018989278e+00
4.969853742319664036e+00
4.979086109000763649e+00
4.988120187121948490e+00
4.996957071024497488e+00
5.005584511953910187e+00
5.014003650743086737e+00
5.022217154699881725e+00
5.030238764483054403e+00
5.038058982092460170e+00
5.045687975484451471e+00
5.053110690313896924e+00
5.060334367949089973e+00
5.067370566922745567e+00
5.074211314517579119e+00
5.080865646201691455e+00
5.087319356996140129e+00
5.093577910858711810e+00
5.099650135833344144e+00
5.105529127317986138e+00
5.111222448546012487e+00
5.116716246205886165e+00
5.122015429932197605e+00
5.127127248841842899e+00
5.132029136318286611e+00
5.136728453535159389e+00
5.141230969626029434e+00
5.145538321930488657e+00
5.149654570120891783e+00
5.153565199572167188e+00
5.157273655432781823e+00
5.160785447854122410e+00
5.164102491337379419e+00
5.167228673595507971e+00
5.170152048367580022e+00
5.172875172990878845e+00
5.175403833884319127e+00
5.177743991810402235e+00
5.179897835600694833e+00
5.181854125160297642e+00
5.183614694524130151e+00
5.185183682787737780e+00
5.186564521688542762e+00
5.187759138989768815e+00
5.188758595261298900e+00
5.189564674395643173e+00
5.190179165761493074e+00
5.190605079467915495e+00
5.190845499179833844e+00
5.190902856180020564e+00
5.190780725685455010e+00
5.190481203963555501e+00
5.190008827281690884e+00
5.189367166144347898e+00
5.188557527793145496e+00
5.187584248764014916e+00
5.186450251323677207e+00
5.185160745663142556e+00
5.183719892335629353e+00
5.182131419164633712e+00
5.180400163067078623e+00
5.178530708534216487e+00
5.176526122821068832e+00
5.174391733837820695e+00
5.172132936996914232e+00
5.169751830530859849e+00
5.167254265380599065e+00
5.164643114340997876e+00
5.161924106312489435e+00
5.159106585515235821e+00
5.156196323466991416e+00
5.153201812935567006e+00
5.150127904248929411e+00
5.146981786919333501e+00
5.143771882487036429e+00
5.140508589578368870e+00
5.137201800776221461e+00
5.133861333859660370e+00
5.130497515035369993e+00
5.127118130756118219e+00
5.123731319440105736e+00
5.120343821776606852e+00
5.116966316831804029e+00
5.113608351481653713e+00
5.110278160703874306e+00
5.106982864869332950e+00
5.103726550472474699e+00
5.100517089796759329e+00
5.097358372641301649e+00
5.094262586665844417e+00
5.091238494945263149e+00
5.088294685912821969e+00
5.085441337657664818e+00
5.082677996886466154e+00
5.080013977719041840e+00
5.077452190352174100e+00
5.074996067417355761e+00
5.072653242034406595e+00
5.070426801276893158e+00
5.068323888016433187e+00
5.066356455517500024e+00
5.064528747630803629e+00
5.062838382107704760e+00
5.061302434635847725e+00
5.059917042983263613e+00
5.058695776594371196e+00
5.057644743827670375e+00
5.056765753833145638e+00
5.056058624965638515e+00
5.055540419874281710e+00
5.055196620022446297e+00
5.055038284567684670e+00
5.055073577148407438e+00
5.055294416268854896e+00
5.055696443600147916e+00
5.056286345814854144e+00
5.057048594077617309e+00
5.057978578751474608e+00
5.059077809622079869e+00
5.060328319390803742e+00
5.061736331751138351e+00
5.063301201035767640e+00
5.065008301009922498e+00
5.066850133409291246e+00
5.068808148225337540e+00
5.070883104076177261e+00
5.073069420774966254e+00
5.075350933542043030e+00
5.077724514474660111e+00
5.080173315127879619e+00
5.082703999897033142e+00
5.085293675085097220e+00
5.087931262274771882e+00
5.090606389959841493e+00
5.093305962999850500e+00
5.096013010760336748e+00
5.098721360882311870e+00
5.101417903026134404e+00
5.104101623316796399e+00
5.106756665130646411e+00
5.109374296089202794e+00
5.111943924745113499e+00
5.114459235688240568e+00
5.116911540200502984e+00
5.119290788342746090e+00
5.121583519300015652e+00
5.123781933804543165e+00
5.125880363454610844e+00
5.127866573353799140e+00
5.129739388694557256e+00
5.131489308049474118e+00
5.133117212822233100e+00
5.134614147712980525e+00
5.135973696728740379e+00
5.137195402999911842e+00
5.138268884812984716e+00
5.139196614121590123e+00
5.139969469775949484e+00
5.140588730854485533e+00
5.141057776381765088e+00
5.141366454233918581e+00
5.141517771241758794e+00
5.141502154337048047e+00
5.141320419737875014e+00
5.140977929139315172e+00
5.140477031746685022e+00
5.139822298118651211e+00
5.139011315682709302e+00
5.138046763965665953e+00
5.136936698907792476e+00
5.135682772600829615e+00
5.134287917518793876e+00
5.132758491540132972e+00
5.131094368452012056e+00
5.129304210299430622e+00
5.127389783168016635e+00
5.125353097969472138e+00
5.123208085352361607e+00
5.120959698611676103e+00
5.118620929622828442e+00
5.116195603215873966e+00
5.113690371716201888e+00
5.111113409602821456e+00
5.108474254214944388e+00
5.105783712768735327e+00
5.103050098324001915e+00
5.100278440320670903e+00
5.097479852640806719e+00
5.094663089120564869e+00
5.091840416097817901e+00
5.089019616449055761e+00
5.086207495832619330e+00
5.083413727188285769e+00
5.080648278796848771e+00
5.077924920225320271e+00
5.075250185036836115e+00
5.072633471989806964e+00
5.070082236433204770e+00
5.067603169733461144e+00
5.065207037383493649e+00
5.062893094921287584e+00
5.060666987055717492e+00
5.058533195907055635e+00
5.056496165448606028e+00
5.054567278677404296e+00
5.052745731377780380e+00
5.051037946397245015e+00
5.049444723332107365e+00
5.047968686425863716e+00
5.046614748442351583e+00
5.045378169918238953e+00
5.044258639940797373e+00
5.043253040293036449e+00
5.042362879568515588e+00
5.041590748334107808e+00
5.040930232608494599e+00
5.040378381961760468e+00
5.039927396492836387e+00
5.039577428193566355e+00
5.039328740330216050e+00
5.039176104206395834e+00
5.039114778091003721e+00
5.039133647671239835e+00
5.039232689189064196e+00
5.039411066053706811e+00
5.039663783023405230e+00
5.039985889317739165e+00
5.040368438856946298e+00
5.040810662256823171e+00
5.041310587907479324e+00
5.041863130713151619e+00
5.042463003071294914e+00
5.043102278234707470e+00
5.043778967978703065e+00
5.044488400640236847e+00
5.045223295437442523e+00
5.045975522147761794e+00
5.046735530169950579e+00
5.047499103294954992e+00
5.048260050686344869e+00
5.049015711443767707e+00
5.049760889308796408e+00
5.050489253299581094e+00
5.051197629692303792e+00
5.051881901296126465e+00
5.052539649950611000e+00
5.053167676897990290e+00
5.053764994712818037e+00
5.054331608647752994e+00
5.054866242269326904e+00
5.055366131151367348e+00
5.055828554267336017e+00
5.056250798860836504e+00
5.056630983809281332e+00
5.056966316262532679e+00
5.057257013293255277e+00
5.057503425525774254e+00
5.057704007355768638e+00
5.057857556157085099e+00
5.057961787944930343e+00
5.058017388708228701e+00
5.058026810704302711e+00
5.057992167583703846e+00
5.057916228365191280e+00
5.057801008088554262e+00
5.057648504082153273e+00
5.057460032146464002e+00
5.057235751509705501e+00
5.056977662559638098e+00
5.056689573865422282e+00
5.056374186653682656e+00
5.056032488461620567e+00
5.055665244836395900e+00
5.055273597132450725e+00
5.054862007986791639e+00
5.054433126900383044e+00
5.053988047618457102e+00
5.053527686301656274e+00
5.053051864210552857e+00
5.052560435835309782e+00
5.052053281854876232e+00
5.051532699991055253e+00
5.050999118056186177e+00
5.050454924259372369e+00
5.049900479432234413e+00
5.049338744025716252e+00
5.048774718161710418e+00
5.048209870498666874e+00
5.047648115757892739e+00
5.047090170946011867e+00
5.046539380107114781e+00
5.045996600877533211e+00
5.045459772128650933e+00
5.044930900935122864e+00
5.044408971000501118e+00
5.043896483074913561e+00
5.043393499221692444e+00
5.042897361446213367e+00
5.042409764457536525e+00
5.041929397512270761e+00
5.041458705369426418e+00
5.040997584465933379e+00
5.040543321859134451e+00
5.040097544867588653e+00
5.039659071791960265e+00
5.039230239655866583e+00
5.038810542266860537e+00
5.038402672302023433e+00
5.038007049899593248e+00
5.037620966289237501e+00
5.037246183868543170e+00
5.036881528239742778e+00
5.036529433842796166e+00
5.036190053004817813e+00
5.035860390853183155e+00
5.035542180057662520e+00
5.035234100524382583e+00
5.034938619624869993e+00
5.034655722625601015e+00
5.034382547553676979e+00
5.034121086489457220e+00
5.033870179340292239e+00
5.033632606104066376e+00
5.033408217228998893e+00
5.033198055982639474e+00
5.032997412052055530e+00
5.032803777366925857e+00
5.032616112794777052e+00
5.032434165518780311e+00
5.032258630454589543e+00
5.032084830462982161e+00
5.031910250451463895e+00
5.031733931157786444e+00
5.031555712599357300e+00
5.031375919397970797e+00
5.031195403713783598e+00
5.031015131346931568e+00
5.030831227865120603e+00
5.030641674365898375e+00
5.030445777162960042e+00
5.030243568424185518e+00
5.030035225380262709e+00
5.029816491961529579e+00
5.029585139010150918e+00
5.029340341597844599e+00
5.029082093149471966e+00
5.028810753304560066e+00
5.028527195811320460e+00
5.028232669089038431e+00
5.027928516421514615e+00
5.027616327446001065e+00
5.027297643985646936e+00
5.026974203478592251e+00
5.026647518541713211e+00
5.026314089451035194e+00
5.025972268361649675e+00
5.025621504787407545e+00
5.025262069594166547e+00
5.024894360605678401e+00
5.024515971954962801e+00
5.024127333317003341e+00
5.023730383034847868e+00
5.023323654536207883e+00
5.022907624695499784e+00
5.022480164546568204e+00
5.022041695755024904e+00
5.021594313312372826e+00
5.021139319878122897e+00
5.020676871914468542e+00
5.020206869732641408e+00
5.019729131501220465e+00
5.019247699569964638e+00
5.018765318322978786e+00
5.018283000741205591e+00
5.017801343020101612e+00
5.017319965999623044e+00
5.016838416572710457e+00
5.016356079544921798e+00
5.015876993428965314e+00
5.015403987433811217e+00
5.014937941957316347e+00
5.014479392770729405e+00
5.014027963843248337e+00
5.013588366512260031e+00
5.013163957748612454e+00
5.012755730789205444e+00
5.012364876534840086e+00
5.011990938972731513e+00
5.011633841659922872e+00
5.011292267520030208e+00
5.010970108922620625e+00
5.010670934360522466e+00
5.010395509511279322e+00
5.010145161155658222e+00
5.009919255305127272e+00
5.009717053681657539e+00
5.009538790438370803e+00
5.009383106021257248e+00
5.009249586373613283e+00
5.009136654142335665e+00
5.009043170189531047e+00
5.008968085636430700e+00
5.008909937952688907e+00
5.008867818106939040e+00
5.008840228255413862e+00
5.008825989699962733e+00
5.008823389331209519e+00
5.008835605929471413e+00
5.008862939995580632e+00
5.008909680747295035e+00
5.008978168994056901e+00
5.009067992225157084e+00
5.009177932666482036e+00
5.009304750954598262e+00
5.009451018620148410e+00
5.009617331467435264e+00
5.009802365351335496e+00
5.010003995105492436e+00
5.010218599095807690e+00
5.010448347285256787e+00
5.010693521566556008e+00
5.010952686566725767e+00
5.011223583400115089e+00
5.011503112327171827e+00
5.011788058757646880e+00
5.012074888266488060e+00
5.012365393221243970e+00
5.012659737944467508e+00
5.012956660345061266e+00
5.013254216343028702e+00
5.013549949277056328e+00
5.013846100970966724e+00
5.014143385916812079e+00
5.014440711282056817e+00
5.014736453361673618e+00
5.015028075884892189e+00
5.015312722895159503e+00
5.015588021792335205e+00
5.015855639997734094e+00
5.016115973435206321e+00
5.016367711137844410e+00
5.016608991093796988e+00
5.016838116060807096e+00
5.017057130794836617e+00
5.017266985896839948e+00
5.017467997141047853e+00
5.017660796727850148e+00
5.017845650344951558e+00
5.018022902823847886e+00
5.018193137228351475e+00
5.018356491040300682e+00
5.018513496920329331e+00
5.018664294138414306e+00
5.018809211246534119e+00
5.018948670515654520e+00
5.019081318696824390e+00
5.019205003484946914e+00
5.019317602591452321e+00
5.019421180479093358e+00
5.019516365306317951e+00
5.019605641208454649e+00
5.019688297474623084e+00
5.019765763000451742e+00
5.019836659521662803e+00
5.019901060179674523e+00
5.019959643419698914e+00
5.020013610890003086e+00
5.020064343504476057e+00
5.020113424860741524e+00
5.020162293358575667e+00
5.020207129346075270e+00
5.020245841119305830e+00
5.020277286499605474e+00
5.020301302715072467e+00
5.020317742087046398e+00
5.020322025467448768e+00
5.020311454127350359e+00
5.020284610514336165e+00
5.020241151170612426e+00
5.020180588846833381e+00
5.020100597001418308e+00
5.020001361368029436e+00
5.019883952474026856e+00
5.019746985684884422e+00
5.019590419277354165e+00
5.019412375677181792e+00
5.019213259152873086e+00
5.018994570661139853e+00
5.018754709612381681e+00
5.018494129076403354e+00
5.018210646852653056e+00
5.017904923528235805e+00
5.017579438209336828e+00
5.017237744375865560e+00
5.016883315637509000e+00
5.016516090266207151e+00
5.016137395545640310e+00
5.015745982646741652e+00
5.015342543244162066e+00
5.014929560057618474e+00
5.014505356743730324e+00
5.014070808708467553e+00
5.013623662374713241e+00
5.013164373196461021e+00
5.012695564672151605e+00
5.012220385230877540e+00
5.011743021502891082e+00
5.011263186566332628e+00
5.010782679065862055e+00
5.010300619199671068e+00
5.009819148041106729e+00
5.009337795421279438e+00
5.008853553652562240e+00
5.008367694176533824e+00
5.007878993645109134e+00
5.007389306098020576e+00
5.006897993057765284e+00
5.006404225013949549e+00
5.005912438452043922e+00
5.005425143286386991e+00
5.004944055497448474e+00
5.004470153830746781e+00
5.004003118507366565e+00
5.003548256948393558e+00
5.003108702383739725e+00
5.002686558857363686e+00
5.002283123887879768e+00
5.001897537417513639e+00
5.001535478018028336e+00
5.001200149252816196e+00
5.000893875106974917e+00
5.000617616258366205e+00
5.000371916692508911e+00
5.000157076984447890e+00
4.999972519434791707e+00
4.999818204005984867e+00
4.999693201135648302e+00
4.999596891773669505e+00
4.999528581428147156e+00
4.999487307842626294e+00
4.999472381898939055e+00
4.999482701393115569e+00
4.999517393524564035e+00
4.999575440187743247e+00
4.999655940525970621e+00
4.999757928822926800e+00
4.999880664574718914e+00
5.000023054483151874e+00
5.000184168855465572e+00
5.000362860097355977e+00
5.000558136741435789e+00
5.000769204239165155e+00
5.000994868765389789e+00
5.001234221963947846e+00
5.001485929733876290e+00
5.001749079118285479e+00
5.002022923308228286e+00
5.002304905208562857e+00
5.002591963748251658e+00
5.002880453451339804e+00
5.003171713094030082e+00
5.003465413677310458e+00
5.003762128504728679e+00
5.004057778551047164e+00
5.004350269383553318e+00
5.004635782467935279e+00
5.004913680686417621e+00
5.005181017874543059e+00
5.005435319377844472e+00
5.005678063167994019e+00
5.005909314735596638e+00
5.006127436629300043e+00
5.006330125856017332e+00
5.006515591724580716e+00
5.006685515216356741e+00
5.006840324190250158e+00
5.006980737841493223e+00
5.007107794482997143e+00
5.007222399527944567e+00
5.007322902309513601e+00
5.007409969822308682e+00
5.007482076927824544e+00
5.007539773376462833e+00
5.007580724747657364e+00
5.007601240498751771e+00
5.007600655038239701e+00
5.007576687582166564e+00
5.007529231295319683e+00
5.007456388254048818e+00
5.007359305903645641e+00
5.007240484100165645e+00
5.007099666031408880e+00
5.006938310372043510e+00
5.006755343949753190e+00
5.006552579732943542e+00
5.006333537133741629e+00
5.006100292312313016e+00
5.005857705021608872e+00
5.005608475296159376e+00
5.005353236696084451e+00
5.005091907264998419e+00
5.004823955143204550e+00
5.004552725287487291e+00
5.004279905775895543e+00
5.004005638020446511e+00
5.003729072822591384e+00
5.003449077712704529e+00
5.003168919751753485e+00
5.002890160860826718e+00
5.002615610206833985e+00
5.002343247620723687e+00
5.002073503764679963e+00
5.001806499822399665e+00
5.001542372009120108e+00
5.001281449416986824e+00
5.001023685684762299e+00
5.000769432796499991e+00
5.000518628036938473e+00
5.000271383500062505e+00
5.000027744746170733e+00
4.999792192014268721e+00
4.999566703060977169e+00
4.999356812848112952e+00
4.999166205203495750e+00
4.998996129403225019e+00
4.998846834948621698e+00
4.998716725981199538e+00
4.998609602911733951e+00
4.998527800938450838e+00
4.998471642997452058e+00
4.998440726869144868e+00
4.998433464989635588e+00
4.998449173467803597e+00
4.998489159378793900e+00
4.998548170752464159e+00
4.998623234048126918e+00
4.998712939709067271e+00
4.998816822064682697e+00
4.998935274840906828e+00
4.999066258599623502e+00
4.999204870560780556e+00
4.999350943663731783e+00
4.999501438825965316e+00
4.999656887488083790e+00
4.999814879322068251e+00
4.999976107185349683e+00
5.000141511266694039e+00
5.000311374259755581e+00
5.000486547169849416e+00
5.000667234198764355e+00
5.000853967206194461e+00
5.001047564210013618e+00
5.001243131352232751e+00
5.001438256935792026e+00
5.001631606170551692e+00
5.001822924768196010e+00
5.002012284179794932e+00
5.002197164004313024e+00
5.002375558880733486e+00
5.002549903807805620e+00
5.002721381378934851e+00
5.002889635158346060e+00
5.003053745800272623e+00
5.003212556043282078e+00
5.003369295397415151e+00
5.003525599674895297e+00
5.003681506966814574e+00
5.003836337659151923e+00
5.003988728714751311e+00
5.004138530553893460e+00
5.004286295376361160e+00
5.004431655505316101e+00
5.004572963794337248e+00
5.004708291045965929e+00
5.004835797385887020e+00
5.004957860191926677e+00
5.005075405422240387e+00
5.005187736987709357e+00
5.005293386816620504e+00
5.005390931931897214e+00
5.005483053769558488e+00
5.005570964417993984e+00
5.005654099346712904e+00
5.005731109865584116e+00
5.005800480619647885e+00
5.005863268119857601e+00
5.005918145976603562e+00
5.005966814444974489e+00
5.006012708894550300e+00
5.006056183861210762e+00
5.006099598571299936e+00
5.006142474609068138e+00
5.006186780897540878e+00
5.006231608708028524e+00
5.006273945747515164e+00
5.006314110537632089e+00
5.006350169263886762e+00
5.006383076920745800e+00
5.006411081594986712e+00
5.006433756200702412e+00
5.006450733633816874e+00
5.006462336495157039e+00
5.006468778077965531e+00
5.006470628882948581e+00
5.006468294150530518e+00
5.006457230721702345e+00
5.006434678221688195e+00
5.006399186947949609e+00
5.006349927080431250e+00
5.006286058840908382e+00
5.006202797596909448e+00
5.006097248667487065e+00
5.005968382559353280e+00
5.005815530396635182e+00
5.005639132499331900e+00
5.005439761314177005e+00
5.005217946186298228e+00
5.004974852796279627e+00
5.004711363833032500e+00
5.004429177246621840e+00
5.004129478983215584e+00
5.003813685528568200e+00
5.003483339003853558e+00
5.003139523058764304e+00
5.002784152343504154e+00
5.002418493084244133e+00
5.002044001496963155e+00
5.001662039622298828e+00
5.001274182587497563e+00
5.000882204673819054e+00
5.000487137935690996e+00
5.000090774833791052e+00
4.999693937576942027e+00
4.999297250039510310e+00
4.998903311617307388e+00
4.998510033540062736e+00
4.998118316396706895e+00
4.997725509382420661e+00
4.997331365324192198e+00
4.996938025854163357e+00
4.996548465355866497e+00
4.996167110480003615e+00
4.995793295405439594e+00
4.995428836620979141e+00
4.995071577146283914e+00
4.994721654481820039e+00
4.994381874888769168e+00
4.994050113238028388e+00
4.993727398007741236e+00
4.993410871341457558e+00
4.993100230168184162e+00
4.992797567374636536e+00
4.992505646288027066e+00
4.992228880725432916e+00
4.991966016865899469e+00
4.991718378938367451e+00
4.991483805473526658e+00
4.991264244891336688e+00
4.991058856822184531e+00
4.990863720677427118e+00
4.990679770946136351e+00
4.990504735257110802e+00
4.990340324207773293e+00
4.990185421645273678e+00
4.990036824127292547e+00
4.989896438313281557e+00
4.989763150425261529e+00
4.989640136487416555e+00
4.989527761941409345e+00
4.989423847948766699e+00
4.989330823575712337e+00
4.989248255338154081e+00
4.989179668757698138e+00
4.989125711150100173e+00
4.989084957475405702e+00
4.989054591083529999e+00
4.989030540332294983e+00
4.989013887976160966e+00
4.989003164931763656e+00
4.989001060288409839e+00
4.989007738152412053e+00
4.989021008900725640e+00
4.989043262434550208e+00
4.989073976689376799e+00
4.989116517590717947e+00
4.989171632925406996e+00
4.989237789298766046e+00
4.989312273339725934e+00
4.989391088077225866e+00
4.989475259437583965e+00
4.989563606764546577e+00
4.989657092235407987e+00
4.989752405743471897e+00
4.989848687901519142e+00
4.989946995667538410e+00
4.990049357937073715e+00
4.990158952457255381e+00
4.990273842142318728e+00
4.990394377309251617e+00
4.990516953646558562e+00
4.990640523388403693e+00
4.990766061527076580e+00
4.990890246910395511e+00
4.991012140942159725e+00
4.991127566323970477e+00
4.991235126397926436e+00
4.991335352511498513e+00
4.991428265852276169e+00
4.991513279156182037e+00
4.991589659141730806e+00
4.991656952627356425e+00
4.991718977015819014e+00
4.991778134812024703e+00
4.991835449059847996e+00
4.991891339422557472e+00
4.991945681461487538e+00
4.992001576420276088e+00
4.992059749855084050e+00
4.992118643625993890e+00
4.992179083699714859e+00
4.992238412929123292e+00
4.992296561614034900e+00
4.992355601411669674e+00
4.992413425963728280e+00
4.992470443431644256e+00
4.992523791982215187e+00
4.992573262826895508e+00
4.992619998582064511e+00
4.992665707279352105e+00
4.992712768671457191e+00
4.992758714683707133e+00
4.992802967374565526e+00
4.992846454494983988e+00
4.992890804313474540e+00
4.992938462189750126e+00
4.992986845151873077e+00
4.993035340897160168e+00
4.993084840594211649e+00
4.993136955840864921e+00
4.993194058431665638e+00
4.993257495608533603e+00
4.993327576514685617e+00
4.993404236548931507e+00
4.993486808185815917e+00
4.993577856320308150e+00
4.993675901732758327e+00
4.993782655896037426e+00
4.993896407607362420e+00
4.994018395758584639e+00
4.994148553396926538e+00
4.994285256528647743e+00
4.994426343628558307e+00
4.994569015103746068e+00
4.994715462756697200e+00
4.994866263057458511e+00
4.995022370853813953e+00
4.995185212438347122e+00
4.995356906821373677e+00
4.995533975289559336e+00
4.995715143756366494e+00
4.995900166725165015e+00
4.996089664270527031e+00
4.996285202746636678e+00
4.996482861695237254e+00
4.996681017616188214e+00
4.996879237686639108e+00
4.997078009584342340e+00
4.997278531772439969e+00
4.997478739583289808e+00
4.997679262721335114e+00
4.997878130396252061e+00
4.998071032298153860e+00
4.998257541862673570e+00
4.998435016517884577e+00
4.998603608870304527e+00
4.998760964685477148e+00
4.998903003522551458e+00
4.999029165572843603e+00
4.999137032135745784e+00
4.999226294896921274e+00
4.999295126699268899e+00
4.999342394230313680e+00
4.999368214254625187e+00
4.999372605973747774e+00
4.999356500908159973e+00
4.999321027206149459e+00
4.999266739873108989e+00
4.999194988123035088e+00
4.999106607883130771e+00
4.999003106512954986e+00
4.998885909587970744e+00
4.998756316452181991e+00
4.998615695311580787e+00
4.998464995109370257e+00
4.998305704490176637e+00
4.998139091552129543e+00
4.997966514182171416e+00
4.997785345640860299e+00
4.997595988278172641e+00
4.997395913907221932e+00
4.997185062811605682e+00
4.996963539262198495e+00
4.996735204894922511e+00
4.996502406195632240e+00
4.996266177304914180e+00
4.996026765693803995e+00
4.995783906140258246e+00
4.995541916106722269e+00
4.995303331174782535e+00
4.995069272284290207e+00
4.994840104327431085e+00
4.994615277320971991e+00
4.994398425807138331e+00
4.994190923356343959e+00
4.993992233694423355e+00
4.993800677348753325e+00
4.993613448989470349e+00
4.993432848126519552e+00
4.993258868184764054e+00
4.993095578075279484e+00
4.992944629545217339e+00
4.992805333723209671e+00
4.992678493120604521e+00
4.992566614122027069e+00
4.992472659720935901e+00
4.992401615547844784e+00
4.992352059803800479e+00
4.992325837669326027e+00
4.992319774550399991e+00
4.992332983536892144e+00
4.992367927560829699e+00
4.992421365830364444e+00
4.992493866014543258e+00
4.992581333148542022e+00
4.992682401708576911e+00
4.992798433362756860e+00
4.992929848444898511e+00
4.993076419544656197e+00
4.993237284322519010e+00
4.993411465094673929e+00
4.993598233194338931e+00
4.993798454807388154e+00
4.994007066388864047e+00
4.994220829059620392e+00
4.994438513976771077e+00
4.994659234819252447e+00
4.994883228552776444e+00
4.995109184378073941e+00
4.995334543393239457e+00
4.995561442052259160e+00
4.995789896001353370e+00
4.996023512997910032e+00
4.996263544925733768e+00
4.996509102762922261e+00
4.996758304679080887e+00
4.997008320533915082e+00
4.997260947519227336e+00
4.997516193495378012e+00
4.997772170708759454e+00
4.998026213285757358e+00
4.998275302958918864e+00
4.998520872214119670e+00
4.998762744100075928e+00
4.999003972013723818e+00
4.999245648377817375e+00
4.999486587618720002e+00
4.999724703611116539e+00
4.999957356241773176e+00
5.000186063994893182e+00
5.000410730236450441e+00
5.000629319281558516e+00
5.000839069907795142e+00
5.001037141115646456e+00
5.001224667572657268e+00
5.001401242719272666e+00
5.001564647139292497e+00
5.001712115065437558e+00
5.001840918067154362e+00
5.001952367269676181e+00
5.002046137958075178e+00
5.002122248260545412e+00
5.002181461726556755e+00
5.002224234359579746e+00
5.002251792904696792e+00
5.002265048332753317e+00
5.002265263360928138e+00
5.002253695352005813e+00
5.002231015649627466e+00
5.002195812457243207e+00
5.002149137615227836e+00
5.002089889019729618e+00
5.002019278409892244e+00
5.001936330909842354e+00
5.001842865807005545e+00
5.001742332589813600e+00
5.001635010254569913e+00
5.001523322875612187e+00
5.001406894338318310e+00
5.001287742436864470e+00
5.001166884855368089e+00
5.001044629610143843e+00
5.000920769519173525e+00
5.000794862334617896e+00
5.000666249248201467e+00
5.000534017275089838e+00
5.000397287935951951e+00
5.000255004403183712e+00
5.000106160326864391e+00
4.999949622864837906e+00
4.999784731998111020e+00
4.999615361637438582e+00
4.999443896229381679e+00
4.999271543904210802e+00
4.999098813983615663e+00
4.998925648911860087e+00
4.998755299526270512e+00
4.998588391303088407e+00
4.998423005941327268e+00
4.998261572553779786e+00
4.998103706001307600e+00
4.997952653414573732e+00
4.997808922075670957e+00
4.997670399093073534e+00
4.997539593803700164e+00
4.997415966385047703e+00
4.997302827521230562e+00
4.997200251187202014e+00
4.997111732794907724e+00
4.997037830597724550e+00
4.996975673253650108e+00
4.996927283101717521e+00
4.996891174959488424e+00
4.996869964222893756e+00
4.996863415241127981e+00
4.996868200593628906e+00
4.996885978519451932e+00
4.996915068515111358e+00
4.996957896068226823e+00
4.997013541162480088e+00
4.997084153420757069e+00
4.997167749661485914e+00
4.997264856654685339e+00
4.997379046152811810e+00
4.997508868636096224e+00
4.997656241464892624e+00
4.997818724583367178e+00
4.997997470605651138e+00
4.998190531596073072e+00
4.998392677507826676e+00
4.998603148139544317e+00
4.998818139932581062e+00
4.999037196855523391e+00
4.999256989020385511e+00
4.999477362218775589e+00
4.999700653418430285e+00
4.999925297010222813e+00
5.000152392755726538e+00
5.000379789653696783e+00
5.000607848573006997e+00
5.000836588885166023e+00
5.001065138406582733e+00
5.001292655258901654e+00
5.001517755161501100e+00
5.001738930265882566e+00
5.001954874876417101e+00
5.002166096005118412e+00
5.002374154250597726e+00
5.002581553902006206e+00
5.002785971290892419e+00
5.002987244851417437e+00
5.003184347316152802e+00
5.003377616513051684e+00
5.003568105749315542e+00
5.003752212967252255e+00
5.003928416162256809e+00
5.004096450633829463e+00
5.004256453770672408e+00
5.004409029339899284e+00
5.004551101583514239e+00
5.004682183820280628e+00
5.004803608204695387e+00
5.004917181679504168e+00
5.005025632628695931e+00
5.005127110402556312e+00
5.005221754773976350e+00
5.005306955422730297e+00
5.005382704651439418e+00
5.005450792019710882e+00
5.005509598106599789e+00
5.005559661169989738e+00
5.005598774021943420e+00
5.005626754989369154e+00
5.005641189157485016e+00
5.005642213016197495e+00
5.005631498314121686e+00
5.005607447534947241e+00
5.005570426880530555e+00
5.005518365832195116e+00
5.005451934318207563e+00
5.005373681196160440e+00
5.005286841168216760e+00
5.005195733689850712e+00
5.005100620388202692e+00
5.005003305961527538e+00
5.004902038284727794e+00
5.004797349226812742e+00
5.004692365563625955e+00
5.004585393498803825e+00
5.004477948126534237e+00
5.004367146277019174e+00
5.004253498529235067e+00
5.004139524976873865e+00
5.004023371608147031e+00
5.003906418317147775e+00
5.003785758762768765e+00
5.003662181151248944e+00
5.003537698266245393e+00
5.003415617513620184e+00
5.003301135207675721e+00
5.003193706524706741e+00
5.003095697778426221e+00
5.003004874670096136e+00
5.002921719792448485e+00
5.002849226225317913e+00
5.002785585400798318e+00
5.002732008224502813e+00
5.002685892506652188e+00
5.002647219602168960e+00
5.002618686614243693e+00
5.002598304435761811e+00
5.002587152836295736e+00
5.002582536012724290e+00
5.002584573838777082e+00
5.002594359850428773e+00
5.002608556866563916e+00
5.002626275925813992e+00
5.002647495780058406e+00
5.002672766284469219e+00
5.002703026021281474e+00
5.002734235604674673e+00
5.002763895462646992e+00
5.002791269151874332e+00
5.002816188678058218e+00
5.002838643007358144e+00
5.002854205808048071e+00
5.002859910796192189e+00
5.002854969465786006e+00
5.002838633908338828e+00
5.002811621250963903e+00
5.002773479391268374e+00
5.002722519799514878e+00
5.002662626179314564e+00
5.002594443206123564e+00
5.002518429211719742e+00
5.002433526995971214e+00
5.002338453722567024e+00
5.002236681855664280e+00
5.002128924266816767e+00
5.002018028642432057e+00
5.001901751789645800e+00
5.001779931509316768e+00
5.001649442096621989e+00
5.001509133088784864e+00
5.001359942634972633e+00
5.001203003866049102e+00
5.001038926546844898e+00
5.000869312030647329e+00
5.000694401101592135e+00
5.000515702967915033e+00
5.000334094600203727e+00
5.000150132929358726e+00
4.999964828906033887e+00
4.999778892551933751e+00
4.999593683523511523e+00
4.999409844228451583e+00
4.999228349817370187e+00
4.999050105498556995e+00
4.998875901517843445e+00
4.998706788872754103e+00
4.998543872540271771e+00
4.998383931355006027e+00
4.998226800826764737e+00
4.998068978176839927e+00
4.997909607873685545e+00
4.997750308332420843e+00
4.997593543962961959e+00
4.997443137164614413e+00
4.997297930498994845e+00
4.997159171472691952e+00
4.997024339908191948e+00
4.996893106685408981e+00
4.996767569031023370e+00
4.996646694629842678e+00
4.996533210245350354e+00
4.996426916062289614e+00
4.996324815233627703e+00
4.996228657053241484e+00
4.996137166829237586e+00
4.996052913931587014e+00
4.995975574264692298e+00
4.995902131158316273e+00
4.995834278944337292e+00
4.995770747694574965e+00
4.995713971178437518e+00
4.995663289986942424e+00
4.995621598964016918e+00
4.995588358806372753e+00
4.995560374779552504e+00
4.995538855118603294e+00
4.995521891805501546e+00
4.995511630077771770e+00
4.995506796771760349e+00
4.995504004679488297e+00
4.995503878604123926e+00
4.995504790248797455e+00
4.995508491427154141e+00
4.995513410276015698e+00
4.995521789459144379e+00
4.995532645325276633e+00
4.995543060221811160e+00
4.995553897158811374e+00
4.995563369721627289e+00
4.995573329360910364e+00
4.995582406417221399e+00
4.995587587903123961e+00
4.995589491401173809e+00
4.995586290796769191e+00
4.995579438508270798e+00
4.995567845887984859e+00
4.995553586009904734e+00
4.995535699148444309e+00
4.995511027172456764e+00
4.995480375570028997e+00
4.995442077983885731e+00
4.995397955841168525e+00
4.995346531561358994e+00
4.995285050543739835e+00
4.995213990188918984e+00
4.995131503414146579e+00
4.995039110841013041e+00
4.994935994060493378e+00
4.994824300795577265e+00
4.994708359982601209e+00
4.994588342100163558e+00
4.994467878998968935e+00
4.994346917267669106e+00
4.994228188745458041e+00
4.994111707905087627e+00
4.993994789762202124e+00
4.993878860451061996e+00
4.993762256014872669e+00
4.993646658198689359e+00
4.993531140867402129e+00
4.993417744455640239e+00
4.993306075954590639e+00
4.993193036248687378e+00
4.993079554322886082e+00
4.992964099287766189e+00
4.992848341172342330e+00
4.992731451835265233e+00
4.992610240351189610e+00
4.992485496779683452e+00
4.992355685202184645e+00
4.992222339041311407e+00
4.992084655431811235e+00
4.991944730287198873e+00
4.991806873805600731e+00
4.991671672245267644e+00
4.991542522521468683e+00
4.991419443102333986e+00
4.991305460395070170e+00
4.991200742754863029e+00
4.991102460721286604e+00
4.991012144904362735e+00
4.990928244344670084e+00
4.990852863682214036e+00
4.990785388197529926e+00
4.990723025194149898e+00
4.990667838608627171e+00
4.990619140570764500e+00
4.990580123556558334e+00
4.990551554929244737e+00
4.990531845191273241e+00
4.990518232448504676e+00
4.990506722935953654e+00
4.990498458854984776e+00
4.990492441710798310e+00
4.990491378002611889e+00
4.990495543495040209e+00
4.990502806448482431e+00
4.990515711277828004e+00
4.990533914639952329e+00
4.990560908344912505e+00
4.990597438050306422e+00
4.990641658959783733e+00
4.990695653876163540e+00
4.990757802232974605e+00
4.990830178513998128e+00
4.990911822283514709e+00
4.990998817507051655e+00
4.991091753534847797e+00
4.991188337739432157e+00
4.991289865562567485e+00
4.991394670197616179e+00
4.991504399349789622e+00
4.991617875771473756e+00
4.991731661178048007e+00
4.991846482103566629e+00
4.991960648709785175e+00
4.992075729511555870e+00
4.992190572965768069e+00
4.992301959173632397e+00
4.992410597253468474e+00
4.992514934588103692e+00
4.992616352924957646e+00
4.992713933057963516e+00
4.992809385361031360e+00
4.992901889134079063e+00
4.992988653436183810e+00
4.993070371236532523e+00
4.993145624712921560e+00
4.993215784166820548e+00
4.993279749790087152e+00
4.993334648392044883e+00
4.993380941824868913e+00
4.993417130377490132e+00
4.993444487209778515e+00
4.993462069543889825e+00
4.993471526545468997e+00
4.993476016478084922e+00
4.993479740412143819e+00
4.993487964297814052e+00
4.993501112983498302e+00
4.993521871374389853e+00
4.993548783134604818e+00
4.993583338785386516e+00
4.993628991081780377e+00
4.993684932555472855e+00
4.993752763525983518e+00
4.993830480411117989e+00
4.993919239513044950e+00
4.994015685388286663e+00
4.994120915749509670e+00
4.994237630985146836e+00
4.994364524440309872e+00
4.994503353055036676e+00
4.994651396119438758e+00
4.994809920018009386e+00
4.994976051592669108e+00
4.995147665081015376e+00
4.995325955407165175e+00
4.995511454561195386e+00
4.995703411505960645e+00
4.995899431811117175e+00
4.996097819948040808e+00
4.996299968299858563e+00
4.996507066556655552e+00
4.996717851602874738e+00
4.996930703328392731e+00
4.997142335766397991e+00
4.997352136330150962e+00
4.997557794948512822e+00
4.997758427963995942e+00
4.997952966330045044e+00
4.998140388274036283e+00
4.998320401770464549e+00
4.998491631144128533e+00
4.998654456169744797e+00
4.998807641308223637e+00
4.998953199650561174e+00
4.999094233525386954e+00
4.999229655688097296e+00
4.999361577102383158e+00
4.999487319815372643e+00
4.999608373039801990e+00
4.999726826495890286e+00
4.999841211795274631e+00
4.999953393920723244e+00
5.000060594373780809e+00
5.000164016134504230e+00
5.000265746715878201e+00
5.000364564390322286e+00
5.000461636319225356e+00
5.000554515908872233e+00
5.000643969078947926e+00
5.000729600212935999e+00
5.000813363197658568e+00
5.000892669906307653e+00
5.000967379639325472e+00
5.001034337308658095e+00
5.001093322046501477e+00
5.001145844350969760e+00
5.001194549150234536e+00
5.001242546018614732e+00
5.001289251082046583e+00
5.001335183473702983e+00
5.001377649319758589e+00
5.001416677216467654e+00
5.001453642974076352e+00
5.001486614184387669e+00
5.001515217750266196e+00
5.001536380665774217e+00
5.001549705645001787e+00
5.001556537134738356e+00
5.001559508302589663e+00
5.001561854554156916e+00
5.001562811973335521e+00
5.001563090667486833e+00
5.001559943135371000e+00
5.001553417379627220e+00
5.001545124641860518e+00
5.001533648618505801e+00
5.001519899988788431e+00
5.001501811139760001e+00
5.001480447934019580e+00
5.001458869078207137e+00
5.001436396834916920e+00
5.001414669926754542e+00
5.001392111401084861e+00
5.001369721298117632e+00
5.001345263773121275e+00
5.001319912394985856e+00
5.001296898212761910e+00
5.001275377359720054e+00
5.001257194632211522e+00
5.001240491784423980e+00
5.001226624434362833e+00
5.001218160381554867e+00
5.001212874748759418e+00
5.001210655230257984e+00
5.001207389294736849e+00
5.001202087938887431e+00
5.001195437135626420e+00
5.001186628963202097e+00
5.001172883725828022e+00
5.001150728469816897e+00
5.001116773575647656e+00
5.001071585259505348e+00
5.001014384176686534e+00
5.000946707572892613e+00
5.000867587082192145e+00
5.000778936563162524e+00
5.000684224316953141e+00
5.000583511298625439e+00
5.000479111630571794e+00
5.000370236175236904e+00
5.000258732760427982e+00
5.000143442895364387e+00
5.000020943578434185e+00
4.999891293892738453e+00
4.999752355773104284e+00
4.999604700772192878e+00
4.999446739485588154e+00
4.999279130609806998e+00
4.999104474900391004e+00
4.998926114166255097e+00
4.998748260630394569e+00
4.998570652181382634e+00
4.998394884193415599e+00
4.998224227732147362e+00
4.998062516419317092e+00
4.997914976334299375e+00
4.997781355144554460e+00
4.997664302220666599e+00
4.997561774045327532e+00
4.997473838521265144e+00
4.997403582698763280e+00
4.997348609260382268e+00
4.997310079074097189e+00
4.997285490179067757e+00
4.997274138758524664e+00
4.997278627641949633e+00
4.997296235928528674e+00
4.997327917792585339e+00
4.997370767040861139e+00
4.997424170828176138e+00
4.997490687148397726e+00
4.997567763721322720e+00
4.997656338207177029e+00
4.997753126231707199e+00
4.997858501031748446e+00
4.997969395529232806e+00
4.998084745166577747e+00
4.998207166215161479e+00
4.998333774834627263e+00
4.998465698260570633e+00
4.998600044959913724e+00
4.998736366072428439e+00
4.998875080581513863e+00
4.999014976361525697e+00
4.999153767136616189e+00
4.999294142044838907e+00
4.999436479314918635e+00
4.999580137116589995e+00
4.999723229055979878e+00
4.999863211625942050e+00
5.000002306561672327e+00
5.000140897279361063e+00
5.000282977420591912e+00
5.000430405393000655e+00
5.000582873617988255e+00
5.000739364458006264e+00
5.000897641891371315e+00
5.001060212665925597e+00
5.001227590555079594e+00
5.001403329914190898e+00
5.001587820781148608e+00
5.001784407665707199e+00
5.001994217449552416e+00
5.002214810514575838e+00
5.002448596397167435e+00
5.002694532369947211e+00
5.002955358048653878e+00
5.003231122961021349e+00
5.003523914294071062e+00
5.003834205494946730e+00
5.004158263059085066e+00
5.004497074411934143e+00
5.004848823921506984e+00
5.005214231649167012e+00
5.005592297950514080e+00
5.005983626993127267e+00
5.006387916320689691e+00
5.006800868252046399e+00
5.007222132721670604e+00
5.007650133410222359e+00
5.008084837572401860e+00
5.008525426016873006e+00
5.008967492172246239e+00
5.009411030264322662e+00
5.009853823633616088e+00
5.010295724833135012e+00
5.010735524186616274e+00
5.011169084163134890e+00
5.011596234703189268e+00
5.012014971786862283e+00
5.012425601334994596e+00
5.012826217451815225e+00
5.013215412946169458e+00
5.013595165015882316e+00
5.013966901527469489e+00
5.014330152349298686e+00
5.014684165121739312e+00
5.015027117730800121e+00
5.015356595443311249e+00
5.015671614782634791e+00
5.015973141642035671e+00
5.016261191406966802e+00
5.016537990534425617e+00
5.016802784746261068e+00
5.017054670678199990e+00
5.017294608579695669e+00
5.017522880138576724e+00
5.017741104887545767e+00
5.017949743086218106e+00
5.018146066536874450e+00
5.018326425013810876e+00
5.018487331310033106e+00
5.018628290353087884e+00
5.018749526936305827e+00
5.018851403865706828e+00
5.018933964755129651e+00
5.018995236965571038e+00
5.019036039860662157e+00
5.019057976076587657e+00
5.019062161590995608e+00
5.019049631005477075e+00
5.019022073729288103e+00
5.018978146130543827e+00
5.018917328466055316e+00
5.018839351010833560e+00
5.018744493692506303e+00
5.018632828208941632e+00
5.018502503966304928e+00
5.018355919949102351e+00
5.018193088106203348e+00
5.018017153132098507e+00
5.017828935335712615e+00
5.017630911252784820e+00
5.017425093508649070e+00
5.017208490974593538e+00
5.016982212818551723e+00
5.016746644067900718e+00
5.016504051021622779e+00
5.016256818554687413e+00
5.016002654905753921e+00
5.015741814120994846e+00
5.015475321083651572e+00
5.015205074071276137e+00
5.014933651208269616e+00
5.014658837828175564e+00
5.014380771953003801e+00
5.014100314124808833e+00
5.013819191742078019e+00
5.013539515591547868e+00
5.013263868044450788e+00
5.012995353385194974e+00
5.012731445047394097e+00
5.012471983961151345e+00
5.012217567309128263e+00
5.011970078970627185e+00
5.011731853454695518e+00
5.011499688725308488e+00
5.011273236765847905e+00
5.011052833802388307e+00
5.010840437791633128e+00
5.010637394643711495e+00
5.010446217867869478e+00
5.010270550686259483e+00
5.010107644672831206e+00
5.009957664047692383e+00
5.009820528642599413e+00
5.009698548388992201e+00
5.009594099118698907e+00
5.009505231852966922e+00
5.009433041412705734e+00
5.009373375137659679e+00
5.009326598306510725e+00
5.009294581774015320e+00
5.009275444185917969e+00
5.009269218224657649e+00
5.009271706413860770e+00
5.009283349594483958e+00
5.009305186398710141e+00
5.009338135385338120e+00
5.009380926784511523e+00
5.009432182136375644e+00
5.009489258654799215e+00
5.009549000963020582e+00
5.009608735522638412e+00
5.009669255867051696e+00
5.009728468536781776e+00
5.009787186827892924e+00
5.009843339460353207e+00
5.009897473739843399e+00
5.009952678691048433e+00
5.010007905160461128e+00
5.010064605573576912e+00
5.010120833484839942e+00
5.010177064865280805e+00
5.010231073378969668e+00
5.010278437427627907e+00
5.010318357624495178e+00
5.010348109112968018e+00
5.010367546766213209e+00
5.010374304622676966e+00
5.010369028074350695e+00
5.010350132758180308e+00
5.010314560240516357e+00
5.010258482076609177e+00
5.010178733511277294e+00
5.010076466534667539e+00
5.009951261455573679e+00
5.009804867986970223e+00
5.009637213811659606e+00
5.009447430611039032e+00
5.009238385536158411e+00
5.009010454599195583e+00
5.008767110962801361e+00
5.008509193152569594e+00
5.008238822479181174e+00
5.007957878295713705e+00
5.007665489480281451e+00
5.007364782389634783e+00
5.007056028690571203e+00
5.006742028590674742e+00
5.006423789669210755e+00
5.006100122440988898e+00
5.005774143223102435e+00
5.005445939075585216e+00
5.005118700709577872e+00
5.004793599542613158e+00
5.004473600086207341e+00
5.004157603901261631e+00
5.003848150499549341e+00
5.003549816735472611e+00
5.003262981061276982e+00
5.002990526665387350e+00
5.002731391653805204e+00
5.002487808984160012e+00
5.002257946428299462e+00
5.002043381031990421e+00
5.001845145501583545e+00
5.001665772457062786e+00
5.001509533474608915e+00
5.001374110110491600e+00
5.001260208195463797e+00
5.001162790941463321e+00
5.001081140531614899e+00
5.001015399854086496e+00
5.000962288250602406e+00
5.000921979007698859e+00
5.000890204653996918e+00
5.000866986817137594e+00
5.000853838330523438e+00
5.000848926921762860e+00
5.000852161059309964e+00
5.000860518554262946e+00
5.000873709329906269e+00
5.000893576268143015e+00
5.000918535256793973e+00
5.000948690145311737e+00
5.000980761036778688e+00
5.001014954438003812e+00
5.001052597614041417e+00
5.001095711013338274e+00
5.001143917028827879e+00
5.001197512994557393e+00
