8.719532771724796476e+03
6.145377278106589074e+03
8.872668649479663145e+03
1.091149689235744518e+03
9.111237822553805017e+03
8.520162170109382714e+03
8.471868172184367722e+03
8.211409097247884347e+03
8.108849584956952640e+03
2.230161894921673593e+03
8.573787309216111680e+03
2.311158063678150938e+03
8.223928831964072742e+03
8.453419820456911111e+03
7.942035831653643982e+03
1.934608268427102303e+03
8.143525080195685405e+03
8.276270982944462958e+03
9.254165741107961367e+03
8.765475478404892783e+03
8.920709940381730121e+03
5.789637759963159624e+03
2.057459167451982466e+03
9.179834865049624568e+03
6.980269510581771101e+03
3.412826007758429569e+03
8.018543922462246883e+03
8.807229380083097567e+03
8.200784499626328397e+03
5.810739088502031336e+03
5.785264702055139423e+03
8.916449104203420575e+03
8.889431143323248762e+03
8.583372720848048630e+03
8.846239174228787306e+03
2.004931639965284376e+03
7.310212716860571163e+03
8.247862378180643645e+03
8.572647356935394782e+03
8.514618383416629513e+03
8.767890779682949869e+03
8.734244427419818749e+03
8.770740952219748579e+03
8.011358395151378318e+03
8.270479855412631878e+03
8.225526141723155888e+03
8.715540203425607615e+03
8.371236905831472541e+03
1.604829614011782951e+03
1.251193508772594214e+03
9.635639066282687054e+03
6.369914620354266845e+03
7.912630379309092859e+03
7.823572260937207830e+03
8.088817950877597468e+03
9.152021502951236471e+03
8.776616411471615720e+03
8.350689914267582935e+03
8.361418591635332632e+03
9.198150463834555921e+03
9.415199232785869754e+03
8.689381104952191890e+03
1.519723407928735924e+03
8.572540485753814210e+03
8.174062631721698381e+03
9.186715756249483093e+03
7.744484442910319558e+03
2.064677467222766154e+03
2.562342711007899197e+03
1.843294657416374548e+03
9.102126505786171037e+03
8.470132960576831465e+03
8.266879422946858540e+03
8.627040984864173879e+03
1.089181979764861353e+03
6.351323846453017723e+03
8.198503438056786763e+03
2.053743176530667824e+03
8.701167188376670310e+03
7.905167526333141723e+03
1.364107495308981242e+03
4.070147453899390257e+03
8.519129407194002852e+03
1.122197665351400474e+03
1.707418164979327685e+03
8.216475858245343261e+03
1.462118776874187233e+03
5.143561374953185805e+03
8.233093772323894882e+03
8.531331021190717365e+03
5.305595738548702684e+03
8.255425442491474314e+03
2.998973093177376086e+03
6.706346470774441514e+03
4.532188318006548798e+03
8.913148491685320550e+03
7.029604595038201296e+03
8.529231114238898954e+03
8.880534806078760084e+03
8.280556977163158081e+03
