0.000000000000000000e+00
0.000000000000000000e+00
-1.352735807813587863e-08
-8.188100991901589493e-08
-2.574226914475730621e-07
-5.731665464736580256e-07
-1.093798675810830731e-06
-1.488452182911714916e-06
-1.791108354609605285e-06
-1.392356082305923244e-06
2.394229318269943187e-07
3.571997783637926732e-06
9.381766701608283923e-06
1.939788487788973644e-05
3.478011492688893761e-05
5.728906163994907877e-05
8.863437831450939075e-05
1.299073538189077269e-04
1.875266656657004379e-04
2.664408497889780673e-04
3.705175258596682050e-04
5.028229523827576096e-04
6.646646503736517754e-04
8.625849280883808937e-04
1.098556904159977022e-03
1.384131511711075022e-03
1.721246590875579862e-03
2.119418581985428249e-03
2.585659859739735267e-03
3.130036419295265278e-03
3.756180083416892773e-03
4.487114897035552989e-03
5.322655415200187520e-03
6.280470242761565861e-03
7.369876256250335218e-03
8.603275543116522747e-03
9.985284334086370200e-03
1.152586263980765607e-02
1.323514593210120723e-02
1.513148975934882831e-02
1.722223830785651888e-02
1.950828922357459791e-02
2.200019208159346984e-02
2.469816831316848024e-02
2.762903956141371867e-02
3.078517464365859019e-02
3.415019956793684253e-02
3.776091066565412380e-02
4.159889725413219719e-02
4.565681544508830292e-02
4.994112727608576718e-02
5.445212868418589786e-02
5.914747861590282513e-02
6.404551265206234745e-02
6.912047443356411636e-02
7.440826830830471472e-02
7.988838491406335951e-02
8.554811713662045791e-02
9.138078567948237918e-02
9.738961753811734012e-02
1.035847264286507696e-01
1.099783169981469050e-01
1.165493696686257102e-01
1.233171295877922846e-01
1.302688574549187017e-01
1.374344521519172968e-01
1.447926801201332159e-01
1.523775112387169006e-01
1.601878958698738087e-01
1.681941228863227944e-01
1.764133566376198115e-01
1.848514467236031245e-01
1.935247200485695207e-01
2.024584203716743858e-01
2.115962838884819508e-01
2.209738349672783764e-01
2.305466443058480086e-01
2.403596257921684909e-01
2.503976690527427995e-01
2.606333505865562894e-01
2.710692858454216148e-01
2.817252969500053106e-01
2.925650620218742115e-01
3.036157762762535239e-01
3.148599517103660705e-01
3.262832653280723916e-01
3.378995871302116760e-01
3.496545827146997354e-01
3.615878247972955650e-01
3.736791026350488876e-01
3.859628522154321395e-01
3.984325766321649698e-01
4.110848307367791499e-01
4.239204382654656600e-01
4.368844008203973117e-01
4.500308525320519393e-01
4.633441793676841836e-01
4.768247949835289212e-01
4.904681861158837197e-01
5.042940985914696750e-01
5.183051097151267772e-01
5.325245642420280978e-01
5.469082641359797048e-01
5.614871597048273211e-01
5.762502562757957358e-01
5.911630248781668540e-01
6.062613224741447704e-01
6.215112769361962330e-01
6.369479918238152294e-01
6.525558912512292586e-01
6.683527517076958135e-01
6.843233144041527272e-01
7.004941689726340570e-01
7.168138074633108037e-01
7.333241915461050642e-01
7.500048756357657886e-01
7.668877172228323325e-01
7.839737117048727333e-01
8.012508439775928304e-01
8.187313854452595852e-01
8.363690280672537725e-01
8.541861271616445483e-01
8.721546029802784705e-01
8.902732467409595341e-01
9.085311937090383427e-01
9.269591915365681389e-01
9.455162226912007251e-01
9.642407655474171113e-01
9.831221341845021167e-01
1.002166944718025698e+00
1.021367582058571033e+00
1.040736191248558207e+00
1.060266890501640802e+00
1.079996834969185304e+00
1.099912700628899342e+00
1.120035662626885031e+00
1.140354034876488232e+00
1.160816042399070991e+00
1.181454999422691943e+00
1.202233116602562379e+00
1.223187160467766210e+00
1.244297382807396435e+00
1.265572662329338849e+00
1.287036483263634734e+00
1.308710706209801788e+00
1.330586626505517067e+00
1.352677967524194003e+00
1.374997148489617516e+00
1.397537002539300133e+00
1.420296652292870387e+00
1.443272011255883003e+00
1.466462118601464137e+00
1.489886879896782812e+00
1.513531556105278897e+00
1.537353939985894202e+00
1.561391415571831587e+00
1.585608265375755943e+00
1.610039117312096479e+00
1.634644987558984131e+00
1.659443533396386172e+00
1.684472434496545157e+00
1.709732887720727401e+00
1.735240321135186781e+00
1.761009840941095028e+00
1.787031855559014781e+00
1.813360071158074627e+00
1.839959759688043262e+00
1.866819043135308664e+00
1.893953754877710116e+00
1.921334123587274068e+00
1.948964147543572611e+00
1.976840867972039728e+00
2.004934377646112154e+00
2.033238534903192729e+00
2.061728033995294584e+00
2.090390779947900235e+00
2.119212062334679736e+00
2.148165693258905051e+00
2.177231786226891952e+00
2.206392025923394229e+00
2.235609123682640309e+00
2.264861628985069153e+00
2.294122338270805805e+00
2.323366749262474329e+00
2.352564487433097984e+00
2.381697726225517009e+00
2.410754542326591476e+00
2.439709773039481888e+00
2.468546891188285741e+00
2.497263255095146572e+00
2.525827324366234361e+00
2.554241828894280086e+00
2.582516765570305406e+00
2.610622222399376469e+00
2.638556683039329886e+00
2.666280529474876815e+00
2.693793158507011842e+00
2.721109199499748499e+00
2.748222863649986802e+00
2.775143730616234539e+00
2.801865625357292888e+00
2.828397986864708891e+00
2.854728915667199107e+00
2.880861828303002081e+00
2.906817584013603906e+00
2.932591891264580752e+00
2.958189971422814146e+00
2.983597962832115869e+00
3.008822474455498774e+00
3.033852567648552601e+00
3.058692038035057958e+00
3.083362724756859574e+00
3.107861463999413321e+00
3.132201452231072381e+00
3.156354632353447709e+00
3.180337595915459392e+00
3.204126749014519326e+00
3.227739648794792693e+00
3.251154544329308393e+00
3.274385640597008873e+00
3.297428109621666881e+00
3.320270886397026722e+00
3.342956643080376100e+00
3.365444931959770791e+00
3.387773628210686283e+00
3.409904601549766934e+00
3.431873013949058748e+00
3.453642218088768256e+00
3.475237622236869939e+00
3.496646711802146701e+00
3.517884683584830974e+00
3.538983952974937175e+00
3.559928379034660306e+00
3.580717780565879860e+00
3.601320319151542826e+00
3.621740534281395085e+00
3.642001152014396226e+00
3.662098717665336345e+00
3.682016825651786007e+00
3.701754989599845391e+00
3.721297999596259398e+00
3.740692615484855210e+00
3.759916359161994848e+00
3.778960560536049229e+00
3.797810431694649047e+00
3.816461402153633831e+00
3.834945861076973994e+00
3.853251275992058744e+00
3.871376754021309541e+00
3.889311377977989981e+00
3.907053879475258729e+00
3.924636243557594995e+00
3.942048696255349149e+00
3.959285823082588696e+00
3.976338947987221761e+00
3.993207101797722647e+00
4.009892098879479505e+00
4.026388907408380291e+00
4.042697185253762981e+00
4.058821648335123378e+00
4.074739201044702774e+00
4.090457259392405120e+00
4.105965536808634297e+00
4.121268459534311646e+00
4.136356111740732366e+00
4.151241507506036932e+00
4.165912710404062302e+00
4.180360603308344025e+00
4.194584437584543579e+00
4.208565433001185241e+00
4.222302919602061166e+00
4.235790673470163803e+00
4.249019377207423176e+00
4.261980165218973937e+00
4.274674357151651449e+00
4.287095135426187476e+00
4.299219169592523038e+00
4.311059248423241286e+00
4.322597578739785007e+00
4.333821479057931469e+00
4.344788799261713130e+00
4.355478696798944505e+00
4.365908688282632788e+00
4.376086987232827852e+00
4.386025536036156858e+00
4.395702859139107410e+00
4.405133562659882429e+00
4.414297649836205650e+00
4.423185945129060492e+00
4.431804810738229072e+00
4.440141236757897403e+00
4.448178655481004107e+00
4.455938490008974462e+00
4.463401522612238104e+00
4.470567377185488134e+00
4.477446362948084513e+00
4.484064167713786020e+00
4.490403156256343564e+00
4.496480865454341114e+00
4.502305897450114003e+00
4.507872904514933943e+00
4.513182499980593398e+00
4.518253477191591649e+00
4.523064965581560237e+00
4.527629256224298793e+00
4.531966862952376829e+00
4.536080613410140572e+00
4.539978125667238906e+00
4.543687410330438325e+00
4.547185943698548449e+00
4.550494631802701306e+00
4.553626103973053674e+00
4.556586549853943069e+00
4.559375678276679444e+00
4.562022984897754263e+00
4.564524728929660213e+00
4.566883255368135330e+00
4.569117766445539353e+00
4.571231348937414118e+00
4.573231973474882750e+00
4.575136150842569194e+00
4.576948266899249163e+00
4.578678681528232097e+00
4.580341588085554250e+00
4.581947504108808467e+00
4.583505472516677948e+00
4.585029212510249863e+00
4.586529320156238043e+00
4.588012328570744813e+00
4.589491247063538282e+00
4.590969972735306825e+00
4.592461901878975183e+00
4.593979156589172774e+00
4.595525331025980265e+00
4.597112663513087227e+00
4.598750113224649105e+00
4.600450457757378153e+00
4.602218191152477544e+00
4.604055794900321352e+00
4.605969859635495212e+00
4.607965931868218235e+00
4.610059464251660799e+00
4.612251916503574023e+00
4.614555266326333616e+00
4.616967653011943895e+00
4.619502334570553259e+00
4.622155749177600192e+00
4.624938670670654339e+00
4.627864640330935586e+00
4.630933884060050687e+00
4.634146060919428933e+00
4.637486090933943927e+00
4.640959241068030039e+00
4.644573106145525543e+00
4.648325650965834832e+00
4.652213126098777352e+00
4.656240410780573491e+00
4.660393186187410386e+00
4.664665237044952839e+00
4.669047978198193505e+00
4.673536074137353502e+00
4.678128808116579052e+00
4.682810018038416899e+00
4.687568713700438039e+00
4.692399112558031327e+00
4.697285549914502312e+00
4.702217369055412988e+00
4.707178326820992353e+00
4.712153897857332296e+00
4.717133355414533824e+00
4.722100791012907806e+00
4.727042975401546165e+00
4.731944205736782649e+00
4.736792089616921331e+00
4.741579695319798837e+00
4.746298328315882387e+00
4.750939780747560626e+00
4.755496713196902370e+00
4.759955208575396668e+00
4.764310065185695997e+00
4.768543126558929757e+00
4.772645344411999169e+00
4.776605012988716759e+00
4.780409482097296880e+00
4.784055363809733841e+00
4.787544648921160828e+00
4.790872782444625777e+00
4.794034534072547871e+00
4.797027064537673802e+00
4.799844836866528297e+00
4.802496657049328377e+00
4.804973327791364213e+00
4.807274675941140885e+00
4.809411341076764046e+00
4.811383376246365806e+00
4.813199906176003573e+00
4.814857396459254701e+00
4.816367859667214368e+00
4.817743030464323617e+00
4.818984648263129777e+00
4.820101238613997197e+00
4.821093060350094106e+00
4.821964075392161320e+00
4.822727929851089002e+00
4.823388992672835052e+00
4.823957504456911849e+00
4.824442024728332612e+00
4.824848988851582199e+00
4.825189660055611895e+00
4.825470574157361803e+00
4.825701222619091624e+00
4.825892153469895085e+00
4.826054434659009296e+00
4.826199797907894329e+00
4.826337630771151410e+00
4.826477221021479913e+00
4.826627236347696304e+00
4.826796607863207633e+00
4.826993677359124213e+00
4.827226656679113326e+00
4.827504993327011995e+00
4.827840246990373174e+00
4.828235343381812150e+00
4.828693562209656065e+00
4.829220304586042012e+00
4.829823231570472331e+00
4.830514233209242114e+00
4.831294539891233697e+00
4.832173283271541386e+00
4.833150410376538808e+00
4.834226109929433690e+00
4.835412417225591675e+00
4.836705950520983066e+00
4.838114669792405564e+00
4.839644965849868363e+00
4.841295781754007876e+00
4.843066023163548728e+00
4.844943695537796913e+00
4.846930661372891969e+00
4.849028971664657739e+00
4.851234583430042768e+00
4.853544420473328458e+00
4.855947814755193548e+00
4.858444495521538897e+00
4.861033158622734440e+00
4.863703124843590686e+00
4.866453367792123785e+00
4.869276417516227085e+00
4.872157491765970683e+00
4.875091359041684669e+00
4.878064628563874905e+00
4.881071458779327799e+00
4.884100978694909223e+00
4.887139532886497939e+00
4.890178655110352324e+00
4.893207111381046026e+00
4.896216027759067835e+00
4.899193414174072281e+00
4.902127363704197549e+00
4.905007127843849624e+00
4.907824353598109646e+00
4.910568799696913622e+00
4.913229419313422497e+00
4.915798966907015455e+00
4.918267215810766757e+00
4.920629008881798327e+00
4.922874780021658125e+00
4.924995131664027248e+00
4.926985879860867890e+00
4.928836320810070504e+00
4.930543389044752978e+00
4.932107655577413041e+00
4.933527101151696570e+00
4.934804547749509496e+00
4.935930729679813389e+00
4.936903953500141995e+00
4.937728538610091533e+00
4.938403812818279448e+00
4.938933840937963282e+00
4.939318278156271447e+00
4.939558791633746893e+00
4.939665660414896742e+00
4.939642442331234840e+00
4.939495683700361184e+00
4.939226830412217772e+00
4.938839394558736551e+00
4.938342690799900403e+00
4.937742625136444907e+00
4.937048798610041089e+00
4.936266744841406151e+00
4.935403588969776045e+00
4.934468182284901694e+00
4.933468928669164200e+00
4.932414502386520461e+00
4.931312811781236149e+00
4.930170786787338777e+00
4.928996859077878767e+00
4.927799506146975261e+00
4.926586876620123512e+00
4.925367950607608236e+00
4.924152826477360634e+00
4.922949807007383605e+00
4.921766426522803606e+00
4.920611466575933513e+00
4.919492931698036031e+00
4.918420688320468415e+00
4.917407066856096520e+00
4.916456207518051791e+00
4.915575114150116498e+00
4.914771168042491034e+00
4.914053380970427654e+00
4.913435939994224455e+00
4.912922093939550372e+00
4.912524137270220415e+00
4.912244194761432148e+00
4.912087289166218618e+00
4.912057362149051976e+00
4.912159047067679474e+00
4.912407728206880542e+00
4.912801561836666941e+00
4.913351295214660297e+00
4.914052111503250053e+00
4.914909210648898075e+00
4.915928346064452725e+00
4.917098694887524601e+00
4.918426206108695631e+00
4.919905489232903939e+00
4.921540929820902299e+00
4.923325881209738242e+00
4.925258798148997030e+00
4.927338318225510605e+00
4.929546539631256330e+00
4.931879644539723273e+00
4.934323625263343338e+00
4.936871489283213954e+00
4.939517106112608857e+00
4.942242221829066473e+00
4.945039316710600374e+00
4.947899213430056342e+00
4.950806782540448481e+00
4.953746602532036469e+00
4.956701782640583254e+00
4.959660401043064937e+00
4.962610583898194427e+00
4.965538478192454974e+00
4.968434200581675064e+00
4.971288504299288924e+00
4.974091402289039010e+00
4.976831572350627120e+00
4.979499532577164267e+00
4.982085274752742876e+00
4.984581387039787259e+00
4.986977635469800774e+00
4.989260812249547428e+00
4.991424579617149249e+00
4.993458701368934882e+00
4.995357980575925616e+00
4.997112253156072548e+00
4.998716141578323224e+00
5.000168736126786584e+00
5.001469703313475179e+00
5.002618846592074675e+00
5.003608323332434438e+00
5.004435127672321570e+00
5.005100735422737479e+00
5.005603549365467586e+00
5.005944757942623724e+00
5.006124685124077267e+00
5.006143698705410650e+00
5.006013156225954219e+00
5.005735496109401161e+00
5.005320279387807325e+00
5.004771259328401278e+00
5.004091662367857296e+00
5.003292680731095565e+00
5.002378798401035276e+00
5.001360425701416368e+00
5.000241390144504194e+00
4.999030321588792347e+00
4.997739892652311333e+00
4.996378299346247331e+00
4.994955938657799521e+00
4.993480987301150087e+00
4.991960976472179290e+00
4.990405986359396806e+00
4.988826997032443700e+00
4.987233140518942065e+00
4.985634222528019244e+00
4.984040824970283445e+00
4.982461098333873295e+00
4.980903741916694827e+00
4.979378273835458835e+00
4.977893083890953640e+00
4.976459017148295416e+00
4.975084101459065877e+00
4.973778748115578630e+00
4.972554072117486790e+00
4.971413336074033573e+00
4.970364993935505460e+00
4.969409050693788465e+00
4.968556521510757662e+00
4.967816231077588185e+00
4.967192573746717521e+00
4.966694602718628282e+00
4.966321941366470760e+00
4.966081296050972149e+00
4.965980121366730948e+00
4.966013411201122274e+00
4.966183580301287037e+00
4.966486077487053841e+00
4.966924229107381628e+00
4.967504041559578809e+00
4.968220331511974841e+00
4.969078241206289270e+00
4.970065601460218474e+00
4.971180259055971717e+00
4.972424774534583314e+00
4.973791958011269720e+00
4.975282986975789079e+00
4.976892779387116050e+00
4.978610163695693203e+00
4.980430429793478275e+00
4.982342401660560860e+00
4.984343475915075317e+00
4.986425833917738082e+00
4.988577876753689466e+00
4.990792557365777427e+00
4.993064500160100394e+00
4.995379682100894669e+00
4.997724940545441363e+00
5.000085549272180963e+00
5.002451625831008997e+00
5.004813197619797371e+00
5.007157233126044993e+00
5.009472803838134425e+00
5.011747388757348709e+00
5.013972262806772662e+00
5.016137308097957437e+00
5.018231859273790008e+00
5.020244489378810293e+00
5.022166711009622198e+00
5.023992291159510515e+00
5.025709885425448498e+00
5.027310783184648635e+00
5.028789023674608671e+00
5.030139633781792519e+00
5.031358401394965263e+00
5.032441256559970100e+00
5.033384121574047576e+00
5.034183873973373302e+00
5.034837720833303720e+00
5.035342621236625682e+00
5.035694879136566549e+00
5.035892565205279503e+00
5.035940834769563779e+00
5.035839383575649642e+00
5.035595086767854056e+00
5.035207346222879465e+00
5.034683315224530276e+00
5.034030934713364935e+00
5.033257338098765743e+00
5.032371839575052519e+00
5.031380323983311698e+00
5.030289382330655812e+00
5.029107962391852205e+00
5.027845668188810180e+00
5.026511469177484592e+00
5.025113474271774905e+00
5.023659822038889722e+00
5.022159852377653166e+00
5.020622989229440947e+00
5.019057421825408483e+00
5.017473382643939495e+00
5.015879629991532695e+00
5.014283968500375721e+00
5.012695773534059818e+00
5.011123860917569672e+00
5.009579356751920898e+00
5.008071911178112678e+00
5.006607943318368115e+00
5.005197762392045391e+00
5.003848593674184109e+00
5.002573070816279888e+00
5.001381765968682558e+00
5.000280943207027207e+00
4.999274564526560383e+00
4.998362095050098652e+00
4.997552997089507620e+00
4.996855101354006123e+00
4.996273089229647191e+00
4.995810084111574234e+00
4.995469660676600476e+00
4.995256061918617263e+00
4.995162803569392906e+00
4.995195203352769120e+00
4.995355326183189781e+00
4.995641675297219919e+00
4.996050866138239677e+00
4.996574655327995274e+00
4.997216109786232430e+00
4.997974890325267872e+00
4.998847346235115729e+00
4.999827462885578555e+00
5.000905619639953059e+00
5.002080282200177308e+00
5.003351128626664313e+00
5.004711531627972221e+00
5.006154871810275964e+00
5.007677344907123462e+00
5.009269638437825911e+00
5.010924784917431651e+00
5.012633067149715238e+00
5.014385504651862391e+00
5.016174126345712025e+00
5.017989357788163574e+00
5.019821729589301285e+00
5.021662935394841654e+00
5.023496433276730677e+00
5.025309350270825703e+00
5.027089542824821677e+00
5.028825964558916617e+00
5.030505674410658656e+00
5.032112906504469407e+00
5.033635591048793323e+00
5.035062473494605229e+00
5.036383216757372772e+00
5.037587807480290891e+00
5.038667396161749856e+00
5.039620781321123566e+00
5.040441901464059349e+00
5.041132615957453211e+00
5.041689094569577811e+00
5.042114226151301892e+00
5.042403006799562881e+00
5.042556770922659304e+00
5.042581800889731625e+00
5.042478811122983906e+00
5.042255625237285876e+00
5.041911821436643848e+00
5.041448610794306617e+00
5.040874010097744495e+00
5.040190448683264712e+00
5.039405623522164035e+00
5.038522373062133575e+00
5.037542406093835190e+00
5.036473305222152419e+00
5.035318200957534351e+00
5.034083838832137836e+00
5.032774021249768914e+00
5.031391189467667502e+00
5.029941565465688491e+00
5.028429150354623900e+00
5.026859739792108428e+00
5.025241110247134380e+00
5.023580962937832517e+00
5.021886686903001440e+00
5.020165098678828208e+00
5.018422286134721411e+00
5.016666283380748048e+00
5.014906718802216723e+00
5.013150076192381732e+00
5.011405083161356799e+00
5.009676773917439263e+00
5.007972902130844339e+00
5.006304661553860669e+00
5.004677747112274311e+00
5.003102126490830415e+00
5.001581489068031239e+00
5.000123226117848318e+00
4.998740305822848562e+00
4.997437716793775131e+00
4.996226716932416601e+00
4.995109980699182550e+00
4.994097280946136586e+00
4.993198552202940732e+00
4.992415890839456694e+00
4.991753752675413658e+00
4.991208002415060463e+00
4.990785426717756934e+00
4.990493990589438766e+00
4.990334077865391293e+00
4.990310101631603601e+00
4.990420233254825533e+00
4.990664733258580732e+00
4.991046655645165586e+00
4.991563308743330651e+00
4.992216085178348806e+00
4.993010753599498308e+00
4.993940302190874370e+00
4.995002472159955964e+00
4.996184455586169193e+00
4.997479787004682095e+00
4.998888232541772503e+00
5.000399038476439628e+00
5.002006746513338875e+00
5.003703547400923490e+00
5.005472491962406068e+00
5.007306261939499237e+00
5.009191775155755977e+00
5.011121277195903723e+00
5.013084322941992355e+00
5.015066005570386842e+00
5.017057283205484275e+00
5.019046012891030806e+00
5.021023199392057101e+00
5.022976757866836728e+00
5.024894217980599542e+00
5.026764925850129018e+00
5.028578836155629617e+00
5.030328746569848519e+00
5.032005520594810655e+00
5.033600171191189965e+00
5.035106400830243523e+00
5.036519240868782887e+00
5.037834857685064449e+00
5.039044091013765936e+00
5.040139907506800299e+00
5.041117370931005759e+00
5.041972358284090738e+00
5.042701493931505574e+00
5.043301810530517848e+00
5.043770880570208170e+00
5.044105941412543537e+00
5.044304586352354569e+00
5.044364542995153577e+00
5.044283806529400671e+00
5.044059931930659602e+00
5.043698186945676731e+00
5.043199665319681557e+00
5.042570254799483287e+00
5.041812184524296470e+00
5.040925038453695883e+00
5.039915350225327551e+00
5.038785799142478261e+00
5.037542165142058437e+00
5.036188265156507526e+00
5.034729050022125563e+00
5.033174977075815626e+00
5.031532689404248693e+00
5.029811150353907578e+00
5.028018450212241142e+00
5.026161057126284248e+00
5.024249821376563396e+00
5.022291815799238890e+00
5.020295333635571566e+00
5.018267651718619327e+00
5.016217562925579188e+00
5.014155522060158354e+00
5.012090072107079131e+00
5.010029958408835249e+00
5.007986108284952387e+00
5.005968072634697563e+00
5.003987890851259834e+00
5.002057059776546133e+00
5.000183779668571304e+00
4.998376557302238510e+00
4.996639508974316080e+00
4.994984431189061880e+00
4.993421483856203658e+00
4.991957723420622273e+00
4.990603147667410866e+00
4.989360969584945238e+00
4.988238535147671016e+00
4.987247565683488482e+00
4.986387867551808739e+00
4.985667875107889557e+00
4.985081193555657819e+00
4.984629456993703300e+00
4.984324106477711069e+00
4.984163065586749042e+00
4.984154778303623523e+00
4.984293305514425398e+00
4.984584419200242422e+00
4.985035508604764409e+00
4.985643868366300246e+00
4.986406768480359908e+00
4.987320860469756312e+00
4.988381589198528587e+00
4.989582620704589466e+00
4.990915860975203344e+00
4.992373856300531543e+00
4.993949520135342546e+00
4.995636086607396109e+00
4.997424791896760254e+00
4.999314595604360534e+00
5.001287276590288045e+00
5.003330240542115170e+00
5.005431575322568882e+00
5.007580052459656983e+00
5.009768761390864356e+00
5.011980210835158545e+00
5.014201276296794241e+00
5.016420196736276260e+00
5.018626461619555279e+00
5.020808662915646536e+00
5.022951022679031929e+00
5.025041812354744231e+00
5.027069727921903208e+00
5.029025661045730011e+00
5.030899766678035512e+00
5.032682894015729325e+00
5.034368258411110020e+00
5.035946827674329995e+00
5.037411897176922615e+00
5.038754499847116541e+00
5.039967485884251808e+00
5.041050357813062099e+00
5.041997698688926555e+00
5.042806048983753620e+00
5.043468145126522195e+00
5.043978588165759724e+00
5.044338685678362744e+00
5.044544643996328404e+00
5.044598968908234227e+00
5.044497058190449579e+00
5.044243383988782803e+00
5.043844031825706509e+00
5.043305478639943829e+00
5.042634373925669600e+00
5.041834370665296383e+00
5.040914330504879359e+00
5.039882206641181916e+00
5.038746405489788138e+00
5.037514411605941156e+00
5.036190686620818369e+00
5.034785834945783911e+00
5.033310686148747770e+00
5.031777121521575857e+00
5.030195229746445840e+00
5.028573597021444463e+00
5.026921670980794232e+00
5.025249057658060181e+00
5.023569388039452299e+00
5.021894062854391549e+00
5.020233820624691035e+00
5.018596596069675009e+00
5.016993098504882731e+00
5.015431550242047898e+00
5.013920644618610645e+00
5.012469288505653431e+00
5.011084281452040656e+00
5.009775136359076342e+00
5.008549250237684269e+00
5.007414385698776726e+00
5.006384098403195537e+00
5.005459940381387085e+00
5.004651189021805280e+00
5.003966392897108761e+00
5.003405644543507336e+00
5.002972491629460450e+00
5.002659539081194318e+00
5.002471047177947661e+00
5.002412328919432660e+00
5.002480195149815678e+00
5.002676781401074635e+00
5.002998630352355036e+00
5.003442572414913414e+00
5.004008338883556561e+00
5.004691332787312597e+00
5.005487915262617271e+00
5.006393424332180153e+00
5.007404846087136541e+00
5.008522153556385526e+00
5.009735257238188133e+00
5.011041714161672544e+00
5.012436325460708275e+00
5.013905535697971594e+00
5.015444438070093547e+00
5.017043365746770789e+00
5.018696552723679538e+00
5.020396634250912982e+00
5.022131431162390136e+00
5.023893838733466843e+00
5.025676537513764863e+00
5.027466134041579160e+00
5.029249180763991411e+00
5.031012590885194591e+00
5.032746615469488205e+00
5.034439325392278342e+00
5.036080594420465850e+00
5.037660825759205707e+00
5.039172697871956430e+00
5.040607551097903816e+00
5.041954655408893871e+00
5.043206853628192654e+00
5.044354704678092993e+00
5.045392133355173669e+00
5.046316472724113211e+00
5.047124562621149835e+00
5.047812995523247359e+00
5.048378133125636325e+00
5.048815536782180757e+00
5.049122402224726081e+00
5.049294087257272245e+00
5.049326579942403193e+00
5.049223930536803628e+00
5.048985087274609818e+00
5.048617216124235973e+00
5.048119591436385001e+00
5.047498178518412537e+00
5.046760684064625302e+00
5.045910462996957335e+00
5.044953727013466782e+00
5.043892053625580907e+00
5.042732492572662650e+00
5.041483217514153736e+00
5.040153438038226241e+00
5.038751806355116436e+00
5.037283565736410118e+00
5.035756839699145893e+00
5.034180063641664482e+00
5.032562939710017780e+00
5.030914376414414413e+00
5.029243347234126027e+00
5.027555656618472035e+00
5.025859396941060986e+00
5.024164277649517452e+00
5.022479127085801132e+00
5.020814976430532539e+00
5.019177304840679810e+00
5.017573649621603238e+00
5.016013477928040309e+00
5.014505004174110603e+00
5.013054415619967230e+00
5.011666808313725241e+00
5.010347091889975069e+00
5.009099900162813590e+00
5.007929087839124271e+00
5.006838626450894836e+00
5.005831961519120021e+00
5.004912637135980447e+00
5.004084429479239482e+00
5.003350300154685293e+00
5.002719131819009846e+00
5.002187414168416169e+00
5.001753565779923250e+00
5.001418061479030897e+00
5.001182017232327581e+00
5.001052992510645723e+00
5.001026443356217932e+00
5.001099927096197106e+00
5.001279214012005703e+00
5.001558036866167178e+00
5.001938474948086188e+00
5.002412704961873402e+00
5.002975926982737853e+00
5.003631832661606715e+00
5.004373207303263626e+00
5.005200855495908208e+00
5.006106908308842307e+00
5.007090554895380130e+00
5.008147433387617475e+00
5.009265792208295487e+00
5.010442457335573252e+00
5.011668768512588912e+00
5.012940565484147903e+00
5.014246262001376131e+00
5.015577234762292669e+00
5.016928488301616085e+00
5.018288665848355201e+00
5.019649549263101029e+00
5.020999260681253240e+00
5.022329049991946626e+00
5.023631294059138774e+00
5.024895264940838935e+00
5.026111579971889398e+00
5.027271159129717226e+00
5.028365333365776735e+00
5.029382727357127436e+00
5.030314390348769926e+00
5.031150649996974700e+00
5.031884693192818503e+00
5.032513171496369786e+00
5.033034524532534526e+00
5.033447627300897231e+00
5.033746742574998656e+00
5.033928691937156863e+00
5.033992195857257101e+00
5.033937080401496011e+00
5.033763853396789223e+00
5.033472941603079676e+00
5.033066469069138016e+00
5.032545622523440620e+00
5.031914040755047779e+00
5.031174069430247364e+00
5.030329473774449056e+00
5.029386288161889595e+00
5.028350432004348392e+00
5.027225270356550979e+00
5.026014341946259734e+00
5.024723064835683317e+00
5.023358038749115018e+00
5.021925382997409315e+00
5.020433205004350974e+00
5.018888289268629066e+00
5.017297842140809649e+00
5.015669028993263723e+00
5.014009341682806209e+00
5.012326866473570952e+00
5.010628680821077374e+00
5.008922170038835553e+00
5.007214661772864339e+00
5.005513689156190438e+00
5.003827122833150121e+00
5.002162100906985209e+00
5.000527192886488947e+00
4.998925659294743973e+00
4.997365990813393388e+00
4.995851492818016659e+00
4.994390588040966250e+00
4.992989112671035734e+00
4.991647183235304652e+00
4.990372317667620905e+00
4.989166087295431318e+00
4.988036722104568277e+00
4.986990030716675903e+00
4.986027255292553306e+00
4.985150446604509789e+00
4.984363260577937105e+00
4.983669408794065170e+00
4.983078450124283520e+00
4.982589063766916126e+00
4.982206760692911907e+00
4.981927472326474593e+00
4.981749251495616981e+00
4.981679014672097061e+00
4.981712750253771915e+00
4.981854627096598875e+00
4.982099068110382056e+00
4.982443101351653247e+00
4.982893045750949490e+00
4.983444125970396321e+00
4.984099990224037491e+00
4.984860597719940500e+00
4.985715049599799720e+00
4.986663695370350702e+00
4.987698569839393414e+00
4.988820274641310171e+00
4.990026170035395836e+00
4.991309747417959741e+00
4.992663453390393080e+00
4.994074247946533873e+00
4.995538570453915916e+00
4.997050033380780576e+00
4.998600255270990722e+00
5.000180097689423064e+00
5.001777521540913263e+00
5.003387897928749162e+00
5.005003683438098427e+00
5.006616074164903729e+00
5.008215295394456312e+00
5.009791566451585076e+00
5.011339554359710569e+00
5.012851060201917619e+00
5.014317116161380206e+00
5.015727560093198534e+00
5.017074781676326367e+00
5.018352473100218702e+00
5.019552713727150284e+00
5.020667113905343371e+00
5.021686913838180999e+00
5.022609112133774367e+00
5.023427552824409226e+00
5.024141797592433178e+00
5.024748565760941865e+00
5.025247748439700679e+00
5.025642899816425313e+00
5.025931132567614590e+00
5.026114901175289695e+00
5.026191475122734786e+00
5.026161801308892230e+00
5.026030631285658856e+00
5.025801360454907218e+00
5.025479771826913300e+00
5.025066104602565531e+00
5.024562372189513404e+00
5.023973970633497821e+00
5.023305105563752093e+00
5.022562041651955411e+00
5.021750066053619399e+00
5.020875239667049961e+00
5.019943962764494394e+00
5.018962543678038735e+00
5.017938345518463628e+00
5.016877738532180331e+00
5.015787386741990872e+00
5.014674162712450034e+00
5.013545138013118851e+00
5.012407191243523741e+00
5.011267087307328616e+00
5.010131657641881731e+00
5.009007836726063090e+00
5.007902704027050511e+00
5.006823135387652890e+00
5.005776039060705784e+00
5.004768168774003989e+00
5.003808066767209795e+00
5.002897936549538294e+00
5.002045931514853550e+00
5.001254423406475524e+00
5.000531425994388712e+00
4.999882613342754745e+00
4.999306223277502959e+00
4.998809142370276959e+00
4.998390976783388062e+00
4.998058876541013440e+00
4.997818392195307879e+00
4.997666180298232952e+00
4.997609601744021468e+00
4.997647238915355672e+00
4.997786277319804960e+00
4.998033894255327070e+00
4.998389475412235328e+00
4.998856122895643850e+00
4.999430155224665384e+00
5.000108056209548124e+00
5.000891229651434955e+00
5.001774626068337781e+00
5.002757926128371224e+00
5.003835534221989789e+00
5.005002948186858092e+00
5.006260649553996522e+00
5.007598464034062502e+00
5.009017276458006762e+00
5.010514290771942214e+00
5.012082320890884901e+00
5.013713611356478417e+00
5.015396302185517463e+00
5.017126676134330054e+00
5.018900184027415001e+00
5.020707341126661838e+00
5.022539975933295153e+00
5.024386993787746114e+00
5.026243051431635855e+00
5.028100548676708748e+00
5.029947739235620219e+00
5.031772926292878090e+00
5.033564596913320699e+00
5.035314580641252036e+00
5.037012158028346676e+00
5.038645438842040747e+00
5.040202459238035004e+00
5.041676535151464300e+00
5.043061196349127862e+00
5.044353156975968311e+00
5.045546783797008494e+00
5.046634188808066135e+00
5.047613355062466667e+00
5.048478814057570929e+00
5.049229342184526459e+00
5.049860080100162740e+00
5.050369794584375960e+00
5.050761411331158968e+00
5.051030058797013389e+00
5.051177939187299515e+00
5.051199894167047511e+00
5.051095237863745702e+00
5.050868805089530511e+00
5.050522481390771645e+00
5.050062170849678900e+00
5.049490832650599614e+00
5.048811143600879348e+00
5.048030702659425550e+00
5.047153319308098851e+00
5.046185931006010428e+00
5.045132505112823296e+00
5.043998409250315618e+00
5.042792190873559122e+00
5.041521950626309589e+00
5.040197264218265971e+00
5.038824335598881099e+00
5.037409919315511964e+00
5.035961669945653085e+00
5.034490249419147467e+00
5.033004485332901012e+00
5.031511656904155139e+00
5.030019078367882202e+00
5.028533442282609123e+00
5.027065174543790427e+00
5.025623778068952774e+00
5.024217651003533014e+00
5.022853409761125043e+00
5.021538692974978346e+00
5.020279566758804712e+00
5.019082085901432677e+00
5.017952456960017571e+00
5.016896041521365923e+00
5.015923119077021930e+00
5.015032292419607352e+00
5.014224967995220439e+00
5.013504398652846916e+00
5.012873767131503122e+00
5.012342821361060352e+00
5.011908853800531638e+00
5.011571849846776061e+00
5.011340549105342212e+00
5.011210856541554293e+00
5.011188172787923278e+00
5.011266793288785770e+00
5.011449152600515156e+00
5.011734724320966450e+00
5.012113634326058609e+00
5.012587422073382371e+00
5.013147953913112076e+00
5.013795663729805341e+00
5.014528301299113977e+00
5.015336267516513402e+00
5.016218898162742690e+00
5.017168267757197597e+00
5.018184237644572221e+00
5.019263925046224095e+00
5.020398242414493950e+00
5.021585705891747686e+00
5.022822650760908836e+00
5.024100891292592408e+00
5.025412186772127754e+00
5.026746014595528500e+00
5.028098251760503068e+00
5.029463107973834113e+00
5.030831603199739988e+00
5.032194876462717126e+00
5.033543426335353566e+00
5.034872350633640359e+00
5.036174501717585628e+00
5.037441024274129653e+00
5.038662174508471203e+00
5.039830851123232591e+00
5.040941082552572006e+00
5.041985723391672281e+00
5.042955492526790984e+00
5.043840876386067151e+00
5.044636490583918054e+00
5.045336108297608035e+00
5.045937179714939269e+00
5.046435025312504763e+00
5.046821901813648203e+00
5.047097054269663374e+00
5.047254010640583211e+00
5.047292515501878185e+00
5.047208638271814429e+00
5.047000037065274114e+00
5.046672002679235547e+00
5.046225136152036050e+00
5.045663431628173434e+00
5.044992453350253037e+00
5.044214265538878195e+00
5.043339269279067949e+00
5.042370452104634637e+00
5.041314637555308842e+00
5.040180287926024683e+00
5.038971294506020548e+00
5.037699625833458761e+00
5.036369164480394289e+00
5.034989209814494160e+00
5.033566305829708654e+00
5.032105182452625058e+00
5.030617618753140619e+00
5.029108122183506779e+00
5.027585690362875503e+00
5.026057499094432224e+00
5.024534623368209552e+00
5.023029365880911534e+00
5.021549475832407516e+00
5.020105404599133792e+00
5.018704275830212502e+00
5.017358950717869526e+00
5.016076286925497563e+00
5.014867147250594570e+00
5.013744704170646216e+00
5.012713773442926346e+00
5.011781905038775520e+00
5.010951317219557666e+00
5.010224279357615274e+00
5.009608448302866890e+00
5.009104092350722404e+00
5.008716078145920569e+00
5.008444056107221876e+00
5.008289941117658906e+00
5.008264754266970264e+00
5.008360721637986401e+00
5.008578158674321656e+00
5.008913184461675883e+00
5.009365124126456514e+00
5.009943273907087935e+00
5.010639459808848173e+00
5.011458223482153862e+00
5.012386480440877534e+00
5.013423003350876428e+00
5.014568215107106042e+00
5.015812233855507785e+00
5.017157933136007664e+00
5.018594013770601769e+00
5.020119664987107377e+00
5.021727372129937805e+00
5.023405003865741847e+00
5.025146493037723872e+00
5.026944671293281708e+00
5.028786714693093352e+00
5.030663749297642262e+00
5.032562492807889143e+00
5.034474937488817581e+00
5.036395355930113560e+00
5.038313452472472420e+00
5.040220349004054690e+00
5.042102986594223957e+00
5.043949178626323082e+00
5.045746463408256055e+00
5.047483715584064612e+00
5.049153225143933277e+00
5.050744730254197457e+00
5.052250961532378959e+00
5.053660279532457444e+00
5.054964722713017444e+00
5.056159022545004156e+00
5.057238745485926223e+00
5.058201229592347303e+00
5.059036512841964317e+00
5.059739044552230780e+00
5.060306312238357584e+00
5.060735099223934164e+00
5.061024323870919162e+00
5.061170352307639675e+00
5.061171939830932054e+00
5.061036149907561565e+00
5.060764185573609630e+00
5.060363950702996050e+00
5.059835712436289157e+00
5.059181258354036537e+00
5.058408732536880947e+00
5.057521073866337424e+00
5.056526106644123608e+00
5.055427563536612823e+00
5.054231008041349504e+00
5.052947741646018898e+00
5.051582737613169449e+00
5.050144557851998783e+00
5.048639411825386780e+00
5.047072692859617682e+00
5.045455483246294115e+00
5.043794782656875419e+00
5.042098428655114262e+00
5.040375461328472362e+00
5.038635353047099308e+00
5.036889182824340061e+00
5.035147438544479215e+00
5.033417571831193094e+00
5.031707890677895811e+00
5.030030326593366574e+00
5.028390000361647516e+00
5.026795893061604126e+00
5.025252404559101826e+00
5.023765548664774983e+00
5.022347633588758242e+00
5.021002223092761341e+00
5.019738669741595771e+00
5.018561109874095649e+00
5.017477775562253939e+00
5.016495831507888248e+00
5.015614304441657900e+00
5.014841019931878918e+00
5.014177195403422438e+00
5.013630450378801839e+00
5.013207928549197945e+00
5.012912277310785925e+00
5.012745490569321838e+00
5.012709220083596762e+00
5.012802567979488089e+00
5.013024531858209620e+00
5.013373901801350563e+00
5.013848452152851465e+00
5.014453245246949464e+00
5.015178384402933176e+00
5.016016769180239976e+00
5.016969165126027086e+00
5.018023329744281114e+00
5.019175046676935814e+00
5.020410133669319208e+00
5.021717961946667863e+00
5.023094864258707659e+00
5.024527747104110098e+00
5.026009605446995820e+00
5.027526666442096115e+00
5.029068688372314355e+00
5.030629384288729078e+00
5.032196666965425003e+00
5.033761324504554047e+00
5.035310978362500300e+00
5.036835867980658854e+00
5.038326518008649835e+00
5.039771055052219673e+00
5.041157063910899794e+00
5.042472270647224697e+00
5.043707513878283422e+00
5.044855445319949894e+00
5.045909942904649448e+00
5.046860332185564069e+00
5.047697385395107261e+00
5.048414601901708210e+00
5.049006693283256908e+00
5.049468910055395554e+00
5.049796383114692588e+00
5.049984838882622284e+00
5.050037709562269939e+00
5.049955633370368346e+00
5.049743092632083652e+00
5.049400453617958640e+00
5.048933562910346673e+00
5.048344411788669994e+00
5.047639877213326187e+00
5.046824319673863357e+00
5.045904293371525462e+00
5.044884264705864041e+00
5.043768029673186604e+00
5.042566231502383367e+00
5.041286879493087625e+00
5.039938451660962215e+00
5.038527101589533430e+00
5.037058883173558321e+00
5.035543335242363305e+00
5.033988771153780739e+00
5.032403851909729831e+00
5.030795435471626220e+00
5.029170327944846974e+00
5.027536191506476015e+00
5.025902755720704995e+00
5.024279181523413129e+00
5.022673337472769006e+00
5.021092746718021971e+00
5.019546794308515913e+00
5.018038604421708015e+00
5.016573457880113551e+00
5.015157446576449018e+00
5.013796832723708796e+00
5.012501791728826817e+00
5.011273266686293582e+00
5.010116235776039595e+00
5.009037250144572795e+00
5.008042067451567547e+00
5.007142426012247682e+00
5.006339218257158663e+00
5.005638543529601137e+00
5.005040334699841331e+00
5.004546869820150512e+00
5.004169383248481040e+00
5.003906733872536705e+00
5.003764323437754236e+00
5.003742761750872958e+00
5.003845303560773949e+00
5.004079898464659948e+00
5.004441919493657132e+00
5.004927864204329779e+00
5.005532132703048198e+00
5.006253700795753048e+00
5.007097592893225979e+00
5.008056752029043324e+00
5.009125444608908850e+00
5.010301267299038130e+00
5.011581911686043611e+00
5.012958436849694444e+00
5.014422812852244782e+00
5.015960329416376595e+00
5.017562412860971044e+00
5.019227060767990523e+00
5.020943602862937283e+00
5.022704610171897954e+00
5.024501929077489493e+00
5.026321979853492827e+00
5.028156208786350945e+00
5.029991425368171676e+00
5.031820406410079549e+00
5.033636263850313597e+00
5.035431222560984743e+00
5.037196336331946966e+00
5.038920849803072421e+00
5.040592963191848241e+00
5.042201924267391888e+00
5.043738756570200543e+00
5.045197230967859880e+00
5.046569356116631155e+00
5.047847571465352345e+00
5.049021869617680736e+00
5.050086442697026889e+00
5.051037137004711575e+00
5.051865847352125627e+00
5.052567036840298620e+00
5.053138705919661966e+00
5.053579948450602544e+00
5.053890177644023041e+00
5.054069084859619032e+00
5.054115325942801107e+00
5.054029338624492773e+00
5.053811989952042616e+00
5.053463692519977180e+00
5.052984820086670936e+00
5.052376556474877489e+00
5.051645071137857101e+00
5.050794565756035581e+00
5.049832396362138098e+00
5.048762747053217481e+00
5.047589562613675973e+00
5.046320736188600442e+00
5.044961717058130901e+00
5.043520858664224171e+00
5.042002861876199837e+00
5.040414175767610416e+00
5.038764804531046693e+00
5.037062629688688453e+00
5.035317030776448100e+00
5.033534940410561376e+00
5.031726433415121491e+00
5.029898625690645275e+00
5.028058006692832649e+00
5.026214936752026574e+00
5.024380698729462580e+00
5.022562512684769942e+00
5.020769868124433266e+00
5.019016271013923891e+00
5.017307075340458056e+00
5.015652429688879366e+00
5.014057154137799621e+00
5.012532914210270363e+00
5.011091446507881741e+00
5.009739375341844436e+00
5.008484222818326614e+00
5.007332954187106999e+00
5.006290445480655826e+00
5.005364202637385240e+00
5.004556764591645113e+00
5.003874771449874359e+00
5.003327841986129343e+00
5.002911469008932244e+00
5.002629269179116100e+00
5.002479921303849331e+00
5.002468406173094628e+00
5.002603528626888618e+00
5.002880525530009059e+00
5.003307756089300007e+00
5.003877660573153641e+00
5.004594916418820816e+00
5.005458423063784856e+00
5.006457216680677114e+00
5.007591023311646516e+00
5.008859835729630561e+00
5.010255323067935862e+00
5.011769886628420601e+00
5.013387846664221215e+00
5.015104978100093369e+00
5.016917766497169140e+00
5.018816041067871936e+00
5.020789643541608172e+00
5.022828517273699056e+00
5.024920096412929915e+00
5.027052429780994203e+00
5.029211573169265037e+00
5.031384327129159395e+00
5.033558094517025516e+00
5.035719138548405915e+00
5.037853988573582242e+00
5.039951611027748690e+00
5.042003994301589742e+00
5.044001508370670628e+00
5.045934035644562776e+00
5.047792240545781794e+00
5.049567376539738639e+00
5.051250989750655229e+00
5.052835048303634835e+00
5.054311586335925810e+00
5.055672837958365307e+00
5.056912833691268538e+00
5.058027022272974627e+00
5.059003278554111027e+00
5.059834912881880697e+00
5.060516839415461376e+00
5.061044066116840767e+00
5.061414576337367244e+00
5.061624232192218464e+00
5.061670685817182047e+00
5.061559200470029829e+00
5.061289142180859457e+00
5.060869074088214958e+00
5.060297694761930920e+00
5.059584442932783865e+00
5.058730967302500936e+00
5.057748865668356686e+00
5.056643406931936369e+00
5.055418576036274203e+00
5.054091998968897492e+00
5.052668714557467133e+00
5.051160953526077080e+00
5.049575939957676063e+00
5.047919037376222384e+00
5.046206351999815709e+00
5.044444667731102783e+00
5.042649427090462488e+00
5.040825569812829698e+00
5.038982777927691892e+00
5.037129554484661043e+00
5.035272222344453930e+00
5.033418253545339560e+00
5.031574315760907190e+00
5.029752817039069512e+00
5.027959038500364741e+00
5.026203708980855112e+00
5.024493361149604986e+00
5.022831704650695173e+00
5.021227349226052183e+00
5.019683689956241146e+00
5.018211284313969678e+00
5.016817092929654720e+00
5.015503997538858449e+00
5.014279700849824550e+00
5.013149551038318386e+00
5.012125393484406999e+00
5.011205764223508830e+00
5.010398452241592970e+00
5.009698566083483406e+00
5.009108259227744497e+00
5.008637301508954920e+00
5.008281541538111448e+00
5.008046079181754706e+00
5.007929722766078839e+00
5.007935279852048005e+00
5.008066770594835404e+00
5.008315063111751897e+00
5.008682629943161935e+00
5.009170878894894763e+00
5.009776588261394714e+00
5.010494144737987376e+00
5.011314173445373221e+00
5.012234169349342849e+00
5.013254830420286190e+00
5.014368051693111283e+00
5.015565596848993835e+00
5.016844315260916787e+00
5.018193212628633049e+00
5.019606629640131601e+00
5.021072515726356045e+00
5.022580716789035726e+00
5.024123111248282925e+00
5.025688968628911901e+00
5.027267833233145744e+00
5.028851336866883237e+00
5.030427807748583113e+00
5.031989020139244317e+00
5.033523707121877244e+00
5.035021690011290296e+00
5.036473411202696759e+00
5.037868197441366824e+00
5.039196774989632921e+00
5.040453280836609373e+00
5.041632761463789691e+00
5.042728413597017401e+00
5.043732545033364545e+00
5.044637667566805206e+00
5.045440286949544273e+00
5.046135283366112390e+00
5.046715671785442225e+00
5.047180343002346525e+00
5.047525651149716630e+00
5.047751530699695621e+00
5.047855243563915906e+00
5.047830774429983514e+00
5.047678735991738108e+00
5.047395236091487547e+00
5.046981482999197688e+00
5.046440665172212015e+00
5.045777010964028086e+00
5.044995573581924297e+00
5.044101566867699837e+00
5.043099672691693236e+00
5.041999340029231114e+00
5.040807354943625640e+00
5.039533555703036072e+00
5.038185537354818777e+00
5.036769441710584161e+00
5.035293274717203893e+00
5.033765646712653030e+00
5.032194770918958504e+00
5.030590102718942802e+00
5.028958133803479669e+00
5.027306104348770788e+00
5.025643010781876363e+00
5.023975846664780143e+00
5.022314904974574112e+00
5.020667658941620815e+00
5.019039433197850286e+00
5.017439895020598506e+00
5.015876898960941688e+00
5.014354340331430571e+00
5.012881912635441140e+00
5.011463927672977547e+00
5.010110641317242930e+00
5.008830161141032633e+00
5.007623831378096746e+00
5.006501584993476861e+00
5.005470806555623930e+00
5.004535911576623697e+00
5.003700731815571956e+00
5.002962790550466110e+00
5.002330129490967003e+00
5.001808986300404491e+00
5.001402641134137461e+00
5.001115992227370022e+00
5.000948443291510337e+00
5.000904707428800222e+00
5.000991001990424678e+00
5.001201401841628424e+00
5.001535802115487428e+00
5.001985775423037239e+00
5.002552583184827206e+00
5.003235769239056552e+00
5.004031569552410019e+00
5.004934841212619112e+00
5.005934679177391544e+00
5.007028303560602467e+00
5.008215384674060466e+00
5.009490557652700460e+00
5.010849119466532109e+00
5.012282944512355343e+00
5.013783299517620584e+00
5.015342617225635458e+00
5.016953462254989837e+00
5.018606851738679708e+00
5.020297474157798590e+00
5.022009013932931865e+00
5.023730816137779165e+00
5.025453046601998430e+00
5.027166700255858878e+00
5.028864125949133346e+00
5.030531238657224513e+00
5.032158634108294670e+00
5.033736760509004426e+00
5.035258238208284887e+00
5.036710744094838432e+00
5.038082378548374152e+00
5.039363685590019237e+00
5.040545747023810641e+00
5.041624299105992968e+00
5.042590172258011094e+00
5.043437101063124040e+00
5.044169817236056730e+00
5.044783419635884059e+00
5.045283957388989826e+00
5.045667837341121675e+00
5.045937987775348965e+00
5.046092714355134845e+00
5.046128187533274634e+00
5.046051894873186505e+00
5.045862007420315543e+00
5.045561977866841907e+00
5.045157216246977328e+00
5.044648622777120117e+00
5.044050675276473328e+00
5.043365394342496977e+00
5.042599352989152628e+00
5.041760273743227216e+00
5.040850382093145399e+00
5.039882786068870857e+00
5.038861010465577550e+00
5.037796527836278848e+00
5.036691086459710753e+00
5.035550496596648884e+00
5.034383018258765219e+00
5.033194195721104158e+00
5.031994007769776900e+00
5.030788470078064734e+00
5.029588591847374168e+00
5.028403001446081433e+00
5.027236794326259250e+00
5.026098151299906114e+00
5.024990471992444974e+00
5.023924633580994836e+00
5.022909473124695268e+00
5.021951352152777659e+00
5.021058054659319758e+00
5.020233263540816893e+00
5.019483338314842946e+00
5.018813815805864387e+00
5.018228766117047712e+00
5.017734072264086187e+00
5.017332959081779897e+00
5.017032865509192696e+00
5.016837999801883718e+00
5.016751682758131103e+00
5.016767952433820454e+00
5.016890127240714037e+00
5.017113501775112283e+00
5.017441524053959157e+00
5.017874508286863211e+00
5.018408309641331222e+00
5.019039243507235959e+00
5.019764006334394679e+00
5.020576309460252240e+00
5.021474507573097767e+00
5.022453160855024912e+00
5.023508651527611946e+00
5.024641039419025290e+00
5.025838785889596316e+00
5.027093001279085982e+00
5.028397102477996761e+00
5.029743900719136462e+00
5.031130947294683686e+00
5.032544421079606423e+00
5.033975670310706363e+00
5.035417833003252852e+00
5.036857411536424856e+00
5.038285481604785510e+00
5.039692963781804202e+00
5.041073670509308435e+00
5.042419844987837685e+00
5.043720401200500802e+00
5.044967418360560174e+00
5.046153572919814145e+00
5.047272362980096183e+00
5.048318990069477152e+00
5.049288008335082623e+00
5.050175042050925711e+00
5.050975136953441691e+00
5.051683410826174558e+00
5.052296306873707898e+00
5.052809049236623551e+00
5.053217810328154869e+00
5.053517744234800269e+00
5.053704850683956806e+00
5.053781384072302707e+00
5.053745571063867459e+00
5.053596902802622637e+00
5.053332048725372339e+00
5.052948431219941305e+00
5.052448299299960865e+00
5.051831358145959072e+00
5.051103625293857924e+00
5.050265869494564797e+00
5.049322271268851914e+00
5.048279930498489776e+00
5.047145775403865997e+00
5.045930222343692151e+00
5.044638487916478731e+00
5.043275975059756888e+00
5.041850726824293361e+00
5.040372465770731836e+00
5.038849340599069748e+00
5.037289277683983713e+00
5.035697510760317464e+00
5.034083345454225977e+00
5.032454075884111866e+00
5.030817963402754778e+00
5.029186231117732220e+00
5.027562077712304678e+00
5.025953588258514237e+00
5.024370258074292828e+00
5.022814298193940985e+00
5.021293871473561765e+00
5.019815005730877466e+00
5.018386725407133930e+00
5.017021367769728180e+00
5.015722381096373361e+00
5.014496872868429378e+00
5.013355599116574801e+00
5.012301407080184568e+00
5.011344558592926823e+00
5.010486220192205131e+00
5.009734907370101631e+00
5.009095497872722902e+00
5.008566814545584833e+00
5.008152821991635584e+00
5.007850194048178771e+00
5.007662462402176828e+00
5.007593965629157928e+00
5.007637760342141142e+00
5.007793710120996167e+00
5.008056195081254103e+00
5.008426754773637413e+00
5.008908535615583801e+00
5.009496606514833417e+00
5.010188987703107166e+00
5.010974235312126268e+00
5.011849518195772291e+00
5.012815751732372149e+00
5.013866741807246008e+00
5.014999980629468723e+00
5.016211204678798552e+00
5.017488032282377830e+00
5.018825764955069602e+00
5.020215409399058082e+00
5.021651737243915115e+00
5.023127612621571814e+00
5.024631051571157414e+00
5.026156142951038852e+00
5.027693388165024757e+00
5.029235923589256529e+00
5.030772216470029257e+00
5.032294624299790797e+00
5.033796158731964177e+00
5.035266753436113518e+00
5.036699039639019659e+00
5.038087376804136319e+00
5.039426913262390784e+00
5.040710624904416903e+00
5.041929816753648375e+00
