0.000000000000000000e+00
0.000000000000000000e+00
-1.474031159887091088e-06
-7.729507196927444028e-06
-1.977893654839135937e-05
-3.498266116366722259e-05
-4.973106333636677942e-05
-2.737033661105667948e-05
4.512949235504516970e-06
9.544975342578256483e-05
2.803654338640627084e-04
5.800444747728761155e-04
9.951745461148674490e-04
1.615544531814521465e-03
2.393882397882408399e-03
3.382288415305084815e-03
4.593787465564673836e-03
6.087113295070594593e-03
7.838973377220099722e-03
9.853544358484213339e-03
1.220207658814615771e-02
1.499520269440836676e-02
1.817412403630442805e-02
2.172639397191233543e-02
2.573017058180995104e-02
3.007511017131037773e-02
3.484437939929194150e-02
4.015169021891779738e-02
4.581380901145166301e-02
5.195682225035853224e-02
5.853749272631830758e-02
6.557541248606865714e-02
7.312827048110191741e-02
8.110824820803826107e-02
8.950672981547540263e-02
9.827590880202477508e-02
1.074234926443023014e-01
1.169609153013152214e-01
1.269135904054564390e-01
1.372521483640593565e-01
1.481321084241789821e-01
1.593184447030943640e-01
1.709754705171507572e-01
1.829514479379576453e-01
1.953382527570647065e-01
2.080927288274687648e-01
2.211636388044280199e-01
2.345806669931334576e-01
2.483810722570341523e-01
2.625110602121275005e-01
2.769590103368681500e-01
2.917790996770781020e-01
3.068398093919676439e-01
3.222149514894409039e-01
3.378373098115844408e-01
3.537446522455138798e-01
3.699520349244995732e-01
3.863810407857819484e-01
4.030634700994416564e-01
4.199798869829103332e-01
4.371332955102845697e-01
4.545825552682801751e-01
4.722076570730133760e-01
4.901537346582336419e-01
5.082781171541137510e-01
5.267171609144134514e-01
5.453989803533477732e-01
5.643261801938934674e-01
5.835486364107055346e-01
6.030212914686124970e-01
6.227816068868559096e-01
6.427927863340300307e-01
6.631385361890714814e-01
6.837204968671719563e-01
7.045878970365444527e-01
7.256763255338589680e-01
7.470217764120021808e-01
7.686013543348231281e-01
7.903593742589869464e-01
8.123003136854092254e-01
8.344124996404568284e-01
8.566274249296108589e-01
8.789757263402857568e-01
9.014291989545740735e-01
9.239362609128873860e-01
9.464899193982998504e-01
9.690680873136441331e-01
9.917089163999476265e-01
1.014409149859420101e+00
1.037113486502638793e+00
1.059819227431288979e+00
1.082492219183913917e+00
1.105175229285232374e+00
1.127830222819320438e+00
1.150470625136367220e+00
1.173038419459334625e+00
1.195545483801833342e+00
1.217938395712844235e+00
1.240220757697097387e+00
1.262443522189132361e+00
1.284583569739333742e+00
1.306662834856979094e+00
1.328637412760726555e+00
1.350526200507156327e+00
1.372275370333663869e+00
1.393854056570998923e+00
1.415334426138870283e+00
1.436653946612350463e+00
1.457863022063247804e+00
1.478892902110092500e+00
1.499763683054916585e+00
1.520482424471847782e+00
1.541029809687606944e+00
1.561365770075790582e+00
1.581529957030288758e+00
1.601559041712753428e+00
1.621385474179260378e+00
1.641096760008804223e+00
1.660623345349304225e+00
1.680044954989425632e+00
1.699254171822540460e+00
1.718284723732940833e+00
1.737147667382232807e+00
1.755867632601730621e+00
1.774394339297287182e+00
1.792818417523376562e+00
1.811071779702178919e+00
1.829231477950088447e+00
1.847192230198852370e+00
1.864983321402541971e+00
1.882611877892486518e+00
1.900098910305969335e+00
1.917395641777984716e+00
1.934584360096924138e+00
1.951601726983063223e+00
1.968476135704987140e+00
1.985206713650696342e+00
2.001804500792496277e+00
2.018221557114593612e+00
2.034531147454254008e+00
2.050790245507231990e+00
2.066984391186706294e+00
2.083236730072967724e+00
2.099473068688385347e+00
2.115782525513640877e+00
2.132088454936019506e+00
2.148426407549850037e+00
2.164903547738067591e+00
2.181426522706024773e+00
2.198084651206009266e+00
2.214790372822754705e+00
2.231583209012024671e+00
2.248559474919312073e+00
2.265619798872940738e+00
2.282854601119034932e+00
2.300174143288605588e+00
2.317656999800675077e+00
2.335256178353302570e+00
2.353003014300339313e+00
2.370871303055755774e+00
2.388884516928665658e+00
2.407017714951507958e+00
2.425238065693848366e+00
2.443465422366135176e+00
2.461707794640534352e+00
2.479887264941208702e+00
2.498048806164734792e+00
2.516259793017380453e+00
2.534529218647949556e+00
2.552877873156539579e+00
2.571256183360091985e+00
2.589723802779189565e+00
2.608229205582610621e+00
2.626812621329299269e+00
2.645368173096648956e+00
2.663956984255782867e+00
2.682516592715255221e+00
2.701103931639663447e+00
2.719651869509688957e+00
2.738211462471954238e+00
2.756701042626373166e+00
2.775141497824661130e+00
2.793527884457580601e+00
2.811876031134597831e+00
2.830167504523269706e+00
2.848365415308944382e+00
2.866476802800170365e+00
2.884471439097396672e+00
2.902360234234802494e+00
2.920119764779083305e+00
2.937711329434387508e+00
2.955208713982574675e+00
2.972559227917664249e+00
2.989811718438141863e+00
3.006876882288926023e+00
3.023789454672806354e+00
3.040476487849228082e+00
3.056986392710677958e+00
3.073253575537674198e+00
3.089331662629120068e+00
3.105101282570831067e+00
3.120579760048858287e+00
3.135608597968093658e+00
3.150237581704131706e+00
3.164480146143905159e+00
3.178374292824737157e+00
3.191863863442413241e+00
3.205024900410644584e+00
3.217819077942840611e+00
3.230263767216675408e+00
3.242367974493973293e+00
3.254186289284698663e+00
3.265693592999450612e+00
3.276926265929214210e+00
3.287777652714721555e+00
3.298328075383178515e+00
3.308685436223022247e+00
3.318841638539306249e+00
3.328746947620383700e+00
3.338491803977958305e+00
3.348164241288177134e+00
3.357742990825645091e+00
3.367347265456191341e+00
3.376989343736640503e+00
3.386741643522254375e+00
3.396449167106620148e+00
3.406248113487235774e+00
3.416241778705588761e+00
3.426345878217688767e+00
3.436665670249930304e+00
3.447207409713736403e+00
3.457974625204077945e+00
3.469100791786185578e+00
3.480524887416831525e+00
3.492212631080619634e+00
3.504269816253654302e+00
3.516594544027321412e+00
3.529261944864265921e+00
3.542328581188195269e+00
3.555659151647560634e+00
3.569310612056725951e+00
3.583182415340417926e+00
3.597393338058466838e+00
3.611871647212977265e+00
3.626605755661006292e+00
3.641601062391276677e+00
3.656874658439631443e+00
3.672327198360438416e+00
3.688032308195109632e+00
3.703929670427319021e+00
3.719997358892436878e+00
3.736233976457592476e+00
3.752641990755077206e+00
3.769151679847713154e+00
3.785801104877468237e+00
3.802548896644589060e+00
3.819371491048809464e+00
3.836254369590755164e+00
3.853246453378673220e+00
3.870302005384441468e+00
3.887468361232753633e+00
3.904698831413265125e+00
3.921960942123408955e+00
3.939230162475581665e+00
3.956479824159617298e+00
3.973694929454798519e+00
3.990847181652064091e+00
4.007991111848826726e+00
4.025106663082118175e+00
4.042229452703471893e+00
4.059311463211055404e+00
4.076317333553310718e+00
4.093219484661099195e+00
4.110029013727184655e+00
4.126719252441403363e+00
4.143304536912915559e+00
4.159728016231533765e+00
4.176028274868007983e+00
4.192233219717023118e+00
4.208362162683483731e+00
4.224424067113873527e+00
4.240387821767804155e+00
4.256229994867321231e+00
4.271952744100567578e+00
4.287539070222852189e+00
4.302983418081280931e+00
4.318251745079037640e+00
4.333438729618070973e+00
4.348455867145538001e+00
4.363362116191863649e+00
4.378084238145827811e+00
4.392650319908142365e+00
4.407047238920211996e+00
4.421239064310073630e+00
4.435329516504287639e+00
4.449226631496428830e+00
4.462998716209410688e+00
4.476570213411329213e+00
4.490011008356092681e+00
4.503254069660185266e+00
4.516312840555190000e+00
4.529266378257749359e+00
4.542042016361234502e+00
4.554667882297513515e+00
4.567104354475018724e+00
4.579369203422544388e+00
4.591509928081509706e+00
4.603455969665525060e+00
4.615280402276990657e+00
4.626920745943068347e+00
4.638425635669706892e+00
4.649812681053160368e+00
4.661004006240844433e+00
4.672069568012236829e+00
4.682945323560714357e+00
4.693644208286284147e+00
4.704164133642195544e+00
4.714490591857909862e+00
4.724680824850081784e+00
4.734709756944655901e+00
4.744572405789375225e+00
4.754257945392608598e+00
4.763751726720809820e+00
4.773087748263359131e+00
4.782304878805160087e+00
4.791377571199416430e+00
4.800308294866561631e+00
4.809061088536262574e+00
4.817658315275192393e+00
4.826137239907265730e+00
4.834454167459488971e+00
4.842647863004685860e+00
4.850736884449006858e+00
4.858695813391687324e+00
4.866551208470347056e+00
4.874249760482791238e+00
4.881798363898279369e+00
4.889260665748598633e+00
4.896598553035738099e+00
4.903834884737017674e+00
4.910942800019267196e+00
4.917907084200862755e+00
4.924762693617824816e+00
4.931484272454265572e+00
4.938074424837116005e+00
4.944584122274402027e+00
4.950973034475329548e+00
4.957285763595584704e+00
4.963485901329998562e+00
4.969564939115528546e+00
4.975566310856822660e+00
4.981449965212825681e+00
4.987238385651592054e+00
4.992934083912852650e+00
4.998516423676494291e+00
5.004021254752162307e+00
5.009407892201426016e+00
5.014697179172517671e+00
5.019891125534059917e+00
5.024971299145700954e+00
5.029954754684450968e+00
5.034838894877912807e+00
5.039630309317590928e+00
5.044346673760893296e+00
5.049006231103422948e+00
5.053565939043048516e+00
5.058028947983268075e+00
5.062417866263870359e+00
5.066723053131584109e+00
5.070947488818649873e+00
5.075061614487651696e+00
5.079096625421527733e+00
5.083040883217339712e+00
5.086863965068344484e+00
5.090606805358414810e+00
5.094236677263263680e+00
5.097760276172642158e+00
5.101198899720196245e+00
5.104529783998017045e+00
5.107768833611492809e+00
5.110901780102734548e+00
5.113910365078930376e+00
5.116813468013290844e+00
5.119598588321690791e+00
5.122282916281704956e+00
5.124854966078285834e+00
5.127294622037892324e+00
5.129635093782430211e+00
5.131854179624801837e+00
5.133979321990495670e+00
5.135990536187177824e+00
5.137876697305923557e+00
5.139698294375425469e+00
5.141398952279573109e+00
5.142999477807765452e+00
5.144476338450198583e+00
5.145815819923168277e+00
5.147080739412790429e+00
5.148211716983800201e+00
5.149235128436568942e+00
5.150128520403388421e+00
5.150890596110705211e+00
5.151548219222906511e+00
5.152074699078085906e+00
5.152463818092230419e+00
5.152712137878273424e+00
5.152839007649901326e+00
5.152871528731057360e+00
5.152789885185056207e+00
5.152611506774418260e+00
5.152313226598644214e+00
5.151909352454685731e+00
5.151424397553645562e+00
5.150843549098216734e+00
5.150180299158537700e+00
5.149420844863499269e+00
5.148592387016262428e+00
5.147701962913718177e+00
5.146754165317264373e+00
5.145747370596375880e+00
5.144671373094763744e+00
5.143542229558673462e+00
5.142361542757001303e+00
5.141142575021234506e+00
5.139884543444361853e+00
5.138593343521799639e+00
5.137286322738376043e+00
5.135961453493084861e+00
5.134631683404889735e+00
5.133293172444548524e+00
5.131961044247592696e+00
5.130648476357902332e+00
5.129349032516921092e+00
5.128076310183251607e+00
5.126824802334750686e+00
5.125613498787726208e+00
5.124471636589015944e+00
5.123382280941452649e+00
5.122354614238586734e+00
5.121380092601624412e+00
5.120481957893220581e+00
5.119698964978901756e+00
5.118986053566780825e+00
5.118384836490598389e+00
5.117852082762269106e+00
5.117445694382636745e+00
5.117171207039950431e+00
5.117013655088243240e+00
5.116972852034826325e+00
5.117068237757641747e+00
5.117282606589006910e+00
5.117645769456733440e+00
5.118150222229170154e+00
5.118754222954022381e+00
5.119459007794367800e+00
5.120238893891084331e+00
5.121109058672892900e+00
5.122057938838706193e+00
5.123060619498000179e+00
5.124114082644091184e+00
5.125205025712357809e+00
5.126333896706210425e+00
5.127487266550169842e+00
5.128668482194053801e+00
5.129859203661190747e+00
5.131048555637108599e+00
5.132225548068391596e+00
5.133387534210789305e+00
5.134533588553177985e+00
5.135634370709169616e+00
5.136700997988093320e+00
5.137709847951637876e+00
5.138668492401347265e+00
5.139574842939481414e+00
5.140393845180376786e+00
5.141156401897177375e+00
5.141836382264599159e+00
5.142450361179517593e+00
5.142997926475810111e+00
5.143463145086871080e+00
5.143866608070537083e+00
5.144175737036720264e+00
5.144409364501342452e+00
5.144565988408730028e+00
5.144630939962670624e+00
5.144627982647659081e+00
5.144543159147294098e+00
5.144396863253356322e+00
5.144157742270770051e+00
5.143820525602939675e+00
5.143415354573670939e+00
5.142934835040512631e+00
5.142400251859369220e+00
5.141791676664294819e+00
5.141112687224092426e+00
5.140389774450602189e+00
5.139623598316254593e+00
5.138830042341293591e+00
5.138008877345860981e+00
5.137166897737921900e+00
5.136312975966872862e+00
5.135450056949201425e+00
5.134585659512820754e+00
5.133725840383712047e+00
5.132887450391000250e+00
5.132080499836749077e+00
5.131307734408921739e+00
5.130581944593734178e+00
5.129897730955429225e+00
5.129263787576502587e+00
5.128681948454625328e+00
5.128159530246205300e+00
5.127710712151176686e+00
5.127342304708011334e+00
5.127041609650053289e+00
5.126802884703076657e+00
5.126628650119102737e+00
5.126542082801035960e+00
5.126521117137319727e+00
5.126562297720966832e+00
5.126659685787318566e+00
5.126814302983267346e+00
5.127035774508996724e+00
5.127326499702914653e+00
5.127664328026160234e+00
5.128065522010013311e+00
5.128510664174839917e+00
5.129008808317170320e+00
5.129541305559263797e+00
5.130082236523316297e+00
5.130636570336805313e+00
5.131189579288051306e+00
5.131752903232858820e+00
5.132293523246930000e+00
5.132806429448115715e+00
5.133289757961917665e+00
5.133735538902272744e+00
5.134158417540182207e+00
5.134518973561515764e+00
5.134830006020654203e+00
5.135072984038432153e+00
5.135265349200507146e+00
5.135409667933871880e+00
5.135487283663406899e+00
5.135506072017179235e+00
5.135449654418789756e+00
5.135338577130625026e+00
5.135176770338604868e+00
5.134943698091248621e+00
5.134649437242934766e+00
5.134279216179439942e+00
5.133855256983827609e+00
5.133383520530355071e+00
5.132855513231646682e+00
5.132268857234906001e+00
5.131623518490980196e+00
5.130933306837270891e+00
5.130212610089967207e+00
5.129457557448933613e+00
5.128670923733900544e+00
5.127851863452982606e+00
5.127007743963789110e+00
5.126147984215807085e+00
5.125272667879056776e+00
5.124379746565414173e+00
5.123477114314032299e+00
5.122571776086284778e+00
5.121675915295079484e+00
5.120789083117439411e+00
5.119900441566302973e+00
5.119024690413667145e+00
5.118163850256992831e+00
5.117332991385652008e+00
5.116532237926317173e+00
5.115756504857730924e+00
5.115023583495807991e+00
5.114325572201800618e+00
5.113679085248898915e+00
5.113084612252007943e+00
5.112536545308124403e+00
5.112048399770449336e+00
5.111627934971641807e+00
5.111272189752947170e+00
5.111000556168895592e+00
5.110797529114226911e+00
5.110669869413416500e+00
5.110623121802513324e+00
5.110650705679603334e+00
5.110775656088538454e+00
5.110983709472513681e+00
5.111288824009990961e+00
5.111663139093017172e+00
5.112120286862648300e+00
5.112654242853916564e+00
5.113263467925881933e+00
5.113928746062611275e+00
5.114649948257302015e+00
5.115419007393812834e+00
5.116236431229209458e+00
5.117091406884885174e+00
5.117972145903206815e+00
5.118872963714696134e+00
5.119789837825393874e+00
5.120718642178273328e+00
5.121653442236876685e+00
5.122585592272973720e+00
5.123501257079936089e+00
5.124399688470459679e+00
5.125278097841239777e+00
5.126119548904992662e+00
5.126927638951040755e+00
5.127688531357146751e+00
5.128406863662696935e+00
5.129073117750979627e+00
5.129679668884075561e+00
5.130216260182954180e+00
5.130688913132346762e+00
5.131093156564332070e+00
5.131419845748043329e+00
5.131663314647322949e+00
5.131837569236103569e+00
5.131933173447197127e+00
5.131941365938565980e+00
5.131871577328004363e+00
5.131688251154431057e+00
5.131418948074736086e+00
5.131063855675913388e+00
5.130620319520986961e+00
5.130102717181599381e+00
5.129486228389596114e+00
5.128798559768056542e+00
5.128046246183967760e+00
5.127241492358898256e+00
5.126386168910120666e+00
5.125472329569910279e+00
5.124513488275860063e+00
5.123514898283336727e+00
5.122483457190845080e+00
5.121425184769484495e+00
5.120340048087689055e+00
5.119240048242661878e+00
5.118131589902493950e+00
5.117017641974541675e+00
5.115904235927317245e+00
5.114797490848158823e+00
5.113709112269734014e+00
5.112650034366106766e+00
5.111615932298755993e+00
5.110605874372580182e+00
5.109628843231060813e+00
5.108695266483286090e+00
5.107820051325419719e+00
5.106986037431219039e+00
5.106211614770750806e+00
5.105503763420442986e+00
5.104866667849879747e+00
5.104317527165573409e+00
5.103831921530824545e+00
5.103433484261792330e+00
5.103111432617466470e+00
5.102903162980388707e+00
5.102797884590859923e+00
5.102792999114778461e+00
5.102911832038249607e+00
5.103138726189670571e+00
5.103468047328229673e+00
5.103910500205989464e+00
5.104428400196070470e+00
5.105057218469614355e+00
5.105774268604750254e+00
5.106565500520105161e+00
5.107433168984885974e+00
5.108346496544713844e+00
5.109326688446039988e+00
5.110353273250097139e+00
5.111430078916185948e+00
5.112540864594216750e+00
5.113676358260150323e+00
5.114837528191443106e+00
5.116022310130234452e+00
5.117227983422513837e+00
5.118451115585799016e+00
5.119675124235387287e+00
5.120893245361682666e+00
5.122106727234954526e+00
5.123313762195342846e+00
5.124505516983503206e+00
5.125669936411016536e+00
5.126807446651095113e+00
5.127907454617255389e+00
5.128977975346082907e+00
5.130008888862962912e+00
5.131000780634518144e+00
5.131934841968056382e+00
5.132814140267607073e+00
5.133638358883497510e+00
5.134393854089018383e+00
5.135089132882590945e+00
5.135698555357690154e+00
5.136235746726328877e+00
5.136689820162889220e+00
5.137065515018937489e+00
5.137363604795126548e+00
5.137573505178034239e+00
5.137723367208554492e+00
5.137785395787969556e+00
5.137760138790063991e+00
5.137649646391101221e+00
5.137442486573880807e+00
5.137170352664714557e+00
5.136813428540652815e+00
5.136358412829165054e+00
5.135824314159279425e+00
5.135193472084528032e+00
5.134499387395506709e+00
5.133734726485734257e+00
5.132903807488208514e+00
5.132019899439936417e+00
5.131074875918156586e+00
5.130071987611181328e+00
5.129024899852401731e+00
5.127940653514988512e+00
5.126827495795614809e+00
5.125694042247661564e+00
5.124551062610874119e+00
5.123403004807363992e+00
5.122258672145140856e+00
5.121115243238343773e+00
5.119996166703237428e+00
5.118906724479926673e+00
5.117851779487860853e+00
5.116834977445138932e+00
5.115862096724046459e+00
5.114951955628527003e+00
5.114120955121649104e+00
5.113361986529959324e+00
5.112669206214083495e+00
5.112046916325521551e+00
5.111515520949793334e+00
5.111093573485446129e+00
5.110750347663594262e+00
5.110534611408544592e+00
5.110392104283851822e+00
5.110364920430762403e+00
5.110455689941478141e+00
5.110622192406040654e+00
5.110903800585254508e+00
5.111249898792191715e+00
5.111696284198148810e+00
5.112238076039536061e+00
5.112865171142800591e+00
5.113569975578174720e+00
5.114338793613895540e+00
5.115156533055886356e+00
5.116029202722891966e+00
5.116935869463667075e+00
5.117878880211100601e+00
5.118841945537314864e+00
5.119825568729028831e+00
5.120811628633127555e+00
5.121789682217824158e+00
5.122756159760939454e+00
5.123705885642158009e+00
5.124633457147465876e+00
5.125510981985318182e+00
5.126344375395166075e+00
5.127129377209532102e+00
5.127864579045166238e+00
5.128551213898648875e+00
5.129170502656092978e+00
5.129721186728169791e+00
5.130192258366335523e+00
5.130585289307822094e+00
5.130902839087833733e+00
5.131124115874012404e+00
5.131272015058388369e+00
5.131306629133365327e+00
5.131243808105543813e+00
5.131097773903936066e+00
5.130868041342080410e+00
5.130560622563541173e+00
5.130178952006580140e+00
5.129702308786990628e+00
5.129155564730945471e+00
5.128526478907053487e+00
5.127819002693478012e+00
5.127037106728139726e+00
5.126179825490297937e+00
5.125248453220309308e+00
5.124245534216941067e+00
5.123186716785609995e+00
5.122079265540421922e+00
5.120933899482668750e+00
5.119759497692766281e+00
5.118566511770668903e+00
5.117365544190588977e+00
5.116157744726125500e+00
5.114959983950439160e+00
5.113769972225609806e+00
5.112618818035307378e+00
5.111504364287439373e+00
5.110440932860556451e+00
5.109463366022292341e+00
5.108535074120345243e+00
5.107694116061511025e+00
5.106922729661644844e+00
5.106238886689724588e+00
5.105664347944738779e+00
5.105174932604613858e+00
5.104789267567875655e+00
5.104537814943078899e+00
5.104400163315195194e+00
5.104380746196447660e+00
5.104450600786557324e+00
5.104622957358560420e+00
5.104926312478682782e+00
5.105316545093855574e+00
5.105833250793120115e+00
5.106433422254821330e+00
5.107132056119343844e+00
5.107937137471935785e+00
5.108825710999272296e+00
5.109805811705491863e+00
5.110847551139495515e+00
5.111962380396627204e+00
5.113140463816427506e+00
5.114385409938598137e+00
5.115696311133408614e+00
5.117046542751097604e+00
5.118442550139927327e+00
5.119874439524912724e+00
5.121343398826623705e+00
5.122843732374215087e+00
5.124369520681405277e+00
5.125918039815926974e+00
5.127476165133024288e+00
5.129040517943407984e+00
5.130610198663975829e+00
5.132181388872171901e+00
5.133753014492297595e+00
5.135316279517913252e+00
5.136858145880007775e+00
5.138379984783435717e+00
5.139878365831877183e+00
5.141355407374406994e+00
5.142798369961288252e+00
5.144203065472152225e+00
5.145569313751961360e+00
5.146888997840191493e+00
5.148165988015438899e+00
5.149381570877935133e+00
5.150535213785674138e+00
5.151626509638931317e+00
5.152666448938155952e+00
5.153647783535028282e+00
5.154541818114424245e+00
5.155352709131742373e+00
5.156076856242919781e+00
5.156732940288686784e+00
5.157313497091138288e+00
5.157812312456274029e+00
5.158213466840290806e+00
5.158513588669205063e+00
5.158735223493033928e+00
5.158871881511489121e+00
5.158928569877947012e+00
5.158891848231625943e+00
5.158762372274843244e+00
5.158543060299901839e+00
5.158242023763206063e+00
5.157862807390239723e+00
5.157393810627010744e+00
5.156838622492698754e+00
5.156202700761107316e+00
5.155495062050369448e+00
5.154721859869507483e+00
5.153877138000872549e+00
5.152982836839702152e+00
5.152031071883585334e+00
5.151024316278244974e+00
5.149967985180165186e+00
5.148868506130721556e+00
5.147728705135133254e+00
5.146559286517049969e+00
5.145370400723959570e+00
5.144171123829629266e+00
5.142963164848233681e+00
5.141757458773400735e+00
5.140562367466237959e+00
5.139380847913172623e+00
5.138217924636747647e+00
5.137082811248447456e+00
5.135976014387754418e+00
5.134908668500332674e+00
5.133884802338628539e+00
5.132911767316011620e+00
5.132009599608329253e+00
5.131169197139290539e+00
5.130428378310947224e+00
5.129756979671268979e+00
5.129193585877269257e+00
5.128737775561362788e+00
5.128388263610153430e+00
5.128143678036479969e+00
5.128016950393988971e+00
5.128004139150920793e+00
5.128119168534372108e+00
5.128323286354039112e+00
5.128660390667114655e+00
5.129096965856346557e+00
5.129621673292907857e+00
5.130239218838010373e+00
5.130929745502267103e+00
5.131690620325001895e+00
5.132503789804371941e+00
5.133367511845622566e+00
5.134277803517375283e+00
5.135225239611659553e+00
5.136195007703695303e+00
5.137188175387176869e+00
5.138194404683504857e+00
5.139216256357227230e+00
5.140242647967731671e+00
5.141268639631068282e+00
5.142293320066724682e+00
5.143307669154797424e+00
5.144311766691002319e+00
5.145298532090577304e+00
5.146258646316322682e+00
5.147196010417733447e+00
5.148103654749188074e+00
5.148986257455740123e+00
5.149842765248809684e+00
5.150671323529874002e+00
5.151475440330299804e+00
5.152242056048903507e+00
5.152975248835476307e+00
5.153673834718258462e+00
5.154336159668357453e+00
5.154967500410468695e+00
5.155565452903003276e+00
5.156129833191127609e+00
5.156654246739536873e+00
5.157134866035967491e+00
5.157576958715408111e+00
5.157979659318415067e+00
5.158343762821941070e+00
5.158674084461718046e+00
5.158962008237330643e+00
5.159207343153147107e+00
5.159407626363873511e+00
5.159563014648349544e+00
5.159680298437789858e+00
5.159751918051816766e+00
5.159789908250286494e+00
5.159784917501575308e+00
5.159732241314678447e+00
5.159637784045964182e+00
5.159493112341343668e+00
5.159311788194655080e+00
5.159085499570547739e+00
5.158812526036826718e+00
5.158500466384766447e+00
5.158147155904051928e+00
5.157769055218277110e+00
5.157357933484790991e+00
5.156922826879499766e+00
5.156464913488207458e+00
5.155983645246205782e+00
5.155489419885753044e+00
5.154978109300910383e+00
5.154452902377426149e+00
5.153920334839106054e+00
5.153383988291800222e+00
5.152850552164792930e+00
5.152323028446017972e+00
5.151806232557474274e+00
5.151307698265491730e+00
5.150825994462548962e+00
5.150369639360188323e+00
5.149929731749772976e+00
5.149521320202231855e+00
5.149144235887407994e+00
5.148807158098398951e+00
5.148507408295598609e+00
5.148251356073495266e+00
5.148055210542706206e+00
5.147906518756252048e+00
5.147804246713246101e+00
5.147753427001487303e+00
5.147745164877457924e+00
5.147778434942199333e+00
5.147851125963685881e+00
5.147943700871151940e+00
5.148063174376917850e+00
5.148197245376838538e+00
5.148336530525891241e+00
5.148479029762281556e+00
5.148608711532040694e+00
5.148725552263393901e+00
5.148823442061155831e+00
5.148893269978186638e+00
5.148936841881557314e+00
5.148944090907650484e+00
5.148912920025365381e+00
5.148844484915214181e+00
5.148733141082526998e+00
5.148581387582422231e+00
5.148381579644233597e+00
5.148130945577474193e+00
5.147832549563796434e+00
5.147480285926908650e+00
5.147080879002066567e+00
5.146630987203867136e+00
5.146132282554359172e+00
5.145599813400954403e+00
5.145024088113754779e+00
5.144406268163772111e+00
5.143741936697812100e+00
5.143033927246182913e+00
5.142296358286588820e+00
5.141523994892089888e+00
5.140726506128161510e+00
5.139896153523773492e+00
5.139032688825577289e+00
5.138145727454869416e+00
5.137232290967552295e+00
5.136300091534106826e+00
5.135345238759367881e+00
5.134373485758154665e+00
5.133391707926242553e+00
5.132403349443525720e+00
5.131409869059178064e+00
5.130406831442567928e+00
5.129408682673427755e+00
5.128416535346957517e+00
5.127444696366045385e+00
5.126490475177024386e+00
5.125558950840684247e+00
5.124665640085192209e+00
5.123799270778151893e+00
5.122983023985477224e+00
5.122206834121795893e+00
5.121482093124838819e+00
5.120817233859750850e+00
5.120213524862383458e+00
5.119699056088183653e+00
5.119252025089417124e+00
5.118888364411149361e+00
5.118615193045888745e+00
5.118430071766678857e+00
5.118347671940183474e+00
5.118383734096034310e+00
5.118499776283470304e+00
5.118723702775506368e+00
5.119070335040060371e+00
5.119518330777255599e+00
5.120072788642911377e+00
5.120745767997768816e+00
5.121507246615555786e+00
5.122367048757340946e+00
5.123312188955214452e+00
5.124331887783672101e+00
5.125447653876807230e+00
5.126626291023757886e+00
5.127859530868198235e+00
5.129132118942405505e+00
5.130438845725919350e+00
5.131779300095702823e+00
5.133135680081512220e+00
5.134495506407883880e+00
5.135855831178096409e+00
5.137207199903396138e+00
5.138538119765190260e+00
5.139852935793069122e+00
5.141132092299130818e+00
5.142387994202044510e+00
5.143598865019347599e+00
5.144736089827683045e+00
5.145828478159572228e+00
5.146850044699575299e+00
5.147829695614243306e+00
5.148740657167697243e+00
5.149571450920962690e+00
5.150344946207665586e+00
5.151025371896290395e+00
5.151650238530898207e+00
5.152185861626826124e+00
5.152634345861337728e+00
5.152998904595337493e+00
5.153291263422183910e+00
5.153508974993788350e+00
5.153624071534910200e+00
5.153649911713042542e+00
5.153588287951611946e+00
5.153451296584869112e+00
5.153238171236778520e+00
5.152924169460499471e+00
5.152542573446595497e+00
5.152083498398029704e+00
5.151565371239745339e+00
5.150974630573952773e+00
5.150318334559165656e+00
5.149603595519625543e+00
5.148829723382555734e+00
5.148007778907381926e+00
5.147125813747011946e+00
5.146194189349376558e+00
5.145208876514995033e+00
5.144197136024200923e+00
5.143147882828674966e+00
5.142061343649588778e+00
5.140932966703736007e+00
5.139764994094335293e+00
5.138576129535401549e+00
5.137363703781926638e+00
5.136132506365146178e+00
5.134889420727458464e+00
5.133632113048997248e+00
5.132365944842067762e+00
5.131095172176329378e+00
5.129824973652331366e+00
5.128560708621709097e+00
5.127306961128679674e+00
5.126070481622783781e+00
5.124851107010810480e+00
5.123657386461466068e+00
5.122495624656050239e+00
5.121377424532740363e+00
5.120311335260241847e+00
5.119291802356213061e+00
5.118350079516142515e+00
5.117464544857114106e+00
5.116673018196791212e+00
5.115956280837029801e+00
5.115326082045407396e+00
5.114786223108144014e+00
5.114332507597477928e+00
5.113996432470353959e+00
5.113765926743122137e+00
5.113628930859464461e+00
5.113581629567976350e+00
5.113618524023529233e+00
5.113748346599947148e+00
5.113991066268842367e+00
5.114308637022237924e+00
5.114720361582200781e+00
5.115212218254069576e+00
5.115780817843237571e+00
5.116438946626344020e+00
5.117154738432923011e+00
5.117942719883479263e+00
5.118778729564702701e+00
5.119681898853933433e+00
5.120652604452526013e+00
5.121663041315233755e+00
5.122721184170996978e+00
5.123809497258818624e+00
5.124940523407614634e+00
5.126107635102426840e+00
5.127306006527698301e+00
5.128532497412717106e+00
5.129772823951399552e+00
5.131030817679321565e+00
5.132301603607094087e+00
5.133584026894724595e+00
5.134873793027557198e+00
5.136164064458763612e+00
5.137457623086131520e+00
5.138753218106186793e+00
5.140057968548691569e+00
5.141364376745379161e+00
5.142676834068453218e+00
5.143980041197693254e+00
5.145270523033296683e+00
5.146552404514705970e+00
5.147822282216703904e+00
5.149081846527016282e+00
5.150317490524805919e+00
5.151527357003844010e+00
5.152715711347020111e+00
5.153878273344790983e+00
5.155017688772834283e+00
5.156112544364488848e+00
5.157169347382343894e+00
5.158184838420904583e+00
5.159146870649612637e+00
5.160058926544345503e+00
5.160889672092354274e+00
5.161651751226937535e+00
5.162338642156876212e+00
5.162927848524607732e+00
5.163447650387144705e+00
5.163854671209312741e+00
5.164171962118900616e+00
5.164394033937908191e+00
5.164501290894307317e+00
5.164528908159311982e+00
5.164438324764098809e+00
5.164257022037829437e+00
5.163982353720540708e+00
5.163616053338819789e+00
5.163168748344951986e+00
5.162618254933231121e+00
5.161967534485928155e+00
5.161208567235343381e+00
5.160349706176392104e+00
5.159402955759041731e+00
5.158348515841835180e+00
5.157214358884567140e+00
5.155964091557734719e+00
5.154617873567812758e+00
5.153197720486397237e+00
5.151695860314841724e+00
5.150138098884101900e+00
5.148520001757617592e+00
5.146850994515891564e+00
5.145144298661227467e+00
5.143399154681439711e+00
5.141631606954808476e+00
5.139849848884816552e+00
5.138074917781826123e+00
5.136313016701217649e+00
5.134589491773126291e+00
5.132887807775018629e+00
5.131241758603332315e+00
5.129672815788267393e+00
5.128167500484465791e+00
5.126755333233356637e+00
5.125420284408808591e+00
5.124180344257236008e+00
5.123094123515965492e+00
5.122098290685298316e+00
5.121257652777911673e+00
5.120544394764782403e+00
5.119986069936039996e+00
5.119602701429011304e+00
5.119349991127582378e+00
5.119252726666362996e+00
5.119314150570625443e+00
5.119551511614317540e+00
5.119967830314036128e+00
5.120552897511718271e+00
5.121282544715997531e+00
5.122153560950158280e+00
5.123149539663192975e+00
5.124292250930067461e+00
5.125565688519475138e+00
5.126953089146611298e+00
5.128460045515295995e+00
5.130042394160029495e+00
5.131717242805954982e+00
5.133463324068780587e+00
5.135268094300029951e+00
5.137122253237960123e+00
5.139003821669814620e+00
5.140908659605978315e+00
5.142828683762548536e+00
5.144759128599165621e+00
5.146681118814942835e+00
5.148593190221784077e+00
5.150482360182998320e+00
5.152344542353150203e+00
5.154174103348251990e+00
5.155957595317360642e+00
5.157696579157110328e+00
5.159369660078284348e+00
5.160983897207972682e+00
5.162541337816711540e+00
5.164026253132816713e+00
5.165455546586512625e+00
5.166816500632762654e+00
5.168100987731217622e+00
5.169313754423258800e+00
5.170457838608619738e+00
5.171534305496808592e+00
5.172523397191162609e+00
5.173414462937707015e+00
5.174212928100221376e+00
5.174925414754740771e+00
5.175554064421645784e+00
5.176094459502688316e+00
5.176519641934623550e+00
5.176845175533284937e+00
5.177070033515533076e+00
5.177206204768930675e+00
5.177249010426651310e+00
5.177158213786508867e+00
5.176953405912693817e+00
5.176636328424986111e+00
5.176222182389076387e+00
5.175708559442040446e+00
5.175075483981249391e+00
5.174315373960611808e+00
5.173466312054275207e+00
5.172517350751636656e+00
5.171484858680247321e+00
5.170365124035356530e+00
5.169151783276078049e+00
5.167862021017548102e+00
5.166517909455771829e+00
5.165126014340397198e+00
5.163692262608285510e+00
5.162223465729231187e+00
5.160729849774115863e+00
5.159225723582976819e+00
5.157719437617533487e+00
5.156219944495433083e+00
5.154737942058318367e+00
5.153288326997034652e+00
5.151874366838209873e+00
5.150503969032042662e+00
5.149181115913862961e+00
5.147925181377405401e+00
5.146740599933737670e+00
5.145652661237591019e+00
5.144638313043587985e+00
5.143752710584276855e+00
5.142962363425369610e+00
5.142290128309007891e+00
5.141698674734410446e+00
5.141213026035306832e+00
5.140871886972067983e+00
5.140623404949632658e+00
5.140484917701884093e+00
5.140428380940771369e+00
5.140475776114231010e+00
5.140615076984007992e+00
5.140852595756491006e+00
5.141177184249002607e+00
5.141579500290293758e+00
5.142059751937826384e+00
5.142599015610952229e+00
5.143194252478618722e+00
5.143832581120271641e+00
5.144509990813872058e+00
5.145213380756517907e+00
5.145941906946442046e+00
5.146679911168954291e+00
5.147419337483784219e+00
5.148159531729957550e+00
5.148885699736616139e+00
5.149590541871927662e+00
5.150260728227637586e+00
5.150886968227766260e+00
5.151476833152315749e+00
5.152019730883380610e+00
5.152506945061227306e+00
5.152936922351559978e+00
5.153284174206396173e+00
5.153577629330297505e+00
5.153796279973080097e+00
5.153948305587015000e+00
5.154033218317395360e+00
5.154055005230669728e+00
5.154005700659666900e+00
5.153886717439358556e+00
5.153685170721924003e+00
5.153423689466631430e+00
5.153094467383540156e+00
5.152700579103743017e+00
5.152261847306702336e+00
5.151759900090013389e+00
5.151210281637224497e+00
5.150606803943130529e+00
5.149955162678573117e+00
5.149271550227616068e+00
5.148552799422953186e+00
5.147802679811331217e+00
5.147025557880017033e+00
5.146231632654282073e+00
5.145429500166984305e+00
5.144629021485061848e+00
5.143832150225253308e+00
5.143044317488283390e+00
5.142278407488675818e+00
5.141524744231909416e+00
5.140811305318684354e+00
5.140131857071729371e+00
5.139492622141453637e+00
5.138923384074780110e+00
5.138393039268168927e+00
5.137931651820155210e+00
5.137508012850495298e+00
5.137153154735178973e+00
5.136875998948426947e+00
5.136656306844860964e+00
5.136515456915558886e+00
5.136415155448675662e+00
5.136382438079644785e+00
5.136423539323923926e+00
5.136519919410538648e+00
5.136678943094056038e+00
5.136889537628929858e+00
5.137158466708104498e+00
5.137491853852014678e+00
5.137869800497036010e+00
5.138308607880215817e+00
5.138779392000477841e+00
5.139297888931076308e+00
5.139854793828170010e+00
5.140443911981027014e+00
5.141069082301299886e+00
5.141723599415461088e+00
5.142405803483168114e+00
5.143101726304927901e+00
5.143802766334452770e+00
5.144506542366185542e+00
5.145214223023691247e+00
5.145917685534992181e+00
5.146610028799809555e+00
5.147276922445930936e+00
5.147909189742245317e+00
5.148516440447606257e+00
5.149085871819592874e+00
5.149611224476433158e+00
5.150073566939867398e+00
5.150474412273800873e+00
5.150823741164242797e+00
5.151117577124570523e+00
5.151346656978314620e+00
5.151518742293303532e+00
5.151611652393079055e+00
5.151634540169219179e+00
5.151584175725186121e+00
5.151449964803361148e+00
5.151245571368091802e+00
5.150946381439172939e+00
5.150566116322480958e+00
5.150104787026249298e+00
5.149554715280138417e+00
5.148933397357069452e+00
5.148224031005702805e+00
5.147440833349429923e+00
5.146586605210507592e+00
5.145661245037519649e+00
5.144681495700679896e+00
5.143645687897405949e+00
5.142578853864870680e+00
5.141479894195400746e+00
5.140353317235314634e+00
5.139205152068935689e+00
5.138051680226529250e+00
5.136902461101019668e+00
5.135767464314307418e+00
5.134649773214664314e+00
5.133563765336479179e+00
5.132527748544419843e+00
5.131542413209283282e+00
5.130613303531609937e+00
5.129760186050734916e+00
5.128970743019780620e+00
5.128278994981847028e+00
5.127661477786203292e+00
5.127139112551410527e+00
5.126730880451101591e+00
5.126411944639582607e+00
5.126200863116134876e+00
5.126103710236671773e+00
5.126129956252586162e+00
5.126281931845184658e+00
5.126529153322513466e+00
5.126884212678011643e+00
5.127347039727207623e+00
5.127902061974342729e+00
5.128574423601563126e+00
5.129307710339960025e+00
5.130124926080640968e+00
5.131011298408446386e+00
5.131948492934641948e+00
5.132933051919279066e+00
5.133944304918585111e+00
5.134978563224611214e+00
5.136024539207753925e+00
5.137073690255817837e+00
5.138110147377189740e+00
5.139132035633263484e+00
5.140126337518629462e+00
5.141098685597714102e+00
5.142029321601326863e+00
5.142898757269317223e+00
5.143723728840882359e+00
5.144487874766523028e+00
5.145208694969947594e+00
5.145861807575161428e+00
5.146445487437480537e+00
5.146970263344877061e+00
5.147411490304106607e+00
5.147792767693930571e+00
5.148082940222405313e+00
5.148283562378667355e+00
5.148408670684031740e+00
5.148454162629961139e+00
5.148428314842924181e+00
5.148290234871847559e+00
5.148050085057211511e+00
5.147718839470935670e+00
5.147295161050450929e+00
5.146769589793575683e+00
5.146139096331491025e+00
5.145405686658515165e+00
5.144583523806823600e+00
5.143675595235717601e+00
5.142677403849256201e+00
5.141595078793060658e+00
5.140434937339912302e+00
5.139212281268727978e+00
5.137933832567823877e+00
5.136606786411894277e+00
5.135247781586541826e+00
5.133859401953115409e+00
5.132448211473121802e+00
5.131028282207145352e+00
5.129606895756616325e+00
5.128193411689890624e+00
5.126802663069857324e+00
5.125439575922383639e+00
5.124118622702255266e+00
5.122842368495358123e+00
5.121629242461813725e+00
5.120478542905940955e+00
5.119412080135837151e+00
5.118415387210145440e+00
5.117510496240750051e+00
5.116702258002653103e+00
5.116020398002756764e+00
5.115423732113730360e+00
5.114944609899711558e+00
5.114599298287820339e+00
5.114364226136993707e+00
5.114261621583890083e+00
5.114245368800063751e+00
5.114345671216896427e+00
5.114551602992169599e+00
5.114879013243071704e+00
5.115316239948323407e+00
5.115872621330370684e+00
5.116535105275858974e+00
5.117279515433063253e+00
5.118112380447735532e+00
5.119016919749728167e+00
5.119995250272503462e+00
5.121026121693599720e+00
5.122109149339546086e+00
5.123234838115919842e+00
5.124387029278029360e+00
5.125560210737337030e+00
5.126746209579456703e+00
5.127935872691621100e+00
5.129120466801276201e+00
5.130279183852424651e+00
5.131401558759560722e+00
5.132496067079653557e+00
5.133547975960125243e+00
5.134552082511534721e+00
5.135487026962389123e+00
5.136342911067355743e+00
5.137142101320375076e+00
5.137868303748716947e+00
5.138540038260568821e+00
5.139115566777934241e+00
5.139577550160637109e+00
5.139957598577192144e+00
5.140235251988221954e+00
5.140437117441495118e+00
5.140513659821762893e+00
5.140450778197434900e+00
5.140288936145541498e+00
5.140007950480964816e+00
5.139639679159905050e+00
5.139134311754192552e+00
5.138507239375198488e+00
5.137766196805918284e+00
5.136905788335884182e+00
5.135964879620754431e+00
5.134911444414340664e+00
5.133769616488301324e+00
5.132547748986565850e+00
5.131249932501399158e+00
5.129904030565106687e+00
5.128502449545942810e+00
5.127047793868864112e+00
5.125553248677337415e+00
5.124025150094116299e+00
5.122481616292083650e+00
5.120928647819841473e+00
5.119374000284754977e+00
5.117818107757650559e+00
5.116283882412991701e+00
5.114772762659868910e+00
5.113293466273627352e+00
5.111863962266527395e+00
5.110472715351663808e+00
5.109163522276960911e+00
5.107904001925074766e+00
5.106739084798777029e+00
5.105663906115972317e+00
5.104678496871077442e+00
5.103833944652163446e+00
5.103069268394194502e+00
5.102442601028762681e+00
5.101975218508325582e+00
5.101626637767933126e+00
5.101420083049617915e+00
5.101323397265680626e+00
5.101359873140630441e+00
5.101585419165370006e+00
5.101915038215397047e+00
5.102404058190463054e+00
5.103013660485324010e+00
5.103758131886300120e+00
5.104657821903403558e+00
5.105635875115568822e+00
5.106721496085102174e+00
5.107882489214118138e+00
5.109125890309388573e+00
5.110446837420042243e+00
5.111813643599328216e+00
5.113234895939407387e+00
5.114691160047827090e+00
5.116185457731066144e+00
5.117703338290033876e+00
5.119239504659948814e+00
5.120780096376715385e+00
5.122315451080379667e+00
5.123842956299362150e+00
5.125349125886735635e+00
5.126833753461419896e+00
5.128281925345240744e+00
5.129701436335621700e+00
5.131063529128610412e+00
5.132355002487479112e+00
5.133595116610107922e+00
5.134770766595777580e+00
5.135898642117557422e+00
5.136963733980830504e+00
5.137939078534420112e+00
5.138863313520724674e+00
5.139701033631737026e+00
5.140467752689894532e+00
5.141142974595006798e+00
5.141687487500186116e+00
5.142157880539472536e+00
5.142508489886696843e+00
5.142790668184334280e+00
5.142953696443164802e+00
5.142973184086312877e+00
5.142879345849087791e+00
5.142627139579436069e+00
5.142287111323257776e+00
5.141808330830118123e+00
5.141173368062755600e+00
5.140418212082169092e+00
5.139503712695023374e+00
5.138501748558065074e+00
5.137368348356267767e+00
5.136092598702690637e+00
5.134709219004890635e+00
5.133213895078680089e+00
5.131631500687381831e+00
5.129945607896825521e+00
5.128165201511164284e+00
5.126317173059961263e+00
5.124412737902185988e+00
5.122467267032645211e+00
5.120495345260879461e+00
5.118515195663948525e+00
5.116537462737340114e+00
5.114572663720627688e+00
5.112629307027837910e+00
5.110740845020792733e+00
5.108908697184107339e+00
5.107140238698504753e+00
5.105438306000015913e+00
5.103840059902451820e+00
5.102348459478400322e+00
5.100995288308642017e+00
5.099750819470664887e+00
5.098689099293133964e+00
5.097771598141574323e+00
5.097027710493588160e+00
5.096480565484546865e+00
5.096075052995169052e+00
5.095892290402137981e+00
5.095836058393055090e+00
5.095988870294699602e+00
5.096373945655236604e+00
5.096926588969241223e+00
5.097672781975875367e+00
5.098609261916885238e+00
5.099707848908314745e+00
5.100999371590027920e+00
5.102449078293453510e+00
5.104051552893529298e+00
5.105792576404224015e+00
5.107645866455447603e+00
5.109621694417607607e+00
5.111674552740466559e+00
5.113820841940056816e+00
5.116027615250955840e+00
5.118284883083711101e+00
5.120593818904767502e+00
5.122930918516526155e+00
5.125294634731421439e+00
5.127671995790610282e+00
5.130057786734710135e+00
5.132439365418562716e+00
5.134803330780873587e+00
5.137147210569986910e+00
5.139475325675616268e+00
5.141777059467445454e+00
5.144056037845028406e+00
5.146298817278756488e+00
5.148494378210917155e+00
5.150654515059604144e+00
5.152760786147728034e+00
5.154824939103736625e+00
5.156832075448646080e+00
5.158784321131124173e+00
5.160688651384726100e+00
5.162515451343669959e+00
5.164281667055503178e+00
5.165969024034158252e+00
5.167582025112524846e+00
5.169130170525923162e+00
5.170585262509002966e+00
5.171970765920296031e+00
5.173268344284907450e+00
5.174483988614693608e+00
5.175628549562707903e+00
5.176669373469366953e+00
5.177633795024766172e+00
5.178504055695546171e+00
5.179289272459161708e+00
5.180001818196786623e+00
5.180632690148366137e+00
5.181189317809356432e+00
5.181649788090896713e+00
5.182023856038167509e+00
5.182323570860490669e+00
5.182542227202966423e+00
5.182695308862195205e+00
5.182781978849263282e+00
5.182794887308439513e+00
5.182720982512869057e+00
5.182569809496812674e+00
5.182336033039205425e+00
5.182035355545991706e+00
5.181645023949856821e+00
5.181172965705806099e+00
5.180625115201288544e+00
5.180009362973684084e+00
5.179329416133874986e+00
5.178558618925923618e+00
5.177713030256742677e+00
5.176798792012449191e+00
5.175824358664864455e+00
5.174789155476207547e+00
5.173696567841287397e+00
5.172564700745461153e+00
5.171393118031738290e+00
5.170184667163012726e+00
5.168941013493058456e+00
5.167671702780244125e+00
5.166385157831427932e+00
5.165089953817843416e+00
5.163787099250077617e+00
5.162487800993441844e+00
5.161202346958635445e+00
5.159924553312775330e+00
5.158670211710450815e+00
5.157430557363150037e+00
5.156230282240031215e+00
5.155077556275246664e+00
5.153969620369791116e+00
5.152925433345555639e+00
5.151921502255320640e+00
5.150994074322700733e+00
5.150150081791401213e+00
5.149383259319187722e+00
5.148700325616124118e+00
5.148121034965339682e+00
5.147636262007478258e+00
5.147269382529382042e+00
5.147000676762734095e+00
5.146825434860263115e+00
5.146762471712614584e+00
5.146798956404859737e+00
5.146959695044392546e+00
5.147226671363644535e+00
5.147599491748444223e+00
5.148061020086935891e+00
5.148622578653923476e+00
5.149280200126997720e+00
5.150030920180909355e+00
5.150848376500836601e+00
5.151734309616914587e+00
5.152677957016458699e+00
5.153673206392160644e+00
5.154729506793848337e+00
5.155822384554375581e+00
5.156941635135043001e+00
5.158079483780491969e+00
5.159230660099018984e+00
5.160389436903823679e+00
5.161545917141665107e+00
5.162688508454193581e+00
5.163816088858474984e+00
5.164927805710068043e+00
5.166010727632275312e+00
5.167074568170537674e+00
5.168101790222753955e+00
5.169089299488295985e+00
5.170036423701276362e+00
5.170920313123096967e+00
5.171765746075143610e+00
5.172547340366473456e+00
5.173282287392249934e+00
5.173958397481076332e+00
5.174539124305777449e+00
5.175061899024479217e+00
5.175491695414715210e+00
5.175855492401354674e+00
5.176137979693196556e+00
5.176315293341360757e+00
5.176413659855207960e+00
5.176410298952434985e+00
5.176294864508856008e+00
5.176094185039001871e+00
5.175776911638278577e+00
5.175384654737610113e+00
5.174878028966089616e+00
5.174292041286429722e+00
5.173609580099186367e+00
5.172836014702520302e+00
5.171974783390365538e+00
5.170990029722057457e+00
5.169923640563689915e+00
5.168763228281939348e+00
5.167518168389403144e+00
5.166194118409953795e+00
5.164781424253783726e+00
5.163291432708104978e+00
5.161744127422173811e+00
5.160142286121447874e+00
5.158494541644651932e+00
5.156812887191374095e+00
5.155100331455069629e+00
5.153372206687526713e+00
5.151632606833771000e+00
5.149896574019982687e+00
5.148169950395419470e+00
5.146463899015977894e+00
5.144780326634243117e+00
5.143134650885656356e+00
5.141539199947908756e+00
5.140016054063633710e+00
5.138558554797961975e+00
5.137175007462098542e+00
5.135879434644772701e+00
5.134675149470164790e+00
5.133586839884117126e+00
5.132601448297098301e+00
5.131727847158506606e+00
5.130957924350695976e+00
5.130333043634491830e+00
5.129840321167903561e+00
5.129495745524364381e+00
5.129261903259504152e+00
5.129160635694463011e+00
5.129218710842144091e+00
5.129409291031371332e+00
5.129742182525406591e+00
5.130205954121956680e+00
5.130785209680507997e+00
5.131470022718021440e+00
5.132272375444481227e+00
5.133185849482724272e+00
5.134191472674319634e+00
5.135277335936734744e+00
5.136431378791639801e+00
5.137658283407400717e+00
5.138939826334427252e+00
5.140289940828988158e+00
5.141682364339539291e+00
5.143118259156651995e+00
5.144588032359787455e+00
5.146085821832127927e+00
5.147613515699812403e+00
5.149168195719429519e+00
5.150738097722240560e+00
5.152313286210008947e+00
5.153887337292142767e+00
5.155458317990012418e+00
5.157028486872620832e+00
5.158588182772107622e+00
5.160131905520865203e+00
5.161647349590966272e+00
5.163126709903189671e+00
5.164575863624523144e+00
5.165987384612272137e+00
5.167353190774629290e+00
5.168676934237192988e+00
5.169938456411075300e+00
5.171141751180004853e+00
5.172280202875446875e+00
5.173341228807877279e+00
5.174336664150069431e+00
5.175249954307982847e+00
5.176074757496426315e+00
5.176836421037624980e+00
5.177496105352947353e+00
5.178073011110136292e+00
5.178550945850620479e+00
5.178923285598466819e+00
5.179223812459570198e+00
5.179416184550686530e+00
5.179544568159221818e+00
5.179573958122241528e+00
5.179493507404882457e+00
5.179338330586512384e+00
5.179071932693084079e+00
5.178739455004294889e+00
5.178308421072622458e+00
5.177771742527444765e+00
5.177165429924686535e+00
5.176467015107234282e+00
5.175715971102078150e+00
5.174888448973256949e+00
5.173965139125545676e+00
5.172989348356683337e+00
5.171945339550334531e+00
5.170863084082562899e+00
5.169731270109374499e+00
5.168552526791651225e+00
5.167346540425975299e+00
5.166105244492251281e+00
5.164843386148172399e+00
5.163560808931547008e+00
5.162265094255166886e+00
5.160967301909882288e+00
5.159671980177123807e+00
5.158383810554703963e+00
5.157111162279806038e+00
5.155861605887375632e+00
5.154636055340134249e+00
5.153444183652364785e+00
5.152283622209989034e+00
5.151165232990941867e+00
5.150120761056504293e+00
5.149118944292029987e+00
5.148191320185622644e+00
5.147321496714910793e+00
5.146516203765830966e+00
5.145812331621608671e+00
5.145165530328712933e+00
5.144616145824154607e+00
5.144144097116847725e+00
5.143767398295064019e+00
5.143491165020574130e+00
5.143287912380952065e+00
5.143183425308274437e+00
5.143148887122118929e+00
5.143197700662608618e+00
5.143329372743213668e+00
5.143521134613149748e+00
5.143778730241649555e+00
5.144102520031921699e+00
5.144485405145280410e+00
5.144938891140813375e+00
5.145445802083307818e+00
5.145991128740901033e+00
5.146565411670202650e+00
5.147160828804667076e+00
5.147768156660788463e+00
5.148370897790484513e+00
5.148966441361300994e+00
5.149542533142558831e+00
5.150098817257278583e+00
5.150619399344615879e+00
5.151088315790587124e+00
5.151518028548055739e+00
5.151894507354193742e+00
5.152224240509860387e+00
5.152489221973410416e+00
5.152691188233039732e+00
5.152836513670228769e+00
5.152903571112148029e+00
5.152902324868957606e+00
5.152808939701538193e+00
5.152630131429652316e+00
5.152374231273900484e+00
5.152019828091035869e+00
5.151581447663379443e+00
5.151036521027458903e+00
5.150417466814292133e+00
5.149706213752400785e+00
5.148895933012139103e+00
5.148010654429567623e+00
5.147040427754294711e+00
