0.000000000000000000e+00
0.000000000000000000e+00
-1.352735807813587863e-08
-8.188100991901589493e-08
-2.574226914475730621e-07
-5.731665464736580256e-07
-1.093798675810830731e-06
-1.488452182911714916e-06
-1.791108354609605285e-06
-1.392356082305923244e-06
2.394229318269943187e-07
3.571997783637926732e-06
9.381766701608283923e-06
1.939788487788973644e-05
3.478011492688893761e-05
5.728906163994907877e-05
8.863437831450939075e-05
1.299073538189077269e-04
1.875266656657004379e-04
2.664408497889780673e-04
3.705175258596682050e-04
5.028229523827576096e-04
6.646646503736517754e-04
8.625849280883808937e-04
1.098556904159977022e-03
1.384131511711075022e-03
1.721246590875579862e-03
2.119418581985428249e-03
2.585659859739735267e-03
3.130036419295265278e-03
3.756180083416892773e-03
4.487114897035552989e-03
5.322655415200187520e-03
6.280470242761565861e-03
7.369876256250335218e-03
8.603275543116522747e-03
9.985284334086370200e-03
1.152586263980765607e-02
1.323514593210120723e-02
1.513148975934882831e-02
1.722223830785651888e-02
1.950828922357459791e-02
2.200019208159346984e-02
2.469816831316848024e-02
2.762903956141371867e-02
3.078517464365859019e-02
3.415019956793684253e-02
3.776091066565412380e-02
4.159889725413219719e-02
4.565681544508830292e-02
4.994112727608576718e-02
5.445212868418589786e-02
5.914747861590282513e-02
6.404551265206234745e-02
6.912047443356411636e-02
7.440889654126063568e-02
7.988755104508296623e-02
8.554256019558803548e-02
9.136574206318753832e-02
9.735965785946743001e-02
1.035335331913461027e-01
1.098928981777657909e-01
1.163945495840539301e-01
1.230640518423547214e-01
1.298958658930291221e-01
1.369130682703484370e-01
1.441143196579445784e-01
1.514859568830956293e-01
1.590372460838783975e-01
1.667772674318779846e-01
1.747137927767266063e-01
1.828828876968849881e-01
1.912828391548622720e-01
1.998908656593789135e-01
2.086803078409661394e-01
2.176494121309746899e-01
2.267854618784417853e-01
2.361021947618951455e-01
2.456483202930916931e-01
2.553907716032495223e-01
2.653822105881203930e-01
2.755933767315378313e-01
2.859717219826211076e-01
2.965177029129494879e-01
3.072080665585031345e-01
3.180903833862771535e-01
3.291437941547860624e-01
3.403686767574776173e-01
3.517561620232093622e-01
3.633407455440986755e-01
3.751481109615791842e-01
3.871964615341652038e-01
3.994515698906410117e-01
4.119364195820319763e-01
4.246261328217017517e-01
4.375053053852546725e-01
4.505907279011238664e-01
4.638713747021187550e-01
4.773734265324105497e-01
4.910605984684457415e-01
5.049696284290781101e-01
5.190679913517466382e-01
5.333508521076673059e-01
5.478653627392284786e-01
5.625529449936382820e-01
5.774659520145886127e-01
5.925812154766553208e-01
6.078772240635389457e-01
6.233942001816268341e-01
6.391106694694990153e-01
6.550616496559613644e-01
6.712354713436597953e-01
6.876729660984509662e-01
7.044018500801555449e-01
7.213740914818279615e-01
7.386522453781597664e-01
7.561830001827711811e-01
7.740173715111249297e-01
7.921071892734998787e-01
8.104324751850597863e-01
8.289970379826061553e-01
8.477929967400067435e-01
8.667557245251172882e-01
8.859372836109633553e-01
9.053184705730912274e-01
9.248930006977553742e-01
9.446549933907025798e-01
9.645417898651591493e-01
9.845956486221782988e-01
1.004770767068528414e+00
1.025110453939103383e+00
1.045577604150437656e+00
1.066179711198472768e+00
1.086921684121751275e+00
1.107755514955186538e+00
1.128719424581193786e+00
1.149777275895738526e+00
1.170935928201341625e+00
1.192192410802507707e+00
1.213556203221941576e+00
1.234995953416491377e+00
1.256546744680071548e+00
1.278181104039812777e+00
1.299899486875201182e+00
1.321682922219897138e+00
1.343541282987261498e+00
1.365473052835131540e+00
1.387485987519885056e+00
1.409554900502825836e+00
1.431689733838702461e+00
1.453867692327166727e+00
1.476093375062609958e+00
1.498346466397906696e+00
1.520637008523608502e+00
1.542944948053027510e+00
1.565264965867663838e+00
1.587582032060290693e+00
1.609892021989489663e+00
1.632183124398852492e+00
1.654452304219866665e+00
1.676689593171740489e+00
1.698891124105120554e+00
1.721050016259814353e+00
1.743163699483538664e+00
1.765229398584033049e+00
1.787246372079516421e+00
1.809211365556384177e+00
1.831126174306536569e+00
1.852987200593615436e+00
1.874797500943804929e+00
1.896552333211566355e+00
1.918256263112689375e+00
1.939904178952838176e+00
1.961501225804950010e+00
1.983034505223895350e+00
2.004510771608019493e+00
2.025917381620073954e+00
2.047262055253649571e+00
2.068543853139543920e+00
2.089768125390672804e+00
2.110930384969377460e+00
2.132026068544053743e+00
2.153051351880693520e+00
2.174002775525713194e+00
2.194889339780473847e+00
2.215693029737138442e+00
2.236412634229326013e+00
2.257050830697679533e+00
2.277607390260362852e+00
2.298098973607683337e+00
2.318506979322100037e+00
2.338832003450060260e+00
2.359077925061846326e+00
2.379244562959338172e+00
2.399334306096697844e+00
2.419332203244830559e+00
2.439228859519626536e+00
2.459036164855624929e+00
2.478760469531680943e+00
2.498407639836932592e+00
2.517964623546268044e+00
2.537422367906238208e+00
2.556793206309940114e+00
2.576051372861529742e+00
2.595193114852572869e+00
2.614226495599414335e+00
2.633133390521670947e+00
2.651919590806629312e+00
2.670595568990375313e+00
2.689145321225787644e+00
2.707580997323657535e+00
2.725888878678942806e+00
2.744058329438830768e+00
2.762107232188845796e+00
2.780002629136706371e+00
2.797760959243441814e+00
2.815382704114581802e+00
2.832860417937899999e+00
2.850216436957980548e+00
2.867419469928409015e+00
2.884467429494525614e+00
2.901366980647708704e+00
2.918115283822681594e+00
2.934717623567249856e+00
2.951183853721286887e+00
2.967514454698230608e+00
2.983714368915225901e+00
2.999781910752918002e+00
3.015721392011310176e+00
3.031540707921649425e+00
3.047221315478946480e+00
3.062774093722965052e+00
3.078204026794101544e+00
3.093499442910815578e+00
3.108675172900821071e+00
3.123719990825320370e+00
3.138646770095492755e+00
3.153462660884524649e+00
3.168158884620333460e+00
3.182749598598147323e+00
3.197226157760287180e+00
3.211585666513110393e+00
3.225823317145968705e+00
3.239934518909121763e+00
3.253935573672915638e+00
3.267819380139971752e+00
3.281584404086733908e+00
3.295234432792330637e+00
3.308769021606112304e+00
3.322190923070574176e+00
3.335499119138384483e+00
3.348696797465945174e+00
3.361789100742006653e+00
3.374777749156618434e+00
3.387667106961870456e+00
3.400442525720262399e+00
3.413107551908159287e+00
3.425653614377641709e+00
3.438085646009111151e+00
3.450397639846467523e+00
3.462602471685075844e+00
3.474707311963701528e+00
3.486704942559862630e+00
3.498601730441714075e+00
3.510392687892580632e+00
3.522089036082888036e+00
3.533685056543016678e+00
3.545179057693147673e+00
3.556567708825731255e+00
3.567847679233216773e+00
3.579018807983064487e+00
3.590078998183870329e+00
3.601030178641939195e+00
3.611880030011796805e+00
3.622632083272599779e+00
3.633278637504243846e+00
3.643824958181047347e+00
3.654279158687257834e+00
3.664636319255495156e+00
3.674902895068788755e+00
3.685074397897386778e+00
3.695156399583482631e+00
3.705146159505510628e+00
3.715043870782518631e+00
3.724858730411195751e+00
3.734589087938928298e+00
3.744232481693887671e+00
3.753789810514116088e+00
3.763264465307855300e+00
3.772666137790345875e+00
3.781994552588128666e+00
3.791247094845437982e+00
3.800422189807557860e+00
3.809528980826998090e+00
3.818575623011255527e+00
3.827560242390299017e+00
3.836480492925310681e+00
3.845335100268984174e+00
3.854123709177637025e+00
3.862839194512033725e+00
3.871483612036371813e+00
3.880060787176752957e+00
3.888568632578516926e+00
3.897013183807993553e+00
3.905390027737284164e+00
3.913702764486933106e+00
3.921955563401842149e+00
3.930147432064676760e+00
3.938280947184229497e+00
3.946357470130587686e+00
3.954375810598994345e+00
3.962341859912539732e+00
3.970256365513469721e+00
3.978119980072643447e+00
3.985927439903881098e+00
3.993680432414676851e+00
4.001382006978656314e+00
4.009028633212712300e+00
4.016624054288532975e+00
4.024160149669315345e+00
4.031637006377842170e+00
4.039053232049610642e+00
4.046407884931234378e+00
4.053701069926885836e+00
4.060926934456495552e+00
4.068081818198828081e+00
4.075166602110533276e+00
4.082179563021330893e+00
4.089122289991049541e+00
4.095996457910207944e+00
4.102802644943862376e+00
4.109545678472190211e+00
4.116225077485709427e+00
4.122843568896918498e+00
4.129403977369933365e+00
4.135907927131324158e+00
4.142357454275755302e+00
4.148752784704832663e+00
4.155097616886762601e+00
4.161390311097767913e+00
4.167636054730084361e+00
4.173833425616886750e+00
4.179985747909214844e+00
4.186092866634991694e+00
4.192151677584316616e+00
4.198164116716053051e+00
4.204126624440815085e+00
4.210041975354815946e+00
4.215907848453189111e+00
4.221726062869692875e+00
4.227501502012872336e+00
4.233234412645958678e+00
4.238927389359139930e+00
4.244578999852800294e+00
4.250191700434349684e+00
4.255765686607025700e+00
4.261303142881057937e+00
4.266804284429214000e+00
4.272270059561392941e+00
4.277703801369330705e+00
4.283106260871551108e+00
4.288479939674993524e+00
4.293825511312148180e+00
4.299144268607755670e+00
4.304437656974454462e+00
4.309707039570469966e+00
4.314955221986432221e+00
4.320183446383136783e+00
4.325391619777339436e+00
4.330577855682031796e+00
4.335741615271227367e+00
4.340882111167566393e+00
4.345997231578485831e+00
4.351085530495303111e+00
4.356147293424265321e+00
4.361184675073282335e+00
4.366196385597840290e+00
4.371181952333108356e+00
4.376138741945879040e+00
4.381067323958531823e+00
4.385970180904522842e+00
4.390846342122212143e+00
4.395696095204010945e+00
4.400519333159581770e+00
4.405313934957639788e+00
4.410076373493330593e+00
4.414804593896525020e+00
4.419499486958639700e+00
4.424161195134776570e+00
4.428787409639018513e+00
4.433374891554968222e+00
4.437922355210440095e+00
4.442429749047414944e+00
4.446897565698282762e+00
4.451323408758299571e+00
4.455704242860930364e+00
4.460039065754072496e+00
4.464326508319037323e+00
4.468567663108961696e+00
4.472760328626292470e+00
4.476901645338194236e+00
4.480991202270643292e+00
4.485027708089010190e+00
4.489012362634793973e+00
4.492943749999657399e+00
4.496821114098682237e+00
4.500646545564785050e+00
4.504420945620193351e+00
4.508146942531718437e+00
4.511826152181280136e+00
4.515461383139742324e+00
4.519055577790392242e+00
4.522610714709413671e+00
4.526129512464654781e+00
4.529614218151223781e+00
4.533067683553349880e+00
4.536492250835549633e+00
4.539890540218006976e+00
4.543265199041019997e+00
4.546618836199890268e+00
4.549954259371409293e+00
4.553273944532523210e+00
4.556580480014931211e+00
4.559876511668812249e+00
4.563164606368194320e+00
4.566447524702200944e+00
4.569727194583068197e+00
4.573005781149515947e+00
4.576285270130286520e+00
4.579567465161930251e+00
4.582854509925494924e+00
4.586148074245105732e+00
4.589450024044166909e+00
4.592762205278526189e+00
4.596086354231487370e+00
4.599424414908539482e+00
4.602779305255066511e+00
4.606147224580895205e+00
4.609526297425877495e+00
4.612915881251941741e+00
4.616316055333266277e+00
4.619728337800156126e+00
4.623148181116233602e+00
4.626573043441425170e+00
4.630002088522563675e+00
4.633435168540129823e+00
4.636873118555198126e+00
4.640311478650221311e+00
4.643747666155943143e+00
4.647180927073606860e+00
4.650611034011492784e+00
4.654038512682568296e+00
4.657459076320778379e+00
4.660870178317678914e+00
4.664271158253802341e+00
4.667661799764289299e+00
4.671042200004710487e+00
4.674408166086330141e+00
4.677757720327033297e+00
4.681090150749339429e+00
4.684405174529208793e+00
4.687702369367734434e+00
4.690977604365006215e+00
4.694229116713658279e+00
4.697456122314586757e+00
4.700659057771817473e+00
4.703836807882444404e+00
4.706985134756223488e+00
4.710102469896929378e+00
4.713187890028611271e+00
4.716241937851563648e+00
4.719262908970968340e+00
4.722247663712160204e+00
4.725194554304735561e+00
4.728102276003018467e+00
4.730971402799741377e+00
4.733799861645356266e+00
4.736585004007473287e+00
4.739324720179692640e+00
4.742019520079748141e+00
4.744669055914537026e+00
4.747272825812952846e+00
4.749831404959814485e+00
4.752346203302996841e+00
4.754821342056649414e+00
4.757258098399297808e+00
4.759657939350264044e+00
4.762021255916017104e+00
4.764348878836290879e+00
4.766644965982097304e+00
4.768911160653488857e+00
4.771148766851084133e+00
4.773358197486058607e+00
4.775540057545558881e+00
4.777698747938529777e+00
4.779836425310031167e+00
4.781954401707307234e+00
4.784053420996325023e+00
4.786133588230268465e+00
4.788195394551410189e+00
4.790237712835920370e+00
4.792256571328294967e+00
4.794250196343313952e+00
4.796217847740303242e+00
4.798159379040849437e+00
4.800072437947642712e+00
4.801952895646941499e+00
4.803798590278280045e+00
4.805608876025332599e+00
4.807383465444697634e+00
4.809121299510849212e+00
4.810818114852561500e+00
4.812473471140518377e+00
4.814085780954018290e+00
4.815653693055763185e+00
4.817176488613738705e+00
4.818650487041129082e+00
4.820075620537651595e+00
4.821450082784546787e+00
4.822775364046943736e+00
4.824050229465616013e+00
4.825270344963324298e+00
4.826436015343320562e+00
4.827544942399514483e+00
4.828598825162304209e+00
4.829596227979315870e+00
4.830537523007047973e+00
4.831424688747180340e+00
4.832257384857192584e+00
4.833038147440210430e+00
4.833765360539809208e+00
4.834440109482065040e+00
4.835064394636110485e+00
4.835642433365836546e+00
4.836175765035704011e+00
4.836662038540498365e+00
4.837101940786497245e+00
4.837496620019930305e+00
4.837850359318809801e+00
4.838164720213072201e+00
4.838441201256621582e+00
4.838679337309706341e+00
4.838878888109731768e+00
4.839043802166390407e+00
4.839175406595725093e+00
4.839275024592909702e+00
4.839342172103036965e+00
4.839379533484147622e+00
4.839389929247822408e+00
4.839373978489581063e+00
4.839332582775074165e+00
4.839264994157979061e+00
4.839173034361132331e+00
4.839059788637362303e+00
4.838928746596478092e+00
4.838780031489706701e+00
4.838612342147655454e+00
4.838426545938975920e+00
4.838225789262481591e+00
4.838013375985005915e+00
4.837789503118524514e+00
4.837555287840345386e+00
4.837310392154880567e+00
4.837057656744994105e+00
4.836800095761693896e+00
4.836537941178805866e+00
4.836272029324002908e+00
4.836001468884325583e+00
4.835731087072320911e+00
4.835463354109355905e+00
4.835198501745738398e+00
4.834937031573184996e+00
4.834677636666723011e+00
4.834425148876883682e+00
4.834182331344613281e+00
4.833950246001163187e+00
4.833729132382700300e+00
4.833517423781136024e+00
4.833319592053570979e+00
4.833138531843700569e+00
4.832974696407594806e+00
4.832827961162232455e+00
4.832695957391091923e+00
4.832581112903113763e+00
4.832483040417116626e+00
4.832402378121892994e+00
4.832343168539496858e+00
4.832309106689913314e+00
4.832300948795434259e+00
4.832320302397982381e+00
4.832366332806684817e+00
4.832438477574886981e+00
4.832537827667818142e+00
4.832662744279058842e+00
4.832813514675052602e+00
4.832988036721052261e+00
4.833185150622429482e+00
4.833404013066592064e+00
4.833642825352998607e+00
4.833901869467498891e+00
4.834178896489591537e+00
4.834472539461256879e+00
4.834782159998121109e+00
4.835106154046060922e+00
4.835443749240639910e+00
4.835792793705168791e+00
4.836152132711413643e+00
4.836520187071564614e+00
4.836902013345662610e+00
4.837301757819060022e+00
4.837720949201886000e+00
4.838160400389734939e+00
4.838617642781738226e+00
4.839093177727464834e+00
4.839584153293672308e+00
4.840091300121549089e+00
4.840615407749119470e+00
4.841155738270881415e+00
4.841711592561605215e+00
4.842279953136148229e+00
4.842860593161584681e+00
4.843451047278048094e+00
4.844050987920762275e+00
4.844659420101941727e+00
4.845278602092565556e+00
4.845909520535768067e+00
4.846548566668332114e+00
4.847195062859952941e+00
4.847845816387832407e+00
4.848499465285837751e+00
4.849154212175905698e+00
4.849811699985563607e+00
4.850474186389744702e+00
4.851140605359376856e+00
4.851810893937052782e+00
4.852484045176805871e+00
4.853162586986126570e+00
4.853849352895322156e+00
4.854543710499111597e+00
4.855246269254986480e+00
4.855955920069519038e+00
4.856675146742764682e+00
4.857406840621535160e+00
4.858150344266597642e+00
4.858906365408603989e+00
4.859673783480231712e+00
4.860454084946815634e+00
4.861246452032630394e+00
4.862052348627750931e+00
4.862870419918602138e+00
4.863697334154552188e+00
4.864533289893573809e+00
4.865376814602917932e+00
4.866227918340868541e+00
4.867086510657377296e+00
4.867955159469551596e+00
4.868836515246935726e+00
4.869727665185042298e+00
4.870628991200633529e+00
4.871541213168808504e+00
4.872461924104997344e+00
4.873389589189597970e+00
4.874324370174714538e+00
4.875268286316701172e+00
4.876223662420220428e+00
4.877187488823242489e+00
4.878159351347990835e+00
4.879140550791332132e+00
4.880127552970359162e+00
4.881119698955725283e+00
4.882112068682026518e+00
4.883102313651751736e+00
4.884090414344381514e+00
4.885072036012124030e+00
4.886045813932131665e+00
4.887006960286806923e+00
4.887952875345060733e+00
4.888883116095373182e+00
4.889793486147234525e+00
4.890682422368833215e+00
4.891545726208994971e+00
4.892380549459766748e+00
4.893187717496465972e+00
4.893967738672207801e+00
4.894722193031620705e+00
4.895449099912356772e+00
4.896147134750197694e+00
4.896818081363150554e+00
4.897463230787822752e+00
4.898084832801529842e+00
4.898681039883800992e+00
4.899252429268369013e+00
4.899800387806304336e+00
4.900326006411619417e+00
4.900831571853763613e+00
4.901315004042394285e+00
4.901776815204925697e+00
4.902218298724898560e+00
4.902640671058604127e+00
4.903046474977442948e+00
4.903433433360466331e+00
4.903802036977419121e+00
4.904153421334036977e+00
4.904490413366863422e+00
4.904815346113451824e+00
4.905125520656863358e+00
4.905421295593538566e+00
4.905703627950557255e+00
4.905975375230469560e+00
4.906238894238184045e+00
4.906492593976716776e+00
4.906736535373191543e+00
4.906971369869122412e+00
4.907199825923005854e+00
4.907424388955394789e+00
4.907644744719426910e+00
4.907863313405823824e+00
4.908078952021014629e+00
4.908289130440962822e+00
4.908494360371543408e+00
4.908692879769070316e+00
4.908885965681686336e+00
4.909072543251379983e+00
4.909249239879713400e+00
4.909416988621518207e+00
4.909573769382253872e+00
4.909720184774191587e+00
4.909854848365353241e+00
4.909974200631546104e+00
4.910079026808085167e+00
4.910167136452214365e+00
4.910240138912626229e+00
4.910296046975121342e+00
4.910332460088242534e+00
4.910349313144391381e+00
4.910344492632132685e+00
4.910319190995935834e+00
4.910272023917344519e+00
4.910203291370700995e+00
4.910113754949700038e+00
4.910005067221056230e+00
4.909878952575083666e+00
4.909736935884859932e+00
4.909581279044207491e+00
4.909414005593564667e+00
4.909237645340321698e+00
4.909054408424702309e+00
4.908866759740917018e+00
4.908677202702667941e+00
4.908487900660541747e+00
4.908301478565840092e+00
4.908120185674337499e+00
4.907946387340484939e+00
4.907782779128461392e+00
4.907630767391234272e+00
4.907491686350835991e+00
4.907366090702993233e+00
4.907254423952830180e+00
4.907157109926623129e+00
4.907074231679719567e+00
4.907005901809018411e+00
4.906952274765056465e+00
4.906913359441962719e+00
4.906888999449723343e+00
4.906879161046520998e+00
4.906883622669259815e+00
4.906902665823576370e+00
4.906935900842650078e+00
4.906983353245881752e+00
4.907045015750331807e+00
4.907120463500609375e+00
4.907210147936707401e+00
4.907313582437922150e+00
4.907430749430198524e+00
4.907561212514404581e+00
4.907705038950656906e+00
4.907862779588318070e+00
4.908033815638042086e+00
4.908218114913321273e+00
4.908415181149608841e+00
4.908625095353342793e+00
4.908847955406524299e+00
4.909083764308013187e+00
4.909332477056303823e+00
4.909593473446438594e+00
4.909866853241691587e+00
4.910152696852455811e+00
4.910451017447631017e+00
4.910761174780200022e+00
4.911083292473922057e+00
4.911417466063866755e+00
4.911763669025967616e+00
4.912121901248465150e+00
4.912491503466736020e+00
4.912872597497773164e+00
4.913264722187888012e+00
4.913668623824487547e+00
4.914084228237043384e+00
4.914510822032463366e+00
4.914948494319689054e+00
4.915396766696941810e+00
4.915856197957765517e+00
4.916326873895597416e+00
4.916808240932298624e+00
4.917300998751891861e+00
4.917803614062142614e+00
4.918316885453534404e+00
4.918840350058746758e+00
4.919374356564951256e+00
4.919919442717802127e+00
4.920474091318319587e+00
4.921038997207651811e+00
4.921613690216909198e+00
4.922198557031223665e+00
4.922793810029396866e+00
4.923398630280861887e+00
4.924012995992670838e+00
4.924637008120189563e+00
4.925270518024335686e+00
4.925913964544306189e+00
4.926566200141677676e+00
4.927227745612035470e+00
4.927898611609706769e+00
4.928578626994857714e+00
4.929268096421727030e+00
4.929965987686879991e+00
4.930672701408036929e+00
4.931387892548809049e+00
4.932111941759356633e+00
4.932844967801936598e+00
4.933586045463450809e+00
4.934335428212651919e+00
4.935092787776955703e+00
4.935858413536914568e+00
4.936632133309610815e+00
4.937413549159532344e+00
4.938202583228116005e+00
4.938999351744417510e+00
4.939803446938160647e+00
4.940614795123102532e+00
4.941433158700229811e+00
4.942258483354808440e+00
4.943090877641799885e+00
4.943930042643907008e+00
4.944775877405764852e+00
4.945628168244722289e+00
4.946486844007732309e+00
4.947351956848860866e+00
4.948223159794570947e+00
4.949100491289855519e+00
4.949983756576537886e+00
4.950872817893386291e+00
4.951767677848100568e+00
4.952668256793975488e+00
4.953572029952764133e+00
4.954480551664590671e+00
4.955392391268968133e+00
4.956309639622329399e+00
4.957231617306232074e+00
4.958155092035293698e+00
4.959081160162449819e+00
4.960008205060722375e+00
4.960938054953576426e+00
4.961869788427712535e+00
4.962802609016062405e+00
4.963733992610933399e+00
4.964665278305175455e+00
4.965595532764555564e+00
4.966522041444540569e+00
4.967446250726343493e+00
4.968367363695861627e+00
4.969287747998595961e+00
4.970207295750141974e+00
4.971123825718521516e+00
4.972039132972119191e+00
4.972952631373761534e+00
4.973866907914040070e+00
4.974781988744494399e+00
4.975695742552037615e+00
4.976610034067983968e+00
4.977524289299602778e+00
4.978441142399664621e+00
4.979360808242913272e+00
4.980280970294828968e+00
4.981199333329554335e+00
4.982113248889204371e+00
4.983020118509290164e+00
4.983917383362409304e+00
4.984802337993737176e+00
4.985672280524727107e+00
4.986524531875606847e+00
4.987356180657502414e+00
4.988164838363285725e+00
4.988949385319704888e+00
4.989705861543173526e+00
4.990431790088170949e+00
4.991122706045262980e+00
4.991777237688058477e+00
4.992394931834990501e+00
4.992974766229147043e+00
4.993515000973696161e+00
4.994013397914224939e+00
4.994468760897273540e+00
4.994883726310784589e+00
4.995258089748078945e+00
4.995592161600344916e+00
4.995884378270112336e+00
4.996135043480300020e+00
4.996346926537209576e+00
4.996522099726701249e+00
4.996661212180608658e+00
4.996766180672548963e+00
4.996838493297674155e+00
4.996881431850471955e+00
4.996896901912388778e+00
4.996882700604020400e+00
4.996842463822668279e+00
4.996775432858247434e+00
4.996686574738103737e+00
4.996577172200757921e+00
4.996444229246679747e+00
4.996291179513189462e+00
4.996118008555476386e+00
4.995928173722330889e+00
4.995721940254423288e+00
4.995498062973473097e+00
4.995258810972426744e+00
4.995005408158156968e+00
4.994740967830273881e+00
4.994465629053865818e+00
4.994178702836489236e+00
4.993881452051556202e+00
4.993574734931445214e+00
4.993261240874981688e+00
4.992942164135730998e+00
4.992616388206935873e+00
4.992285609697556303e+00
4.991950323922194066e+00
4.991613581558324242e+00
4.991276427177346875e+00
4.990937135373809674e+00
4.990598223847904080e+00
4.990259860386707658e+00
4.989925245647884644e+00
4.989595141267038514e+00
4.989271824402369049e+00
4.988953103949882006e+00
4.988638368477679386e+00
4.988329409254349756e+00
4.988028657255329179e+00
4.987739807018644278e+00
4.987461273265636486e+00
4.987192615666991458e+00
4.986935935714847723e+00
4.986693842844672098e+00
4.986469898806520362e+00
4.986262946487971526e+00
4.986072385036954380e+00
4.985900728223481515e+00
4.985747975377001318e+00
4.985613981062181566e+00
4.985498424047240640e+00
4.985398496422552839e+00
4.985313017038264682e+00
4.985239836052627105e+00
4.985178036392302836e+00
4.985126676210769325e+00
4.985084375329882356e+00
4.985050177490905732e+00
4.985022180118233948e+00
4.984999592891530718e+00
4.984981597103746331e+00
4.984966958272838866e+00
4.984954172231359060e+00
4.984942216558251538e+00
4.984930227042044137e+00
4.984917289562857512e+00
4.984902237945338044e+00
4.984883558076674603e+00
4.984860279566476926e+00
4.984831480758132649e+00
4.984796166233120829e+00
4.984753218623212412e+00
4.984701111381276917e+00
4.984638878651297844e+00
4.984565104063935159e+00
4.984479572600087671e+00
4.984380887238643254e+00
4.984267430635503260e+00
4.984138184640890756e+00
4.983992070280349296e+00
4.983828333061522287e+00
4.983645173594688060e+00
4.983441943679336461e+00
4.983217370327893470e+00
4.982970104426477143e+00
4.982699399855317957e+00
4.982403132677408308e+00
4.982080704368981650e+00
4.981730038173828312e+00
4.981351305120023554e+00
4.980943564720782035e+00
4.980504083544346372e+00
4.980032290056677802e+00
4.979525705598625507e+00
4.978984894663426530e+00
4.978408429608079722e+00
4.977795619801017146e+00
4.977145543530914651e+00
4.976457998738022859e+00
4.975734249785872088e+00
4.974973039537997188e+00
4.974174211904735188e+00
4.973337293923230540e+00
4.972462657228442495e+00
4.971551270246837184e+00
4.970604393914674901e+00
4.969620693013405699e+00
4.968601640522814833e+00
4.967547331139778422e+00
4.966458319858050530e+00
4.965335640669204409e+00
4.964177957013584219e+00
4.962986573040820915e+00
4.961760579333044596e+00
4.960502411410547374e+00
4.959211716488338695e+00
4.957888714209533809e+00
4.956535103306508816e+00
4.955148894176222285e+00
4.953731839642264489e+00
4.952283370182254174e+00
4.950805500880219867e+00
4.949302886411882874e+00
4.947777452603317805e+00
4.946231328383423609e+00
4.944664435074068720e+00
4.943077883854844146e+00
4.941476113185623298e+00
4.939861673847176782e+00
4.938238522097804228e+00
4.936609974935987744e+00
4.934980156854131828e+00
4.933349104807117413e+00
4.931719490275123796e+00
4.930090917930343153e+00
4.928465212121942329e+00
4.926846930668093982e+00
4.925236052707173684e+00
4.923635657862166504e+00
4.922045403257350848e+00
4.920466655180195659e+00
4.918904411033134139e+00
4.917358392164448588e+00
4.915832007661799175e+00
4.914324642554261935e+00
4.912837342605332225e+00
4.911375506952742498e+00
4.909938756510952906e+00
4.908530779615382755e+00
4.907150440201502484e+00
4.905798872247676634e+00
4.904481340185147253e+00
4.903197545543652502e+00
4.901950973630290420e+00
4.900740963131529959e+00
4.899568324148996012e+00
4.898438515797598924e+00
4.897351030469281774e+00
4.896309556871993429e+00
4.895314285815103084e+00
4.894363331482155743e+00
4.893457916289909448e+00
4.892598423049196121e+00
4.891785978660330159e+00
4.891017702877864970e+00
4.890291085973725416e+00
4.889610707670793310e+00
4.888973053008659697e+00
4.888380067929968931e+00
4.887828979514883265e+00
4.887317175180064588e+00
4.886849260352896351e+00
4.886421745144175155e+00
4.886036489479588241e+00
4.885690060578630423e+00
4.885380940161990537e+00
4.885113634489821166e+00
4.884884619493382374e+00
4.884695616275418040e+00
4.884543243157091652e+00
4.884426078958781225e+00
4.884347933972597922e+00
4.884306158953690691e+00
4.884302283912833609e+00
4.884332938660803869e+00
4.884396812651242925e+00
4.884497695524182781e+00
4.884632939208236380e+00
4.884803988706257982e+00
4.885007519103522711e+00
4.885242397725516383e+00
4.885512419413709395e+00
4.885814875863426110e+00
4.886151005677812798e+00
4.886517597265474855e+00
4.886914192639224552e+00
4.887342731296950404e+00
4.887797406405145040e+00
4.888274006485873180e+00
4.888770292565161490e+00
4.889284454934234248e+00
4.889816535018320032e+00
4.890359989717537381e+00
4.890910349018806613e+00
4.891464884295995574e+00
4.892021676093275317e+00
4.892579578883880842e+00
4.893132394343550295e+00
4.893675733372504055e+00
4.894206776037748341e+00
4.894723642371531014e+00
4.895224141493376813e+00
4.895702588312264680e+00
4.896154328450497140e+00
4.896577340714569182e+00
4.896969670630926252e+00
4.897330122083360493e+00
4.897658098019594952e+00
4.897953013196524097e+00
4.898215019792254488e+00
4.898443449098553337e+00
4.898638126511062119e+00
4.898799176901515118e+00
4.898926316905702905e+00
4.899019773021276336e+00
4.899080059999536552e+00
4.899106498168251278e+00
4.899100171301100204e+00
4.899060580405924625e+00
4.898987790994863367e+00
4.898882203303793759e+00
4.898743172191599271e+00
4.898571657702842863e+00
4.898366746750244971e+00
4.898129359648146774e+00
4.897860042971143635e+00
4.897557786439128868e+00
4.897223246466882784e+00
4.896855775598949911e+00
4.896456007507211439e+00
4.896024096046155627e+00
4.895559863929218380e+00
4.895063999143010491e+00
4.894536708403890657e+00
4.893978874605660501e+00
4.893391247015959955e+00
4.892774424139923362e+00
4.892129277695484113e+00
4.891456609104342768e+00
4.890757246424026761e+00
4.890032033209273266e+00
4.889282816980549562e+00
4.888513738249011809e+00
4.887727582041689445e+00
4.886929146085450704e+00
4.886120815087625857e+00
4.885303731743762867e+00
4.884482040290307303e+00
4.883657932464550377e+00
4.882836479429672139e+00
4.882020289931963575e+00
4.881209776137541922e+00
4.880409394983719729e+00
4.879620770101021243e+00
4.878849238116811371e+00
4.878097829480242176e+00
4.877366054464649991e+00
4.876658842523171167e+00
4.875977021936847677e+00
4.875326522250249539e+00
4.874710605439321220e+00
4.874128024314121177e+00
4.873584448990001761e+00
4.873081720766200498e+00
4.872620625678971251e+00
4.872199883383288466e+00
4.871815801334156149e+00
4.871471906412913278e+00
4.871168954741728285e+00
4.870906947531324249e+00
4.870683854219088893e+00
4.870495722197513366e+00
4.870345775686720557e+00
4.870234543184333909e+00
4.870161500458189963e+00
4.870124960727109098e+00
4.870121086364080476e+00
4.870152988669861571e+00
4.870221159107448905e+00
4.870325051428215701e+00
4.870462974368992448e+00
4.870631213582518271e+00
4.870832808914992818e+00
4.871068357679460448e+00
4.871337257310215385e+00
4.871637813060943678e+00
4.871966212711696720e+00
4.872325479708080387e+00
4.872716388724213310e+00
4.873138240225083351e+00
4.873589337378211539e+00
4.874066074326106168e+00
4.874571165650555038e+00
4.875105697757967427e+00
4.875668615683387053e+00
4.876258268378148131e+00
4.876871303043731842e+00
4.877510119325886073e+00
4.878176242060432877e+00
4.878868298924932567e+00
4.879584931231507383e+00
4.880323107040889674e+00
4.881080269835361030e+00
4.881854755304225968e+00
4.882645364798077203e+00
4.883452248595126832e+00
4.884276922068961468e+00
4.885114703870780950e+00
4.885963637031085938e+00
4.886822662077315194e+00
4.887691721341975715e+00
4.888572300917873648e+00
4.889459798432360671e+00
4.890352148435483493e+00
4.891248452908763866e+00
4.892148811242948092e+00
4.893054190523397295e+00
4.893960263974440394e+00
4.894864888809097536e+00
4.895767368025552457e+00
4.896667812711966050e+00
4.897566920540701751e+00
4.898460551745664304e+00
4.899346600643763594e+00
4.900224490709075731e+00
4.901094369388589556e+00
4.901956599674592852e+00
4.902807184777627114e+00
4.903644096128116914e+00
4.904466832674514443e+00
4.905275561458837252e+00
4.906070348120700864e+00
4.906847317389618546e+00
4.907604547313818344e+00
4.908341499067314651e+00
4.909058611489305335e+00
4.909756287134656283e+00
4.910434001780519253e+00
4.911091580189236083e+00
4.911731747559676897e+00
4.912355750821004285e+00
4.912963046229850583e+00
4.913552178427051942e+00
4.914122797794115094e+00
4.914677115924131812e+00
4.915216267540526651e+00
4.915739549941790187e+00
4.916245635173690509e+00
4.916733750983548035e+00
4.917206029951048052e+00
4.917663727461766499e+00
4.918106101251614071e+00
4.918531831971775681e+00
4.918940140515041470e+00
4.919333202897978374e+00
4.919712534866704345e+00
4.920079368151202281e+00
4.920435098804010643e+00
4.920781763590349911e+00
4.921120551287605949e+00
4.921453578456714162e+00
4.921782422497346765e+00
4.922108710988834623e+00
4.922434513329937644e+00
4.922761100477948126e+00
4.923089789509250913e+00
4.923421632557585248e+00
4.923757688685729939e+00
4.924099311775937515e+00
4.924447381145731661e+00
4.924802902996019860e+00
4.925166715256349192e+00
4.925539761542752970e+00
4.925923222697750958e+00
4.926317964478807099e+00
4.926724956169204361e+00
4.927145143955424800e+00
4.927579309179857425e+00
4.928028616778032500e+00
4.928493988908307699e+00
4.928976399771349826e+00
4.929476795814411894e+00
4.929995963185508145e+00
4.930535246341902322e+00
4.931095385238008610e+00
4.931677377059537015e+00
4.932282228752451481e+00
4.932910810023027892e+00
4.933565389200525786e+00
4.934242177888231495e+00
4.934941438570098704e+00
4.935658641516642575e+00
4.936392358079032761e+00
4.937144732757882792e+00
4.937912310346440847e+00
4.938695226817803707e+00
4.939489288314657500e+00
4.940293330683785733e+00
4.941109032242973598e+00
4.941933183505614835e+00
4.942765727921804242e+00
4.943602752074084172e+00
4.944443188294254554e+00
4.945288443773470988e+00
4.946135511531911888e+00
4.946984131767832693e+00
4.947830624415957779e+00
4.948674044370136471e+00
4.949515529781066014e+00
4.950352243169628963e+00
4.951183775573455570e+00
4.952006592288100251e+00
4.952819983943783200e+00
4.953624699323856184e+00
4.954418205305421097e+00
4.955199839457357314e+00
4.955966276809060211e+00
4.956716971381986525e+00
4.957452497541392944e+00
4.958170490398491559e+00
4.958870041429483955e+00
4.959548077269877453e+00
4.960204271435228129e+00
4.960838853403417126e+00
4.961449743978170623e+00
4.962035921833901853e+00
4.962594451926142014e+00
4.963125566042452697e+00
4.963630407548934365e+00
4.964111898190767036e+00
4.964572316877036151e+00
4.965010749756782360e+00
4.965428859538822515e+00
4.965828909188002349e+00
4.966213890075175996e+00
4.966586977526037394e+00
4.966947449132292469e+00
4.967296940333633337e+00
4.967637839339166028e+00
4.967973289809613391e+00
4.968307105548171343e+00
4.968638645320622160e+00
4.968968922927467169e+00
4.969296689465133809e+00
4.969623603917151300e+00
4.969948852642863457e+00
4.970269695579498936e+00
4.970587105810136741e+00
4.970899849928410497e+00
4.971209621767940234e+00
4.971515728331596939e+00
4.971815321001651355e+00
4.972109523865822389e+00
4.972397059168162770e+00
4.972679578814151569e+00
4.972956473644317477e+00
4.973224664333701917e+00
4.973485394831241635e+00
4.973737081255257486e+00
4.973981941159308029e+00
4.974219091165304363e+00
4.974445796910168305e+00
4.974663256652148924e+00
4.974869671672078830e+00
4.975067302569242678e+00
4.975255139827224227e+00
4.975430438130588939e+00
4.975594007320196965e+00
4.975744727890434760e+00
4.975884809767324057e+00
4.976013030003253235e+00
4.976126624395567966e+00
4.976226284497845320e+00
4.976310911721975927e+00
4.976382318077104294e+00
4.976440540555358893e+00
4.976482908603228950e+00
4.976511879745830313e+00
4.976527288806118499e+00
4.976531982703617629e+00
4.976526856903237928e+00
4.976509655057472337e+00
4.976483246278968764e+00
4.976447046173289479e+00
4.976405039185211265e+00
4.976358217268734840e+00
4.976304197849259481e+00
4.976245951282345814e+00
4.976182827891335592e+00
4.976118877416029207e+00
4.976054736615643570e+00
4.975988580498396985e+00
4.975923293170071204e+00
4.975858623983821616e+00
4.975798052533081162e+00
4.975742351838870370e+00
4.975689542295893553e+00
4.975642717618046440e+00
4.975601431156991161e+00
4.975569360277167341e+00
4.975547344186361798e+00
4.975533168998098610e+00
4.975529644430807252e+00
4.975536632649328439e+00
4.975557990835241640e+00
4.975594567099780541e+00
4.975643874548569379e+00
4.975708785738989448e+00
4.975788989981829502e+00
4.975888052342652301e+00
4.976007498448907107e+00
4.976144522877603116e+00
4.976302029753296274e+00
4.976479545051424758e+00
4.976680710429517873e+00
4.976907215455739220e+00
4.977155417261837300e+00
4.977429102176992970e+00
4.977727650014876382e+00
4.978054516634165871e+00
4.978411136141239979e+00
4.978792873827933008e+00
4.979202983027517071e+00
4.979639314582763099e+00
4.980105486421106065e+00
4.980602557046529988e+00
4.981125367304501061e+00
4.981677076278443472e+00
4.982255339792186710e+00
4.982863673811966265e+00
4.983502466699296640e+00
4.984167430570537682e+00
4.984861688411052150e+00
4.985582761263663620e+00
4.986334080120737866e+00
4.987116066461617869e+00
4.987924441939409093e+00
4.988762345781737828e+00
4.989627335837298894e+00
4.990522765686923989e+00
4.991449153965526797e+00
4.992402299439721247e+00
4.993384799754434056e+00
4.994394907077960966e+00
4.995435792898945238e+00
4.996508030465059313e+00
4.997607471889070396e+00
4.998736745586803920e+00
4.999893997704796256e+00
5.001082288494520078e+00
5.002302147617750272e+00
5.003550724258832183e+00
5.004826269915512604e+00
5.006128008386304451e+00
5.007455068698337897e+00
5.008809017410686515e+00
5.010183974972178156e+00
5.011576506814171772e+00
5.012984556129386426e+00
5.014406510463167876e+00
5.015842639824558802e+00
5.017286820432352634e+00
5.018735420426534866e+00
5.020186159333396070e+00
5.021637574156926576e+00
5.023089026680395364e+00
5.024534484317705108e+00
5.025970352014706322e+00
5.027394401898787279e+00
5.028805281987593467e+00
5.030201381912633884e+00
5.031577391496107055e+00
5.032929672619506967e+00
5.034256002029583676e+00
5.035555074831650657e+00
5.036824368855164380e+00
5.038058975657627947e+00
5.039254754429863148e+00
5.040410842543646908e+00
5.041525730809375716e+00
5.042598769759937483e+00
5.043630120104356074e+00
5.044618579467935682e+00
5.045565716868442685e+00
5.046471348500055853e+00
5.047335784381433044e+00
5.048159117942853769e+00
5.048941945379778140e+00
5.049685379436418486e+00
5.050390548875733465e+00
5.051056790894074666e+00
5.051685385203165346e+00
5.052276725268168178e+00
5.052831539271576133e+00
5.053350710740488694e+00
5.053833751177590372e+00
5.054281719869177181e+00
5.054694465046922325e+00
5.055073644800285315e+00
5.055419838411906674e+00
5.055732771923939772e+00
5.056013724545191046e+00
5.056262199992486828e+00
5.056479407495060308e+00
5.056665644610472299e+00
5.056821380706677083e+00
5.056947383416990682e+00
5.057043850209738345e+00
5.057111470505769368e+00
5.057150738623167108e+00
5.057163265124835938e+00
5.057152350902033078e+00
5.057120254550535599e+00
5.057070585031468113e+00
5.057004832270029837e+00
5.056922873313012268e+00
5.056826762713896528e+00
5.056717293158579984e+00
5.056596488420327162e+00
5.056464458777044868e+00
5.056319220548902038e+00
5.056161809096519022e+00
5.055992370451275697e+00
5.055812367273901486e+00
5.055621607711943355e+00
5.055417834015967671e+00
5.055202224513919873e+00
5.054974343607606890e+00
5.054735601617427854e+00
5.054485828260364855e+00
5.054222747551682104e+00
5.053947516287150776e+00
5.053659702426227973e+00
5.053360739218476283e+00
5.053050486276331021e+00
5.052727563212098261e+00
5.052394341731847760e+00
5.052051856795729101e+00
5.051703326831043839e+00
5.051350497806846640e+00
5.050992883945284895e+00
5.050633873733161749e+00
5.050274685563921118e+00
5.049919507334410085e+00
5.049570294337749843e+00
5.049226431416748540e+00
5.048891746158181704e+00
5.048567178750812623e+00
5.048257330170302204e+00
5.047964604663132349e+00
5.047688735964178441e+00
5.047428520786046313e+00
5.047181418573885026e+00
5.046950436549662911e+00
5.046736867333232901e+00
5.046540089676557095e+00
5.046358640918908733e+00
5.046189804802118317e+00
5.046036367014451685e+00
5.045899521781532115e+00
5.045778540529711087e+00
5.045672020417107717e+00
5.045577135354680109e+00
5.045496715464097726e+00
5.045431870397579566e+00
5.045381903698136661e+00
5.045345372146394780e+00
5.045319444286570310e+00
5.045306957181010077e+00
5.045308917974752561e+00
5.045324663774509055e+00
5.045352729999858177e+00
5.045390310595675665e+00
5.045440233872203528e+00
5.045503467978842416e+00
5.045579340766116694e+00
5.045666408539681846e+00
5.045761905853568763e+00
5.045868632691844269e+00
5.045987524782238332e+00
5.046117897667852681e+00
5.046258299528551206e+00
5.046405964569117941e+00
5.046563729775068730e+00
5.046732454710570082e+00
5.046911497563983495e+00
5.047099348735923030e+00
5.047293376252914854e+00
5.047496345230306325e+00
5.047709114310259260e+00
5.047930901107305246e+00
5.048160219398254434e+00
5.048394559343272192e+00
5.048636538536214857e+00
5.048887074422949262e+00
5.049145413079226152e+00
5.049410033506268825e+00
5.049678487312908359e+00
5.049953393229212217e+00
5.050235623289760056e+00
5.050524445605394597e+00
5.050818324648705726e+00
5.051114873998730381e+00
5.051416805871693505e+00
5.051724883709964864e+00
5.052038430032252059e+00
5.052355915029465905e+00
5.052674899232506789e+00
5.052998242285966946e+00
5.053326576408863069e+00
5.053659368549405784e+00
5.053994973172366123e+00
5.054331143964946094e+00
5.054670708571494586e+00
5.055014350694538194e+00
5.055361493212104484e+00
5.055710545574248371e+00
5.056059300024926983e+00
5.056410476435839740e+00
5.056764875148355820e+00
5.057121865247308889e+00
5.057479930055260198e+00
5.057836917211234073e+00
5.058195518870771679e+00
5.058556616027773956e+00
5.058919515964507951e+00
5.059282783922672166e+00
5.059644313585875963e+00
5.060006780904649837e+00
5.060371103306232854e+00
5.060736602713285848e+00
5.061101825554787936e+00
5.061464730557918124e+00
5.061827977728961869e+00
5.062192562689006969e+00
5.062557791975259569e+00
5.062922252696872683e+00
5.063283910659076348e+00
5.063644559253874355e+00
5.064003862162057779e+00
5.064362058882538875e+00
5.064714644421760781e+00
5.065059255716328757e+00
5.065394886826102727e+00
5.065721442197387070e+00
5.066038916279498316e+00
5.066343007051322012e+00
5.066631454714509708e+00
5.066903412640962223e+00
5.067158847675594657e+00
5.067397464626404613e+00
5.067615111340703749e+00
5.067809562441829563e+00
5.067980090138440197e+00
5.068126669741173984e+00
5.068249414312590240e+00
5.068346405272309063e+00
5.068415756189202703e+00
5.068458043011775160e+00
5.068472993863684550e+00
5.068462306672877560e+00
5.068425139635507115e+00
5.068360342425000553e+00
5.068268997813281551e+00
5.068151460555087695e+00
5.068009651531171222e+00
5.067842807029078855e+00
5.067649776679168383e+00
5.067431723405312560e+00
5.067188933030407405e+00
5.066923488606403403e+00
5.066634608101735715e+00
5.066321100336203642e+00
5.065984208364674224e+00
5.065624049906321424e+00
5.065242773671336352e+00
5.064840143178292564e+00
5.064414711487181364e+00
5.063968230453021135e+00
5.063500040513164713e+00
5.063012957465534924e+00
5.062506173294668343e+00
5.061978574883823967e+00
5.061431618337219440e+00
5.060865214992946726e+00
5.060282179345078291e+00
5.059681570720562682e+00
5.059062174339482354e+00
5.058425450627396458e+00
5.057771176104138178e+00
5.057101844255517342e+00
5.056417718608567036e+00
5.055716453198979998e+00
5.055000100065660362e+00
5.054268318195531684e+00
5.053523479629943083e+00
5.052765698362777336e+00
5.051992729087064760e+00
5.051206506942103047e+00
5.050406426866244303e+00
5.049595286403488537e+00
5.048773051206659090e+00
5.047937601138542618e+00
5.047090763156008464e+00
5.046232064296197528e+00
5.045364143480252750e+00
5.044486842234324087e+00
5.043598300222944530e+00
5.042700255219530803e+00
5.041792385209990179e+00
5.040877147023273608e+00
5.039954607267571163e+00
5.039025193755222176e+00
5.038093836162877537e+00
5.037164127905560562e+00
5.036238382835580119e+00
5.035318251778078569e+00
5.034404758964371673e+00
5.033502844129396969e+00
5.032615486164285556e+00
5.031743544269991375e+00
5.030886933062864053e+00
5.030044005294035614e+00
5.029218607027721610e+00
5.028412639503074821e+00
5.027626396421981170e+00
5.026859398339581730e+00
5.026109263007233707e+00
5.025379855860659717e+00
5.024672745917627026e+00
5.023988315169403585e+00
5.023325938065240415e+00
5.022683068890760438e+00
5.022063738857101001e+00
5.021469279569279465e+00
5.020900219720493496e+00
5.020355904777240141e+00
5.019833546657751278e+00
5.019337036241481975e+00
5.018867897097656794e+00
5.018426803988107032e+00
5.018013065722473520e+00
5.017623652224131980e+00
5.017262536366173364e+00
5.016931173358747387e+00
5.016629993547388366e+00
5.016358882360793636e+00
5.016115215853489850e+00
5.015900797643400466e+00
5.015711069130040833e+00
5.015545859788246297e+00
5.015400781365745075e+00
5.015273217116186011e+00
5.015164331863337210e+00
5.015069717359432744e+00
5.014988754293583817e+00
5.014917255430185072e+00
5.014852379983924635e+00
5.014795370008499731e+00
5.014742055409292298e+00
5.014691333821678754e+00
5.014639247734734795e+00
5.014583214991429116e+00
5.014524026382417787e+00
5.014457578039431596e+00
5.014382867957169587e+00
5.014295556978026092e+00
5.014193856441119479e+00
5.014077510782221303e+00
5.013942983369047646e+00
5.013788420087362141e+00
5.013610611571633235e+00
5.013407810548954124e+00
5.013179021770768351e+00
5.012921137953811446e+00
5.012632431904488151e+00
5.012312674256674150e+00
5.011963675166182242e+00
5.011585961053781624e+00
5.011178876715414177e+00
5.010740104946011186e+00
5.010269220280163971e+00
5.009767722780518184e+00
5.009235989967995017e+00
5.008672537649684564e+00
5.008076592194549370e+00
5.007446721079459984e+00
5.006785697596777496e+00
5.006093521821011194e+00
5.005368322836863726e+00
5.004609195249783760e+00
5.003814600887405817e+00
5.002987233879673923e+00
5.002126162605989634e+00
5.001231161537278425e+00
5.000301062944044084e+00
4.999334149616469603e+00
4.998332980083931787e+00
4.997296548443544317e+00
4.996224550562609501e+00
4.995114994304884704e+00
4.993967800321686745e+00
4.992784389662255684e+00
4.991565023543944157e+00
4.990309261115898565e+00
4.989014832409728761e+00
4.987680767806878634e+00
4.986309044840444571e+00
4.984900519582143197e+00
4.983455822500101107e+00
4.981976862731091416e+00
4.980464023234955739e+00
4.978918564202897024e+00
4.977341734203212020e+00
4.975734579297415472e+00
4.974098843964450900e+00
4.972435276987663855e+00
4.970745532693973345e+00
4.969030696781984169e+00
4.967292086663356976e+00
4.965531002017369744e+00
4.963749612453096205e+00
4.961953348698728838e+00
4.960146056296937722e+00
4.958330068322532647e+00
4.956506931367034241e+00
4.954678000244015834e+00
4.952848695995920814e+00
4.951022866698616909e+00
4.949202798041219431e+00
4.947390091898554054e+00
4.945585275771730238e+00
4.943794008227699877e+00
4.942020151945465400e+00
4.940266092153901667e+00
4.938533506425734743e+00
4.936822394760961075e+00
4.935138595434541031e+00
4.933486165138598167e+00
4.931867549451704136e+00
4.930284557672854007e+00
4.928736547711010552e+00
4.927229512515183707e+00
4.925767881157513628e+00
4.924354141833896747e+00
4.922990404101724948e+00
4.921676950785036198e+00
4.920415213438386282e+00
4.919209280567879539e+00
4.918055213424081806e+00
4.916951627689117643e+00
4.915898052188270917e+00
4.914895562487357594e+00
4.913947918074839549e+00
4.913051111283415651e+00
4.912203310015314628e+00
4.911403823005670688e+00
4.910653886082286590e+00
4.909957143920179234e+00
4.909309279727455788e+00
4.908708671140190383e+00
4.908154851826545872e+00
4.907648630770560239e+00
4.907194092566784072e+00
4.906786666880066150e+00
4.906424887808674917e+00
4.906108205425256941e+00
4.905837537417823135e+00
4.905616628466807683e+00
4.905441202106588072e+00
4.905309464572630951e+00
4.905221161809452113e+00
4.905177005300931370e+00
4.905180880269901955e+00
4.905228657094696132e+00
4.905318298848281522e+00
4.905449753334682583e+00
4.905623543472896309e+00
4.905843649009177909e+00
4.906105988906632298e+00
4.906408434646140293e+00
4.906750918427418284e+00
4.907134006196567810e+00
4.907561541782627046e+00
4.908029708588431461e+00
4.908536221483658757e+00
4.909081072123657741e+00
4.909664758840513343e+00
4.910291071409296215e+00
4.910956431427905500e+00
4.911658024365016750e+00
4.912396345311710988e+00
4.913171815225789274e+00
4.913988108659098408e+00
4.914841854149409883e+00
4.915729918429561529e+00
4.916652996415203702e+00
4.917610934698886105e+00
4.918607960963554682e+00
4.919640850374407570e+00
4.920706174472280203e+00
4.921804810339519776e+00
4.922936471873827990e+00
4.924105439880797519e+00
4.925308060521194520e+00
4.926541566649385473e+00
4.927806443819709337e+00
4.929103008905358685e+00
4.930434840122170925e+00
4.931798892268845158e+00
4.933191721836039711e+00
4.934614301720570140e+00
4.936066929051587948e+00
4.937553086677501035e+00
4.939069743702122040e+00
4.940613471666284617e+00
4.942185229906745469e+00
4.943785341927715571e+00
4.945417239019583633e+00
4.947077800879192466e+00
4.948763795295667123e+00
4.950476047346304753e+00
4.952214459875533770e+00
4.953982918361137244e+00
4.955778166750381075e+00
4.957597182193703489e+00
4.959440646866268843e+00
4.961308629909463086e+00
4.963204824129051396e+00
4.965125486800379129e+00
4.967068285295672680e+00
4.969033696005053180e+00
4.971021953472800625e+00
4.973036514023252863e+00
4.975073577711292216e+00
4.977131004581160312e+00
4.979208906689590819e+00
4.981307888129657968e+00
4.983431135514681642e+00
4.985574802258913252e+00
4.987736935714190523e+00
4.989917552569812287e+00
4.992117333659833456e+00
4.994339194843476548e+00
4.996579216221279651e+00
4.998835663000054552e+00
5.001108475128120290e+00
5.003398400643772170e+00
5.005708178231424554e+00
5.008033746728604463e+00
5.010373752662843572e+00
5.012727792361681090e+00
5.015096384087507353e+00
5.017482214519684902e+00
5.019881239036029896e+00
5.022292303690620408e+00
5.024711555788228701e+00
5.027140015015312713e+00
5.029576630094955370e+00
5.032017950663277617e+00
5.034459461966464211e+00
5.036896257499168250e+00
5.039327997961947858e+00
5.041752369949528578e+00
5.044165307382055374e+00
5.046561671594092857e+00
5.048937343457649440e+00
5.051291739890288568e+00
5.053623802611541649e+00
5.055934339115334630e+00
5.058221526989651551e+00
5.060484373668146851e+00
5.062723080465507230e+00
5.064937925437401844e+00
5.067130455324363680e+00
5.069299405911875667e+00
5.071443812796784911e+00
5.073561596671058993e+00
5.075649473616793195e+00
