0.000000000000000000e+00
0.000000000000000000e+00
-1.352735807813587863e-08
-8.188100991901589493e-08
-2.574226914475730621e-07
-5.731665464736580256e-07
-1.093798675810830731e-06
-1.488452182911714916e-06
-1.791108354609605285e-06
-1.392356082305923244e-06
2.394229318269943187e-07
3.571997783637926732e-06
9.381766701608283923e-06
1.939788487788973644e-05
3.478011492688893761e-05
5.728906163994907877e-05
8.863437831450939075e-05
1.299073538189077269e-04
1.875266656657004379e-04
2.664408497889780673e-04
3.705175258596682050e-04
5.028229523827576096e-04
6.646646503736517754e-04
8.625849280883808937e-04
1.098556904159977022e-03
1.384131511711075022e-03
1.721246590875579862e-03
2.119418581985428249e-03
2.585659859739735267e-03
3.130036419295265278e-03
3.756180083416892773e-03
4.487114897035552989e-03
5.322655415200187520e-03
6.280470242761565861e-03
7.369876256250335218e-03
8.603275543116522747e-03
9.985284334086370200e-03
1.152586263980765607e-02
1.323514593210120723e-02
1.513148975934882831e-02
1.722223830785651888e-02
1.950828922357459791e-02
2.200019208159346984e-02
2.469816831316848024e-02
2.762903956141371867e-02
3.078517464365859019e-02
3.415019956793684253e-02
3.776091066565412380e-02
4.159889725413219719e-02
4.565681544508830292e-02
4.994112727608576718e-02
5.445212868418589786e-02
5.914747861590282513e-02
6.404551265206234745e-02
6.912047443356411636e-02
7.440889654126063568e-02
7.988755104508296623e-02
8.554256019558803548e-02
9.136574206318753832e-02
9.735965785946743001e-02
1.035335331913461027e-01
1.098928981777657909e-01
1.163945495840539301e-01
1.230640518423547214e-01
1.298958658930291221e-01
1.369130682703484370e-01
1.441143196579445784e-01
1.514859568830956293e-01
1.590372460838783975e-01
1.667772674318779846e-01
1.747137927767266063e-01
1.828828876968849881e-01
1.912828391548622720e-01
1.998908656593789135e-01
2.086803078409661394e-01
2.176494121309746899e-01
2.267854618784417853e-01
2.361021947618951455e-01
2.456483202930916931e-01
2.553907716032495223e-01
2.653822105881203930e-01
2.755933767315378313e-01
2.859717219826211076e-01
2.965177029129494879e-01
3.072080665585031345e-01
3.180903833862771535e-01
3.291437941547860624e-01
3.403686767574776173e-01
3.517561620232093622e-01
3.633407455440986755e-01
3.751481109615791842e-01
3.871964615341652038e-01
3.994515698906410117e-01
4.119364195820319763e-01
4.246261328217017517e-01
4.375053053852546725e-01
4.505907279011238664e-01
4.638713747021187550e-01
4.773730724808205594e-01
4.910657113548745345e-01
5.049889164921274043e-01
5.191136473175516075e-01
5.334156268593301942e-01
5.479350346085064549e-01
5.626062804218761038e-01
5.774813526627053939e-01
5.925336748119821584e-01
6.078103095051280436e-01
6.233288913723460389e-01
6.391181283947460212e-01
6.551819234844676876e-01
6.714794069286815770e-01
6.880416291710369503e-01
7.048852842804423924e-01
7.220318490025036118e-01
7.395221024509899266e-01
7.572775870319836677e-01
7.753543656822673436e-01
7.937261229511729521e-01
8.123514300343027683e-01
8.312324899193277439e-01
8.503878003117076867e-01
8.697250169273846865e-01
8.892924803253642319e-01
9.090615874287120146e-01
9.289876287933818144e-01
9.490683573242656434e-01
9.692931455132000051e-01
9.897026318069928053e-01
1.010303751802110073e+00
1.031066283559464614e+00
1.051961867189072919e+00
1.072993945455216869e+00
1.094184202527665795e+00
1.115532612180375471e+00
1.137064496850632711e+00
1.158732780789994310e+00
1.180610610818527917e+00
1.202689189290665261e+00
1.224942426061295109e+00
1.247382492398880771e+00
1.269949147081040008e+00
1.292678555822037056e+00
1.315564064359329599e+00
1.338634600019119825e+00
1.361889585828445881e+00
1.385340871190689827e+00
1.408994762277268276e+00
1.432820579385422510e+00
1.456834649419449512e+00
1.481022924756668857e+00
1.505360891198777029e+00
1.529856805181168511e+00
1.554533542966507920e+00
1.579395617818497799e+00
1.604501261090897746e+00
1.629796931123399295e+00
1.655266649102830723e+00
1.680921093797349775e+00
1.706751667832994368e+00
1.732775625562333888e+00
1.758948742723130731e+00
1.785338460778855829e+00
1.811912848329209735e+00
1.838662592744493063e+00
1.865575072145128299e+00
1.892651676511431180e+00
1.919906277036333542e+00
1.947337014054918880e+00
1.974988366937303841e+00
2.002800363874102096e+00
2.030823873853350392e+00
2.059047433709765951e+00
2.087491146897937355e+00
2.116148943280842243e+00
2.144999923085834759e+00
2.174046310758258826e+00
2.203311912393238092e+00
2.232752608632709634e+00
2.262391528463032042e+00
2.292194702005054818e+00
2.322174681996967305e+00
2.352304465150500956e+00
2.382589251374866102e+00
2.412997538423205857e+00
2.443495683049823342e+00
2.474069280004168814e+00
2.504699482297565005e+00
2.535385226583148466e+00
2.566107532357837506e+00
2.596856178617145350e+00
2.627616013860370803e+00
2.658377558564808396e+00
2.689126583909657420e+00
2.719852718686726067e+00
2.750541729306843042e+00
2.781182600831654028e+00
2.811761907910969693e+00
2.842267743920949385e+00
2.872686843251851752e+00
2.903007513856557864e+00
2.933229970311789003e+00
2.963333801602987538e+00
2.993319668149618362e+00
3.023166014527944867e+00
3.052876397943167230e+00
3.082428695535330831e+00
3.111829926347402964e+00
3.141057717179922548e+00
3.170122775411276184e+00
3.199000434255270253e+00
3.227702762460379127e+00
3.256204468583731693e+00
3.284494239663748871e+00
3.312551383351950651e+00
3.340367454862265717e+00
3.367934285974173214e+00
3.395256239747671767e+00
3.422324501847891387e+00
3.449141926145224524e+00
3.475699614858298148e+00
3.501999523019461602e+00
3.527997819757132003e+00
3.553705601071981413e+00
3.579123164987234151e+00
3.604234411096242763e+00
3.629041733121541657e+00
3.653530513620045994e+00
3.677707826470998143e+00
3.701533107137349177e+00
3.725033277845051671e+00
3.748169943666127324e+00
3.770980707978871749e+00
3.793433255529073289e+00
3.815570785379079233e+00
3.837397288655903793e+00
3.858937885141041413e+00
3.880179564332630893e+00
3.901130422925618291e+00
3.921782242631581372e+00
3.942194411134388954e+00
3.962348305558827999e+00
3.982289593791632054e+00
4.001993409967092852e+00
4.021494216298727942e+00
4.040838003730444328e+00
4.060030534839300209e+00
4.079050442552236255e+00
4.097943277930882644e+00
4.116680312728551172e+00
4.135254221534397701e+00
4.153701556300785747e+00
4.172004368877079372e+00
4.190139413451817063e+00
4.208115493631031434e+00
4.225963914966252233e+00
4.243657333230641093e+00
4.261195550536778676e+00
4.278569008683827946e+00
4.295788120603231341e+00
4.312877657985357160e+00
4.329811157560017776e+00
4.346601095771458922e+00
4.363253874158528056e+00
4.379741336679127350e+00
4.396092067336705433e+00
4.412303041791585834e+00
4.428356747007040184e+00
4.444267447566656593e+00
4.460038388347296490e+00
4.475679962014822877e+00
4.491164390420584240e+00
4.506514970636038342e+00
4.521741512393621321e+00
4.536841178512243111e+00
4.551809998130469381e+00
4.566647281026511962e+00
4.581344057893424804e+00
4.595871500348716054e+00
4.610218890285164406e+00
4.624382211541801624e+00
4.638335644578605255e+00
4.652072334861426128e+00
4.665595653628973771e+00
4.678886930322317284e+00
4.691901817893650239e+00
4.704636059379245339e+00
4.717061143493320508e+00
4.729149941777850863e+00
4.740868708467151471e+00
4.752237616157199085e+00
4.763237798785830535e+00
4.773848742818499247e+00
4.784051625108386219e+00
4.793833520388268710e+00
4.803236269330644070e+00
4.812263320660257193e+00
4.820917831635140871e+00
4.829204524731301795e+00
4.837129607176445134e+00
4.844751048659942327e+00
4.852061061238907236e+00
4.859050904488229072e+00
4.865708702182434564e+00
4.872060975408219363e+00
4.878168012475631699e+00
4.884035811400078586e+00
4.889651024913452382e+00
4.895043650841377492e+00
4.900246700620314755e+00
4.905317957377096860e+00
4.910223964428564791e+00
4.914999970173499655e+00
4.919660326218268764e+00
4.924203502511641517e+00
4.928638102388045006e+00
4.932952892160078484e+00
4.937206202125212329e+00
4.941378320431372373e+00
4.945512714659830777e+00
4.949594383811613874e+00
4.953609956776759304e+00
4.957588976597449459e+00
4.961527300452849509e+00
4.965423020398281651e+00
4.969311880743168430e+00
4.973179784094952538e+00
4.977044663107060174e+00
4.980898436283730746e+00
4.984731766855381885e+00
4.988560560321472437e+00
4.992376906549595539e+00
4.996187855577133519e+00
4.999999428665303114e+00
5.003815567171239209e+00
5.007635864889287802e+00
5.011468267714643154e+00
5.015310727631711707e+00
5.019164335405492672e+00
5.023029623603487259e+00
5.026907178437376444e+00
5.030794462537432565e+00
5.034693925654555535e+00
5.038604899918700752e+00
5.042526572620536385e+00
5.046459384238387358e+00
5.050402133738661981e+00
5.054353566443587908e+00
5.058310050642157663e+00
5.062269284999037389e+00
5.066223185038233545e+00
5.070165005600118846e+00
5.074082451140546013e+00
5.077968713915013588e+00
5.081811099028253231e+00
5.085597410773897487e+00
5.089326529180669745e+00
5.092991406297350920e+00
5.096571855222846281e+00
5.100075795328283590e+00
5.103486324226524040e+00
5.106787414228581845e+00
5.109979377960824465e+00
5.113050121342801901e+00
5.115991575395726798e+00
5.118810990130568506e+00
5.121500508761074322e+00
5.124065082049038544e+00
5.126496711051133026e+00
5.128765981471208768e+00
5.130889364903835848e+00
5.132839464968113496e+00
5.134607443636326707e+00
5.136202343678144544e+00
5.137614258056549588e+00
5.138846915712622199e+00
5.139914598962333159e+00
5.140784340476657555e+00
5.141466492539312760e+00
5.141962153142358716e+00
5.142243437556591523e+00
5.142342587908772522e+00
5.142267390274485095e+00
5.142005915296306462e+00
5.141568095673848759e+00
5.140945270647335974e+00
5.140121094946790592e+00
5.139130705733824911e+00
5.137981840734411776e+00
5.136679648374249396e+00
5.135238125537563647e+00
5.133662871186662535e+00
5.131994934891392468e+00
5.130254375998903882e+00
5.128460207049776010e+00
5.126621472750831465e+00
5.124752034311224058e+00
5.122856387262273437e+00
5.120957814519334406e+00
5.119059785817790420e+00
5.117178910140919967e+00
5.115320428078103276e+00
5.113490940545725394e+00
5.111696628992485891e+00
5.109951725964474001e+00
5.108262853090691280e+00
5.106645391945766832e+00
5.105103037272620270e+00
5.103644758080172039e+00
5.102276747887062314e+00
5.101007154350209127e+00
5.099849459891247605e+00
5.098804764215874918e+00
5.097865296070503760e+00
5.097044419561552964e+00
5.096356273283290328e+00
5.095808159512507096e+00
5.095408806976902127e+00
5.095140149564521437e+00
5.095027372100429552e+00
5.095052588630040624e+00
5.095221567239185845e+00
5.095529790307899987e+00
5.095955586891195210e+00
5.096503927196880390e+00
5.097170347731133866e+00
5.097978569130917847e+00
5.098915506984611490e+00
5.099985163893123286e+00
5.101189343567510193e+00
5.102502056743522196e+00
5.103927263553758031e+00
5.105446053828615938e+00
5.107065660144705532e+00
5.108776014383455077e+00
5.110558870818038280e+00
5.112409728254696084e+00
5.114303926165720604e+00
5.116227239604612897e+00
5.118173788871190233e+00
5.120126476969145024e+00
5.122073481317184651e+00
5.124001927312038518e+00
5.125899450417182202e+00
5.127757775719783417e+00
5.129566151286980791e+00
5.131317307736299682e+00
5.133001268591306676e+00
5.134615476067684092e+00
5.136146376814268777e+00
5.137589105452917693e+00
5.138928189511917211e+00
5.140159156333229618e+00
5.141286402355453866e+00
5.142297311137935978e+00
5.143197767670771192e+00
5.143980392153879144e+00
5.144633200626394398e+00
5.145151716779491124e+00
5.145536989282390117e+00
5.145778609692624350e+00
5.145872856147161833e+00
5.145831129189155639e+00
5.145645599394612191e+00
5.145315228730016344e+00
5.144832033432596319e+00
5.144195288337343186e+00
5.143384242794983408e+00
5.142413675404661433e+00
5.141290247208946340e+00
5.140022295034997413e+00
5.138605006105772866e+00
5.137023059643380130e+00
5.135294050640933250e+00
5.133404450334183799e+00
5.131353424109093453e+00
5.129157584525220415e+00
5.126814463652245912e+00
5.124342372037046012e+00
5.121744883276098115e+00
5.119038841045968624e+00
5.116246024883858823e+00
5.113374750829807525e+00
5.110450655735604641e+00
5.107476414061658865e+00
5.104466491855256471e+00
5.101428342379205283e+00
5.098376770533197266e+00
5.095321199811571944e+00
5.092274582005615002e+00
5.089243084705944220e+00
5.086240058756942517e+00
5.083271999574774824e+00
5.080353117502802718e+00
5.077489676095122917e+00
5.074686849630946739e+00
5.071951979316348336e+00
5.069289673186414547e+00
5.066715205527417609e+00
5.064229424960487336e+00
5.061842374421233082e+00
5.059551140732640562e+00
5.057372792876833500e+00
5.055312756366603821e+00
5.053374491996638795e+00
5.051560628778807960e+00
5.049860717422835599e+00
5.048290090180508116e+00
5.046851862288585622e+00
5.045556924558749934e+00
5.044403157002797400e+00
5.043375732518305732e+00
5.042489427543749514e+00
5.041745192698707356e+00
5.041154014758338242e+00
5.040714075520207338e+00
5.040434476017525256e+00
5.040318681850602722e+00
5.040351438970809284e+00
5.040536718090569579e+00
5.040874125754034374e+00
5.041374184360301491e+00
5.042028223221695526e+00
5.042820206006562778e+00
5.043751510699785001e+00
5.044821148236787955e+00
5.046036390831267759e+00
5.047387703230178602e+00
5.048870114555156441e+00
5.050485541691577041e+00
5.052221583595073007e+00
5.054064155092035548e+00
5.056006752123629155e+00
5.058042286654506725e+00
5.060168086310420144e+00
5.062371878346000109e+00
5.064640534093175717e+00
5.066968166699205689e+00
5.069348045309578055e+00
5.071769548227583080e+00
5.074228142519985774e+00
5.076717570146119130e+00
5.079229717870747507e+00
5.081760188361204023e+00
5.084303211291825164e+00
5.086848955472503597e+00
5.089393640478645509e+00
5.091930350979362530e+00
5.094449794014487942e+00
5.096940051188264320e+00
5.099389704932961287e+00
5.101784612407477937e+00
5.104113687594923121e+00
5.106368289758953516e+00
5.108538359125646799e+00
5.110612701048644624e+00
5.112588002105743712e+00
5.114456553330214206e+00
5.116216384788544680e+00
5.117860049923451449e+00
5.119378406872542087e+00
5.120772010406048125e+00
5.122033999135286564e+00
5.123164444362314107e+00
5.124155676384956948e+00
5.124999426399858393e+00
5.125700204690487816e+00
5.126249735300929977e+00
5.126644704771729621e+00
5.126884683185758185e+00
5.126963527902530515e+00
5.126894582953806179e+00
5.126681326624508372e+00
5.126321194429452888e+00
5.125816726755853203e+00
5.125163354646916858e+00
5.124369436499233821e+00
5.123442950767035597e+00
5.122391774576659174e+00
5.121222944703455404e+00
5.119940454807634822e+00
5.118558959361668492e+00
5.117085406180973628e+00
5.115533236112947968e+00
5.113913739916438495e+00
5.112233015593642627e+00
5.110506015863770735e+00
5.108741067048662821e+00
5.106952668723219624e+00
5.105150395330541713e+00
5.103343800452107004e+00
5.101541999426239649e+00
5.099755932238454470e+00
5.097993944284076484e+00
5.096264003661032049e+00
5.094578804966563901e+00
5.092943188246841224e+00
5.091368200179691605e+00
5.089863839593286698e+00
5.088430854078883847e+00
5.087080429789180513e+00
5.085813917514438565e+00
5.084641973298545281e+00
5.083571508598084598e+00
5.082601299208159951e+00
5.081743096109982538e+00
5.081003398221489498e+00
5.080387490351255586e+00
5.079898634810502855e+00
5.079539014991874879e+00
5.079311150905246208e+00
5.079215581972652771e+00
5.079252460607362352e+00
5.079425719183904064e+00
5.079734606509131112e+00
5.080181028050404279e+00
5.080771873210590428e+00
5.081497047086280361e+00
5.082356269423883965e+00
5.083343308855813092e+00
5.084457041387480558e+00
5.085704760019702064e+00
5.087076578949612404e+00
5.088568370257537943e+00
5.090174063806456317e+00
5.091893132244272202e+00
5.093729525272769898e+00
5.095674087767523730e+00
5.097721853767556155e+00
5.099875753437203230e+00
5.102126126055639865e+00
5.104470302228850009e+00
5.106896628354711254e+00
5.109398836408777456e+00
5.111975452517195428e+00
5.114613442336246152e+00
5.117303588901684464e+00
5.120040404711886595e+00
5.122811593626660276e+00
5.125607276772183418e+00
5.128412715111893228e+00
5.131217487965745505e+00
5.134012199853581926e+00
5.136784760271233985e+00
5.139522940729779776e+00
5.142213876758738422e+00
5.144847887073679793e+00
5.147413312410039410e+00
5.149899652366561220e+00
5.152292962138576016e+00
5.154582136039656426e+00
5.156760726933400818e+00
5.158821783875148448e+00
5.160761558775823765e+00
5.162574740712564392e+00
5.164257541214150038e+00
5.165806008045596087e+00
5.167216948186080572e+00
5.168486346368711182e+00
5.169610507627051099e+00
5.170597068061154822e+00
5.171442381654901332e+00
5.172151086767240002e+00
5.172723214653357715e+00
5.173159935538694576e+00
5.173469886154905772e+00
5.173653402690813863e+00
5.173717166463882577e+00
5.173668648734726538e+00
5.173512270733751528e+00
5.173262274511197134e+00
5.172925219073930769e+00
5.172510975323656446e+00
5.172029410995581777e+00
5.171486176274754598e+00
5.170893791191317312e+00
5.170261112473943932e+00
5.169599819429256726e+00
5.168919480465389960e+00
5.168228516377545212e+00
5.167536367647384665e+00
5.166853177346323100e+00
5.166191751010750011e+00
5.165559223018621360e+00
5.164964090645348449e+00
5.164410745076870590e+00
5.163911129929159571e+00
5.163475193217430537e+00
5.163110791839694791e+00
5.162828915849363653e+00
5.162641105786001994e+00
5.162548274653068425e+00
5.162550591906452269e+00
5.162657379867428453e+00
5.162869485640817935e+00
5.163187338584954489e+00
5.163606871725911596e+00
5.164126349041158193e+00
5.164745022343391945e+00
5.165450448231691638e+00
5.166241993965500434e+00
5.167115598754875805e+00
5.168069102751008614e+00
5.169100926505318938e+00
5.170199326412669549e+00
5.171364053772681046e+00
5.172585850940936147e+00
5.173863955574029561e+00
5.175195491598838515e+00
5.176569896625275113e+00
5.177985236333604746e+00
5.179439064698214246e+00
5.180922628329986956e+00
5.182427373366349954e+00
5.183943049149506876e+00
5.185464060144418852e+00
5.186984140859836501e+00
5.188492965089076314e+00
5.189981251941913065e+00
5.191438583569521370e+00
5.192857264267200179e+00
5.194227455543273919e+00
5.195536059575074361e+00
5.196772629307502278e+00
5.197922395082109404e+00
5.198979871483437876e+00
5.199931968660942871e+00
5.200775334300391073e+00
5.201504386426797133e+00
5.202101561413994268e+00
5.202564071813514879e+00
5.202887296998790490e+00
5.203068501191130402e+00
5.203101777162784103e+00
5.202972530851521782e+00
5.202681704739490876e+00
5.202234024571636972e+00
5.201630734743933004e+00
5.200872951241592546e+00
5.199963493587831387e+00
5.198906536342958518e+00
5.197706628309945565e+00
5.196370264010886864e+00
5.194901280271272626e+00
5.193320546763398937e+00
5.191631679254034459e+00
5.189840146022299372e+00
5.187953369932630565e+00
5.185977356749035927e+00
5.183929454254367464e+00
5.181818393486002705e+00
5.179659405218819401e+00
5.177459628748158238e+00
5.175230353938798267e+00
5.172979160117368025e+00
5.170718094723683045e+00
5.168460938202602328e+00
5.166217641698581886e+00
5.163997589217883544e+00
5.161813787835103362e+00
5.159677144306166419e+00
5.157599200772508219e+00
5.155594223009809518e+00
5.153670064228044190e+00
5.151845162080989304e+00
5.150117231177554267e+00
5.148491758870349599e+00
5.146971646415457791e+00
5.145566918271050838e+00
5.144287250506147657e+00
5.143135353939996435e+00
5.142132798152433182e+00
5.141281480582819974e+00
5.140578646006452423e+00
5.140025190243886932e+00
5.139617819728719006e+00
5.139374800527857445e+00
5.139295265663804457e+00
5.139365464703569586e+00
5.139580440608243705e+00
5.139932796483319244e+00
5.140400758025625905e+00
5.140982461137155290e+00
5.141678702992777517e+00
5.142492200372199562e+00
5.143421185252647021e+00
5.144449673605541840e+00
5.145579120901803805e+00
5.146796539959887617e+00
5.148110138264875069e+00
5.149522349325399873e+00
5.151034503964166511e+00
5.152650853780490259e+00
5.154349220631106121e+00
5.156129111734612636e+00
5.157976303932650275e+00
5.159890581158383505e+00
5.161873124775869570e+00
5.163905244556648455e+00
5.165982532141192962e+00
5.168096224305613440e+00
5.170235904691202755e+00
5.172389632103426393e+00
5.174542635617239483e+00
5.176685178217870664e+00
5.178808441249115546e+00
5.180902446148378360e+00
5.182956261423809607e+00
5.184959125158768778e+00
5.186905906138402855e+00
5.188787640122157541e+00
5.190597220001203382e+00
5.192323631880265467e+00
5.193968924370986784e+00
5.195524998543246120e+00
5.196989277837260168e+00
5.198347275195104977e+00
5.199596567836983319e+00
5.200735111696108248e+00
5.201754369077666418e+00
5.202638928157671927e+00
5.203401588735565575e+00
5.204024523471876940e+00
5.204515351851865645e+00
5.204859443058654556e+00
5.205042077371314413e+00
5.205081870377457953e+00
5.204965431195146763e+00
5.204709564268982902e+00
5.204326209396517910e+00
5.203790810786582455e+00
5.203119890697695205e+00
5.202295196585750681e+00
5.201334454201554713e+00
5.200246851973628459e+00
5.199012267224882855e+00
5.197648723505829516e+00
5.196172515832278904e+00
5.194595251016711046e+00
5.192924641453122270e+00
5.191165245108698478e+00
5.189327427827212347e+00
5.187411641411873831e+00
5.185433380537125991e+00
5.183404637210462518e+00
5.181333105795477678e+00
5.179227067761516423e+00
5.177092369877195566e+00
5.174940385304785728e+00
5.172784863047696469e+00
5.170640297465420865e+00
5.168511756889916597e+00
5.166408228658535329e+00
5.164339723073341659e+00
5.162317031555273772e+00
5.160355324380495823e+00
5.158469500027993426e+00
5.156663741253711741e+00
5.154950231098033520e+00
5.153329546980954134e+00
5.151810926430322901e+00
5.150414548896649514e+00
5.149142546587089697e+00
5.147991847031216039e+00
5.146961116128067282e+00
5.146044006131986315e+00
5.145263822459081204e+00
5.144621930353740602e+00
5.144114081271388805e+00
5.143739093326428424e+00
5.143490619816281750e+00
5.143386275012443498e+00
5.143436982755946296e+00
5.143616500900524358e+00
5.143945830458241275e+00
5.144394104958908365e+00
5.144973118969636161e+00
5.145666172870830835e+00
5.146455369511083511e+00
5.147362350666359276e+00
5.148361870640352222e+00
5.149463048124149900e+00
5.150651377731398917e+00
5.151920482659178901e+00
5.153272851401405674e+00
5.154693650895195489e+00
5.156164962047175671e+00
5.157693893605308944e+00
5.159260372662382466e+00
5.160863618099527095e+00
5.162484469258622255e+00
5.164110448801355169e+00
5.165737747990923445e+00
5.167352509641486513e+00
5.168944137090282887e+00
5.170501236015396351e+00
5.172009246045188746e+00
5.173459131115512477e+00
5.174841418558197681e+00
5.176139267527895882e+00
5.177346343093949699e+00
5.178444648229914904e+00
5.179407393479187327e+00
5.180212610208828394e+00
5.180846601942022289e+00
5.181293604516823414e+00
5.181526644242396173e+00
5.181542215159562481e+00
5.181344815044131913e+00
5.180905461496140951e+00
5.180238346642282110e+00
5.179343345350052807e+00
5.178209677299882685e+00
5.176824237963582043e+00
5.175210860034848537e+00
5.173379673770094556e+00
5.171329584977055305e+00
5.169086910596513817e+00
5.166662516257190418e+00
5.164080917498493406e+00
5.161335037609958931e+00
5.158443704506779248e+00
5.155405205747509712e+00
5.152255144974613899e+00
5.148985668084049117e+00
5.145623632928753466e+00
5.142175183257483795e+00
5.138649292251490586e+00
5.135053328833007136e+00
5.131389484962844527e+00
5.127659469208144749e+00
5.123857221564673381e+00
5.119974498710059052e+00
5.116009455284498131e+00
5.111956236323735858e+00
5.107807539066693714e+00
5.103558531960866951e+00
5.099216548463724408e+00
5.094789351782225140e+00
5.090275611540698186e+00
5.085679932793997438e+00
5.080993915459536048e+00
5.076222536823175702e+00
5.071360936126135144e+00
5.066411122342965534e+00
5.061373003384492364e+00
5.056252300402543476e+00
5.051070086619279031e+00
5.045818780323884312e+00
5.040501529237650047e+00
5.035134393832110256e+00
5.029720490834139746e+00
5.024261645337962712e+00
5.018773280045413898e+00
5.013266320487881345e+00
5.007751060983562930e+00
5.002239829561138329e+00
4.996748750469112821e+00
4.991287838479900429e+00
4.985864351651096094e+00
4.980489203593157832e+00
4.975171346923731086e+00
4.969906648656748693e+00
4.964709609410189906e+00
4.959588470122240800e+00
4.954551893731975021e+00
4.949611078164004141e+00
4.944755648335837250e+00
4.940003955921553391e+00
4.935366949996375041e+00
4.930834054908179276e+00
4.926425898334407805e+00
4.922138919791603229e+00
4.917986393532181033e+00
4.913961406609439919e+00
4.910057038924121819e+00
4.906280586084747597e+00
4.902625438830281013e+00
4.899100883862399947e+00
4.895714186689280822e+00
4.892447501680278421e+00
4.889314757844830162e+00
4.886310625633622173e+00
4.883445042035007511e+00
4.880721795818232955e+00
4.878130975028894589e+00
4.875677829346082071e+00
4.873361708632133471e+00
4.871202013155840227e+00
4.869199944397829327e+00
4.867342876157186637e+00
4.865654324552438403e+00
4.864134726187607782e+00
4.862806903979203454e+00
4.861675615420959495e+00
4.860726535803101100e+00
4.859975321999213449e+00
4.859419350771627677e+00
4.859047222545765266e+00
4.858877034688764418e+00
4.858902649598591417e+00
4.859115303175918221e+00
4.859518434459737968e+00
4.860109647268823885e+00
4.860895411426595203e+00
4.861877433861068631e+00
4.863031556884221729e+00
4.864366739670209938e+00
4.865879982242756085e+00
4.867542324344091398e+00
4.869360259006195513e+00
4.871319045553380356e+00
4.873410553614073493e+00
4.875614369044477314e+00
4.877913444022113687e+00
4.880301640907699579e+00
4.882756697664435208e+00
4.885271887312108596e+00
4.887825870046788701e+00
4.890401264558011718e+00
4.892982236573870658e+00
4.895550667176421733e+00
4.898090311715777467e+00
4.900589432249244481e+00
4.903032597283298877e+00
4.905411116460736132e+00
4.907713064829285265e+00
4.909924053082639794e+00
4.912039178887779300e+00
4.914044508317882531e+00
4.915927389393027980e+00
4.917682664672312853e+00
4.919297820905621954e+00
4.920757229010041200e+00
4.922059804926092852e+00
4.923192050362402483e+00
4.924148790965253930e+00
4.924936416427070363e+00
4.925548321919912098e+00
4.925976378227047370e+00
4.926228073219232506e+00
4.926295734265282888e+00
4.926190464024826632e+00
4.925921083850249182e+00
4.925495112290068533e+00
4.924919697654827289e+00
4.924203980503065736e+00
4.923357844141705186e+00
4.922382916671616648e+00
4.921294103351814719e+00
4.920095206139070143e+00
4.918802227315885567e+00
4.917425436166507957e+00
4.915977465895397636e+00
4.914475364921076839e+00
4.912926716444476760e+00
4.911350052890761653e+00
4.909755475310070949e+00
4.908157052037699586e+00
4.906565819022638664e+00
4.904992201415283581e+00
4.903442423132640116e+00
4.901929812518340590e+00
4.900460767832976572e+00
4.899043118295652199e+00
4.897684992638808410e+00
4.896395607379656845e+00
4.895177542728763598e+00
4.894044150573592766e+00
4.892998125789146613e+00
4.892053542075138317e+00
4.891212448266725410e+00
4.890481627819519339e+00
4.889877192614060064e+00
4.889400172022562607e+00
4.889061893721502017e+00
4.888860702285002802e+00
4.888797514860908855e+00
4.888887147310581049e+00
4.889122837747837735e+00
4.889508399184252951e+00
4.890039026181604243e+00
4.890719621668960571e+00
4.891555654074456250e+00
4.892537273507024054e+00
4.893665762062575197e+00
4.894939830120112134e+00
4.896357323046231613e+00
4.897916820015216111e+00
4.899607724513316498e+00
4.901425967629457148e+00
4.903363838012720244e+00
4.905424853082205772e+00
4.907599251832272635e+00
4.909874406124855817e+00
4.912250117029453911e+00
4.914711102809216747e+00
4.917247982885148083e+00
4.919845946099068890e+00
4.922495237852837491e+00
4.925184721614625616e+00
4.927900827791003024e+00
4.930631644989756701e+00
4.933364959325102994e+00
4.936087284352092652e+00
4.938787718083171185e+00
4.941452977921274581e+00
4.944072099293974176e+00
4.946633336211947451e+00
4.949124907668141837e+00
4.951538007970361477e+00
4.953860235180166605e+00
4.956080311204699385e+00
4.958189997936990778e+00
4.960179044421223260e+00
4.962033892686871894e+00
4.963750804181603193e+00
4.965327168370990307e+00
4.966757298077848937e+00
4.968035314943103131e+00
4.969165237735418295e+00
4.970136159028320399e+00
4.970947708825974587e+00
4.971599697734623291e+00
4.972081139798669724e+00
4.972397144216507137e+00
4.972551194153189691e+00
4.972542940692208369e+00
4.972373541367403504e+00
4.972042108883313993e+00
4.971560086828820779e+00
4.970931861472479341e+00
4.970167049166909656e+00
4.969276979488483903e+00
4.968267298040144553e+00
4.967150699121110513e+00
4.965936596092932476e+00
4.964639288333409617e+00
4.963268512335771376e+00
4.961832942363971988e+00
4.960346175727600837e+00
4.958818139431232730e+00
4.957263524231666274e+00
4.955696165261022301e+00
4.954125671384089102e+00
4.952566899356597219e+00
4.951028143015855143e+00
4.949522695538752792e+00
4.948059298840516540e+00
4.946648995873682786e+00
4.945301822123282953e+00
4.944028836486095813e+00
4.942836239782328001e+00
4.941740851995700901e+00
4.940747197342270525e+00
4.939864798632615184e+00
4.939102145356290663e+00
4.938463916179888891e+00
4.937951945697122369e+00
4.937579212335102774e+00
4.937341690675519423e+00
4.937251602222374913e+00
4.937305373011319887e+00
4.937507380323648221e+00
4.937864156665444426e+00
4.938378337958991615e+00
4.939067812228739918e+00
4.939928008431732742e+00
4.940966746920883779e+00
4.942190646791994268e+00
4.943597641701042100e+00
4.945184390509664851e+00
4.946947043055831550e+00
4.948877427095710324e+00
4.950967521334230348e+00
4.953213943058787372e+00
4.955598729366598398e+00
4.958116352373895808e+00
4.960754093343553883e+00
4.963486165816127560e+00
4.966304313356220135e+00
4.969185751194296508e+00
4.972118783110913931e+00
4.975084402674969652e+00
4.978073493058022159e+00
4.981068137401876150e+00
4.984056033307847855e+00
4.987023486310778075e+00
4.989957409018812129e+00
4.992843579465684023e+00
4.995670445079144706e+00
4.998425757700737826e+00
5.001096401328381624e+00
5.003672434503373623e+00
5.006141283029849731e+00
5.008494829202230214e+00
5.010719342196519044e+00
5.012806746328408281e+00
5.014745193535621759e+00
5.016530661547716541e+00
5.018152044231232622e+00
5.019611078316506436e+00
5.020901565218506057e+00
5.022022808382449632e+00
5.022968846598802273e+00
5.023744050452648047e+00
5.024338388780295261e+00
5.024752195814787825e+00
5.024993772117584356e+00
5.025063648901112678e+00
5.024969116912387790e+00
5.024711001736276828e+00
5.024291166735047831e+00
5.023719422032290716e+00
5.022997870032842371e+00
5.022131424133832844e+00
5.021129388843831975e+00
5.019998616610822140e+00
5.018748268817720515e+00
5.017384610210712914e+00
5.015914590691385122e+00
5.014348619763909554e+00
5.012696793114007399e+00
5.010967997049155187e+00
5.009171887223782704e+00
5.007315577750268254e+00
5.005409493033948998e+00
5.003464907889429547e+00
5.001494903897109268e+00
4.999515381490054367e+00
4.997536806647841168e+00
4.995571944897236882e+00
4.993631169532599223e+00
4.991722961251796598e+00
4.989857213382781431e+00
4.988041848127902966e+00
4.986285923605025872e+00
4.984596679245293593e+00
4.982982216661036468e+00
4.981450400089085129e+00
4.980009596084415513e+00
4.978664304499686111e+00
4.977426289354622391e+00
4.976299581860362586e+00
4.975293060650288091e+00
4.974423742626963296e+00
4.973690710847435525e+00
4.973105701913295817e+00
4.972665250634013212e+00
4.972373773173599076e+00
4.972233139283193992e+00
4.972246125379746751e+00
4.972422830054706644e+00
4.972759053560143805e+00
4.973253605405038691e+00
4.973909057045524662e+00
4.974717475140636225e+00
4.975677306840364800e+00
4.976779626125637179e+00
4.978019259536806018e+00
4.979390677029432943e+00
4.980886311048807080e+00
4.982499658430161737e+00
4.984230622315945602e+00
4.986063625330269922e+00
4.987986562812865898e+00
4.989989081883967614e+00
4.992061845028938016e+00
4.994199907297433683e+00
4.996387872511685480e+00
4.998612804675638621e+00
5.000864606315435168e+00
5.003133782709181965e+00
5.005412244165481361e+00
5.007685659343541928e+00
5.009941310251296187e+00
5.012163705641568434e+00
5.014341056162655796e+00
5.016464002395213839e+00
5.018524763697922886e+00
5.020515611881554818e+00
5.022431215906681068e+00
5.024264880532562927e+00
5.026011237317860036e+00
5.027666154468595217e+00
5.029224507475435146e+00
5.030678882116614403e+00
5.032028601879416030e+00
5.033265918011006868e+00
5.034386320451436525e+00
5.035393529871641682e+00
5.036283693352876512e+00
5.037065526360808398e+00
5.037735281253397090e+00
5.038293523417950226e+00
5.038740582281889147e+00
5.039071833381594701e+00
5.039295434301885201e+00
5.039408399939701688e+00
5.039413217468234230e+00
5.039314785454468648e+00
5.039111743181989844e+00
5.038812870200770178e+00
5.038416896950502100e+00
5.037929019745488013e+00
5.037352586243351027e+00
5.036687109474141444e+00
5.035940084833701036e+00
5.035111392367681127e+00
5.034207101468047618e+00
5.033227870617111854e+00
5.032176242027482260e+00
5.031058025140365153e+00
5.029875564504465046e+00
5.028633156869610765e+00
5.027335922721824168e+00
5.025991423282821557e+00
5.024606318775611591e+00
5.023186369244058369e+00
5.021737865660388600e+00
5.020266758654316597e+00
5.018783034239015173e+00
5.017294921431739496e+00
5.015809858594137971e+00
5.014334134761293527e+00
5.012873650495012434e+00
5.011433933083017322e+00
5.010019545111854988e+00
5.008639511767825070e+00
5.007301542315681253e+00
5.006011630151470548e+00
5.004775669205983490e+00
5.003596173454125662e+00
5.002479739341934462e+00
5.001427815932830256e+00
5.000445409048397849e+00
4.999533535171350351e+00
4.998694632429679707e+00
4.997931216958959588e+00
4.997248600799641061e+00
4.996655704792639874e+00
4.996154090877673148e+00
4.995748222511312342e+00
4.995439857043378673e+00
4.995231915827893054e+00
4.995132621306979992e+00
4.995136080061196360e+00
4.995241332774162046e+00
4.995446170189529411e+00
4.995749945168494577e+00
4.996157151100337757e+00
4.996658758719563664e+00
4.997250499067009244e+00
4.997926220161020616e+00
4.998684688148199662e+00
4.999527165231404169e+00
5.000444852870998602e+00
5.001431765941081409e+00
5.002484767002163046e+00
5.003600433481035559e+00
5.004772502419648106e+00
5.005994489726720786e+00
5.007258838501869924e+00
5.008557925907074271e+00
5.009883689669072382e+00
5.011228161540925541e+00
5.012582727608381639e+00
5.013939273593127410e+00
5.015285902706086318e+00
5.016613667097986173e+00
5.017911749717892000e+00
5.019171038058698464e+00
5.020381321174204992e+00
5.021533997145593453e+00
5.022625251052082795e+00
5.023649690088928921e+00
5.024605271455945044e+00
5.025489635405244293e+00
5.026302030769289608e+00
5.027040396791995214e+00
5.027703090769351846e+00
5.028287460294665223e+00
5.028791732316018503e+00
5.029218990628720576e+00
5.029568100025059607e+00
5.029844968591929977e+00
5.030050603182167457e+00
5.030188359974994583e+00
5.030256282215118446e+00
5.030250712237897659e+00
5.030175951491686170e+00
5.030033633201957954e+00
5.029828627999514801e+00
5.029562463216127099e+00
5.029233743488432218e+00
5.028847236834111278e+00
5.028406081735732336e+00
5.027914831019581143e+00
5.027376494720221523e+00
5.026791249043882637e+00
5.026166229746878322e+00
5.025504352576673384e+00
5.024811750106157326e+00
5.024091483033838124e+00
5.023346210024895342e+00
5.022580350763740320e+00
5.021798757068457242e+00
5.021008686475100902e+00
5.020212606764974161e+00
5.019413972325268425e+00
5.018616254903021989e+00
5.017825884349289112e+00
5.017050818927231148e+00
5.016294459454360144e+00
5.015561843119204610e+00
5.014854899994670490e+00
5.014176860205471264e+00
5.013530572406589059e+00
5.012918656967221942e+00
5.012345752916872677e+00
5.011807724512755691e+00
5.011304804250239719e+00
5.010836906931936952e+00
5.010406513861954458e+00
5.010015350333989481e+00
5.009666447989284954e+00
5.009358211565404950e+00
5.009091036669553354e+00
5.008867375734836536e+00
5.008686366468310780e+00
5.008547626003265307e+00
5.008451201930284036e+00
5.008395541953495567e+00
5.008382296349727092e+00
5.008407356854867487e+00
5.008467524544674809e+00
5.008556954338554412e+00
5.008671376881529191e+00
5.008812192044561407e+00
5.008972676358526499e+00
5.009150515663777448e+00
5.009338630772536938e+00
5.009534054863608254e+00
5.009735890533185021e+00
5.009938776343469513e+00
5.010139059703205611e+00
5.010331450029616107e+00
5.010513001847420433e+00
5.010682604237799431e+00
5.010836539668371614e+00
5.010972536000764421e+00
5.011085516325539224e+00
5.011174508248796400e+00
5.011238339430991395e+00
5.011278327968309299e+00
5.011295105167070218e+00
5.011289081717830385e+00
5.011262346238352983e+00
5.011214652864716790e+00
5.011148795078030460e+00
5.011064621054088342e+00
5.010963037677560905e+00
5.010846426684860688e+00
5.010714786874580717e+00
5.010570881126898968e+00
5.010414725646826994e+00
5.010247862443779177e+00
5.010071372941587775e+00
5.009886103377197308e+00
5.009693797447238417e+00
5.009494787373101055e+00
5.009290559731875980e+00
5.009082125306582256e+00
5.008870704111163974e+00
5.008656995866900274e+00
5.008441871434903270e+00
5.008225205310141703e+00
5.008010435563034157e+00
5.007799000621295349e+00
5.007595544133789822e+00
5.007402581323391999e+00
5.007219816513813093e+00
5.007051845968223169e+00
5.006900374146632693e+00
5.006766213376529606e+00
5.006649196355127174e+00
5.006548239339597473e+00
5.006466439890197684e+00
5.006402266321225980e+00
5.006358699367835285e+00
5.006335090945928101e+00
5.006327482887996894e+00
5.006336874537506532e+00
5.006360448218753589e+00
5.006399862781968579e+00
5.006453869433013182e+00
5.006518292382230229e+00
5.006593595670406849e+00
5.006676936933643240e+00
5.006769622100389228e+00
5.006870150772726902e+00
5.006974290955684026e+00
5.007082574974617728e+00
5.007192296741401982e+00
5.007304475849365666e+00
5.007417434157673597e+00
5.007527067551260203e+00
5.007633799791206819e+00
5.007734787624199768e+00
5.007831376923118860e+00
5.007921428384129570e+00
5.008001475699115801e+00
5.008071319765281082e+00
5.008128753036129588e+00
5.008174500238950166e+00
5.008206632197237163e+00
5.008221845317733845e+00
5.008219633860847786e+00
5.008198004697319128e+00
5.008157463294324430e+00
5.008095918895548060e+00
5.008009843315799792e+00
5.007899458810557647e+00
5.007762961193789941e+00
5.007600874353070886e+00
5.007412043671925161e+00
5.007195028804113157e+00
5.006948468249160733e+00
5.006670362401623109e+00
5.006363906144965625e+00
5.006028359785546833e+00
5.005664323001971283e+00
5.005270674481858251e+00
5.004847274415065606e+00
5.004395113505292869e+00
5.003912665836383056e+00
5.003401270948219626e+00
5.002860597066450588e+00
5.002291545934843597e+00
5.001695244639980054e+00
5.001072595037387991e+00
5.000422086112068953e+00
4.999742799542710614e+00
4.999036042161152160e+00
4.998303318835660036e+00
4.997547283090516324e+00
4.996770910017056977e+00
4.995976908720893839e+00
4.995168572954696629e+00
4.994349031217258705e+00
4.993521782897277106e+00
4.992690461046858097e+00
4.991858275525135724e+00
4.991028752542896463e+00
4.990205174304409574e+00
4.989391087733073604e+00
4.988590066276355373e+00
4.987805495105548381e+00
4.987040937162801058e+00
4.986299434594675617e+00
4.985584535665676498e+00
4.984899834461375967e+00
4.984248599849506078e+00
4.983633871070903609e+00
4.983059447996182278e+00
4.982530203379554656e+00
4.982044068232041489e+00
4.981605911172790613e+00
4.981213743902606517e+00
4.980869295365971894e+00
4.980578904814882080e+00
4.980342708371443550e+00
4.980167024183881352e+00
4.980051832545412616e+00
4.979994375125369466e+00
4.980000175510630456e+00
4.980073518900297813e+00
4.980216626653545475e+00
4.980430532636218821e+00
4.980715648176245125e+00
4.981072080040446437e+00
4.981499954218142179e+00
4.981997996958070551e+00
4.982566459493808608e+00
4.983203514086178565e+00
4.983908658193519692e+00
4.984684232713750163e+00
4.985522306131294989e+00
4.986417287008932497e+00
4.987365482168367059e+00
4.988363403843811383e+00
4.989411298351456914e+00
4.990500722693374414e+00
4.991625612320475192e+00
4.992781946079901445e+00
4.993966142030529021e+00
4.995177383290700490e+00
4.996406952085069797e+00
4.997649034055045902e+00
4.998899699391893492e+00
5.000155592205098642e+00
5.001414476575426704e+00
5.002668372484021297e+00
5.003911830129200489e+00
5.005140895860367145e+00
5.006352454589777068e+00
5.007542866038254381e+00
5.008704826923183084e+00
5.009833216907552789e+00
5.010924320014289002e+00
5.011975277902654291e+00
5.012981297986678797e+00
5.013935640918187886e+00
5.014833660440616292e+00
5.015671908127240286e+00
5.016447740661075905e+00
5.017155317159465611e+00
5.017788299562504939e+00
5.018342498855760780e+00
5.018815028423538216e+00
5.019203588197102661e+00
5.019506048353482797e+00
5.019720546210278300e+00
5.019845907369722582e+00
5.019881190723367581e+00
5.019825323080272739e+00
5.019677754757555732e+00
5.019436694649609620e+00
5.019105781843516745e+00
5.018688783203814729e+00
5.018190967483078246e+00
5.017617035401618075e+00
5.016968671349442133e+00
5.016251789150392604e+00
5.015471298364555963e+00
5.014632678595934756e+00
5.013742115689074019e+00
5.012802318079031316e+00
5.011819280651963027e+00
5.010797459451114655e+00
5.009741993216431766e+00
5.008659822089231994e+00
5.007554781404891742e+00
5.006431508181253598e+00
5.005295657856026814e+00
5.004151567635694242e+00
5.003006711346666080e+00
5.001865822864333566e+00
5.000732319397488190e+00
4.999612818328301067e+00
4.998511398998657818e+00
4.997436155495802446e+00
4.996392526594559236e+00
4.995383240399519309e+00
4.994415614200391929e+00
4.993492479739346734e+00
4.992622998622813668e+00
4.991813859311498902e+00
4.991069394392526171e+00
4.990393118006741346e+00
4.989784805109357180e+00
4.989247303647553977e+00
4.988782431749260837e+00
4.988390352880216483e+00
4.988073494514083883e+00
4.987830800419306598e+00
4.987666692217443298e+00
4.987585200579468747e+00
4.987580828412592204e+00
4.987652197081750671e+00
4.987795821327871693e+00
4.988014186296767072e+00
4.988310046486710725e+00
4.988677859597062003e+00
4.989115984358046596e+00
4.989618283651921615e+00
4.990184396274539580e+00
4.990813851498220544e+00
4.991499511368726161e+00
4.992237514175628554e+00
4.993018622838114595e+00
4.993842897407865244e+00
4.994707945354437406e+00
4.995608588747834311e+00
4.996539335690593830e+00
4.997493314735746317e+00
4.998468029491759168e+00
4.999453535147165617e+00
5.000443447299455890e+00
5.001427237905716972e+00
5.002397978000496792e+00
5.003349587612008875e+00
5.004273120530102759e+00
5.005160826213811198e+00
5.006004787154649804e+00
5.006798541315053974e+00
5.007535521380757082e+00
5.008213507525776542e+00
5.008828108824943115e+00
5.009375365369177047e+00
5.009850470006620426e+00
5.010248782441172999e+00
5.010570725120755853e+00
5.010814260516467833e+00
5.010982057035121784e+00
5.011075638516026665e+00
5.011097833984218042e+00
5.011047540865525285e+00
5.010920735699742501e+00
5.010720350229798115e+00
5.010447111865190983e+00
5.010104918954578324e+00
5.009694848647026078e+00
5.009216627431718472e+00
5.008676481796112689e+00
5.008077553724555209e+00
5.007424104278592303e+00
5.006718273376731254e+00
5.005961504643467563e+00
5.005158139904644976e+00
5.004313183119204922e+00
5.003433208008913446e+00
5.002523681064753092e+00
5.001589674045949785e+00
5.000636265342741638e+00
4.999670348083287585e+00
4.998696777661948865e+00
4.997723273029237134e+00
4.996756357988030750e+00
4.995800676559717601e+00
4.994864427363187254e+00
4.993952423399002249e+00
4.993073815768272361e+00
4.992237142612844458e+00
4.991446888884218502e+00
4.990706560974629724e+00
4.990017386367232355e+00
4.989383871247680347e+00
4.988811295805186674e+00
4.988296734979065228e+00
4.987839369242698773e+00
4.987438494776994524e+00
4.987097463374644768e+00
4.986820947331994880e+00
4.986606446122437752e+00
4.986452343659162345e+00
4.986354192830308563e+00
4.986313039036154748e+00
4.986327145992232701e+00
4.986391038334383907e+00
4.986502491765110179e+00
4.986658931345132828e+00
4.986858002886561003e+00
4.987096881632147927e+00
4.987371620115277793e+00
4.987680117179094097e+00
4.988018391196070489e+00
4.988386432703970641e+00
4.988780664381025076e+00
4.989197034042713419e+00
4.989633613404270918e+00
4.990087570947048690e+00
4.990557300549385289e+00
4.991040237013636194e+00
4.991531188961505272e+00
4.992029101018251147e+00
4.992530327577530791e+00
4.993033738572537850e+00
4.993536518279850789e+00
4.994033798266589663e+00
4.994524230275690257e+00
4.995004172090827588e+00
4.995472559806345636e+00
4.995929481972396502e+00
4.996376302417755433e+00
4.996814196881294023e+00
4.997240255352497940e+00
4.997653656591118043e+00
4.998054950971543953e+00
4.998445437204479092e+00
4.998826481093106899e+00
4.999195275295911678e+00
4.999550851200162072e+00
4.999893939037262314e+00
5.000225727659105779e+00
5.000547642808794713e+00
5.000856876083105362e+00
5.001152548220393790e+00
5.001435466565577137e+00
5.001706833884504100e+00
5.001968082271901039e+00
5.002216439906892020e+00
5.002450912453618947e+00
5.002672289692250196e+00
5.002881817825523214e+00
5.003080956459430517e+00
5.003266966313509201e+00
5.003438857000706896e+00
5.003597451791551798e+00
5.003743817115586801e+00
5.003879429696512560e+00
5.004001601215836814e+00
5.004109383615119810e+00
5.004203636365397223e+00
5.004285450557632409e+00
5.004356324978558312e+00
5.004413464328660410e+00
5.004456029779664306e+00
5.004484891405716063e+00
5.004501188038537052e+00
5.004506412008466576e+00
5.004497793982427112e+00
5.004474536734324630e+00
5.004437476510339877e+00
5.004387720215293101e+00
5.004326782787376970e+00
5.004251871949219499e+00
5.004162205273444464e+00
5.004058507962310998e+00
5.003942054744968004e+00
5.003814418783568918e+00
5.003672706607885878e+00
5.003516155511296581e+00
5.003345427245056598e+00
5.003161815397596079e+00
5.002966703653490832e+00
5.002757656436567224e+00
5.002533855673080510e+00
5.002295873027450490e+00
5.002044994954174761e+00
5.001782574478691679e+00
5.001506176080710020e+00
5.001214942347412595e+00
5.000909418977951049e+00
5.000590879313802084e+00
5.000260692604038937e+00
4.999916465386900377e+00
4.999556881405563757e+00
4.999183480248004408e+00
4.998797333158701228e+00
4.998399662368147922e+00
4.997988076612500663e+00
4.997561066329627266e+00
4.997120350107698172e+00
4.996666327670364005e+00
4.996201324083059170e+00
4.995722301967591150e+00
4.995228667177409321e+00
4.994721979305297488e+00
4.994202348135560854e+00
4.993672016404718583e+00
4.993127855092437173e+00
4.992569214061052918e+00
4.991997070156188876e+00
4.991412610888632528e+00
4.990817795053276384e+00
4.990210037335904403e+00
4.989587903909537658e+00
4.988952325724217651e+00
4.988304447673413300e+00
4.987645879678581196e+00
4.986976065479372444e+00
4.986295246996139241e+00
4.985606275864100212e+00
4.984912606693959525e+00
4.984218638830042458e+00
4.983525067337014391e+00
4.982832752607920135e+00
4.982145798124530067e+00
4.981468027673818355e+00
4.980804843597271159e+00
4.980156806923607071e+00
4.979524701751927296e+00
4.978912567228237940e+00
4.978323771462004999e+00
4.977764984585506980e+00
4.977236568473441203e+00
4.976738900274199295e+00
4.976275980539781152e+00
4.975850938514036592e+00
4.975471249476235869e+00
4.975136542573731724e+00
4.974847446728658085e+00
4.974608365774315644e+00
4.974421703975809628e+00
4.974294605611055076e+00
4.974224409686564208e+00
4.974209254900622490e+00
4.974250031439283681e+00
4.974347623595664736e+00
4.974507858054408871e+00
4.974726908495344269e+00
4.975002086804873436e+00
4.975333794774181584e+00
4.975722589203781077e+00
4.976173534365064377e+00
4.976683460222250943e+00
4.977249619373745659e+00
4.977873441362448581e+00
4.978554196664759068e+00
4.979290630528399042e+00
4.980081439697810808e+00
4.980922579029271269e+00
4.981811704495617832e+00
4.982744776019521815e+00
4.983718296969002814e+00
4.984728939765756373e+00
4.985773594909971074e+00
4.986843866342370646e+00
4.987936476105517158e+00
4.989043380403583861e+00
4.990161374145810846e+00
4.991282721319860727e+00
4.992397765302724721e+00
4.993500853264396966e+00
4.994584171781010440e+00
4.995642686420744383e+00
4.996669805133408637e+00
4.997660489389366134e+00
4.998606570148533379e+00
4.999500563153690180e+00
5.000335648217863138e+00
5.001106522837346802e+00
5.001806961828533460e+00
5.002432478749814670e+00
5.002977198557617022e+00
5.003436948740544565e+00
5.003810589359762417e+00
5.004098879443171555e+00
5.004303008028927024e+00
5.004424213282454126e+00
5.004464798774258760e+00
5.004422602518150853e+00
5.004300161483386411e+00
5.004094608830907731e+00
5.003805375746139816e+00
5.003435268490265209e+00
5.002985980040084435e+00
5.002463493323575427e+00
5.001868004141996948e+00
5.001200480698297035e+00
5.000463967634986240e+00
4.999661577283094793e+00
4.998799283145617167e+00
4.997881238474201737e+00
4.996912023662281044e+00
4.995895834206296016e+00
4.994837519614648613e+00
4.993741242675732828e+00
4.992612439854691608e+00
4.991456032781552032e+00
4.990277228443574131e+00
4.989081232263398391e+00
4.987872494472814111e+00
4.986656959219526897e+00
4.985439348756026234e+00
4.984225367768357451e+00
4.983025402812907956e+00
4.981847820519159420e+00
4.980700395791481050e+00
4.979590460224698312e+00
4.978523425920554857e+00
4.977505956901857154e+00
4.976544195129224413e+00
4.975644436417765881e+00
4.974810668988772555e+00
4.974050334407634999e+00
4.973371782242007377e+00
4.972775429947919434e+00
4.972265679142124029e+00
4.971838394119089344e+00
4.971496250829344987e+00
4.971239592595643408e+00
4.971072031962370907e+00
4.971001480985117738e+00
4.971024811051004910e+00
4.971147703441941346e+00
4.971363274275476307e+00
4.971669704473727691e+00
4.972072343832962815e+00
4.972566301121524646e+00
4.973154075673930308e+00
4.973828736177793530e+00
4.974591491229048756e+00
4.975440644032470772e+00
4.976365923292152438e+00
4.977366516745798108e+00
4.978434015891662234e+00
4.979567372954597282e+00
4.980763269296993201e+00
4.982011076218593182e+00
4.983308907753932537e+00
4.984648515141714142e+00
4.986028814024438205e+00
4.987445108003130123e+00
4.988887932754270338e+00
4.990354394472353405e+00
4.991837594664803923e+00
4.993335901803485299e+00
4.994843747324458683e+00
