0.000000000000000000e+00
0.000000000000000000e+00
-1.352735807813587863e-08
-8.188100991901589493e-08
-2.574226914475730621e-07
-5.731665464736580256e-07
-1.093798675810830731e-06
-1.488452182911714916e-06
-1.791108354609605285e-06
-1.392356082305923244e-06
2.394229318269943187e-07
3.571997783637926732e-06
9.381766701608283923e-06
1.939788487788973644e-05
3.478011492688893761e-05
5.728906163994907877e-05
8.863437831450939075e-05
1.299073538189077269e-04
1.875266656657004379e-04
2.664408497889780673e-04
3.705175258596682050e-04
5.028229523827576096e-04
6.646646503736517754e-04
8.625849280883808937e-04
1.098556904159977022e-03
1.384131511711075022e-03
1.721246590875579862e-03
2.119418581985428249e-03
2.585659859739735267e-03
3.130036419295265278e-03
3.756180083416892773e-03
4.487114897035552989e-03
5.322655415200187520e-03
6.280470242761565861e-03
7.369876256250335218e-03
8.603275543116522747e-03
9.985284334086370200e-03
1.152586263980765607e-02
1.323514593210120723e-02
1.513148975934882831e-02
1.722223830785651888e-02
1.950828922357459791e-02
2.200019208159346984e-02
2.469816831316848024e-02
2.762903956141371867e-02
3.078517464365859019e-02
3.415019956793684253e-02
3.776091066565412380e-02
4.159889725413219719e-02
4.565681544508830292e-02
4.994112727608576718e-02
5.445212868418589786e-02
5.914747861590282513e-02
6.404551265206234745e-02
6.912047443356411636e-02
7.440889654126063568e-02
7.988755104508296623e-02
8.554256019558803548e-02
9.136574206318753832e-02
9.735965785946743001e-02
1.035335331913461027e-01
1.098928981777657909e-01
1.163945495840539301e-01
1.230640518423547214e-01
1.298958658930291221e-01
1.369130682703484370e-01
1.441146367546548013e-01
1.515533864256372043e-01
1.592203700300683367e-01
1.671770941969384361e-01
1.754034423586358360e-01
1.838960015532006276e-01
1.926641267296303472e-01
2.017112606522072360e-01
2.109836113211144004e-01
2.205223363396157099e-01
2.302898657080162947e-01
2.402585327383507940e-01
2.504174315687646701e-01
2.607657503839959090e-01
2.713168048616874661e-01
2.820779824015128834e-01
2.929918777700890042e-01
3.040977906939018593e-01
3.153831791635978710e-01
3.269011986013878324e-01
3.386477327105033575e-01
3.505503415819632984e-01
3.626335072275627125e-01
3.748546325918663547e-01
3.872662687059869047e-01
3.998618042227258251e-01
4.126800095793236034e-01
4.257160281893241915e-01
4.389532816168297824e-01
4.524070858713615251e-01
4.660219692942130787e-01
4.798374771830070662e-01
4.938467740770806080e-01
5.080360984560479132e-01
5.224078655001154203e-01
5.369570874926080650e-01
5.516991686579216791e-01
5.666656911131371377e-01
5.818221688028802907e-01
5.972244071718684211e-01
6.128278350588310941e-01
6.286764478441705384e-01
6.447440254446495933e-01
6.610270285364617804e-01
6.775093483683097828e-01
6.941982900854575256e-01
7.111106669661032553e-01
7.282252037283405421e-01
7.455234968420488828e-01
7.630001675840839548e-01
7.806484305616840924e-01
7.984701812025530865e-01
8.164751016851885534e-01
8.346333110090715657e-01
8.529623782392962150e-01
8.714498090502245109e-01
8.901308214422686271e-01
9.090026640650256118e-01
9.280406152960284372e-01
9.472606897112353375e-01
9.666507792231067153e-01
9.862416124102099113e-01
1.006019790148399595e+00
1.025982062792442751e+00
1.046127788996361163e+00
1.066467347120903408e+00
1.086975078558586549e+00
1.107617468809746208e+00
1.128412277674339936e+00
1.149336390471123348e+00
1.170416581606529727e+00
1.191612694239280845e+00
1.212963607287071532e+00
1.234456260180137877e+00
1.256103486990593376e+00
1.277895143007896861e+00
1.299850630736015367e+00
1.321940290903709680e+00
1.344210779642723397e+00
1.366631612753533176e+00
1.389228336786888729e+00
1.411996400332115487e+00
1.434958167051933353e+00
1.458086712336204682e+00
1.481426422571800350e+00
1.504940707659385923e+00
1.528657057261131769e+00
1.552566473459862095e+00
1.576691813444755619e+00
1.601003277277610604e+00
1.625555796599051916e+00
1.650357596850058783e+00
1.675435028051993847e+00
1.700790171599051881e+00
1.726428604101798436e+00
1.752383971190116130e+00
1.778675289129874271e+00
1.805311429476401441e+00
1.832289113974234329e+00
1.859674186682364505e+00
1.887427642321250154e+00
1.915585641836783370e+00
1.944101605391165499e+00
1.972986154532095249e+00
2.002262415861746359e+00
2.031894147371908321e+00
2.061867368197104256e+00
2.092110078310629895e+00
2.122603480791708908e+00
2.153337359404227325e+00
2.184260005926749848e+00
2.215355803942344881e+00
2.246592211699150354e+00
2.277942738508842879e+00
2.309368233656547531e+00
2.340847387289665793e+00
2.372349052405022363e+00
2.403865628218315731e+00
2.435371577715538471e+00
2.466841692900322069e+00
2.498264112448356222e+00
2.529634399389884436e+00
2.560954925989768594e+00
2.592180631136558056e+00
2.623269877409599271e+00
2.654213995909354917e+00
2.685018434500358264e+00
2.715678107714316614e+00
2.746133289312978842e+00
2.776366238569875300e+00
2.806379539942404300e+00
2.836161630129477196e+00
2.865715827917715064e+00
2.895003302073141160e+00
2.924023368334432771e+00
2.952780506586690557e+00
2.981307039236684719e+00
3.009566225981374910e+00
3.037528736567160159e+00
3.065249028181691759e+00
3.092692453837056821e+00
3.119850909685751184e+00
3.146703188395163053e+00
3.173292183851858628e+00
3.199542901491782221e+00
3.225502760386130152e+00
3.251158196901938080e+00
3.276503903841635257e+00
3.301532230353018349e+00
3.326301457857748556e+00
3.350752999758383588e+00
3.374943549608846904e+00
3.398876140093466169e+00
3.422558135962149084e+00
3.445992982363363932e+00
3.469190175509115459e+00
3.492126739000936730e+00
3.514806482767721452e+00
3.537267677759786455e+00
3.559471559500356541e+00
3.581464052176138058e+00
3.603215539431234848e+00
3.624762639975210643e+00
3.646139898275992053e+00
3.667397432303091342e+00
3.688546278452535798e+00
3.709623203253408441e+00
3.730625534033437773e+00
3.751580989336630090e+00
3.772476470446248786e+00
3.793308882689138350e+00
3.814035606360097752e+00
3.834662525629659591e+00
3.855214843725820018e+00
3.875688750719686215e+00
3.896071801161428372e+00
3.916337337469717017e+00
3.936477997278829299e+00
3.956496710753102608e+00
3.976385425305028587e+00
3.996140843605657356e+00
4.015777879929204985e+00
4.035288497185369749e+00
4.054652881598136638e+00
4.073890323614737241e+00
4.092976410364768114e+00
4.111927868103644634e+00
4.130740392183920306e+00
4.149445778107306637e+00
4.168027573799750307e+00
4.186455908989569430e+00
4.204748586392065945e+00
4.222891503548285463e+00
4.240874305939337674e+00
4.258690189098975232e+00
4.276353627419134718e+00
4.293874291157385947e+00
4.311213362192771292e+00
4.328368455147407090e+00
4.345341595387122169e+00
4.362098783230444532e+00
4.378645721649786715e+00
4.394967424845358295e+00
4.411049650883337669e+00
4.426899915909430661e+00
4.442508466219565300e+00
4.457836034273765513e+00
4.472903920387886423e+00
4.487678920006416661e+00
4.502139387106559809e+00
4.516329727148673534e+00
4.530222740149161709e+00
4.543807666277548840e+00
4.557117167687079196e+00
4.570136600708625707e+00
4.582865141605994452e+00
4.595286346649787745e+00
4.607400308823249802e+00
4.619193074679039057e+00
4.630666671967171411e+00
4.641809377646111123e+00
4.652627496695184384e+00
4.663114322399759537e+00
4.673275254940651990e+00
4.683101986622475899e+00
4.692610523676538747e+00
4.701733702397013381e+00
4.710504363155030738e+00
4.718938300585412193e+00
4.727003709649705065e+00
4.734721652841233919e+00
4.742163364267015346e+00
4.749279679035806723e+00
4.756134677505158947e+00
4.762750045632982321e+00
4.769120722984934169e+00
4.775266112661028295e+00
4.781192776536608235e+00
4.786914730047846511e+00
4.792490887617732120e+00
4.797875367378856559e+00
4.803120895599986895e+00
4.808187553858425112e+00
4.813122419690753162e+00
4.817888738488819378e+00
4.822528050219681894e+00
4.827002970850137409e+00
4.831331970369484807e+00
4.835526337897446680e+00
4.839595400666859781e+00
4.843541176890995281e+00
4.847367808794643906e+00
4.851056815659668509e+00
4.854652125215198843e+00
4.858126501118805507e+00
4.861498208021786560e+00
4.864777480935718934e+00
4.867945854043630227e+00
4.870998064553407225e+00
4.873926060175566732e+00
4.876749879693655920e+00
4.879464932059912385e+00
4.882069982564120281e+00
4.884562552994161422e+00
4.886945503478914432e+00
4.889231642311483661e+00
4.891417684232860275e+00
4.893516840165524684e+00
4.895540097182660588e+00
4.897451423978477436e+00
4.899270344948440048e+00
4.901001886105207817e+00
4.902639475142627212e+00
4.904174189990430754e+00
4.905614585107238135e+00
4.906942897414833915e+00
4.908157591572074097e+00
4.909251772215632137e+00
4.910243946736721377e+00
4.911118731325534448e+00
4.911868993839290987e+00
4.912502972608473684e+00
4.913009644312826829e+00
4.913365532731679863e+00
4.913567915851293044e+00
4.913608919092496308e+00
4.913472803802272360e+00
4.913159384288867670e+00
4.912670879893979325e+00
4.912003681668123178e+00
4.911164091237862905e+00
4.910157461472829610e+00
4.908997068264563168e+00
4.907693528094370095e+00
4.906261153527576191e+00
4.904702417262870817e+00
4.903038834043820238e+00
4.901295997359832235e+00
4.899481474020562111e+00
4.897618830659470568e+00
4.895722011038145638e+00
4.893809747853359760e+00
4.891900421091397888e+00
4.890002829738934409e+00
4.888131724306423287e+00
4.886294582345563242e+00
4.884507140525657043e+00
4.882784878918009497e+00
4.881127192684489025e+00
4.879558751442509390e+00
4.878074315794783011e+00
4.876679328539449187e+00
4.875378981688099245e+00
4.874180642896370763e+00
4.873094510891513131e+00
4.872139286928848456e+00
4.871289045148567531e+00
4.870569388204293304e+00
4.869960092724339162e+00
4.869492044643537021e+00
4.869164398991540743e+00
4.868982000191733661e+00
4.868950807579365048e+00
4.869066041192543715e+00
4.869339817451817432e+00
4.869766350934786381e+00
4.870322625065727884e+00
4.871018177817149741e+00
4.871846533665938672e+00
4.872815189684315484e+00
4.873918594593687814e+00
4.875169673735780584e+00
4.876529786015433743e+00
4.878015464718027161e+00
4.879596328164024222e+00
4.881289267862720216e+00
4.883071949953718516e+00
4.884953195328398223e+00
4.886921199733897048e+00
4.888968221569939487e+00
4.891075362438841445e+00
4.893207889671011834e+00
4.895358775878832169e+00
4.897508853698655962e+00
4.899653848881408535e+00
4.901782746488734688e+00
4.903889810318633025e+00
4.905964806104585740e+00
4.908002605313942723e+00
4.909993339354679520e+00
4.911925945604727062e+00
4.913792490238831689e+00
4.915583900237964876e+00
4.917292064751076275e+00
4.918906626428054985e+00
4.920423135037111706e+00
4.921840847755360571e+00
4.923157841736959917e+00
4.924374285439538035e+00
4.925488130027936506e+00
4.926516285190867706e+00
4.927452640334654355e+00
4.928298321018505845e+00
4.929048939819026032e+00
4.929706400359559204e+00
4.930280055763709868e+00
4.930771989772606112e+00
4.931175620804120641e+00
4.931495327489961333e+00
4.931738893675197133e+00
4.931916628057646967e+00
4.932033100581306506e+00
4.932088644990276549e+00
4.932090775211823264e+00
4.932039167140159996e+00
4.931941383848448268e+00
4.931807020115215323e+00
4.931637522852528654e+00
4.931441498710323224e+00
4.931222820407260343e+00
4.930989278400797815e+00
4.930745279951501914e+00
4.930498449368883485e+00
4.930255351229121175e+00
4.930023645213355898e+00
4.929808430685212350e+00
4.929614385864247161e+00
4.929450938342619715e+00
4.929320494508851347e+00
4.929234856296811351e+00
4.929191172895500905e+00
4.929190816481880510e+00
4.929241944554545007e+00
4.929342906431577909e+00
4.929506262068919398e+00
4.929734905020616509e+00
4.930026784365348469e+00
4.930391296160690828e+00
4.930828351949624988e+00
4.931343813588195957e+00
4.931933905643695049e+00
4.932602789414399780e+00
4.933355036241287017e+00
4.934185673234337877e+00
4.935101708856696412e+00
4.936105740231746530e+00
4.937185640123956887e+00
4.938344074425571328e+00
4.939579807308786208e+00
4.940879244593256558e+00
4.942244206455820965e+00
4.943673327503080195e+00
4.945166523990507379e+00
4.946720610347862035e+00
4.948323334542387819e+00
4.949975122002237882e+00
4.951675694075697187e+00
4.953412951764933680e+00
4.955188128439060868e+00
4.956998948541752270e+00
4.958838223305813919e+00
4.960698691246383518e+00
4.962569299427144642e+00
4.964446937826745732e+00
4.966326272127501440e+00
4.968198836532704554e+00
4.970062017974727020e+00
4.971911258933418232e+00
4.973738784131877644e+00
4.975536599395149473e+00
4.977295626637810777e+00
4.979011791286343858e+00
4.980675178555125093e+00
4.982283975270861198e+00
4.983836385247582434e+00
4.985327305582636370e+00
4.986755418566340303e+00
4.988111685154312802e+00
4.989398145762556247e+00
4.990606587988608567e+00
4.991734291625492759e+00
4.992781745058767484e+00
4.993740027708284401e+00
4.994613939536086455e+00
4.995394653094283655e+00
4.996079959881774890e+00
4.996662947994940041e+00
4.997138780554108095e+00
4.997513735492996823e+00
4.997779383299223888e+00
4.997943313041052882e+00
4.998007416141502013e+00
4.997964409690633047e+00
4.997823685266360449e+00
4.997579298138900228e+00
4.997239171572312344e+00
4.996806003161058385e+00
4.996278816767320663e+00
4.995669609092459496e+00
4.994980336286412026e+00
4.994222572379099390e+00
4.993396511234627688e+00
4.992506668500886313e+00
4.991563074447498138e+00
4.990570616878852839e+00
4.989539307810648694e+00
4.988477252506002380e+00
4.987388262607439948e+00
4.986280458428248075e+00
4.985160506002887182e+00
4.984036938928348981e+00
4.982918045155985354e+00
4.981808398671730309e+00
4.980713065348846946e+00
4.979639343850596589e+00
4.978593256406767864e+00
4.977585350282771159e+00
4.976620002769213791e+00
4.975701056577545245e+00
4.974836298831087689e+00
4.974029982321244603e+00
4.973295155771356946e+00
4.972635651760083597e+00
4.972054286271613499e+00
4.971563472233992975e+00
4.971160377569776578e+00
4.970855245448928983e+00
4.970650013134163991e+00
4.970552402267512271e+00
4.970567445670766915e+00
4.970698917088611779e+00
4.970944830858661234e+00
4.971297460393561352e+00
4.971759222829295055e+00
4.972331824386073684e+00
4.973017046311452027e+00
4.973810360515072304e+00
4.974701739782049437e+00
4.975693003693177019e+00
4.976784686678602299e+00
4.977977449679328537e+00
4.979266724222853213e+00
4.980648336195900860e+00
4.982117095076993074e+00
4.983668215060189866e+00
4.985298234456733368e+00
4.987000613892035084e+00
4.988770416611389535e+00
4.990600794637160220e+00
4.992485781693416058e+00
4.994423589789826146e+00
4.996400486612279757e+00
4.998405734682042301e+00
5.000430989944894655e+00
5.002467272961098388e+00
5.004507388108926591e+00
5.006543852919296711e+00
5.008569896155552037e+00
5.010579110914424206e+00
5.012563200527385021e+00
5.014515646183446584e+00
5.016431896918967404e+00
5.018305754893972015e+00
5.020128794097854730e+00
5.021892215096904977e+00
5.023591518932535749e+00
5.025221306765034868e+00
5.026775035494522648e+00
5.028243915075019999e+00
5.029619386726574604e+00
5.030898058944897500e+00
5.032074272119956504e+00
5.033147520804362784e+00
5.034112791129903286e+00
5.034964740955786056e+00
5.035703770378188615e+00
5.036326339514508810e+00
5.036833799639299336e+00
5.037223763623789097e+00
5.037497816728009781e+00
5.037660478138877629e+00
5.037710372372112388e+00
5.037650329684420392e+00
5.037479800087913517e+00
5.037201045164421132e+00
5.036818804228260227e+00
5.036332706519915270e+00
5.035746288569225904e+00
5.035059862853541013e+00
5.034274752856745749e+00
5.033395474301232575e+00
5.032426494406117889e+00
5.031374383167875664e+00
5.030242381738077917e+00
5.029034281791697758e+00
5.027754845888862789e+00
5.026408638180741129e+00
5.025002428115854514e+00
5.023542998404749937e+00
5.022036601276645307e+00
5.020490885646591295e+00
5.018915644259701381e+00
5.017319182874213190e+00
5.015708495797168709e+00
5.014090442331086805e+00
5.012471389593135207e+00
5.010861993403683989e+00
5.009271652819167642e+00
5.007706848354589013e+00
5.006175019265662662e+00
5.004681157292377947e+00
5.003236717702399972e+00
5.001852097333919112e+00
5.000532139511356888e+00
4.999285317631017911e+00
4.998113104374659166e+00
4.997028408245693498e+00
4.996042991475712292e+00
4.995165468649518381e+00
4.994404903919946292e+00
4.993767961384305565e+00
4.993256869026967415e+00
4.992876577386208936e+00
4.992630098321981791e+00
4.992523218243890781e+00
4.992559630071785826e+00
4.992739590128925542e+00
4.993070651425090212e+00
4.993548895923462183e+00
4.994177030680741147e+00
4.994949779717289928e+00
4.995861257819497858e+00
4.996915348155462233e+00
4.998104873059356912e+00
4.999429989365899552e+00
5.000885411558710025e+00
5.002464733777604700e+00
5.004155666587911888e+00
5.005943386612498713e+00
5.007828193960749630e+00
5.009804848043285297e+00
5.011866603551469623e+00
5.014002821354232253e+00
5.016202808825334536e+00
5.018459038047154763e+00
5.020768505094607370e+00
5.023122351525387330e+00
5.025512170998415407e+00
5.027926919518074023e+00
5.030360004065594026e+00
5.032805954573711382e+00
5.035254876224358966e+00
5.037697597054799026e+00
5.040123554078896007e+00
5.042527647225220733e+00
5.044901571927627337e+00
5.047237216142972827e+00
5.049523258416017235e+00
5.051753149984438807e+00
5.053922097293693128e+00
5.056023325828868487e+00
5.058049438951568888e+00
5.059985420016604785e+00
5.061826458631116132e+00
5.063567686287718139e+00
5.065201265273649334e+00
5.066720248369533941e+00
5.068115650622208257e+00
5.069381945936043188e+00
5.070512728376348477e+00
5.071505789442023016e+00
5.072357020361384805e+00
5.073068268431386585e+00
5.073640321513675389e+00
5.074058584107123515e+00
5.074326419012657574e+00
5.074444982327558584e+00
5.074415027112271659e+00
5.074236320131029210e+00
5.073913515009488506e+00
5.073447900549078682e+00
5.072845111772919857e+00
5.072107579097653307e+00
5.071236311927938445e+00
5.070238254651927789e+00
5.069117105812335211e+00
5.067892453581595014e+00
5.066565383583808035e+00
5.065146698266768333e+00
5.063638865709804371e+00
5.062042893827461754e+00
5.060373362660908647e+00
5.058631976008916453e+00
5.056831122547890800e+00
5.054978897929692572e+00
5.053088271230960160e+00
5.051169054568315886e+00
5.049226501495146735e+00
5.047270410419010922e+00
5.045312827140593370e+00
5.043366421074175321e+00
5.041438730270172641e+00
5.039540075719857626e+00
5.037681067199016205e+00
5.035874919057395260e+00
5.034131844997908445e+00
5.032458888948465159e+00
5.030861086458470410e+00
5.029343363255765809e+00
5.027913595498110233e+00
5.026575781018043365e+00
5.025335282147432636e+00
5.024203294575716683e+00
5.023179409117009442e+00
5.022270427927878700e+00
5.021472602695729925e+00
5.020787589237597714e+00
5.020224959835914547e+00
5.019782266267148074e+00
5.019465576991943401e+00
5.019270177674052924e+00
5.019182482822370339e+00
5.019214906985444813e+00
5.019366239378734385e+00
5.019641714295877577e+00
5.020035225837066406e+00
5.020531178093090574e+00
5.021141258491709891e+00
5.021849453686312081e+00
5.022664341195062221e+00
5.023590212552385026e+00
5.024606459154324689e+00
5.025717740146951940e+00
5.026907764016229407e+00
5.028180404244501744e+00
5.029527023522693874e+00
5.030942285446961648e+00
5.032422778396447249e+00
5.033961722342810141e+00
5.035554697452625739e+00
5.037190558253368700e+00
5.038860638378699797e+00
5.040556101887067264e+00
5.042272045551380089e+00
5.043996930210433050e+00
5.045720948068940004e+00
5.047435630796991646e+00
5.049127718596302827e+00
5.050789571939551692e+00
5.052409425763928041e+00
5.053985234736047438e+00
5.055504876463256636e+00
5.056952188401066195e+00
5.058317527263008095e+00
5.059587449072442844e+00
5.060766296176754331e+00
5.061837002350531023e+00
5.062799283279620255e+00
5.063638538955293811e+00
5.064337207912050332e+00
5.064904590635142867e+00
5.065324144637727066e+00
5.065608265637003171e+00
5.065735948853709480e+00
5.065684362635531457e+00
5.065445326515058078e+00
5.065006606489935947e+00
5.064380504847088460e+00
5.063555404976526120e+00
5.062545289382855529e+00
5.061328165442267490e+00
5.059928471208134049e+00
5.058337303758182024e+00
5.056563083589591834e+00
5.054608298600234306e+00
5.052490227282561364e+00
5.050209126085557720e+00
5.047787068546333522e+00
5.045223996997394877e+00
5.042537165046253378e+00
5.039721793592491395e+00
5.036792430043735891e+00
5.033747375965633708e+00
5.030591418803252779e+00
5.027323920786894718e+00
5.023949079573669430e+00
5.020470477998770775e+00
5.016898485184229983e+00
5.013231711447753369e+00
5.009477938473738234e+00
5.005633460045373795e+00
5.001703652501619857e+00
4.997682479084051721e+00
4.993574829757727152e+00
4.989371540308511932e+00
4.985078822434462431e+00
4.980699193239725986e+00
4.976235856473959274e+00
4.971688888729131506e+00
4.967059818268335647e+00
4.962350877583540765e+00
4.957576026678599312e+00
4.952724559069193511e+00
4.947813802123582683e+00
4.942846196949994386e+00
4.937834283173596184e+00
4.932782273948704166e+00
4.927694245040927790e+00
4.922575528085742391e+00
4.917430874169383515e+00
4.912266979277644552e+00
4.907088932455097030e+00
4.901906108916316285e+00
4.896726683438335392e+00
4.891558448136364312e+00
4.886411610305820830e+00
4.881294914544140440e+00
4.876218663514172214e+00
4.871190993249927992e+00
4.866219185948883030e+00
4.861309953988109278e+00
4.856472736061130391e+00
4.851716308355841889e+00
4.847048764884982930e+00
4.842479312181984241e+00
4.838023884356533522e+00
4.833688397169624729e+00
4.829469766974961331e+00
4.825386514425789919e+00
4.821433187187230907e+00
4.817627331674612989e+00
4.813969880700625481e+00
4.810453278184450454e+00
4.807085414886988595e+00
4.803866833508529055e+00
4.800803183377302830e+00
4.797903188229120985e+00
4.795167354703463225e+00
4.792602256000555450e+00
4.790208993763244827e+00
4.788000534534967656e+00
4.785978300333536772e+00
4.784130298406399362e+00
4.782470918208875155e+00
4.780991647303619807e+00
4.779683268726387269e+00
4.778556177005687466e+00
4.777607015878478691e+00
4.776852640420714557e+00
4.776289108679214301e+00
4.775911810309209748e+00
4.775742667377509854e+00
4.775774008764003042e+00
4.775996546896222661e+00
4.776419021638158569e+00
4.777030432077173039e+00
4.777843115182641931e+00
4.778857478054289842e+00
4.780053811820272891e+00
4.781432984026197985e+00
4.782980807723525629e+00
4.784708410801414402e+00
4.786609879585030924e+00
4.788666875066282635e+00
4.790871221872093244e+00
4.793209926040889357e+00
4.795667614193679817e+00
4.798241437526466591e+00
4.800911144169094591e+00
4.803668781669856891e+00
4.806498907955409017e+00
4.809382557423830917e+00
4.812311053725006005e+00
4.815270894618752351e+00
4.818248450608972888e+00
4.821233714969876516e+00
4.824213304968597349e+00
4.827177946718456347e+00
4.830117334278346775e+00
4.833020302506209731e+00
4.835879339130641164e+00
4.838686379047154595e+00
4.841431996377227875e+00
4.844109670968768988e+00
4.846712798627136110e+00
4.849226441236255347e+00
4.851646292211531097e+00
4.853968902232167260e+00
4.856183405222412652e+00
4.858291209043976266e+00
4.860284842999693211e+00
4.862156236471648185e+00
4.863911660911555579e+00
4.865542865248437820e+00
4.867051558794494248e+00
4.868432105036493596e+00
4.869688622804400957e+00
4.870826214255808750e+00
4.871841305421710011e+00
4.872738230453848907e+00
4.873515026943803008e+00
4.874177424984097229e+00
4.874721621835648833e+00
4.875164541082501302e+00
4.875509017819583235e+00
4.875763532986908011e+00
4.875936490392356326e+00
4.876034113477959231e+00
4.876062937627589911e+00
4.876028099436822139e+00
4.875933390571312920e+00
4.875788927101107895e+00
4.875597848244520804e+00
4.875365729708733831e+00
4.875092150852593953e+00
4.874781661838802904e+00
4.874439809755000574e+00
4.874060040250930648e+00
4.873648334466429866e+00
4.873201227024706483e+00
4.872724721640857126e+00
4.872219291911036976e+00
4.871693733208388721e+00
4.871153950714081304e+00
4.870603996277361958e+00
4.870052578174084879e+00
4.869508423567324940e+00
4.868976837344975550e+00
4.868468526252121897e+00
4.867986706667156049e+00
4.867543241926044040e+00
4.867143932380288973e+00
4.866793835744767982e+00
4.866497894716023787e+00
4.866260461420326422e+00
4.866085184760897242e+00
4.865976903005077681e+00
4.865944285869638009e+00
4.865985317437017343e+00
4.866109133951404431e+00
4.866316569998899055e+00
4.866608415778765462e+00
4.866987810965666128e+00
4.867452946167477812e+00
4.868015721786806083e+00
4.868671374369450966e+00
4.869434711162038631e+00
4.870309421990104859e+00
4.871296146411486561e+00
4.872404333848543878e+00
4.873629768315741018e+00
4.874980533096977986e+00
4.876456211630293858e+00
4.878059287045189762e+00
4.879788542363831638e+00
4.881637496773192808e+00
4.883606940779873895e+00
4.885692531142422190e+00
4.887885966274925664e+00
4.890183689270206635e+00
4.892578868988939789e+00
4.895060337457843858e+00
4.897626427087971024e+00
4.900263391409106717e+00
4.902955740962215536e+00
4.905694424781986918e+00
4.908468632672021492e+00
4.911271540198514529e+00
4.914089965794274484e+00
4.916909643683621489e+00
4.919719296965786803e+00
4.922508086536118377e+00
4.925264988515564824e+00
4.927980342183301055e+00
4.930644927892871898e+00
4.933248141083902638e+00
4.935781442198937441e+00
4.938235384050791765e+00
4.940601921949569153e+00
4.942873055163805596e+00
4.945038713935796970e+00
4.947094830546562072e+00
4.949031364593688309e+00
4.950840326670590485e+00
4.952516016785089015e+00
4.954048806402864713e+00
4.955428890559854693e+00
4.956652100134673056e+00
4.957716675672711126e+00
4.958620799828352688e+00
4.959357953865112023e+00
4.959935902815344022e+00
4.960344954554022578e+00
4.960581547256590618e+00
4.960656395444678957e+00
4.960563023716243691e+00
4.960306751683386750e+00
4.959898627430233908e+00
4.959337455734644351e+00
4.958636058151756565e+00
4.957793517515098891e+00
4.956824656680261398e+00
4.955734765782986884e+00
4.954537621244822887e+00
4.953241352394258001e+00
4.951861305937206303e+00
4.950411614283955153e+00
4.948908119455014187e+00
4.947370035007630840e+00
4.945811276093160735e+00
4.944247897371685241e+00
4.942692869856990079e+00
4.941159797415172861e+00
4.939659944281016735e+00
4.938205653086339630e+00
4.936805809542571311e+00
4.935476071938907694e+00
4.934221032515203831e+00
4.933054872185028472e+00
4.931987351134456077e+00
4.931028007969295857e+00
4.930183092981613058e+00
4.929471198648251118e+00
4.928896230191029737e+00
4.928471517890728570e+00
4.928209308285302903e+00
4.928111263031176748e+00
4.928181025052480457e+00
4.928433144914023956e+00
4.928861104885153388e+00
4.929472025858275153e+00
4.930281018393150916e+00
4.931290694030038502e+00
4.932497188376300024e+00
4.933927623854987843e+00
4.935570027308576968e+00
4.937424157040232409e+00
4.939515065180176911e+00
4.941830125080461045e+00
4.944381689058655382e+00
4.947151729093903327e+00
4.950136236475819018e+00
4.953326909171455128e+00
4.956709902809970814e+00
4.960278203414790532e+00
4.964038532899730072e+00
4.967968088613860189e+00
4.972054983304850850e+00
4.976284168290011856e+00
4.980636652039401646e+00
4.985091886149756846e+00
4.989629340993277928e+00
4.994235077427737757e+00
4.998890271710268784e+00
5.003580191062799720e+00
5.008288230525366203e+00
5.012993501650205630e+00
5.017680097149722407e+00
5.022331213282457796e+00
5.026930433737150317e+00
5.031464031266085435e+00
5.035922023879400022e+00
5.040294116662851209e+00
5.044577297495713708e+00
5.048763215469232790e+00
5.052846589909902875e+00
5.056825032459607350e+00
5.060694011079183596e+00
5.064444692956319827e+00
5.068081697749010850e+00
5.071595675276629578e+00
5.074982566760890990e+00
5.078243412600867757e+00
5.081374339090698911e+00
5.084364959226960856e+00
5.087222901212091308e+00
5.089935535715932602e+00
5.092504768895024903e+00
5.094929227458352194e+00
5.097203470246905788e+00
5.099321769552346062e+00
5.101291948037263602e+00
5.103100141363261066e+00
5.104751250820276809e+00
5.106243219899054608e+00
5.107561762707348407e+00
5.108713937925216442e+00
5.109703246953007039e+00
5.110527893008706357e+00
5.111190333666321806e+00
5.111684687847312780e+00
5.112022637950296655e+00
5.112198156828100970e+00
5.112217051930068479e+00
5.112083185625536430e+00
5.111801287954016892e+00
5.111374940586551396e+00
5.110811673415166290e+00
5.110115105447632367e+00
5.109288626921636656e+00
5.108337553379400653e+00
5.107266314265593188e+00
5.106084890005455179e+00
5.104794606802329326e+00
5.103404361990555138e+00
5.101917578366859551e+00
5.100340329644544646e+00
5.098676891860826288e+00
5.096941766527756101e+00
5.095130796966418352e+00
5.093264196452960135e+00
5.091344059941635081e+00
5.089386731920108708e+00
5.087396118280754109e+00
5.085379740980730645e+00
5.083339320955142959e+00
5.081280924317703729e+00
5.079205453631744582e+00
5.077122889695034225e+00
5.075027698663340026e+00
5.072928418753013702e+00
5.070820343879328007e+00
5.068711449441776651e+00
5.066604572025403819e+00
5.064497010794744902e+00
5.062392079917059640e+00
5.060291994747982969e+00
5.058198013839589002e+00
5.056110205886231057e+00
5.054035068837271716e+00
5.051979149219857135e+00
5.049945908722745180e+00
5.047939327297078727e+00
5.045964190003740413e+00
5.044021661964523950e+00
5.042113526103365828e+00
5.040245785949099222e+00
5.038420653877127897e+00
5.036640656081307732e+00
5.034909746435749511e+00
5.033224969444143326e+00
5.031596104738579989e+00
5.030021561024057064e+00
5.028504890439378983e+00
5.027056398627626876e+00
5.025672669646609414e+00
5.024357729492057167e+00
5.023115767103899287e+00
5.021950249460804372e+00
5.020859381047355186e+00
5.019849812847838599e+00
5.018920167845950964e+00
5.018071772543058806e+00
5.017305318725571617e+00
5.016614287507997538e+00
5.016007650953994812e+00
5.015482965049611330e+00
5.015040754129456602e+00
5.014678216179179415e+00
5.014397069693822040e+00
5.014199005228746842e+00
5.014075282712747494e+00
5.014025927556960305e+00
5.014043398834346910e+00
5.014130787858320559e+00
5.014286344190640676e+00
5.014502678950828241e+00
5.014773995736193868e+00
5.015095964120281025e+00
5.015462611810814764e+00
5.015872215563009995e+00
5.016313740694473999e+00
5.016776087702761622e+00
5.017252547451804823e+00
5.017735355207276093e+00
5.018220433452675877e+00
5.018701269113966745e+00
5.019173162551173739e+00
5.019630980873056814e+00
5.020068730050274652e+00
5.020485060000368982e+00
5.020877943271348620e+00
5.021248277769933210e+00
5.021593809471974978e+00
5.021911004604350914e+00
5.022195232556711630e+00
5.022443097726953631e+00
5.022653437023563150e+00
5.022825558734638207e+00
5.022959704408003212e+00
5.023056359607307897e+00
5.023116084634839495e+00
5.023137145670643733e+00
5.023119201259269140e+00
5.023061862610794570e+00
5.022966039026670160e+00
5.022832046267160067e+00
5.022660588961609385e+00
5.022453246288517192e+00
5.022208172608682020e+00
5.021925146509478743e+00
5.021603900906214335e+00
5.021244572517047366e+00
5.020848957192669104e+00
5.020416413885125273e+00
5.019950602617630153e+00
5.019454593476422311e+00
5.018930149529644780e+00
5.018380722966561791e+00
5.017806678008804866e+00
5.017211821605036981e+00
5.016600783322522794e+00
5.015975358639428450e+00
5.015339526687332850e+00
5.014694107030102543e+00
5.014042930160233169e+00
5.013391914371915448e+00
5.012742816959090852e+00
5.012100171078510691e+00
5.011464841966100536e+00
5.010840431567797459e+00
5.010227525760003964e+00
5.009628804591067741e+00
5.009047955576845013e+00
5.008489215564497776e+00
5.007958505977461172e+00
5.007455274504194698e+00
5.006980951171886574e+00
5.006532791447413366e+00
5.006111446809542898e+00
5.005718814697635466e+00
5.005358196687472727e+00
5.005034120534133990e+00
5.004746786471976350e+00
5.004497636877521138e+00
5.004284046371056505e+00
5.004106029537095601e+00
5.003966455556972726e+00
5.003864131844191654e+00
5.003799080140478139e+00
5.003766816160230668e+00
5.003768862148888275e+00
5.003799076732855511e+00
5.003858630955826392e+00
5.003949257247757743e+00
5.004068445070323889e+00
5.004216624452409334e+00
5.004388763411578900e+00
5.004585187035289984e+00
5.004808686366911452e+00
5.005057098968561213e+00
5.005331263626600524e+00
5.005627453691000817e+00
5.005944791651005588e+00
5.006286632186407459e+00
5.006650040103729715e+00
5.007036280176277998e+00
5.007441643579539026e+00
5.007865607953305265e+00
5.008311026758188511e+00
5.008775274297827096e+00
5.009259282639854760e+00
5.009760897895924714e+00
5.010273592128089426e+00
5.010795774227611687e+00
5.011322796485058184e+00
5.011853208719424302e+00
5.012383289961746868e+00
5.012906449540190046e+00
5.013420275441043295e+00
5.013920518337422472e+00
5.014405119857425319e+00
5.014870844251151816e+00
5.015316585591669707e+00
5.015740392385657387e+00
5.016139928019281768e+00
5.016512453398344284e+00
5.016855063764986689e+00
5.017164663123574897e+00
5.017439917019245854e+00
5.017680704566326533e+00
5.017886995329199351e+00
5.018059272664276094e+00
5.018195879674193449e+00
5.018295724830267979e+00
5.018358788123032710e+00
5.018385323880385052e+00
5.018375584564664926e+00
5.018328741078758704e+00
5.018246112267981118e+00
5.018128493435243698e+00
5.017978184341948200e+00
5.017796243398945144e+00
5.017584259107272793e+00
5.017345199498842057e+00
5.017080928392270600e+00
5.016794395342031976e+00
5.016487379360505372e+00
5.016162158499963830e+00
5.015821500110932973e+00
5.015467867951401537e+00
5.015104153181918711e+00
5.014732803467222055e+00
5.014356697376379124e+00
5.013978390384027151e+00
5.013595473195918473e+00
5.013207320224054797e+00
5.012813972074099844e+00
5.012416650417753416e+00
5.012016835685378702e+00
5.011611247013814108e+00
5.011198646004802804e+00
5.010778717834061702e+00
5.010352437559072669e+00
5.009921011577848304e+00
5.009481704782253075e+00
5.009033908571606908e+00
5.008579069252616200e+00
5.008119064371591378e+00
5.007656344871526777e+00
5.007188976171916828e+00
5.006716828111119177e+00
5.006241798836297718e+00
5.005765760790116481e+00
5.005292169253833912e+00
5.004819120119818443e+00
5.004346478830584033e+00
5.003876012179562238e+00
5.003409557330916080e+00
5.002950698684462516e+00
5.002497497636385404e+00
5.002049730147726692e+00
5.001608982074566612e+00
5.001177574794301250e+00
5.000758558611877902e+00
5.000350325095961779e+00
4.999952405903052899e+00
4.999566638271818242e+00
4.999195314038107796e+00
4.998841705683181758e+00
4.998504183467041173e+00
4.998181908938597040e+00
4.997876837763497448e+00
4.997590941309490553e+00
4.997327959209241222e+00
4.997086396801776687e+00
4.996864841047234940e+00
4.996665499235995789e+00
4.996490097574450395e+00
4.996342669974572992e+00
4.996221228882231635e+00
4.996124578330227273e+00
4.996055166928591085e+00
4.996014553715969697e+00
4.996006937037483553e+00
4.996030272905509939e+00
4.996083072399515324e+00
4.996167276542426983e+00
4.996284606991130417e+00
4.996439855232629235e+00
4.996630691479686526e+00
4.996856929514351897e+00
4.997120895128492890e+00
4.997419651079718861e+00
4.997757084596697652e+00
4.998133758980577213e+00
4.998545639443937816e+00
4.998996040861849011e+00
4.999482165653052590e+00
5.000007997680250504e+00
5.000573621358517684e+00
5.001177610236945625e+00
5.001817450526895747e+00
5.002486693490091341e+00
5.003186754513326839e+00
5.003915647569837866e+00
5.004670342732015165e+00
5.005446869361940720e+00
5.006238362867181380e+00
5.007044956017081105e+00
5.007863938364927492e+00
5.008691527027433033e+00
5.009523265141790915e+00
5.010352485630458652e+00
5.011179425645416963e+00
5.012000910717790525e+00
5.012812567505782191e+00
5.013609275001829069e+00
5.014385474774782914e+00
5.015141209963504210e+00
5.015871999118274083e+00
5.016574490893429328e+00
5.017242469493097268e+00
5.017872194502300154e+00
5.018463355120069913e+00
5.019011072147438135e+00
5.019513277154216802e+00
5.019968219365726014e+00
5.020376012738595684e+00
5.020737263899097691e+00
5.021049482621053883e+00
5.021309226400951786e+00
5.021515721384236741e+00
5.021668344273964024e+00
5.021769955767120486e+00
5.021820258455153230e+00
5.021821070975310164e+00
5.021773533644770637e+00
5.021678543585037069e+00
5.021537198359762755e+00
5.021351565523689331e+00
5.021121783247834536e+00
5.020850281799829062e+00
5.020536617348589026e+00
5.020183765972650924e+00
5.019794493551052561e+00
5.019368027831114354e+00
5.018906262154379405e+00
5.018408844741679253e+00
5.017878213758267592e+00
5.017318827408053572e+00
5.016735057654477359e+00
5.016131818155444400e+00
5.015510593327380917e+00
5.014874647977449307e+00
5.014227068396904130e+00
5.013574699508645871e+00
5.012922821464637302e+00
5.012275225120284006e+00
5.011635183441140562e+00
5.011004672768214263e+00
5.010390820326903416e+00
5.009799075844385996e+00
5.009233310754098945e+00
5.008697097907461426e+00
5.008190831849970159e+00
5.007722484218574799e+00
5.007297603721417190e+00
5.006920029605425704e+00
5.006593462760246638e+00
5.006320071267581717e+00
5.006102553001290367e+00
5.005942400424426175e+00
5.005840729177615245e+00
5.005799105181975683e+00
5.005820716508349477e+00
5.005901553622131850e+00
5.006044179453199128e+00
5.006243815953528298e+00
5.006502966089790618e+00
5.006820337093119910e+00
5.007188911988085245e+00
5.007609606898073551e+00
5.008077900512759584e+00
5.008590158289913497e+00
5.009142300515119217e+00
5.009729677690807570e+00
5.010347854560856184e+00
5.010992520219329727e+00
5.011658909535649187e+00
5.012342128595950186e+00
5.013036896205188775e+00
5.013738388559462855e+00
5.014441270894051783e+00
5.015141214049102736e+00
5.015833240515232383e+00
5.016511488175630973e+00
5.017171164816857321e+00
5.017806589222193026e+00
5.018413959472120212e+00
5.018990796981991132e+00
5.019535835674644453e+00
5.020045576086880956e+00
5.020516879140081379e+00
5.020947391344848576e+00
5.021337101525308988e+00
5.021683895765485239e+00
5.021984991217644634e+00
5.022242832249643740e+00
5.022453448707851820e+00
5.022616418833528051e+00
5.022729895916452136e+00
5.022796130609384235e+00
5.022816529186128420e+00
5.022793344779093339e+00
5.022726946923103952e+00
5.022619101566416333e+00
5.022472634663028401e+00
5.022289039635253083e+00
5.022071039186012165e+00
5.021819138203899691e+00
5.021536787201802632e+00
5.021223576304654657e+00
5.020882915978472916e+00
5.020516864259881196e+00
5.020127205376667234e+00
5.019716939677638656e+00
5.019284628753704958e+00
5.018832877178830643e+00
5.018361145307464355e+00
5.017872061629934599e+00
5.017369107653541604e+00
5.016852582146567485e+00
5.016325355109911399e+00
5.015787063327770134e+00
5.015240155247193243e+00
5.014688678023557777e+00
5.014132921484452332e+00
5.013575865079801908e+00
5.013017024633628083e+00
5.012458533619683188e+00
5.011904791307788543e+00
5.011355867770653560e+00
5.010814772260529182e+00
5.010280899864775428e+00
5.009756141205471636e+00
5.009245152187686401e+00
5.008747653265636757e+00
5.008266813432020292e+00
5.007801761266929219e+00
5.007353942443771189e+00
5.006928290997786135e+00
5.006524205741626155e+00
5.006145480771702516e+00
5.005790528406542705e+00
5.005460952905161243e+00
5.005161914260281009e+00
5.004892658119244331e+00
5.004657227316095636e+00
5.004453659516913788e+00
5.004283480265332429e+00
5.004152153416691284e+00
5.004058961852607901e+00
5.004007776033286170e+00
5.003997390488548191e+00
5.004030788051350598e+00
5.004108515930748347e+00
5.004230131999976017e+00
5.004393898387826667e+00
5.004596199513800414e+00
5.004839801983361980e+00
5.005126048242127368e+00
5.005454514314806147e+00
5.005823960257148819e+00
5.006232010824062328e+00
5.006674823788383577e+00
5.007150041786410988e+00
5.007654023980178337e+00
5.008183621791579831e+00
5.008734524724461679e+00
5.009301574853638250e+00
5.009882262562790345e+00
5.010471287248114081e+00
5.011065375012734080e+00
5.011659431373156615e+00
5.012251139943876055e+00
5.012839816649831803e+00
5.013419612375475509e+00
5.013987935771623938e+00
5.014542863843420406e+00
5.015078633827546817e+00
5.015592427243868556e+00
5.016082895909826256e+00
5.016549835865776075e+00
5.016992255290428915e+00
5.017406491925399337e+00
5.017789975916425504e+00
5.018142407340387301e+00
5.018463756096939399e+00
5.018752626338433664e+00
5.019005412319135218e+00
5.019220028342139983e+00
5.019395865396989898e+00
5.019532975488734117e+00
5.019629930061679346e+00
5.019682472072933166e+00
5.019689817044459268e+00
5.019650611814618912e+00
5.019565813320263636e+00
5.019436049035324920e+00
5.019260970784856113e+00
5.019044226689769239e+00
5.018785669601095734e+00
5.018487641888244255e+00
5.018151555883272330e+00
5.017779397445305101e+00
5.017375229599460695e+00
5.016943222808225578e+00
5.016486511977894303e+00
5.016006897802037123e+00
5.015508643987161008e+00
5.014994514177126383e+00
5.014467644954605063e+00
5.013933183441444008e+00
5.013394491265102282e+00
5.012855482513590921e+00
5.012320150847122235e+00
5.011790456662462034e+00
5.011265964584931787e+00
5.010750021564349233e+00
5.010243311154231272e+00
5.009749217296525892e+00
5.009269988501952042e+00
5.008804132605478188e+00
5.008355104366824406e+00
5.007923611740157988e+00
5.007511687690899826e+00
5.007117361279711076e+00
5.006742938796565845e+00
5.006387064198540848e+00
5.006050349215554363e+00
5.005734615179287417e+00
5.005442574529485711e+00
5.005178901630030985e+00
5.004941195102917462e+00
5.004729583656924774e+00
5.004545467628673805e+00
5.004391529208557898e+00
5.004272402452813573e+00
5.004186390566216502e+00
5.004133445194499430e+00
5.004114512444982843e+00
5.004132706074786441e+00
5.004192893597107172e+00
5.004293638643618536e+00
5.004435514005641572e+00
5.004613284616539204e+00
5.004826509485760688e+00
5.005076979080953947e+00
5.005361039581516458e+00
5.005678087192395154e+00
5.006022410037734183e+00
5.006391159313537287e+00
5.006785669046259990e+00
5.007202425877370189e+00
5.007640223073578589e+00
5.008093256707108587e+00
5.008559962416804012e+00
5.009041292982913340e+00
5.009532301294423284e+00
5.010032896379746248e+00
5.010536652299381721e+00
5.011042186374583096e+00
5.011550054791189091e+00
5.012056671249486506e+00
5.012560608292735864e+00
5.013056943396843934e+00
5.013543780091024971e+00
5.014021683650829786e+00
5.014486732127882540e+00
5.014936605299629591e+00
5.015367620232321855e+00
5.015778072158611600e+00
5.016168187427139991e+00
5.016534312682963126e+00
5.016873691919064626e+00
5.017183440419649365e+00
5.017461964021241450e+00
5.017708907387023132e+00
5.017922383173172740e+00
5.018102183433985175e+00
5.018248481050870069e+00
5.018360226060067930e+00
5.018436919323903567e+00
5.018476031468052767e+00
5.018477895064169303e+00
5.018446774773654973e+00
5.018384578295408183e+00
5.018295901885611698e+00
5.018181378899497780e+00
5.018042771436630467e+00
5.017884850159644472e+00
5.017709688406794655e+00
5.017522579778343150e+00
5.017324959647268656e+00
5.017119037893028377e+00
5.016907672930868145e+00
5.016693756200731436e+00
5.016476883843898449e+00
5.016255989998937181e+00
5.016029811028750451e+00
5.015800151948243801e+00
5.015568541914581679e+00
5.015333956044523589e+00
5.015094815206138534e+00
5.014849378832039406e+00
5.014599829979595746e+00
5.014346635148283937e+00
5.014089355908688539e+00
5.013831541233118472e+00
5.013574627165106712e+00
5.013323347635922467e+00
5.013080272145923111e+00
5.012845414944345990e+00
5.012623380322360767e+00
5.012415562656126866e+00
5.012227590542635447e+00
5.012062673244972899e+00
5.011920736573984847e+00
5.011806928787728488e+00
5.011722210508188446e+00
5.011672934105036781e+00
5.011662942448047886e+00
5.011693516245459890e+00
5.011764213440357274e+00
5.011871954852131772e+00
5.012020919432281119e+00
5.012213600722489559e+00
5.012449916635987712e+00
5.012728318718609799e+00
5.013045777452525442e+00
5.013404047784742801e+00
5.013801553358669949e+00
5.014232931581672936e+00
5.014696521346806435e+00
5.015188742836354407e+00
5.015707910058438301e+00
5.016251348813413280e+00
5.016812931035993905e+00
5.017390643691061136e+00
5.017981158753274329e+00
5.018582625945447795e+00
5.019191832465470071e+00
5.019803125036298219e+00
5.020414490101278382e+00
5.021021193039954866e+00
5.021617912163377717e+00
5.022201962468565206e+00
5.022769770806074341e+00
5.023319355246961493e+00
5.023846488816081646e+00
5.024346407165168671e+00
5.024816534814775082e+00
5.025253796649516325e+00
5.025655819510461697e+00
5.026018113342466620e+00
5.026336762828172766e+00
5.026608984318912121e+00
5.026831861564310167e+00
5.027003667910934226e+00
5.027121344653308732e+00
5.027187488705270546e+00
5.027201114492376277e+00
5.027161414641773796e+00
5.027069325866063032e+00
5.026923347944278753e+00
5.026723936973024998e+00
5.026467762542774054e+00
5.026156432097661941e+00
5.025793609162676034e+00
5.025381035758067050e+00
5.024921049168217912e+00
5.024412739304709774e+00
5.023858928782749977e+00
5.023266172623146453e+00
5.022638134872424054e+00
5.021978286122786628e+00
5.021286579957114249e+00
5.020565520515548386e+00
5.019822069099055817e+00
5.019060305347547768e+00
5.018283648183451184e+00
5.017492617284760037e+00
5.016691526612148344e+00
5.015884067704782012e+00
5.015074804192289015e+00
5.014267287840946885e+00
5.013462771987422961e+00
5.012664212798580543e+00
5.011876488020523546e+00
5.011105495830876499e+00
5.010354020511609718e+00
5.009623805945617292e+00
5.008916309764487984e+00
5.008238126179082705e+00
5.007591574480636964e+00
5.006983661008879594e+00
5.006418054913981841e+00
5.005895167840524351e+00
5.005422316109640946e+00
5.005001334240539279e+00
5.004639700008436165e+00
5.004342356016738158e+00
5.004109605094295254e+00
5.003946093758446345e+00
5.003846746282530233e+00
5.003815115073108721e+00
5.003845315447422060e+00
5.003935065932917148e+00
5.004085641123700690e+00
5.004291224509822555e+00
5.004553814877167994e+00
5.004869099159137136e+00
5.005234221529557992e+00
5.005647524644031066e+00
5.006107725922359641e+00
5.006612523209645005e+00
5.007160155300391935e+00
5.007745347146284942e+00
5.008368401762438360e+00
5.009025983821940642e+00
5.009716105323623658e+00
5.010437355649065339e+00
5.011185466658662158e+00
5.011959982302378158e+00
5.012758110251617438e+00
5.013578130241822528e+00
5.014418930422853471e+00
5.015271598782729434e+00
5.016129891138863428e+00
5.016988866415213799e+00
5.017844874572348957e+00
5.018694088396023822e+00
5.019527557801794160e+00
5.020338870596478209e+00
5.021123475071379794e+00
5.021876986634322471e+00
5.022593456816265345e+00
5.023265347790309754e+00
5.023886887740680152e+00
5.024454169731924047e+00
5.024963679511436077e+00
5.025410756107754118e+00
5.025795754131262782e+00
5.026114232104604618e+00
5.026362626880739981e+00
5.026546314034943563e+00
5.026664608393197398e+00
5.026722420726303042e+00
5.026716735238307088e+00
5.026647076998936647e+00
5.026514378181757614e+00
5.026315752129169923e+00
5.026057607038977970e+00
5.025739554158511702e+00
5.025363719194297474e+00
5.024932710706356609e+00
5.024444721630874966e+00
5.023906160063211779e+00
5.023318297109668151e+00
5.022688119477694002e+00
5.022017657897536402e+00
5.021310541174474729e+00
5.020571968621673875e+00
5.019806864253344436e+00
5.019020748428167700e+00
5.018217943898500621e+00
5.017404332599699757e+00
5.016582456446348814e+00
5.015758583686411143e+00
5.014937478891669187e+00
5.014124928779064128e+00
5.013327425337490872e+00
5.012547214469966761e+00
5.011792444429454818e+00
5.011066712728796446e+00
5.010376941329895750e+00
5.009731911189017950e+00
5.009133429332731424e+00
5.008585662572739849e+00
5.008088014043030611e+00
5.007644651672898739e+00
5.007264944902717119e+00
5.006948372936903091e+00
5.006697042259483865e+00
5.006513159266768653e+00
5.006397454851402529e+00
5.006348037907017101e+00
5.006365286350345833e+00
5.006449905267080780e+00
5.006597706299370287e+00
5.006804994564600264e+00
5.007066863902010390e+00
5.007382046260037356e+00
5.007749149069288030e+00
5.008162643030384054e+00
5.008617779627541289e+00
5.009109271817009379e+00
5.009635749846795605e+00
5.010197184398868409e+00
5.010782039739289928e+00
5.011390688881374622e+00
5.012015871271588985e+00
5.012658191040256561e+00
5.013314592555264682e+00
5.013977135881882319e+00
5.014642475411394962e+00
5.015307316497066736e+00
5.015963810846307602e+00
5.016609118893840424e+00
5.017239394724466450e+00
5.017855550587274394e+00
5.018455504194000660e+00
5.019034150220553769e+00
5.019590438209572625e+00
5.020121843606332845e+00
5.020629895903270246e+00
5.021112596333126454e+00
5.021566297799448186e+00
5.021988902554014977e+00
5.022378239274124745e+00
5.022736410774390592e+00
5.023061107449333207e+00
5.023349135719338499e+00
5.023598695580014706e+00
5.023807632919499611e+00
5.023978648237982014e+00
5.024109619815001260e+00
5.024199703089990976e+00
5.024249390523047865e+00
5.024259170959568976e+00
5.024228426033961803e+00
5.024155329603102516e+00
5.024039495482441886e+00
5.023882050632831664e+00
5.023684860754160653e+00
5.023451523284761855e+00
5.023183395347891711e+00
5.022884760971513707e+00
5.022559003222135665e+00
5.022209005008782867e+00
5.021838943946507428e+00
5.021451731349674041e+00
5.021050251822318344e+00
5.020638479876663673e+00
5.020218788634386975e+00
5.019796300295142011e+00
5.019373375053850062e+00
5.018953285913315909e+00
5.018538256909100603e+00
5.018130099016573809e+00
5.017730966198590714e+00
5.017342254656699474e+00
5.016965416322795690e+00
5.016601767490950436e+00
5.016252715799358164e+00
5.015919565732922969e+00
5.015603619094337162e+00
5.015305307812387703e+00
5.015024413175279250e+00
5.014759232166552394e+00
5.014514349556857375e+00
5.014292300573880645e+00
5.014094642109568234e+00
5.013921787261362617e+00
5.013771952099497220e+00
5.013650149523612320e+00
5.013559044839213108e+00
5.013500217704431883e+00
5.013474852947847893e+00
5.013481775984264921e+00
5.013521013442523433e+00
5.013591029654354436e+00
5.013690867946579921e+00
5.013819932053893424e+00
5.013975544507711213e+00
5.014156958098620720e+00
5.014361950970352311e+00
5.014589219681086618e+00
5.014837772651675074e+00
5.015104911132816312e+00
5.015389646246198652e+00
5.015689875326221348e+00
5.016004113099640449e+00
5.016330979383653244e+00
5.016668571970528845e+00
5.017015200100011008e+00
5.017369322805767418e+00
5.017728833361631224e+00
5.018092486738329860e+00
5.018458332746392969e+00
5.018824494547314607e+00
5.019189213543302941e+00
5.019550199686653613e+00
