0.63978004499005 2678.2374014943557
0.8715578925644124 2436.647043785424
0.5249479610598785 2605.34636988503
0.739030905109078 2637.8310597888317
0.8056096883910185 2658.405094170691
0.6715000345730592 2527.867863681064
0.7150234038339253 2581.8912607008874
0.7569804719534455 2854.337850316313
0.8252119123894903 2595.994617661623
0.630503776143236 2785.093131345922
0.7328581935353976 2651.160085158942
0.529784774885719 2502.509330220566
0.5866488557881805 2735.848980261164
0.8692160606076689 2654.2117946518206
0.6969387206383689 2588.516080302882
0.6673698513469729 2566.169534485456
0.6909426384305005 2533.201227390582
0.6940477806530055 2961.4332406250805
0.6890559087185726 2507.8960167577625
0.7231778801702398 2478.0934058111734
0.7465139429651604 2873.2900499631696
0.5304523438806599 2735.312294485656
0.7845586595192281 2522.5895434743825
0.7205021699870748 2531.604305380085
0.6640453151296066 2606.10545901347
0.48471214527904605 2453.81418532538
0.6306610977123204 2518.7995986985698
0.6135898791911908 2514.9152435971855
0.6043070270685732 2567.796962840784
0.6932484630623034 2711.8144777344028
0.5751493517797048 2636.723657324897
0.6656333138107083 2535.3758128184736
0.7016323262167277 2637.499966095897
0.6350654112678712 2621.381231722024
0.5314042125670286 2439.7375067107805
0.757194335776423 2843.260114074705
0.760592729913503 2622.211765682882
0.5647294497718888 2703.56430164659
0.658054168861108 2646.4551642730517
0.6064558397974735 2738.9830571604152
0.5841554222760444 2625.1978487713086
0.6415279500953887 2682.316407589497
0.6340400932069391 2616.0610754768695
0.5610408878486235 3105.834667620827
0.6307482466791409 2822.6805417812493
0.7272266352630017 2599.2687747522637
0.7971190374562098 2523.2081696367177
0.7282530173005569 2669.0408833702927
0.7243867497659645 2560.7524581537727
0.7349900982969736 2542.067525239515
0.7343879861784723 2640.4742445437505
0.6231019875844613 2920.3276051089815
0.731096146544054 2541.954759483864
0.7992436718399515 2417.808192490095
0.6726852552592308 2549.2407553887247
0.5214298380730427 2494.1844369719324
0.6887286885390983 2665.377921525728
0.7275776084097454 2451.915392430282
0.570667277018088 2466.767315150403
0.7516152725691901 2512.159071554329
0.5893363584571927 2610.378891481062
0.7800557476635586 2699.4903339519096
0.854050905798114 2518.048776682553
0.5000492638803935 2833.9345229063174
0.7151083128146128 2715.339809546365
0.7220458418136269 2680.5613756313296
0.8790650517255978 2572.8670404467516
0.6916315552496021 2581.867556525406
0.7396321025604504 2615.253283237455
0.7809887762874819 2591.9507611579197
0.8278432184856857 2864.7063761049058
0.6685070486173048 2787.0839492818304
0.7439967821904071 2571.258946232668
0.7928518881438973 2497.8271635096917
0.6247972108219257 2725.2045317919383
0.7492504114803271 2907.788047097266
0.5961801992626682 2526.431281025728
0.6179011082153871 2685.171755577256
0.5691031745292182 2514.5743125338267
0.7334525970906528 2480.7373607560976
0.8495955968644181 2725.716892305935
0.6749135675412018 2441.5846740572324
0.721002294834595 2510.4120705011255
0.7916938391128323 2506.37719438943
0.6864320065244208 2552.500892060056
0.7301872778500211 2479.5538373663217
0.6809353477875109 2787.4268151345104
0.48337239736810134 2832.1577996346778
0.6025089707717058 2471.4935239506394
0.7106895812943285 2583.6086884019583
0.5712373473700654 2809.8753369730625
0.639380592976349 2480.063871298161
0.8954868221051829 2744.93083884748
0.6736349063110288 2519.120882031155
0.9122320803385146 2620.4214685621373
0.7138686342807127 2585.5718531758944
0.7535021864502973 2616.3832993033266
0.7882255266284802 2558.4288332501696
0.8201548063090345 2657.1823359223317
0.7520159172741759 2584.732289109048
