0.0
0.0
-2.5729223852977166e-06
-1.4728910173289481e-05
-4.75507666124031e-05
-8.473142923321573e-05
-0.00013979137351270764
-0.00017903010302688926
-0.00018139753417926842
-0.00012875281667220414
8.58839208376592e-06
0.00025312427038443264
0.0006403391023923179
0.0012446061855007427
0.0020442835574795027
0.0029765739625145222
0.004118330362980487
0.005488285455649019
0.0071023974155832535
0.00891504067534697
0.01086109373325598
0.01300772714967024
0.015414042655174846
0.018132587257568947
0.021122632805054303
0.024326455775444622
0.02783828038329374
0.031745143417065254
0.03612957972640286
0.04096473890895137
0.04620864946002254
0.051977978531067455
0.0583739181196142
0.06547569173926598
0.07320487219447382
0.08142535347098596
0.09010878581160792
0.09915363389605769
0.1083829237853933
0.11743810552710779
0.12604556876773124
0.13418983716124777
0.14190437990779167
0.14925475079173334
0.15619529921168573
0.1628713281785894
0.16927287954444176
0.17527436155432943
0.18064831871146447
0.18497240144366509
0.18810401875132804
0.18948541987294437
0.18848675977045778
0.1844068170672107
0.17642287861162906
0.1642511786108661
0.14702991257960088
0.12389941703135257
0.09401765118891481
0.056587066758220214
0.01166106711680176
-0.04135282982533692
-0.10289401043599365
-0.17320437897389646
-0.2522215889806103
-0.33884457100575677
-0.43259108055775863
-0.5327006863469432
-0.6381164597386669
-0.7473892830724073
-0.8584262131566358
-0.969943261038716
-1.0805952690953564
-1.1889958523625686
-1.2936309861058546
-1.3931685398930858
-1.4869708298558544
-1.5743179749364207
-1.6544064949864696
-1.7262262629384348
-1.789126205336506
-1.842965955626423
-1.8878299187535594
-1.9238114069814036
-1.9509463857526133
-1.9692161952370952
-1.9785658406133004
-1.9789228378648112
-1.9702137254590342
-1.952378502976353
-1.9253840171212504
-1.8892374264115643
-1.8440008579606366
-1.7898084627503705
-1.7268872009629561
-1.6555831943864179
-1.576396092068608
-1.4900252519959762
-1.3974337087983442
-1.2999394785279583
-1.1993483911866498
-1.098142222058232
-0.9996875559205365
-0.9080790315980267
-0.8251028715485882
-0.7325767980927776
-0.5799198328370403
-0.4302513872498821
-0.28934786666577567
-0.15687076438611258
-0.03476433623975028
0.07467773567492259
0.16915119301134837
0.2464662135725666
0.3046183313017536
0.3418390859251666
0.3566373444681812
0.3478364707117724
0.31461030970865966
0.2565187646036792
0.17354098330790282
0.06610119830424072
-0.06491951931660891
-0.21819235790913827
-0.3919743059987378
-0.5841646860951736
-0.7923767756337478
-1.014010667693074
-1.246309595000203
-1.4863828371877035
-1.7311892222279863
-1.9774994753712969
-2.2218845652455648
-2.460783529173787
-2.6906640719289143
-2.9082263659352625
-3.11057589520162
-3.2953251170033777
-3.4606328677052822
-3.6052099417561854
-3.7283114146108
-3.8297222613210047
-3.9097346781606044
-3.969114527594503
-4.009056045901235
-4.031126477610525
-4.037203745138106
-4.029410872351584
-4.010050548207221
-3.981542452465949
-3.9463649569863657
-3.9070016967172005
-3.8658923446053843
-3.8253855430001598
-3.7876896511430127
-3.7548124133462295
