0.000000000000000000e+00
0.000000000000000000e+00
2.081981219816953418e-06
1.124098344007506967e-05
3.085269272560253604e-05
5.512702889973297824e-05
5.755093618063256443e-05
3.467045695288106338e-05
-8.082930959062655353e-05
-2.915987654705531635e-04
-6.195009037037379693e-04
-1.081279432692099259e-03
-1.674403017677832377e-03
-2.415268486656714855e-03
-3.337678155221512899e-03
-4.382117083587220088e-03
-5.575737944163851149e-03
-6.900654128112367058e-03
-8.349066218652298130e-03
-9.934261879243422647e-03
-1.159890740207629271e-02
-1.336306004814105143e-02
-1.519618495396571345e-02
-1.710238664440112341e-02
-1.905974506429630039e-02
-2.105105279973941423e-02
-2.306353210500675099e-02
-2.506762980512577260e-02
-2.705257638386684982e-02
-2.899997352651554477e-02
-3.088616414956051048e-02
-3.266640066198307768e-02
-3.435864462546306397e-02
-3.594669758371310531e-02
-3.740860491088824485e-02
-3.874975948623613636e-02
-3.997247471503213856e-02
-4.103361248067811939e-02
-4.197803347400622109e-02
-4.278215183905559327e-02
-4.344206272653538398e-02
-4.394436116359431294e-02
-4.432444046280581418e-02
-4.450551430723864027e-02
-4.455798628303456882e-02
-4.445315810415197133e-02
-4.414515750977444225e-02
-4.369005153450417761e-02
-4.308510238799501124e-02
-4.236579293879914193e-02
-4.152416015538621524e-02
-4.054599317285467047e-02
-3.943961510929513276e-02
-3.821863288554597227e-02
-3.688111300143646909e-02
-3.543318147334504481e-02
-3.381843755516459465e-02
-3.204195211204936833e-02
-3.013362968835285594e-02
-2.807825604948452347e-02
-2.587519431981495643e-02
-2.351740519079617911e-02
-2.103392104181699140e-02
-1.841177234920910941e-02
-1.562422851595334644e-02
-1.272232005867413897e-02
-9.677053490013401080e-03
-6.444335975975315142e-03
-3.090097108215610500e-03
4.349019142682157297e-04
4.094185135036189881e-03
7.841588756709774732e-03
1.175497343268938968e-02
1.580787261453219655e-02
1.999594469991275089e-02
2.432036837068149437e-02
2.877879848208973398e-02
3.337998857226917582e-02
3.818244685855457649e-02
4.316076686111041533e-02
4.831239154067583363e-02
5.363942672935075734e-02
5.914407303062028248e-02
6.481606950488634500e-02
7.069218446937150513e-02
7.669560422626083007e-02
8.290522505965773614e-02
8.931535055366102149e-02
9.590456893172805142e-02
1.027353190394932475e-01
1.096959393235737434e-01
1.168531220170551665e-01
1.241336064549976997e-01
1.315942602368885828e-01
1.392493068191105743e-01
1.470793758842045551e-01
1.551262604209477092e-01
1.633069794389301888e-01
1.716800044986301899e-01
1.801497792216831262e-01
1.887818317624622155e-01
1.975478797170215350e-01
2.065035783263736435e-01
2.156690864774279959e-01
2.250307302686267441e-01
2.345696400615267518e-01
2.442952149125627859e-01
2.542166655274919473e-01
2.643068533155015776e-01
2.745773689958146413e-01
2.850269108029893639e-01
2.956614320489457937e-01
3.064502268048815425e-01
3.174081485482744269e-01
3.285524194451860946e-01
3.398332553121141686e-01
3.512880068036608461e-01
3.629130785676531468e-01
3.746964745732835889e-01
3.866471033307603555e-01
3.987653248521379479e-01
4.110435168954423846e-01
4.234644072267107484e-01
4.360590391370347541e-01
4.488001530381730553e-01
4.617144100877336177e-01
4.747974662992052175e-01
4.880515139314225981e-01
5.014236753198197949e-01
5.150203268739274032e-01
5.288718490811874506e-01
5.429077761384536460e-01
5.571865194055127812e-01
5.715921812268781599e-01
5.861947005006360456e-01
6.009187000009107438e-01
6.158286254617261202e-01
6.309469561788129122e-01
6.462372212621259049e-01
6.617426555367993402e-01
6.773824219914961198e-01
6.932743125173137511e-01
7.093407898160503100e-01
7.257089405271098803e-01
7.423600690576119820e-01
7.593300645562692797e-01
7.766714613648936227e-01
7.942265145989939601e-01
8.120735864850565644e-01
8.301703672620343033e-01
8.486002235623881784e-01
8.673134939881846917e-01
8.863915150376842078e-01
9.058517317983195705e-01
9.256396131726787324e-01
9.458000664922283640e-01
9.663058619710490627e-01
9.872470765325115361e-01
1.008626556894449910e+00
1.030529327890543634e+00
1.052940028211741152e+00
1.075898385545878577e+00
1.099268928072123730e+00
1.123153052827982945e+00
1.147601609728007732e+00
1.172621109983592591e+00
1.198268011114268949e+00
1.224411387941508611e+00
1.251073353788524134e+00
1.278216588995127800e+00
1.305904663107066099e+00
1.334208589098124342e+00
1.362996871969370583e+00
1.392302630445627853e+00
1.422111523649363107e+00
1.452475970289377694e+00
1.483266678354410617e+00
1.514553525945810497e+00
1.546291533014444219e+00
1.578372540971902493e+00
1.610815916559365846e+00
1.643565936586526277e+00
1.676567214033273023e+00
1.709873528978493651e+00
1.743571804067757247e+00
1.777545867464211060e+00
1.811936395666267963e+00
1.846665261289742288e+00
1.881742227575447846e+00
1.917136319181588000e+00
1.952921669981148467e+00
1.988987579843666698e+00
2.025369873544838661e+00
2.062017503282692843e+00
2.099002774259713267e+00
2.136221726438668700e+00
2.173727760812905530e+00
2.211402407190468988e+00
2.249312620660928186e+00
2.287385018369821221e+00
2.325559907457498188e+00
2.363744738599923956e+00
2.401947412988809649e+00
2.440133505365518207e+00
2.478307922384408890e+00
2.516413081190255863e+00
2.554469168684152969e+00
2.592377899191050439e+00
2.630186172029643110e+00
2.667806041738657985e+00
2.705265605947642094e+00
2.742501354715495054e+00
2.779630520841746222e+00
2.816568177244334059e+00
2.853423562547831249e+00
2.890063643953471040e+00
2.926605346700815957e+00
2.962906990549235342e+00
2.999060390493540673e+00
3.034931188127665713e+00
3.070621531507640167e+00
3.105983324548869273e+00
3.141151381036906276e+00
3.176028183004527161e+00
3.210726619264750337e+00
3.245206223032145232e+00
3.279359701177745112e+00
3.313188181421427903e+00
3.346583543321757670e+00
3.379588912031322057e+00
3.412169352075725026e+00
3.444306266805797101e+00
3.475991688272624280e+00
3.507215831777720449e+00
3.538102951547770658e+00
3.568652499220042795e+00
3.598929508230357399e+00
3.628851833841471919e+00
3.658374927541880428e+00
3.687644980451731502e+00
3.716562476656107616e+00
3.745231340429453493e+00
3.773571384451059885e+00
3.801604786417154713e+00
3.829418440363077547e+00
3.856911020776895960e+00
3.884059098264841747e+00
3.910957799455789807e+00
3.937558720609811491e+00
3.963878515264657842e+00
3.989834628603128319e+00
4.015390491983559684e+00
4.040655253431465255e+00
4.065509870550300775e+00
4.089980223676826121e+00
4.114137654802467736e+00
4.137919557592537600e+00
4.161303756734993975e+00
4.184416122934487170e+00
4.207136452695992013e+00
4.229499214193490175e+00
4.251561477682259671e+00
4.273243062994149355e+00
4.294557652971414008e+00
4.315633245012429953e+00
4.336325090429451912e+00
4.356678476831581825e+00
4.376810396215585541e+00
4.396611369154123317e+00
4.416089289686350838e+00
4.435408086082605728e+00
4.454416702291635666e+00
4.473142641088633020e+00
4.491651800176768461e+00
4.509842654964595354e+00
4.527806896469265041e+00
4.545432984134822441e+00
4.562697198888927552e+00
4.579745727083354367e+00
4.596480676433712276e+00
4.612902569076687165e+00
4.629058940908581832e+00
4.644960419437558663e+00
4.660537388822706184e+00
4.675845059654386127e+00
4.690890000364453805e+00
4.705604446432262833e+00
4.720126725933224243e+00
4.734362557432324259e+00
4.748267146846921527e+00
4.761980150243909193e+00
4.775411357185513239e+00
4.788629198572309065e+00
4.801622899076612327e+00
4.814312398931653192e+00
4.826771896383435845e+00
4.839004976055296225e+00
4.850963118574293631e+00
4.862722383043440288e+00
4.874264826080472623e+00
4.885590318939359911e+00
4.896701964637907523e+00
4.907581874630125185e+00
4.918171126148374483e+00
4.928473806879194896e+00
4.938546680709991143e+00
4.948303587934645975e+00
4.957832634350928913e+00
4.967082384726676736e+00
4.976045198342474940e+00
4.984774233004721111e+00
4.993192420503768325e+00
5.001391353509101911e+00
5.009328389665756553e+00
5.016994706294212847e+00
5.024445353052292340e+00
5.031597422263298647e+00
5.038514050743255979e+00
5.045176601907883196e+00
5.051636247536812618e+00
5.057829013964806109e+00
5.063735374710235604e+00
5.069477381608161970e+00
5.074966552755507898e+00
5.080239097973975326e+00
5.085311076543005626e+00
5.090116611025008453e+00
5.094779328903826787e+00
5.099223366579684225e+00
5.103423514864119603e+00
5.107459168038042563e+00
5.111257226667078157e+00
5.114913543066651691e+00
5.118336223563821008e+00
5.121508814296395151e+00
5.124510344168811571e+00
5.127259473702579839e+00
5.129868774017960042e+00
5.132254659435421473e+00
5.134382834783465022e+00
5.136333825341135473e+00
5.138031942448288092e+00
5.139576566866308482e+00
5.140877056768804465e+00
5.141916054687171389e+00
5.142773914015560166e+00
5.143366730711130153e+00
5.143799970871476113e+00
5.143987867994872509e+00
5.143930630390239678e+00
5.143658520900351583e+00
5.143151223682505879e+00
5.142478682123763356e+00
5.141594530888540682e+00
5.140491022714121172e+00
5.139194161244375891e+00
5.137687691398602929e+00
5.136037908740979319e+00
5.134216674812775771e+00
5.132235534288626333e+00
5.130126516171436890e+00
5.127904061772566635e+00
5.125571642317513721e+00
5.123119394280650774e+00
5.120564935602882173e+00
5.117949107684829357e+00
5.115260667302347741e+00
5.112502301134801641e+00
5.109683940806127644e+00
5.106804982819295624e+00
5.103917120196557633e+00
5.101008548238015194e+00
5.098088154294226904e+00
5.095163842537139054e+00
5.092245751716825808e+00
5.089354651369784932e+00
5.086500209369395620e+00
5.083673496641849532e+00
5.080881047942375162e+00
5.078153504826759423e+00
5.075499573149417465e+00
5.072935811080668600e+00
5.070437278696034333e+00
5.068031816282008606e+00
5.065735816904042288e+00
5.063547404356929960e+00
5.061483235158656058e+00
5.059503959812853502e+00
5.057655902155373084e+00
5.055935655482742597e+00
5.054353886195156242e+00
5.052912464388343849e+00
5.051590125658247388e+00
5.050382841773959797e+00
5.049303293102118673e+00
5.048390917651984999e+00
5.047582680754993056e+00
5.046921566226218125e+00
5.046368045867120067e+00
5.045925731905435363e+00
5.045600597061848269e+00
5.045371125307565485e+00
5.045255013932174570e+00
5.045226006724105261e+00
5.045304921494961903e+00
5.045482269266786446e+00
5.045742418358267756e+00
5.046077960619866687e+00
5.046476314181624900e+00
5.046953343043266038e+00
5.047500389071344351e+00
5.048118213044643809e+00
5.048786787616252880e+00
5.049504797162652103e+00
5.050267253967166248e+00
5.051077812614084728e+00
5.051940339582206896e+00
5.052843410151243830e+00
5.053780711220742461e+00
5.054746273012997726e+00
5.055746815132143190e+00
5.056768479423764617e+00
5.057812738346102677e+00
5.058880713435056187e+00
5.059962221162560780e+00
5.061056675763967228e+00
5.062156214567069767e+00
5.063254215793853596e+00
5.064351490216498775e+00
5.065433946402913001e+00
5.066500342788344824e+00
5.067550778912549347e+00
5.068580435516481408e+00
5.069592761101369582e+00
5.070574269371276976e+00
5.071524670498614995e+00
5.072438026221637308e+00
5.073302916811947227e+00
5.074124200867656143e+00
5.074904578330163396e+00
5.075633891226891237e+00
5.076306415127757710e+00
5.076938425379041497e+00
5.077500962468032064e+00
5.078008894661610206e+00
5.078458906600421763e+00
5.078841359319334003e+00
5.079175351748411948e+00
5.079432647844945414e+00
5.079635462129656887e+00
5.079763459053057595e+00
5.079811686740423937e+00
5.079807258702341066e+00
5.079724485694889324e+00
5.079596588814157876e+00
5.079399142877655926e+00
5.079136837364631951e+00
5.078820374847847319e+00
5.078449023829298525e+00
5.078031828009980764e+00
5.077561108225482123e+00
5.077051084765690447e+00
5.076506739163297866e+00
5.075924000681834691e+00
5.075309772023456567e+00
5.074657606312530156e+00
5.073977339917318474e+00
5.073273136445775933e+00
5.072540408053890282e+00
5.071780867630138800e+00
5.070990586408867351e+00
5.070169004031911619e+00
5.069325301477206835e+00
5.068458433726324763e+00
5.067572709450018920e+00
5.066660359927904977e+00
5.065719453522454785e+00
5.064764219427000391e+00
5.063782913961898835e+00
5.062784519845139997e+00
5.061766921931399210e+00
5.060733507031097034e+00
5.059677825921670369e+00
5.058600944930209842e+00
5.057519545087113322e+00
5.056434633338346529e+00
5.055353481227053081e+00
5.054276380219950404e+00
5.053203665742173278e+00
5.052145278581872567e+00
5.051103478276626646e+00
5.050091269889371404e+00
5.049107569435135723e+00
5.048159928673404018e+00
5.047248650321262353e+00
5.046371182927387622e+00
5.045541074776548562e+00
5.044752318167585514e+00
5.044006188937919966e+00
5.043300484546916707e+00
5.042632501774924059e+00
5.041997249925034730e+00
5.041401026600496493e+00
5.040842303687232295e+00
5.040318193340199038e+00
5.039829401054875646e+00
5.039379656927184037e+00
5.038968527482347248e+00
5.038603433088854722e+00
5.038274147638574618e+00
5.037980669958040281e+00
5.037719916494086903e+00
5.037497540374741511e+00
5.037310258073255831e+00
5.037147030101611911e+00
5.037003577731072212e+00
5.036871172429516541e+00
5.036738918821781041e+00
5.036609696110232015e+00
5.036481855052976186e+00
5.036345465395121401e+00
5.036202274986996130e+00
5.036036528458340378e+00
5.035856323761386477e+00
5.035651473773164355e+00
5.035426366755260119e+00
5.035175529604297928e+00
5.034894750507068473e+00
5.034600543451945853e+00
5.034283378270904663e+00
5.033950220008831522e+00
5.033601145853738856e+00
5.033237085265557909e+00
5.032864416127543095e+00
5.032479574007431289e+00
5.032088853192965949e+00
5.031685828489702139e+00
5.031280392480532271e+00
5.030883260217945185e+00
5.030488684622090645e+00
5.030104292926829146e+00
5.029728308466714815e+00
5.029363546592635181e+00
5.029018418600301743e+00
5.028688067456225319e+00
5.028371577968338890e+00
5.028066036866496447e+00
5.027773674165349149e+00
5.027495795988928151e+00
5.027228178919742163e+00
5.026976916154364261e+00
5.026740291619190337e+00
5.026516538930573041e+00
5.026308729478604853e+00
5.026109415439404593e+00
5.025921327469386135e+00
5.025742418149001800e+00
5.025571043023354001e+00
5.025407527422047771e+00
5.025249370315557407e+00
5.025095174263675801e+00
5.024946951919679883e+00
5.024807265212273499e+00
5.024678052940849682e+00
5.024553669800494227e+00
5.024435114914062694e+00
5.024320113768312446e+00
5.024210237998026685e+00
5.024115767430024526e+00
5.024036135140315551e+00
5.023974270869486780e+00
5.023925297309155269e+00
5.023898466229415938e+00
5.023904030896932937e+00
5.023934666960245821e+00
5.023997634904204368e+00
5.024087667897089382e+00
5.024212331281720623e+00
5.024378369500606567e+00
5.024575818901628743e+00
5.024800980904818637e+00
5.025048195266844431e+00
5.025317339015872520e+00
5.025607854252428730e+00
5.025917130944998590e+00
5.026243398127825834e+00
5.026580309843394545e+00
5.026926819173368699e+00
5.027277510961265072e+00
5.027629693759354090e+00
5.027979471770794184e+00
5.028326735472054665e+00
5.028670284015805514e+00
5.029006420163185886e+00
5.029338294727475400e+00
5.029655531396836743e+00
5.029958337092520715e+00
5.030244289835662741e+00
5.030509346605957610e+00
5.030755080053329387e+00
5.030972350382923786e+00
5.031166020551443019e+00
5.031338042555123735e+00
5.031482074767099633e+00
5.031600989470007335e+00
5.031690762568014286e+00
5.031740713416348321e+00
5.031759477412544257e+00
5.031747873648984459e+00
5.031708979785890712e+00
5.031638156233802839e+00
5.031533330094514866e+00
5.031392410474343713e+00
5.031228690801634151e+00
5.031036606992110194e+00
5.030821587855442978e+00
5.030585889706834735e+00
5.030330338815673485e+00
5.030056399370058884e+00
5.029764491731748777e+00
5.029461677449272194e+00
5.029150718396977027e+00
5.028832206858768750e+00
5.028505103832557666e+00
5.028173377721086190e+00
5.027843516378178279e+00
5.027515619455350304e+00
5.027192591859474646e+00
5.026879384911133286e+00
5.026582200734391215e+00
5.026297418365700764e+00
5.026030184032842740e+00
5.025782776160612642e+00
5.025552836249099542e+00
5.025349225962982835e+00
5.025165923240112242e+00
5.025001710301713942e+00
5.024858223583998473e+00
5.024733520571592393e+00
5.024625528932067375e+00
5.024532940716000873e+00
5.024453309022339553e+00
5.024381284567047246e+00
5.024316824257826219e+00
5.024249097949345710e+00
5.024177332709065524e+00
5.024093384474968893e+00
5.023997821977814304e+00
5.023889644278666466e+00
5.023761821754728629e+00
5.023622532060821655e+00
5.023462623341462319e+00
5.023290665766677598e+00
5.023099275606207392e+00
5.022891746743106012e+00
5.022679641006969398e+00
5.022458982805244609e+00
5.022235115303181452e+00
5.022003659142634469e+00
5.021771363636931440e+00
5.021543196479310467e+00
5.021317004060823486e+00
5.021094676016348402e+00
5.020869308973181511e+00
5.020644113628644156e+00
5.020419903418500418e+00
5.020193516577115211e+00
5.019967705442090811e+00
5.019735601863343888e+00
5.019500718454350974e+00
5.019256617950728305e+00
5.019008666409633612e+00
5.018759259993665012e+00
5.018504093273064903e+00
5.018249173837235233e+00
5.017988283152213569e+00
5.017726707945100451e+00
5.017464904861978603e+00
5.017199406682036233e+00
5.016934568008860396e+00
5.016663517227849312e+00
5.016385817697724292e+00
5.016099727808019715e+00
5.015802103413721902e+00
5.015490312988392319e+00
5.015158081094255316e+00
5.014808450678815532e+00
5.014440776112008891e+00
5.014054090643751849e+00
5.013647647316087586e+00
5.013219505364527429e+00
5.012775787936975647e+00
5.012319277974295773e+00
5.011849621164129687e+00
5.011367742198038044e+00
5.010872330444382960e+00
5.010363205859888147e+00
5.009849214928676631e+00
5.009329879845013878e+00
5.008806530127754009e+00
5.008276310863425174e+00
5.007736598143806894e+00
5.007193898449173730e+00
5.006646219829551825e+00
5.006092011558345156e+00
5.005525574723710847e+00
5.004945987688829590e+00
5.004352654928792887e+00
5.003750478515851974e+00
5.003144787515033443e+00
5.002530724185038302e+00
5.001907741988528500e+00
5.001276743600596042e+00
5.000640168378580164e+00
5.000003514403928762e+00
4.999372111523976869e+00
4.998741319368114944e+00
4.998114233950606611e+00
4.997492195109360047e+00
4.996887289287976763e+00
4.996296729298762784e+00
4.995718905257517051e+00
4.995154618176157690e+00
4.994601429032618611e+00
4.994071312586303435e+00
4.993558604868586492e+00
4.993056815045409991e+00
4.992564222405190044e+00
4.992080368103916754e+00
4.991607419478232721e+00
4.991149052383835105e+00
4.990706090296145092e+00
4.990279761480626242e+00
4.989868271278677270e+00
4.989474415855941203e+00
4.989104507120784682e+00
4.988751187587615377e+00
4.988424359040792844e+00
4.988125524709459135e+00
4.987858832685735599e+00
4.987630003953810842e+00
4.987436168829436411e+00
4.987283473082343654e+00
4.987158054553429309e+00
4.987075420750762156e+00
4.987029531530560611e+00
4.987028479302307638e+00
4.987064641021197176e+00
4.987141643716959116e+00
4.987269628300336599e+00
4.987439554548828369e+00
4.987651526994077322e+00
4.987900868645873231e+00
4.988190119127747124e+00
4.988519241522070047e+00
4.988873238834558244e+00
4.989258464994845710e+00
4.989670254002329663e+00
4.990112609612759265e+00
4.990585688921626684e+00
4.991076309355912954e+00
4.991586566614923726e+00
4.992112968425272079e+00
4.992654569271024911e+00
4.993207960623321284e+00
4.993767105351206048e+00
4.994325451227840773e+00
4.994882555725988382e+00
4.995432170378979464e+00
4.995970619964417381e+00
4.996503593373116558e+00
4.997020838941451437e+00
4.997526047612543820e+00
4.998007752086038202e+00
4.998463835279459921e+00
4.998899163166995230e+00
4.999308564859446413e+00
4.999704765128909045e+00
5.000078496756968249e+00
5.000433447781023943e+00
5.000765083293436497e+00
5.001080174493608865e+00
5.001382699414160804e+00
5.001670889846052681e+00
5.001942547886635282e+00
5.002192034880633464e+00
5.002426717198456885e+00
5.002649189020511145e+00
5.002857150631959904e+00
5.003047516654248739e+00
5.003210641453978091e+00
5.003351228545423801e+00
5.003468241552825546e+00
5.003560743798505683e+00
5.003624496512117936e+00
5.003650602601470432e+00
5.003635639560877202e+00
5.003575096827468371e+00
5.003485616192689278e+00
5.003354863141201037e+00
5.003193263903728649e+00
5.002983017534486265e+00
5.002727692842952045e+00
5.002428742878606727e+00
5.002083913542797688e+00
5.001708591178526397e+00
5.001296560064425023e+00
5.000857882805636478e+00
5.000381983116737317e+00
4.999873396352402466e+00
4.999346765213183552e+00
4.998796632223298175e+00
4.998231539920439559e+00
4.997641485006084849e+00
4.997028027557303353e+00
4.996400732405950507e+00
4.995756443225315202e+00
4.995099795915653118e+00
4.994433495782781840e+00
4.993760798283386926e+00
4.993081023999024204e+00
4.992396257900166390e+00
4.991718953334259190e+00
4.991049003385470861e+00
4.990388885818885178e+00
4.989738987915681712e+00
4.989103237472940044e+00
4.988491873004008426e+00
4.987902517363894006e+00
4.987339043289886753e+00
4.986796229191588381e+00
4.986287526086435662e+00
4.985811693266495759e+00
4.985365191780492644e+00
4.984945891507432059e+00
4.984550231963858380e+00
4.984171929143832003e+00
4.983818085350558036e+00
4.983490847841366644e+00
4.983184462737753506e+00
4.982899305604860274e+00
4.982633039847476297e+00
4.982387281962198600e+00
4.982165301859839524e+00
4.981962531850202325e+00
4.981773647133722172e+00
4.981596595131322580e+00
4.981428821057542145e+00
4.981267851226492738e+00
4.981116492029740606e+00
4.980974019205659964e+00
4.980833157569632519e+00
4.980695364771872136e+00
4.980549604993774970e+00
4.980396728197575840e+00
4.980232233869374525e+00
4.980058586428405043e+00
4.979883293731601768e+00
4.979699995628091180e+00
4.979511866810265808e+00
4.979314844774548554e+00
4.979114156904164368e+00
4.978914069829974309e+00
4.978718379455152387e+00
4.978528538289012317e+00
4.978349285534115154e+00
4.978183466008396785e+00
4.978030458417254778e+00
4.977905825756955061e+00
4.977811682027298623e+00
4.977750664705876460e+00
4.977726844971535058e+00
4.977742899721255831e+00
4.977807679385645834e+00
4.977929006558611036e+00
4.978108380478574624e+00
4.978329400461865895e+00
4.978599121351494183e+00
4.978929620575857307e+00
4.979303299677324546e+00
4.979735674191963390e+00
4.980218107891035473e+00
4.980750763234448542e+00
4.981342052486492200e+00
4.981981092956615065e+00
4.982671599355291470e+00
4.983411928531479518e+00
4.984201690149260067e+00
4.985042376038384404e+00
4.985919788074445691e+00
4.986835780632448589e+00
4.987786618065785937e+00
4.988761773300122826e+00
4.989763956484150498e+00
4.990785318878245391e+00
4.991814055111957416e+00
4.992848101374458558e+00
4.993880148646186790e+00
4.994904556167076848e+00
4.995912497755835346e+00
4.996905734059165383e+00
4.997882522833297259e+00
4.998840397936056057e+00
4.999775705006670456e+00
5.000678087812612027e+00
5.001540742632697878e+00
5.002375826504777301e+00
5.003167243567058442e+00
5.003925314810821590e+00
5.004624832463214545e+00
5.005270218965361728e+00
5.005863713775526413e+00
5.006393034090051763e+00
5.006880239885996176e+00
5.007296192538688295e+00
5.007645786856064873e+00
5.007934864260952246e+00
5.008161204014670354e+00
5.008321465481769152e+00
5.008395500797543143e+00
5.008394428752564131e+00
5.008321330473028965e+00
5.008182974988796943e+00
5.007979146382043112e+00
5.007698389785566917e+00
5.007345174635031704e+00
5.006923259692469763e+00
5.006437007794358962e+00
5.005884332591869601e+00
5.005279036360063216e+00
5.004608748154915965e+00
5.003876984613217616e+00
5.003095795484460595e+00
5.002261048900164653e+00
5.001395423906124904e+00
5.000491994219102843e+00
4.999557593660631127e+00
4.998599341185965272e+00
4.997620423035897375e+00
4.996633067326820665e+00
4.995633688690340968e+00
4.994627463566339465e+00
4.993618916841423783e+00
4.992614509286558366e+00
4.991615112992204395e+00
4.990625572400368526e+00
4.989644918041504340e+00
4.988675046907938615e+00
4.987723148213900615e+00
4.986789516629852592e+00
4.985883813621676985e+00
4.985004270421542039e+00
4.984166406663335991e+00
4.983369333194770157e+00
4.982611583816089151e+00
4.981910728039419922e+00
4.981250769244707222e+00
4.980649665082074407e+00
4.980104009146072208e+00
4.979616104187645220e+00
4.979197679506815355e+00
4.978829431953109008e+00
4.978529430283432866e+00
4.978271764395958421e+00
4.978080370025908863e+00
4.977969903452521550e+00
4.977912810589387504e+00
4.977933123861640219e+00
4.978001437522672212e+00
4.978136331904881473e+00
4.978351322245054611e+00
4.978619434070043148e+00
4.978948826585167353e+00
4.979324219171159527e+00
4.979753424395078731e+00
4.980224068854206543e+00
4.980740940552406570e+00
4.981299121435933230e+00
4.981891094576770485e+00
4.982513808664136512e+00
4.983156427275591049e+00
4.983823076319151113e+00
4.984507079255037887e+00
4.985204435270481405e+00
4.985908068474584454e+00
4.986610175427252045e+00
4.987307582777195769e+00
4.988002261351995870e+00
4.988682174515182588e+00
4.989343941342288424e+00
4.989986862447315374e+00
4.990606731195205370e+00
4.991205554884128759e+00
4.991775664184444850e+00
4.992319892849976348e+00
4.992842625361138431e+00
4.993339312877708380e+00
4.993806555699760175e+00
4.994243734497779919e+00
4.994639890883322053e+00
4.995006441977079881e+00
4.995342496205325666e+00
4.995646146983111713e+00
4.995918224789404505e+00
4.996151637528293499e+00
4.996358557995609573e+00
4.996529550142787990e+00
4.996675878651642755e+00
4.996786143398114888e+00
4.996866119429672182e+00
4.996919294484163387e+00
4.996942398818412734e+00
4.996936887799150462e+00
4.996899219668325287e+00
4.996838239958363737e+00
4.996757803173590418e+00
4.996657799236332131e+00
4.996539255050797657e+00
4.996397495619808282e+00
4.996240228187148524e+00
4.996060642521684692e+00
4.995862448751783091e+00
4.995646697819089432e+00
4.995410390976672943e+00
4.995162023898071624e+00
4.994895809195792680e+00
4.994619790591156239e+00
4.994329887904084053e+00
4.994033720638459961e+00
4.993738178625559243e+00
4.993448223262881847e+00
4.993164287317401140e+00
4.992887496050303575e+00
4.992628964684759474e+00
4.992387265410130226e+00
4.992166274539981963e+00
4.991966771535429892e+00
4.991786586154106864e+00
4.991645235312956785e+00
4.991538134427594642e+00
4.991471319329777501e+00
4.991439658890795883e+00
4.991442256860519677e+00
4.991499324666420101e+00
4.991599224565635318e+00
4.991743129093283216e+00
4.991925062064164642e+00
4.992145287685179511e+00
4.992408933539027593e+00
4.992710329733872854e+00
4.993056887604379490e+00
4.993439410097980868e+00
4.993859279036605869e+00
4.994310903094792309e+00
4.994795348450624672e+00
4.995308864742600719e+00
4.995845141701483527e+00
4.996404062204145013e+00
4.996983910977923493e+00
4.997582999087953226e+00
4.998200323648833709e+00
4.998833947919393061e+00
4.999475301273250238e+00
5.000124986164355079e+00
5.000777313925408585e+00
5.001426805324935110e+00
5.002071032516740345e+00
5.002702635370276596e+00
5.003325072892091718e+00
5.003928233601235398e+00
5.004513211131178529e+00
5.005080320306205088e+00
5.005622154355132025e+00
5.006142667003059543e+00
5.006626249060118994e+00
5.007080423191273333e+00
5.007491175115192483e+00
5.007860653057779388e+00
5.008184446722353300e+00
5.008463965125465656e+00
5.008698053389871063e+00
5.008875917971217007e+00
5.009018053367817025e+00
5.009101469565266918e+00
5.009132936405567449e+00
5.009119284642712167e+00
5.009049681556263067e+00
5.008941572374515872e+00
5.008771214253121329e+00
5.008557871664727656e+00
5.008287214460636960e+00
5.007965161437953228e+00
5.007604622366690350e+00
5.007210940579735592e+00
5.006787140789294099e+00
5.006332406597994833e+00
5.005843079547249275e+00
5.005333598824999619e+00
5.004802167798243495e+00
5.004261112111471732e+00
5.003703009235523247e+00
5.003133192184233025e+00
5.002556817094646391e+00
5.001979668485782682e+00
5.001408932032846977e+00
5.000845519947670681e+00
5.000294285277687933e+00
4.999756370569430786e+00
4.999234839166366129e+00
4.998727485026084771e+00
4.998234663988315951e+00
4.997755854586924507e+00
4.997288643318082535e+00
4.996838051537838332e+00
4.996405486772624194e+00
4.995989772911038962e+00
4.995588488216368361e+00
4.995202129567830163e+00
4.994841424348621217e+00
4.994499459127751173e+00
4.994171413826610895e+00
4.993853834430542094e+00
4.993540564487543243e+00
4.993233477129455977e+00
4.992935041013029540e+00
4.992641050509034173e+00
4.992352496842710430e+00
4.992066025352893455e+00
4.991785193896709494e+00
4.991511645085034310e+00
4.991243659752276685e+00
4.990985655105528274e+00
4.990738021164056626e+00
4.990504363692221723e+00
4.990293764072325722e+00
4.990100200614747905e+00
4.989932272574720606e+00
4.989789600782883916e+00
4.989669952188474866e+00
4.989581118282718997e+00
4.989512151559670095e+00
4.989466145570245814e+00
4.989440696396255426e+00
4.989435008364586643e+00
4.989452069394380018e+00
4.989485708793715446e+00
4.989538604097531582e+00
4.989612033504149835e+00
4.989704809037126765e+00
4.989813627216123315e+00
4.989933176233524392e+00
4.990068072767087415e+00
4.990223494197333132e+00
4.990401831555271173e+00
4.990607729225509104e+00
4.990834181669257852e+00
4.991083475078546883e+00
4.991370417836211715e+00
4.991680887459867044e+00
4.992023359618239731e+00
4.992389840304011450e+00
4.992778582318775804e+00
4.993197544633500407e+00
4.993639234236530555e+00
4.994104078604928887e+00
4.994586244381121531e+00
4.995081190212719235e+00
4.995589719346813951e+00
4.996108303039423326e+00
4.996641366525641281e+00
4.997186118743470296e+00
4.997736605561428291e+00
4.998296114846222160e+00
4.998859855054968548e+00
4.999428508847111097e+00
5.000001508413904894e+00
5.000568714260215764e+00
5.001129012263470841e+00
5.001682978539817803e+00
5.002224097146743098e+00
5.002758104248995252e+00
5.003273259035403875e+00
5.003765032670552948e+00
5.004234895712786901e+00
5.004672373018318687e+00
5.005090695886963204e+00
5.005470691031867148e+00
5.005823146074169117e+00
5.006134375433527239e+00
5.006397047757261021e+00
5.006636757391594195e+00
5.006838282744489277e+00
5.007012028086086808e+00
5.007145505135036423e+00
5.007242117372428858e+00
5.007307580837135674e+00
5.007333806685259070e+00
5.007337472456478089e+00
5.007311556615371195e+00
5.007260465134370619e+00
5.007189617037276719e+00
5.007094596197332770e+00
5.006986736274757988e+00
5.006856626189747139e+00
5.006712988746784276e+00
5.006544236914686863e+00
5.006355016512297418e+00
5.006158234329395995e+00
5.005943947044634079e+00
5.005720795990399985e+00
5.005481424929076439e+00
5.005229279288522903e+00
5.004963828233502277e+00
5.004681905937812481e+00
5.004392811880878256e+00
5.004089840186259686e+00
5.003777289112529836e+00
5.003455261980614743e+00
5.003121398409327902e+00
5.002781500463805209e+00
5.002428976615390432e+00
5.002069177982827242e+00
5.001695421730597779e+00
5.001315400098879316e+00
5.000937736315148818e+00
5.000556640644986395e+00
5.000177839828151782e+00
4.999797544871885435e+00
4.999417506364602026e+00
4.999043385518211480e+00
4.998675762323159688e+00
4.998315534015614681e+00
4.997964185794312897e+00
4.997624851187188355e+00
4.997301105392593534e+00
4.996993540768939646e+00
4.996704267432409807e+00
4.996432732587177128e+00
4.996179855057465424e+00
4.995948131365197220e+00
4.995740023591983103e+00
4.995551289563495700e+00
4.995382718687373824e+00
4.995231117989364478e+00
4.995094535128642654e+00
4.994979828234259678e+00
4.994888044531886173e+00
4.994817058915701935e+00
4.994762787927371939e+00
4.994727726794279121e+00
4.994714656212797976e+00
4.994724772684474345e+00
4.994760686822900198e+00
4.994815692182362099e+00
4.994895690072059580e+00
4.995006722246959185e+00
4.995153447154640602e+00
4.995333834726094047e+00
4.995543019536612839e+00
4.995779397215422968e+00
4.996048467986014430e+00
4.996351957179335557e+00
4.996685875698653412e+00
4.997045685581592345e+00
4.997428068004278856e+00
4.997831353664129672e+00
4.998252131163805068e+00
4.998688252240150121e+00
4.999131863161652589e+00
4.999577103860406879e+00
5.000020478710262672e+00
5.000449459075657188e+00
5.000865542374280714e+00
5.001274681322006366e+00
5.001669815525142226e+00
5.002052812359955247e+00
5.002411173589256244e+00
5.002747912041572320e+00
5.003064813881839434e+00
5.003353184058988212e+00
5.003615590229356869e+00
5.003839123759145302e+00
5.004036431934411056e+00
5.004192435888300317e+00
5.004306241048226411e+00
5.004391413710738590e+00
5.004437581419671766e+00
5.004458187914180733e+00
5.004443460511004638e+00
5.004396618626971716e+00
5.004323541665409714e+00
5.004220745101530810e+00
5.004101292205934470e+00
5.003956532984932259e+00
5.003794142458548144e+00
5.003619143202861608e+00
5.003430871389767276e+00
5.003233099900147529e+00
5.003020229548177156e+00
5.002796076968272665e+00
5.002564067248215451e+00
5.002322577092757072e+00
5.002070874612740248e+00
5.001807117894253807e+00
5.001537774320653718e+00
5.001260670036039357e+00
5.000981360156051103e+00
5.000703446142337860e+00
5.000427950009666667e+00
5.000158027004413697e+00
4.999890993799978922e+00
4.999632831014657164e+00
4.999384511489385119e+00
4.999141662385278906e+00
4.998908439412677041e+00
4.998681680880450173e+00
4.998464429922365504e+00
4.998257402427459972e+00
4.998063608746941000e+00
4.997894337087835481e+00
4.997749942060527140e+00
4.997632992280614417e+00
4.997544618997690868e+00
4.997500652409126332e+00
4.997509328048526989e+00
4.997559511238559793e+00
4.997654199512526318e+00
4.997791033811719075e+00
4.997984610717594478e+00
4.998239366818071794e+00
4.998541366491318527e+00
4.998893658775688920e+00
4.999288215894105214e+00
4.999741212759019504e+00
5.000235003005565559e+00
5.000784146893622939e+00
5.001386802416146971e+00
5.002030540477337084e+00
5.002724076952637766e+00
5.003454187657536245e+00
5.004222837831678206e+00
5.005027679722608980e+00
5.005856978069842533e+00
5.006713092546760890e+00
5.007585188742577742e+00
5.008469066615998777e+00
5.009359579901993875e+00
5.010246321331560004e+00
5.011131201308072214e+00
5.012015171866716301e+00
5.012885515760482136e+00
5.013742298107445095e+00
5.014573811512291535e+00
5.015376426797210740e+00
5.016155940290389914e+00
5.016907186802326279e+00
5.017624190296826825e+00
5.018303459431824542e+00
5.018943844359217366e+00
5.019534909944831647e+00
5.020086677629350014e+00
5.020596063319442415e+00
5.021060639131662562e+00
5.021482685092685472e+00
5.021850845586357082e+00
5.022175026047822399e+00
5.022443234506842380e+00
5.022669526725856315e+00
5.022842568322865908e+00
5.022967630974798148e+00
5.023049183390884131e+00
5.023086010518799327e+00
5.023080842228573317e+00
5.023025848082233402e+00
5.022930098463746162e+00
5.022797379781456684e+00
5.022624129270168325e+00
5.022409750250133698e+00
5.022146552697720701e+00
5.021850095194729136e+00
5.021511000123771495e+00
5.021140146617742772e+00
5.020725017589482420e+00
5.020270037305506250e+00
5.019778958474251596e+00
5.019251285818371322e+00
5.018683681142483088e+00
5.018071952712688244e+00
5.017429504496011106e+00
5.016761513081345214e+00
5.016073709455284302e+00
5.015364774567040662e+00
5.014644886505755572e+00
5.013918904763611017e+00
5.013187857818754090e+00
5.012453014356049508e+00
5.011717257526669300e+00
5.010983061593924148e+00
5.010247128111277704e+00
5.009524819803391260e+00
5.008815158483539420e+00
5.008119741928730662e+00
5.007436695051346476e+00
5.006762494546327602e+00
5.006100819584879069e+00
5.005453161549719532e+00
5.004827991005930343e+00
5.004221389506909645e+00
5.003636118871125582e+00
5.003077305880341719e+00
5.002546416436288723e+00
5.002056673084351424e+00
5.001597285744700194e+00
5.001180389736744836e+00
5.000799391147646489e+00
5.000461863976868315e+00
5.000167648930998965e+00
4.999919831388595526e+00
4.999729646843824149e+00
4.999602245193871752e+00
4.999538480144891217e+00
4.999522863474174628e+00
4.999563695868909363e+00
4.999670545744209882e+00
4.999837700115949524e+00
5.000063184394001325e+00
5.000342084566562484e+00
5.000673827590850884e+00
5.001060330221860362e+00
5.001486165026634012e+00
5.001952966439037418e+00
5.002462610068230120e+00
5.003012909690348842e+00
5.003600954810587531e+00
5.004221630195584858e+00
5.004869498113600379e+00
5.005546941334812594e+00
5.006251076484530493e+00
5.006971218536109269e+00
5.007706901232213959e+00
5.008455348710031174e+00
5.009214896733374722e+00
5.009979693243714394e+00
5.010746223504157548e+00
5.011503658244819803e+00
5.012249184946032443e+00
5.012981113816114664e+00
5.013691558937045656e+00
5.014379986102196263e+00
5.015034213090751258e+00
5.015664857948634037e+00
5.016258006455810659e+00
5.016815339500518611e+00
5.017344568731696874e+00
5.017839228870781376e+00
5.018306116747171863e+00
5.018743499504835448e+00
5.019137708904655604e+00
5.019502632754356597e+00
5.019837895693690655e+00
5.020144891484142669e+00
5.020417132309139774e+00
5.020651152028204223e+00
5.020838618992329749e+00
5.020977630006582260e+00
5.021089248998524823e+00
5.021160857739360495e+00
5.021202040823609991e+00
5.021197399205029832e+00
5.021153722239159123e+00
5.021069126549609685e+00
5.020940718503172029e+00
5.020781708547349176e+00
5.020574539398277025e+00
5.020337907282138801e+00
5.020056262278432158e+00
5.019733954222374450e+00
5.019389251211158864e+00
5.019014160448184825e+00
5.018620760218670540e+00
5.018201667965819013e+00
5.017764655203988511e+00
5.017319184990099323e+00
5.016858564020564515e+00
5.016387516224255272e+00
5.015904869475832584e+00
5.015406233408918446e+00
5.014897444510330260e+00
5.014370219485331681e+00
5.013829218187797920e+00
5.013266286218037493e+00
5.012691869029273661e+00
5.012117535622288678e+00
5.011542786025872331e+00
5.010975416825582229e+00
5.010414611363282589e+00
5.009873905779293146e+00
5.009354899527004079e+00
5.008859583513309843e+00
5.008384255023171860e+00
5.007930769698193174e+00
5.007512217426171475e+00
5.007125881986191018e+00
5.006771425755191629e+00
5.006447772236037430e+00
5.006142437738794193e+00
5.005865451024341439e+00
5.005614123774189572e+00
5.005382117593157432e+00
5.005165508670229357e+00
5.004957649671901265e+00
5.004757981692869784e+00
5.004566271194686777e+00
5.004390689601619258e+00
5.004231143855918162e+00
5.004082200314345918e+00
5.003946895740421397e+00
5.003823950888084404e+00
5.003719654922798910e+00
5.003634066918358769e+00
5.003558887826703661e+00
5.003494196661241844e+00
5.003437882136978487e+00
5.003390759161167267e+00
5.003347586562351346e+00
5.003310614020058722e+00
5.003280361107511176e+00
5.003256235671190488e+00
5.003238483133221060e+00
5.003221153292300549e+00
5.003205692233945179e+00
5.003190825925170948e+00
5.003173767968741359e+00
5.003151413407370462e+00
5.003121603902155989e+00
5.003080587482737762e+00
5.003027095573681748e+00
5.002955734709006563e+00
5.002872729038548627e+00
5.002771127156641739e+00
5.002656517911430178e+00
5.002530704799768024e+00
5.002393962459366961e+00
5.002252560218524380e+00
5.002100137376886302e+00
5.001941445989261936e+00
5.001777326481144037e+00
5.001607537900754963e+00
5.001431615890660431e+00
5.001250890826532292e+00
5.001069215440849369e+00
5.000886586194584815e+00
5.000699673739920748e+00
5.000505158563802510e+00
5.000301378236811090e+00
5.000094352418283705e+00
4.999876685643295460e+00
4.999649933760712095e+00
4.999414164365927782e+00
4.999168952757219841e+00
4.998920058214765483e+00
4.998662187287313152e+00
4.998397187253189600e+00
4.998122726378691816e+00
4.997834577316146998e+00
4.997533510548723079e+00
4.997219997083496956e+00
4.996901589667153587e+00
4.996578712386739340e+00
4.996256078181517957e+00
4.995930936706914238e+00
4.995617148874057278e+00
4.995316774805736770e+00
4.995034342350167300e+00
4.994766556637091348e+00
4.994517987331104969e+00
4.994294708536667571e+00
4.994088832715255499e+00
4.993902862814914911e+00
4.993730163944615441e+00
4.993566935246541050e+00
4.993415655491604710e+00
4.993271388781918674e+00
4.993135341003267946e+00
4.993009916476635723e+00
4.992891496538845786e+00
4.992783630478856871e+00
4.992685364166004724e+00
4.992600347788735959e+00
4.992532814254716733e+00
4.992483136358403684e+00
4.992449374308542076e+00
4.992433625167667088e+00
4.992441502688069299e+00
4.992470553682267109e+00
4.992519786392420222e+00
4.992587963451713406e+00
4.992673307626591672e+00
4.992781584800304984e+00
4.992909422495486638e+00
4.993050173564898664e+00
4.993202366435053108e+00
4.993361775965514227e+00
4.993527315945448741e+00
4.993701062125238010e+00
4.993883007166060040e+00
4.994072218814017639e+00
4.994267025698992057e+00
4.994465636757285942e+00
4.994666503795506252e+00
4.994868631341577547e+00
4.995076902263880569e+00
4.995292354409666125e+00
4.995517780722201984e+00
4.995750769094646770e+00
4.995995089986444704e+00
4.996252556533636202e+00
4.996524792757901068e+00
4.996816076931628103e+00
4.997121406585995018e+00
4.997440184966746912e+00
4.997774014637891504e+00
4.998121702351692619e+00
4.998484043457631643e+00
4.998856958949091656e+00
4.999239002258601516e+00
4.999628904887559067e+00
5.000030325518073582e+00
5.000444193684580263e+00
5.000868699939074347e+00
5.001300742530347954e+00
5.001732863725245615e+00
5.002163493723690735e+00
5.002594851941884357e+00
5.003018057883799941e+00
5.003429493286729368e+00
5.003826897234738169e+00
5.004209551603616468e+00
5.004577758924186881e+00
5.004933925212443846e+00
5.005268998310983264e+00
5.005589474902570224e+00
5.005887761299582017e+00
5.006166168783875214e+00
5.006425895241171986e+00
5.006656313144683068e+00
5.006866379545152235e+00
5.007042406887829422e+00
5.007195080385624664e+00
5.007312693621113198e+00
5.007388572904361901e+00
5.007437644952057454e+00
5.007447866684139548e+00
5.007430643534369175e+00
5.007369001239618811e+00
5.007272187408140063e+00
5.007128764122804832e+00
5.006946176376274593e+00
5.006733421936711004e+00
5.006491539508185262e+00
5.006233016338280883e+00
5.005955128867260129e+00
5.005665187884203782e+00
5.005364235967478592e+00
5.005051218189379370e+00
5.004735382713459302e+00
5.004410029046316488e+00
5.004079219728787997e+00
5.003738316178401924e+00
5.003390833802602522e+00
5.003038972459815881e+00
5.002681129045868147e+00
5.002318152181888244e+00
5.001944875374521260e+00
5.001566677197899935e+00
5.001178139664318678e+00
5.000785186469641097e+00
5.000390795126643084e+00
4.999996628679420851e+00
4.999603190414693366e+00
4.999208446808244943e+00
4.998818594209935462e+00
4.998436447560873575e+00
4.998062014944939513e+00
4.997698381014256341e+00
4.997346937052992821e+00
4.997012761972931649e+00
4.996698567897167820e+00
4.996407834097831291e+00
4.996137416169135648e+00
4.995893082089811088e+00
4.995678539231509951e+00
4.995490638755351931e+00
4.995323701195508725e+00
4.995178256400019556e+00
4.995047308022246391e+00
4.994935318186968232e+00
4.994840143976822411e+00
4.994763570592827939e+00
4.994715677715926283e+00
4.994692305575212821e+00
4.994694046108256735e+00
4.994718988712617325e+00
4.994770307371133811e+00
4.994854175455609280e+00
4.994962744785214070e+00
4.995100566984826962e+00
4.995262845137830254e+00
4.995454510913905466e+00
4.995679856778797223e+00
4.995928193477658041e+00
4.996197829207148722e+00
4.996485576180484500e+00
4.996791956087315967e+00
4.997117096891368071e+00
4.997455607762301355e+00
4.997809421306216748e+00
4.998175218103194872e+00
4.998557941613459121e+00
4.998954427649937138e+00
4.999358696823677839e+00
4.999776432512066826e+00
5.000208628212771345e+00
5.000651225371024466e+00
5.001103045230467892e+00
5.001561602314670729e+00
5.002028295321125917e+00
5.002504156639535182e+00
5.002989354578513570e+00
5.003478361142533970e+00
5.003969175291913096e+00
5.004459433776993649e+00
5.004947770608325186e+00
5.005435539556404301e+00
5.005922497955818784e+00
5.006406209801991025e+00
5.006882619781156230e+00
5.007351325226685468e+00
5.007805576471349163e+00
5.008250274805090108e+00
5.008687588011583536e+00
5.009114171785970626e+00
5.009527027828356793e+00
5.009918884223065305e+00
5.010296104510985060e+00
5.010657854040823089e+00
5.011002437730989634e+00
5.011326432151458121e+00
5.011618085575959114e+00
5.011892395408562351e+00
5.012136168626806665e+00
5.012353776765726465e+00
5.012545706310979732e+00
5.012699877608306487e+00
5.012834969049058564e+00
5.012936686442904133e+00
5.013008487166576543e+00
5.013046755094752172e+00
5.013040110977223129e+00
5.013006390427096726e+00
5.012928533280126331e+00
5.012812738796553980e+00
5.012663456421203811e+00
5.012482627421476877e+00
5.012269212245801242e+00
5.012024774901429502e+00
5.011746957540372804e+00
5.011436661328980691e+00
5.011107946034380589e+00
5.010749970558889821e+00
5.010375079657741537e+00
5.009975658651300456e+00
5.009557839739925633e+00
5.009134406778819937e+00
5.008702518749840848e+00
5.008269025120744011e+00
5.007831140082187993e+00
5.007401244152196895e+00
5.006985855322191092e+00
5.006585820276150400e+00
5.006202464509616590e+00
5.005835897322604922e+00
5.005488788332651318e+00
5.005163703780482365e+00
5.004869705732772900e+00
5.004603423528233286e+00
5.004369994509826114e+00
5.004168120432505695e+00
5.004000462028987961e+00
5.003871633052684231e+00
5.003769713990248391e+00
5.003697785950125265e+00
5.003649042906098465e+00
5.003627769582298157e+00
5.003645997695484127e+00
5.003691516812749818e+00
5.003773193374136063e+00
5.003882300244503867e+00
5.004016496348984155e+00
5.004182030889996469e+00
5.004378224961319788e+00
5.004609007738390680e+00
5.004870855953403641e+00
5.005165781970926986e+00
5.005500676218278322e+00
5.005873204018778111e+00
5.006293043788380359e+00
5.006750597726412622e+00
5.007240696508295841e+00
5.007769601788228719e+00
5.008329035784904626e+00
5.008918367843929964e+00
5.009533957835143880e+00
5.010173896472758237e+00
5.010838933806724960e+00
5.011526689153023462e+00
5.012232974987336220e+00
5.012950933050223767e+00
5.013674997310945791e+00
5.014403310041736006e+00
5.015136903818556924e+00
5.015871985029290769e+00
5.016603742163490587e+00
5.017327608536791494e+00
5.018040044378350828e+00
5.018744639452408229e+00
5.019438450705121291e+00
5.020118403877924074e+00
5.020779545079777861e+00
5.021420722748945131e+00
5.022031144756684995e+00
5.022614977951954884e+00
5.023171749073874537e+00
5.023695652108503218e+00
5.024190049838138883e+00
5.024648563820731439e+00
5.025061455141614175e+00
5.025437551919231360e+00
5.025773956436525580e+00
5.026075393590939022e+00
5.026337519209693738e+00
5.026553080022195807e+00
5.026725356407323098e+00
5.026855223156371011e+00
5.026939325608172915e+00
5.026989234989368782e+00
5.026999903771420364e+00
5.026974882952263357e+00
5.026916615295550450e+00
5.026819649816817837e+00
5.026696126240633333e+00
5.026538077316573983e+00
5.026355896539381085e+00
5.026140130109480353e+00
5.025892872459581717e+00
5.025627354945382486e+00
5.025341579563312067e+00
5.025041210319243667e+00
5.024728392440223068e+00
5.024404694441103381e+00
5.024079178649329513e+00
5.023749197054051763e+00
5.023421360257409596e+00
5.023095871175967453e+00
5.022779643687749207e+00
5.022472469306879184e+00
5.022172039228819607e+00
5.021883483588092112e+00
5.021602774172420069e+00
5.021335176418865842e+00
5.021078543200488298e+00
5.020829280617976842e+00
5.020585226289328240e+00
5.020343147407618112e+00
5.020103691074399244e+00
5.019867171443400444e+00
5.019628862816242432e+00
5.019389218784271023e+00
5.019141545764504109e+00
5.018886255811302988e+00
5.018621809988617066e+00
5.018350162565109684e+00
5.018076741475013591e+00
5.017798652260898606e+00
5.017518837399184584e+00
5.017234822309911024e+00
5.016948829817921229e+00
5.016663503240200050e+00
5.016374634693714363e+00
5.016084223765286509e+00
5.015786245263519127e+00
5.015483163579703252e+00
5.015177486504764026e+00
5.014872817754148393e+00
5.014576570674178946e+00
5.014288639988150997e+00
5.014015140313055063e+00
5.013757521159345920e+00
5.013519372421646025e+00
5.013299589737647111e+00
5.013100263255977573e+00
5.012924486234182631e+00
5.012766213680946770e+00
5.012631698002436131e+00
5.012516609442750237e+00
5.012415154942641671e+00
5.012323990113431549e+00
5.012242123590179510e+00
5.012177995241575701e+00
5.012127689112307216e+00
5.012089937437190557e+00
5.012061489378898393e+00
5.012040069118008034e+00
5.012026656143929948e+00
5.012020365570420743e+00
5.012018268335592275e+00
5.012017634748987760e+00
5.012016434349422234e+00
5.012013727819209841e+00
5.012005921666638386e+00
5.011998838238429066e+00
5.011997003565553221e+00
5.011999935200797118e+00
5.012007788122059715e+00
5.012015630886086370e+00
5.012026266306998323e+00
5.012042651973092511e+00
5.012063839298567025e+00
5.012089417537568536e+00
5.012117357668826045e+00
5.012147357350107413e+00
5.012174763612341266e+00
5.012199916360326135e+00
5.012227173678469150e+00
5.012253440260314719e+00
5.012279367340156888e+00
5.012299164468783097e+00
5.012309587777486364e+00
5.012315194799226603e+00
5.012313034929462674e+00
5.012299021577124591e+00
5.012268630067479691e+00
5.012215155760419982e+00
5.012143212735315601e+00
5.012052662169224071e+00
5.011941295975482547e+00
5.011801722572779560e+00
5.011632999127393795e+00
5.011428575331008162e+00
5.011189780870116017e+00
5.010924133250152401e+00
5.010629207977688182e+00
5.010302965009249654e+00
5.009938182236290949e+00
5.009546098859645191e+00
5.009120826648212343e+00
5.008667943814432810e+00
5.008195662537253234e+00
5.007704858781434787e+00
5.007197185309268050e+00
5.006675239430405711e+00
5.006148539075293336e+00
5.005622175784447236e+00
5.005096614772119423e+00
5.004574715161361098e+00
5.004056625926533108e+00
5.003546238021591819e+00
5.003046063484291928e+00
5.002552077175717038e+00
5.002064356544654089e+00
5.001580145323317517e+00
5.001100902074615107e+00
5.000626580455938885e+00
5.000153457784692890e+00
4.999682069459598033e+00
4.999209061937074594e+00
4.998732532487848879e+00
4.998258866110483645e+00
4.997791519837120333e+00
4.997331359015443120e+00
4.996885623635390239e+00
4.996460436360576018e+00
4.996054655799307298e+00
4.995670864844359293e+00
4.995308932328262230e+00
4.994965400250294785e+00
4.994646068440417253e+00
4.994348853120248677e+00
4.994070299809465929e+00
4.993807965797970816e+00
4.993560410683642203e+00
4.993326997758487096e+00
4.993110899833627769e+00
4.992920812425800214e+00
4.992753327341414860e+00
4.992604750070386288e+00
4.992475831687114507e+00
4.992367275368086332e+00
4.992274604981427721e+00
4.992201686340047573e+00
