0.904071648380265 2779.32149090477
0.67155131295876 2496.663911210987
0.6643627650861379 2417.413090157016
0.8998811931712175 2908.0965619383755
0.8676683650734862 2565.1171416118505
0.8324528130298714 2762.344729128693
0.6472004206842097 2748.834305241936
0.5576538223061798 2495.0068485709157
0.5988870941727277 2527.8128451164093
0.7104511900824725 2458.8133786196922
0.7269193745656585 2643.5264412873703
0.8246779776213049 2845.01138949112
0.9035692824047954 2686.97419687787
0.7356691887609268 2536.437451945407
0.8002381871023163 2542.41535394818
0.8219822300257961 2447.577205475202
0.6449246611994723 2472.943949328672
0.9810807737887332 2554.354489339771
0.7974693526264663 2538.0160302068234
0.742180348602689 2490.4691543542526
0.7655806248002698 2668.802505937594
0.7311781228618732 2556.42653871957
0.8839432354458656 2610.8706660024227
0.6570831497319194 2492.147464503348
0.7512184547018635 2428.616322660453
0.7404839017896019 2852.048833096339
0.8807917965862164 2706.944688677282
0.6400484279463221 2574.244364226737
0.9138815756170855 2719.42115727945
0.645219176982149 2525.054216063202
0.7223457280049195 2444.865961565959
0.774150686303954 2392.2392262477088
0.7134711596513219 2548.3123539383555
0.8556126740110312 2490.5865487457404
0.8482579453995178 2426.391280538418
0.7256894117677021 2650.6566186691407
0.6697006678519504 2483.8399729693474
0.8795079838700113 2431.8576536983355
0.7198117108452804 2469.6371095770273
0.8822279102052094 2390.7087633838028
0.8819044035090031 2429.7702704658554
0.7519174930820934 2621.1552207708773
0.7230777856062467 2451.5681208591714
0.7953270038685847 2630.4047881221923
0.6740776227072486 2803.711544813057
0.7209422725083755 2725.0702756821233
0.7108079988953042 2502.3172237070685
0.8127113959473511 2458.044188290265
0.7035154664306744 2441.6354979830567
1.0259796955114675 2443.715736850841
0.916437166511033 2571.656335567207
0.8227858263246659 2452.980873981259
0.688386765221654 2692.4601518630216
0.7670150334898518 2426.5955309944256
0.6496860099815851 2499.1100369997084
0.6871025382175137 2522.6864742251337
0.7598304411219768 2583.3419519923536
0.6328816693179085 2546.5212234253218
0.4967885860865017 2610.0061861354293
0.7825256040667677 2544.69278715649
0.6827268060313567 2654.151126097727
0.7381664873453037 2487.5673840528643
0.9700226237271787 2478.5784780419444
0.9190702485965594 2532.5245646091716
0.7143377118647771 2876.7433502256245
0.7959980359614183 2887.3143150557707
0.7425010201698585 2458.080614825217
0.7751714288360374 2479.5262701497404
0.8258368266096331 2513.7844460672104
0.8236132158800633 2621.315342154352
0.6041888757209578 2429.1231517620736
0.8828457976849547 2510.483482424554
0.8633393449538763 2719.6711055819956
0.7715499827648988 2466.679364959363
0.9291935575561244 2451.6920591062535
0.7743302330283398 2656.848979953019
0.6928738386764469 2432.6555553911435
0.719951646738748 2572.9406429264855
0.5816674434919533 2556.2774851296717
0.6159403428969551 2798.844391739774
0.7545218462589548 2909.1825942884216
0.6445262496842246 2590.5096682760404
0.7956213247929818 2626.6928706781155
0.7776097969456548 2562.3602416908734
0.536141111789363 2529.156691262709
0.7087802084120048 2667.290607850029
0.7246985279174143 2489.301225074354
0.7002190438943194 2588.2663000473744
0.6903583007280881 2514.14104031402
0.9013719344216297 2662.246255155671
0.8309480840823978 2403.7906981430997
0.6634503324527853 2539.7163562033456
0.7168206568493607 2438.0920536435615
0.7559018676461495 2615.153982020838
0.8173163859156923 2730.4712822751026
0.8359437414814581 2766.228025721332
0.7020556265662267 2493.9714101883583
0.8068265999163793 2525.575234539355
0.6894760181494752 2478.4041520180394
0.6708148927642433 2557.1422556397847
