0.0
0.0
-2.5729223852977166e-06
-1.4728910173289481e-05
-4.75507666124031e-05
-8.473142923321573e-05
-0.00013979137351270764
-0.00017903010302688926
-0.00018139753417926842
-0.00012875281667220414
8.58839208376592e-06
0.00025312427038443264
0.0006403391023923179
0.0012446061855007427
0.0020442835574795027
0.0029765739625145222
0.004118330362980487
0.005488285455649019
0.0071023974155832535
0.00891504067534697
0.01086109373325598
0.01300772714967024
0.015414042655174846
0.018132587257568947
0.021122632805054303
0.024326455775444622
0.02783828038329374
0.031745143417065254
0.03612957972640286
0.04096473890895137
0.04620864946002254
0.051977978531067455
0.0583739181196142
0.06547569173926598
0.07320487219447382
0.08142535347098596
0.09010878581160792
0.09915363389605769
0.1083829237853933
0.11743810552710779
0.12604556876773124
0.13418983716124777
0.14190437990779167
0.14925475079173334
0.15619529921168573
0.1628713281785894
0.16927287954444176
0.17527436155432943
0.18064831871146447
0.18497240144366509
0.18810401875132804
0.18948541987294437
0.18848675977045778
0.1844068170672107
0.17642287861162906
0.1642511786108661
0.14702991257960088
0.12389941703135257
0.09401765118891481
0.056587066758220214
0.01166106711680176
-0.04135282982533692
-0.10289401043599365
-0.17320437897389646
-0.2522215889806103
-0.33884457100575677
-0.43259108055775863
-0.5327006863469432
-0.6381164597386669
-0.7473892830724073
-0.8584262131566358
-0.969943261038716
-1.0805952690953564
-1.1889958523625686
-1.2936309861058546
-1.3931685398930858
-1.4869708298558544
-1.5743179749364207
-1.6544064949864696
-1.7262262629384348
-1.789126205336506
-1.842965955626423
-1.8878299187535594
-1.9238114069814036
-1.9509463857526133
-1.9692161952370952
-1.9785658406133004
-1.9789228378648112
-1.9702137254590342
-1.952378502976353
-1.9253840171212504
-1.8892374264115643
-1.8440008579606366
-1.7898084627503705
-1.7268872009629561
-1.6555831943864179
-1.576396092068608
-1.4900252519959762
-1.3974337087983442
-1.2999394785279583
-1.1993483911866498
-1.098142222058232
-0.9996875559205365
-0.9080790315980267
-0.8251028715485882
-0.7325767980927776
-0.5799198328370403
-0.4302513872498821
-0.28934786666577567
-0.15687076438611258
-0.03476433623975028
0.07467773567492259
0.16915119301134837
0.2464662135725666
0.3046183313017536
0.3418390859251666
0.3566373444681812
0.3478364707117724
0.31461030970865966
0.2565187646036792
0.17354098330790282
0.06610119830424072
-0.06491951931660891
-0.21819235790913827
-0.3919743059987378
-0.5841646860951736
-0.7923767756337478
-1.014010667693074
-1.246309595000203
-1.4863828371877035
-1.7311892222279863
-1.9774994753712969
-2.2218845652455648
-2.460783529173787
-2.6906640719289143
-2.9082263659352625
-3.11057589520162
-3.2953251170033777
-3.4606328677052822
-3.6052099417561854
-3.7283114146108
-3.8297222613210047
-3.9097346781606044
-3.969114527594503
-4.009056045901235
-4.031126477610525
-4.037203745138106
-4.029410872351584
-4.010050548207221
-3.981542452465949
-3.9463649569863657
-3.9070016967172005
-3.8658923446053843
-3.8253855430001598
-3.7876896511430127
-3.7548124133462295
-3.72846881259626
-3.709901071679054
-3.69942513574308
-3.694901148271023
-3.685103134107052
-3.7516697444433555
-3.8384447516912803
-3.9114469756597865
-3.9473537649626125
-3.9502086134666787
-3.932451881956516
-3.9059163614029275
-3.8839599700683936
-3.8813783519381864
-3.9143319480532983
-4.000067621957717
-4.150529343378005
-4.378529679071363
-4.697691551935132
-5.121975151788647
-5.66461721111482
-6.3297046439761475
-7.12205259014314
-8.046572853815015
-9.107400948297437
-10.30669919658845
-11.639451119195874
-13.101877114068921
-14.690348030816967
-16.40056134868806
-18.22669629741853
-20.16074811626619
-22.19558850933259
-24.324166237604075
-26.539126564752515
-28.83247007061189
-31.19737699199861
-33.62738721538728
-36.11624997783846
-38.65802976299471
-41.24722043682284
-43.880258461725184
-46.55405271221345
-49.26627835918612
-52.0157122581119
-54.80254361797518
-57.626729714166586
-60.4888928001041
-63.39054410625645
-66.33404416729161
-69.32236844707677
-72.35219175029943
-75.4193877952213
-78.51839017559237
-81.64099210430331
-84.77501187969392
-87.89782987285797
-90.98634336162752
-94.01721250225253
-96.96774350811191
-99.81827054668612
-102.55958829570955
-105.1929632346744
-107.72817517925448
-110.18153302837558
-112.57359876323888
-114.92636960674474
-117.255592171442
-119.57026136089513
-121.87262693096349
-124.1585969321842
-126.41779142070958
-128.63743238140293
-130.8032452170963
-132.8994811790104
-134.9078181235905
-136.81045362163738
-138.58211743999675
-140.1815047996159
-141.53885099102214
-142.53940053631024
-143.03550611187177
-142.83253389049727
-141.71399392772872
-139.50380654979904
-136.15310861278732
-131.83754647899826
-126.85469979931075
-121.54627389599044
-116.23168588329511
-111.171443268549
-106.53797860790448
-102.43234750438884
-98.90307809520915
-95.95884103466226
-93.57834787059976
-91.71187692333413
-90.31099359203529
-89.33288613964271
-88.73993673015785
-88.49508710552408
-88.57378863025858
-88.94437689472392
-89.56853956867411
-90.40602514911843
-91.41900236774636
-92.61669638324928
-94.00209448505592
-95.56635809589578
-97.2862291591282
-99.12400305439186
-101.06687369037819
-103.0697835414524
-105.06373282123755
-106.96662039447973
-108.69511618305397
-110.18542273212623
-111.37910223652075
-112.23545340229224
-112.73644213367652
-112.88514993358802
-112.68339532543372
-112.13896028209876
-111.26398889232826
-110.07408723522376
-108.58824845958898
-106.79923387218663
-104.71949617077061
-102.38759095836826
-99.87101411510655
-97.26007386852451
-94.63159883190343
-92.04900361705967
-89.54881105114168
-87.17194413829989
-84.99330552746004
-83.1163923804874
-81.65431169201084
-80.70060525585362
-80.3152544181461
-80.52261890102572
-81.33306003261751
-82.72447269130893
-84.64810535122106
-87.03423785854527
-89.79210406948278
-92.79639514614293
-95.79123157192416
-98.1716313521976
-98.82335963894076
-98.51793294597812
-99.21771176983066
-100.15904607464023
-101.0914121787662
-101.93531911541172
-102.66192044902988
-103.26900434185215
-103.76631269146154
-104.17376207042882
-104.51870454479405
-104.83285882641027
-105.15748387981604
-105.53515432048987
-106.00698095012855
-106.6099260490055
-107.3741837089176
-108.33813245464515
-109.52813718486976
-110.95451566387368
-112.61393979717445
-114.48169416118812
-116.51686032940101
-118.66080487896156
-120.9017074363346
-123.33197675396157
-126.07662336040688
-129.15326490093423
-132.47848615337566
-135.92620191265297
-139.3580402915592
-142.6357569663639
-145.6291300742741
-148.22300946880534
-150.3235412376042
-151.8619570701237
-152.7900388114567
-153.0443420760746
-152.3959189193363
-150.02824618984414
-144.9320624129887
-138.89233585048873
-132.93281436611372
-127.19745120693405
-121.86674808193403
-117.14098483730514
-113.21210757900437
-110.24415164638718
-108.35817844082078
-107.6221182601567
-108.0493502776738
-109.61529311824995
-112.31095657039839
-116.2483897369023
-121.65171554256636
-128.00205733944136
-133.78842147518358
-138.83765212703906
-143.23872146297657
-146.80003219295705
-149.22964645076956
-150.22695419002739
-149.5286962096807
-146.94025626827445
-142.36285911251272
-135.82394797970025
-127.52375816036432
-117.9292079894659
-107.95286948848931
-98.69849204708306
-88.04541831661432
-75.08803672481746
-61.22056358028621
-47.09675254512996
-33.34320151973934
-20.585055767786216
-9.423363873254957
-0.4058547179815193
6.001871112096609
9.441700518834887
9.68251921008855
6.630614608037769
0.3221484215143313
-9.151862198602856
-22.65254090954036
-34.818923966180996
-49.11614808727474
-64.3765753333685
-79.74330995250912
-94.39118837047786
-107.52424745250914
-118.40497377086852
-126.3892810218451
-130.96127076793883
-131.7659516303656
-128.64116342235778
-121.6576947944281
-111.20725289989684
-98.27649484325622
-84.93335275341246
-68.4482624213812
-48.56770822216245
-27.01973947216245
-4.648755585443695
17.607030547368808
38.77565359424379
57.90730032275941
74.12300466846253
86.65882620166566
94.90406545947816
98.43087728809145
97.01101339648989
90.60971395801332
79.31817831348206
62.97987387012269
47.81582357715394
31.03947470020082
10.186337493169567
-12.141894928705426
-34.90390420604918
-57.01323770214292
-77.38910928417417
-95.00635537792415
-108.94377237011166
-118.42871926952574
-122.87586282421324
-121.91810678173279
-115.42803048778747
-103.5284272163031
-86.59029611278748
-65.21179513622499
-40.34384347606874
-12.867527558099987
16.04029959033752
45.138683379400014
73.1563445122125
98.84847585986876
121.05496267627501
138.7563530571344
151.1249150688531
157.56871633838432
157.7677968246819
151.7049177963616
139.70942707370534
122.68158039401781
103.82017292331469
80.56345173190843
59.40664509128341
33.565707591283406
5.0419600326896585
-24.751643482935343
-54.35509074856037
-82.30008342434161
-107.17293986965412
-127.6799857680916
-142.70961589504472
-151.38731609035722
-153.12073222805253
-147.6323923843025
-134.9783750503181
-115.55248515773997
-90.10578105617746
-59.54501445461496
-25.21010234523996
11.439616893041276
48.80750263522877
85.23612324069754
119.08468036960379
148.80656757663502
173.02369892429127
190.59413593601
200.6697737533928
202.7413774521233
196.66920643161546
182.70065418552173
161.51120350192798
133.59468250583421
100.79999988864668
64.50582264255294
26.41548816989672
-11.645395619165782
-47.822338978540785
-80.32089854885332
-107.49273692775957
-127.91565684963456
-140.46398204494707
-144.3659116714119
-139.2449436538338
-125.14310893703691
-102.5239829604744
-72.13080669094316
-35.56426128078691
5.844810984838091
50.29086078952554
95.80187153171302
140.3296889145255
181.8454994614005
218.43572162936928
248.39375873874428
270.3031288559318
283.10787861179114
286.1665669662833
279.2862794906973
262.73026630710365
237.11948017429114
204.11872577975987
164.8129298813224
121.13038593600992
75.16688495944743
29.142758982884885
-14.694555470240125
-54.17491679836513
-87.30843730617764
-112.38145000149015
-128.04067363430266
-133.361287037623
-127.89535075832612
-111.6972196548105
-85.31703654934175
-50.08304240871675
-7.0376273696542455
41.78577595065826
94.21356891940827
147.8847603256583
200.35481403659577
249.20922809909575
292.1777144272208
327.2430073959708
352.7389155990958
367.4326375229239
370.58689228366615
361.997091868627
341.9908040268302
311.0243758041739
271.7861995346427
225.2339241440177
173.6321419174552
119.45872883151762
65.33043293308009
13.886253245580093
-32.33568034816991
-71.01873943020115
-100.17949626613863
-118.26483318020112
-124.22955852199802
-117.59016215969334
-98.44969829250584
-67.46493022609958
-26.255809132349583
23.830777781712925
80.48182758640043
141.14547993015043
203.0639027817129
263.3952748520254
319.3460951645254
368.3034096176504
407.95997700046297
436.4260512192129
452.32198261569727
454.84604481052156
443.80959583591215
419.6022154648184
407.0883104355215
383.8948558456778
367.73510364841223
340.67114857028724
296.03063099216223
243.55078724216236
184.25676868747485
120.76295032809983
56.050777476537334
-6.775335804712711
-64.65927623440018
-114.74783580471266
-154.53262584377518
-181.97580455471268
-195.61581920315018
-194.65281184841385
-179.03072566677324
-149.69772761989822
-111.1759502761482
-58.39491511989817
3.6611005051018424
72.18259464572685
144.03454777072682
215.9005585129144
284.43882999728936
346.4408319504144
398.98489445041434
439.5772674972893
466.2738739426018
477.7766974289299
473.49986515353925
453.6008624679924
418.95817692111734
371.3214191086173
312.79292789767976
246.17835758517973
174.66325016330472
101.6860431320548
30.778386882054747
-34.60168636013275
-91.23460628200775
-136.29401546169527
-167.4839300124765
-183.15157283474213
-182.37026134182221
-164.9876673476816
-131.63263805080658
-83.98313121486908
-23.65183726955655
46.44660511325596
123.11216663669347
202.81657581638098
281.864378550756
356.566722300756
423.41660023044346
479.2567467148184
521.4320689804435
547.9191002304435
557.4260490829824
549.4577690536855
524.3380815536855
483.08191456149785
428.0704643661853
361.5498735458728
286.7174321396228
207.1568169052478
126.69502491306037
49.225186045872874
-21.477338368189635
-81.93492625881463
-129.1348627822521
-160.6754243056896
-174.8837336318615
-170.89921428371693
-148.71674358059192
-109.16803020168567
-54.25616496731067
13.976344798314358
92.32383503268936
177.18565143893937
264.6374385483143
350.6094795639393
431.07803913425175
502.2564863998767
560.7766084701891
603.8511055405015
629.4092329819078
636.1985347397203
623.8456233627671
592.8581892807358
543.2394343979233
480.68369709323576
406.14034748386075
323.19382404636076
235.82028889011067
148.22426349948566
64.64378498386066
-10.849847828639355
-74.54620525051436
-123.27404216457688
-154.55497722317062
-166.72483928371747
-159.01594768215497
-131.5918876235612
-85.46628703762372
-23.1541678969987
53.05163776706377
139.58650104831383
232.45391315768882
327.3432100326889
419.8258076889389
505.56339557956386
580.5140791733139
641.125905345189
684.5080488998765
708.5711714584703
712.1290922958726
694.9524016220444
657.7321916611069
604.0586467392319
533.4404192001695
450.4194817001695
359.01080982516953
263.6057024032946
168.7991594345445
79.17909107516948
-0.88980052639306
-67.47385814358057
-117.25920482326805
-147.71189525295557
-157.20096995998682
-145.07592479397118
-111.67887157131493
-57.891513172877424
12.16149463962256
96.67424854587239
191.6488676864974
292.6709672958723
395.0317778427473
493.93905323337225
584.7413774521223
663.1487749130597
725.4376811630598
768.6298344833723
790.6355522568098
790.3516987449996
767.6956318504682
723.4165058739056
661.9328339989056
583.199450209843
491.76543653796807
392.0805537254681
288.94677442859313
187.33793653796812
92.17434278796809
8.092038100468073
-60.777341782344365
-111.00423143078186
-140.02588914562563
-146.26850633312566
-129.2136540382038
-89.35462083507882
-27.242570053828814
46.9450373680462
136.2856428367962
236.93807447742125
344.3015022117962
453.4034651024212
559.1557600242961
656.6014924461713
741.1537873680463
808.8172199852338
856.3824690086714
881.5861628563276
883.232104171025
861.2878243858687
817.1623605186812
749.1756124718061
665.836100753056
569.191589034306
463.6707589561811
354.26532926868106
246.2051144249312
144.69153044055616
54.64377653430611
-19.53945100475636
-74.19388459850637
-106.57052034069388
-114.97748994518605
-98.88762422252981
-59.09001435924857
-2.963461624873567
78.58065946887643
175.98017118762638
285.0428469688764
400.7806204063764
517.8277590782516
630.7203372032516
734.1629641563766
823.2844973595018
893.8737747032518
942.5856106407518
967.1091824180957
966.2974532921191
940.2869357139941
891.0446407921191
816.1036739952441
724.7307443077442
619.5780587608692
505.4460763389942
387.7216818077441
272.02292204211915
163.91003141711914
68.61281462024414
-9.223523270380895
-65.76506135631831
-98.17977571178706
-104.78750581432612
-85.181723343623
-40.475531937373006
-12.199269730341754
45.14551542590824
131.79308378528327
236.27921659778332
354.00614042590826
479.55328886340834
607.0780544884085
730.6108181602834
844.3433865196585
942.9080154259085
1021.6359451134085
1076.7840945274709
1105.7202883751272
1107.0621325523734
1080.783165267217
1028.5116174156547
949.3404308922171
851.4280871422172
737.9610168297172
614.1847570640923
485.9587609703424
359.40442503284237
240.59868284534235
135.27924925159238
48.5676965172174
-15.278792740595122
-53.076380631220125
-62.87715821911075
-44.089084488641994
2.3639428551080073
64.95529051135802
157.994831526983
270.036774886358
396.046257308233
530.192741683233
666.2170287926081
797.7398803551082
918.5684350426081
1022.9929076988582
1106.0609936363583
1163.817663558233
1193.4996996910456
1193.678721297491
1164.3620391685845
1107.2438458092092
1022.6252325279593
917.3890215904592
795.6855645592093
663.2030157310842
526.2300469810841
391.3107794029591
264.9237872154591
153.17003721545905
61.47947080920906
-5.651329972040941
-44.87874452282216
-54.18069032360343
-32.97506044079093
17.74523741077155
72.42636045764655
162.75602842639657
276.2603155357716
406.7791338951466
548.0898565513967
693.5258624107717
836.2245538170218
969.4364678795218
1086.8403155357719
1182.841438582647
1252.836614363897
1293.429912703741
1302.5819085533503
1279.6532781822566
1225.0775652916316
1164.2265008385066
1068.1353777916315
948.8708270103814
813.2307586510063
667.9397527916312
520.0454266197562
376.6936004478812
244.8195477135062
130.82985044788114
40.303043807256145
-22.27153138805636
-53.69936097790011
-52.207515427363006
-17.42560868908176
50.22655439685575
132.43699384998075
244.67431806873083
377.67286299060584
524.6743571312309
678.6169743187309
832.176583693731
978.052696974981
1109.2949918968561
1219.6244645531062
1303.7253727562313
1357.4879362327938
1378.17846601795
1364.484879592169
1316.1798747093565
1242.3220719749813
1155.4177555687313
1045.2530290062311
914.3915543968561
768.9898063499813
615.9581657249813
462.60272627185634
316.2736149437313
184.0139372093563
72.22311689685631
-13.650076462518712
-69.37051103283122
-92.12354081798748
-80.65757402111248
-35.36690507579998
41.44757734607502
147.496561721075
276.92518476795
423.86753828357496
581.4953605492001
742.4332511742001
899.1186515648251
1044.1636222679501
1170.7078410179502
1272.7472453148252
1345.4232218773254
1385.2591032249818
1390.3343870384585
1360.3976170189271
1297.009257643927
1201.200908034552
1080.2469724876769
938.9015818626768
783.795908034552
622.2948240501771
462.1060252220521
310.9057517845521
175.97070295642698
63.829404128301974
-20.05175798107308
-71.53344255138558
-88.00792375255745
-68.53906022716683
-13.971360031854346
70.70596418689559
187.4856907493956
327.6455833275206
484.8307005150207
651.7344895775207
820.5426145775205
983.3178587181458
1132.3814231712709
1260.680641921271
1362.127653640021
1431.8936546165833
1466.6460374290832
1464.7216177208315
1426.2527993614567
1353.596007369269
1247.128165572394
1115.1226675255189
963.062462447394
798.064064009894
627.9533608848942
460.84402494739413
304.74040190051915
167.15229643176912
54.73409330676907
-27.036253372918452
-74.12444184948096
-84.14357881237157
-56.49877656627781
7.412302535284681
106.27622831653468
226.5728103477847
370.6014040977847
532.6600955040348
705.4026345665347
880.8225369102848
1050.7216189415349
1207.124138472785
1342.6670974571603
1450.9592556602852
1526.8964919884102
1566.924848922004
1569.2590746910469
1534.150959456672
1465.4468139488595
1354.5987866051094
1221.9314233238592
1068.0387084801093
899.4506616051094
723.9507201988594
549.8054467613593
385.2892944176093
238.26350340198434
115.78772215198433
23.77174558948431
-33.32308839489069
-52.731519791375064
-33.620629898796935
22.330859359015577
94.75265623401557
212.28890623401566
356.1528320152657
521.1851171715157
699.9121288902658
884.0400976402659
1064.953925765266
1234.151328109016
1383.6568652183912
1506.408164046516
1596.599902327766
1649.9731786949535
1664.0464990074536
1638.3231591637034
1574.8580224449536
1555.8848168785473
1493.867443831672
1451.1324975426096
1388.2521020347974
1337.3996508629225
1280.5942455894851
1197.8729076988604
1126.1222875816732
1007.4221996910481
858.976232894173
688.7403539879231
504.9599828941732
316.43433836292326
132.18187742542312
-38.96513429332691
-188.7713745277019
-309.98588624645186
-396.6846655433269
-444.54893312145197
-451.05877748180353
-415.55953675914725
-338.89314515758474
-234.69336976695973
-93.52059632945969
74.01032163929034
259.7345989830403
454.86403257679035
650.1983294517905
836.5185833580408
1005.0101458580409
1147.674227889291
1257.7032610924157
1329.797738631478
1360.4010174400719
1347.8083331138998
1291.9376299889
1190.356253035775
1069.728811629525
917.2511749107748
741.2909405357748
550.4044170982747
353.7433819420248
160.7207452232749
-19.4093719642251
-177.98078797985022
-307.32236024547524
-401.11960633922524
-454.7104217689128
-465.2921685950846
-431.9923956458658
-355.4620001380533
-252.4590997474283
-108.9316974036783
63.07439634632169
255.06892759632169
457.93642759632166
662.0972283775716
857.9072869713216
1036.0974822838216
1188.2053240806968
1306.970949080697
1386.674005721322
1423.3856268150719
1415.088068221322
1361.4385076744468
1259.9050506431968
1138.3846209556968
982.348644393197
800.890617049447
602.9306951744469
397.99591001819704
195.91299986194701
6.380109236947021
-161.47926576305298
-299.54275209117793
-401.07019349742785
-461.0165118568028
-476.25013368297465
-445.6168573157871
-369.4354705970371
-273.8550702064121
-131.46099794078702
42.69855284046292
239.63730284046292
449.90933409046283
663.5452911217128
870.4313653404628
1060.7595294029627
1225.479763777963
1356.720701277963
1448.1518047935879
1495.2580596764003
1495.4733771355066
1447.9416290886318
1350.5063556511318
1234.7604376823815
1079.1532794792565
894.7195099480066
690.8253302605066
477.38253729175665
264.6711896355066
62.923474791756576
-118.13601739574341
-269.73959161449346
-384.48400567699355
-456.6697185676186
-482.54094415355604
-460.3565960090248
-389.90473565746237
-380.06407403636865
-323.0195427863687
-250.0924773566812
-150.60581720043118
-24.33611993480622
132.80418279956893
319.374046080819
527.2871124870691
747.0118390495692
968.3341827995694
1180.9021906120697
1374.7369367058197
1540.7169562370698
1671.0217511589449
1759.5190558464449
1802.0888556511325
1796.912905944101
1745.0105182487887
1660.0255182487888
1519.6107428581636
1346.4654694206638
1146.7667780144136
929.5808991081635
705.0662311394136
483.82822332691364
276.37461004566364
92.60019598316359
-58.69371026683646
-170.2294329230865
-236.619027649649
-254.66817071605527
-223.69746514964902
-146.867513977774
-19.45305108714905
138.33809149097578
327.4307868034758
540.3388727409758
767.485474303476
998.392818053476
1222.309751647226
1428.762173522226
1608.0695368034758
1751.8207184441005
1853.2960797722255
1907.8321149284754
1913.1692133171473
1870.1073041374596
1789.4694330437096
1649.3104974968344
1477.5639935905847
1276.7209076530844
1055.3215521843345
823.5309271843346
592.2030365593346
372.26221624683456
174.1476654655845
7.297411559334478
-120.31911187816547
-202.6092583625405
-235.71321099925927
-218.40429498363426
-153.43420221019676
-134.705757385978
-71.09917535472796
-17.55119683910297
26.38007269214703
112.84699652027201
256.30564886402215
434.34953558277215
643.6343012077722
875.2635394890222
1118.6961957390222
1362.6549848015225
1595.7538715202725
1807.0718207390228
1986.6907465202726
2126.186195739023
2219.059242614023
2261.116591246836
2250.8964966423437
2190.9965552360936
2144.400793517343
2044.243039611093
1887.346477111093
1692.3048364860929
1467.7157935173427
1224.0733911735927
972.8858130485926
726.0765552360925
495.4043091423424
291.89825445484246
125.32887945484248
3.7365454704674903
-66.96279534984507
-83.28617303539195
-44.44581659007946
46.72795294117056
192.53525762867056
378.9793982536705
599.4588123161706
843.9481091911706
1101.0793591911709
1358.8078552849213
1605.0115662224216
1828.0768982536715
2017.4571326286716
2164.1815271599216
2261.2949548942966
2304.2168640739837
2291.0456104118743
2223.1426660759366
2211.334923156015
2139.5717737419527
2128.0729175407805
2057.540549376718
1959.508615782968
1799.6683716423431
1599.637356017343
1366.974465392343
1112.3165552360933
847.5980005485933
585.3295630485933
337.96485601734327
117.29313726734324
-66.13131585765677
-203.50279046703176
-288.20330804515686
-316.1658471076569
-286.24088372875065
-201.60816888500065
-58.51177240062566
123.46482916187435
343.54887213062426
592.5719190056244
859.1917822868745
1131.0304736931243
1395.3729541618745
1639.8060205681245
1852.8255908806245
2024.3988525993745
2146.4638721306246
2213.3597656853126
2222.229708922617
2173.76707708668
2081.659098571055
1921.9006513054296
1721.7689716179298
1486.3161591179296
1225.9076044304295
952.6092841179296
679.2660809929296
418.80901068042954
183.61057318042947
-15.120794007070629
-167.89118463207058
-267.4011943976956
-308.9592559211331
-290.92875177074245
-216.25643243480496
-191.00320001292994
-115.58399102855493
-54.57442071605493
27.465003112070036
73.58401190113253
155.73457830738252
242.4494122917575
379.75026190113243
556.0890314323824
772.4459650261324
1022.2448517448826
1294.6446759636328
1577.156453307383
1856.579441588633
2119.726902526133
2354.0988556511334
2548.5118439323833
2693.672869323009
2782.6916876823843
2811.571887877697
2779.979600280041
2695.632276061291
2614.721250670666
2501.951299498791
2379.0481744987906
2194.370479186291
1965.9678229362912
1704.571221373791
1422.583428405041
1133.469815123791
851.1146784050409
589.1567096550408
360.33311590504076
175.8636823112908
44.90407293629079
-25.90526788402171
-32.773541809802964
25.033025573009567
145.0197247917596
322.54581854175973
548.8313849480099
813.49898260426
1104.17421697926
1407.1568927605103
1708.0795685417606
1992.5947247917607
2247.063220885511
2459.212127135511
2618.7305646355107
2717.7750470573856
2751.3607111198853
2717.623777526135
2617.98577947926
2455.25079901051
2239.70482244801
1980.3263263542594
1689.3100177605093
1380.473103698009
1068.5683380730093
768.5757599480092
494.9842755730092
261.09433416675915
78.37408026050912
-44.1002459113659
-100.09340020824092
-86.53118585277217
-3.6985979621471756
143.98742742847784
352.4090094597279
610.1719000847281
905.4239118034781
1224.336509459728
1551.8587164909782
1872.445474303478
2170.8032282097283
2432.6247711784786
2645.280044615979
2798.430171569104
2884.5360504753535
2899.2395148308224
2841.6137238151973
2714.4571222526974
2521.3074542839477
2273.893216002698
1983.0905402214478
1662.572864440198
1327.5622003776978
994.0638410026977
678.0944660026978
394.91225897144784
158.28157537769778
-20.194420716052264
-131.6415300910523
-170.35782647777103
-134.12064141917728
-24.421608216052277
122.46077459644766
352.4599738151977
635.3475519401976
957.5113214714476
1303.710305846448
1657.5371027214483
2002.1595245964486
2321.1128058464483
2599.0841144401984
2822.6471417839484
2980.909290221449
3066.037249205824
3073.6266461784803
3002.851362975355
2855.8099078972305
2645.85981024098
2375.21572820973
2058.4288727409803
1710.7427008659802
1348.78844305348
989.9124274284799
651.3769196159798
349.5443414909797
99.09606024097968
-87.67249444652032
-201.4434124152703
-236.31903253245784
-190.06521905589534
-63.91751397777034
-17.503060852770332
102.33488836597951
304.7820368034795
555.2974664909798
863.2433063347297
1213.6440875847297
1589.8857672722297
1974.12225164723
2348.07014227223
2693.8660797722296
2994.915982115979
3236.689478209729
3407.418696959729
3498.6638532097295
3505.707994445081
3427.7079065544563
3266.980933898206
3039.7042737419556
2745.754078429455
2401.767515929455
2024.366890929455
1631.6172424919548
1242.335015929455
875.2297424919549
548.0228870232048
276.60388311695476
74.26919561695479
-48.91526727367025
-86.58912957835774
-36.353113953357735
100.45609503101727
277.94343878101716
497.8208997185171
763.5894348747671
1088.1438294060172
1456.1323840935174
1850.2027356560177
2251.707462218518
2641.5739075310175
3001.2087512810176
3313.386192687268
3563.0748840935175
3738.163380187267
3830.047930968517
3834.0511817009387
3749.6361719353135
3580.2334570915637
3336.0794922478135
3025.5607813103134
2664.159179747813
2269.087656310313
1859.170898497813
1454.001015685313
1073.0160547478129
734.5753516228127
455.08054693531267
248.18664068531263
124.14164068531261
89.28950445484385
145.77062750171885
291.5093970329689
528.8010181267189
824.7902564079687
1179.3305298454688
1575.706897032969
1995.2177954704691
2417.9989673454693
2823.9571704704695
3193.72521734547
3509.5878150017193
3756.3325415642194
3921.984318907969
3998.3871167595316
3981.601339171641
3872.0797180778914
3674.341749327891
3399.5692688591407
3058.64462042164
2668.03415167164
2246.31661260914
1813.5864563591401
1390.5288782341402
997.4420813591403
653.2699329216404
374.6944251091404
175.33253057789034
65.0772376091403
49.617061827890296
130.16847296070281
303.53200811695285
557.0275745232029
886.8924573357029
1274.540543273203
1701.6101526482028
2147.9031213982025
2592.2548792107023
3013.523746398202
3391.594097960702
3708.3370471794524
3948.4805042107023
4100.345260070077
4156.408868468515
4113.66028448414
3973.665235656015
3740.691153624765
3432.388634093515
3058.074102843515
2635.921876281015
2186.067930968515
1729.9792590935149
1289.478321593515
885.715470031015
538.1625403435149
263.6812317497649
75.71263799976487
-16.370311218985137
-7.709297425039825
101.8504291374602
308.2308392937101
596.1499799187102
959.6207221062103
1379.5890814812103
1836.0674799187104
2307.4120892937103
2771.23396429371
3205.4383002312097
3589.2700971062095
3904.303690856209
4135.325253356209
4271.062792418709
4304.72195257496
4234.274403746835
4062.2832318718347
3781.4220404655853
3450.296845153085
3053.036376403085
2608.082079528085
2136.474579528085
1660.6425482780853
1203.3074310905854
786.3925092155853
429.9714154655852
151.30262640308524
-36.005479065664815
-122.66037164378983
-104.15544000316483
18.948954528085153
240.57266546558503
554.7125092155851
941.9030560905851
1385.3189154655852
1864.2605560905852
2356.1573920280853
2837.716767028085
3286.0501654655855
3679.7721185905857
4000.028095153086
4231.405087340586
4362.682977965585
4387.395753844492
4304.198126891367
4117.201290953868
4018.1249725944926
3831.8229218132424
3746.7581268913677
3547.5100214226177
3260.8497675163676
2927.0660175163675
2528.5126190788674
2076.168517516368
1590.3563690788678
1093.8087128288673
610.0441425163673
162.1196893913674
-228.51726373363255
-543.0823418586325
-766.3810527961326
-887.5799688117577
-900.8207586066795
-805.8037273566795
-609.6228679816795
-464.72403009105443
-267.10483087230443
-104.25838555980442
104.08372381519564
367.02196600269576
724.9351691276956
1152.553684752696
1630.7374347526961
2137.109778502697
2647.7657160026965
3138.4920441276963
3585.943919127697
3968.7700519401965
4268.642376158947
4471.145227721447
4566.485803893321
4550.006090758555
4422.543883727304
4191.441618102304
3855.447789977304
3446.2932196648044
2978.1879071648045
2472.817399352305
1954.0649774773053
1446.6100556023052
974.6952118523052
560.9486493523051
225.29060247730513
-16.03250299144497
-151.24512994457018
-173.6445781867577
-82.02701959300771
118.71913275074226
382.6150702507423
767.4894452507424
1223.305734313242
1729.2859296257427
2261.6792890007428
2795.321046813244
3304.8903436882442
3766.1345233757443
4157.035812438245
4458.871828063245
4657.122941344495
4742.186535094495
4709.877721617933
4561.763297789809
4306.223356383559
3945.518004821059
3507.9839813835597
3011.28101263356
2478.6036688835597
1935.1797626335597
1406.8852704460596
918.9694110710595
494.8339032585594
154.9043329460594
-84.35838189769066
-211.2639287726907
-219.4878399055032
-108.47325982737817
116.00627142262192
441.3597675163719
819.2891815788719
1265.3883612663724
1768.8886347038726
2307.4401581413726
2856.0487518913724
3388.9362909538722
3880.9206268913726
4308.671994078873
4651.858986266373
4894.151662047623
5024.052218688248
5035.554578307389
4928.779090026139
4711.940164244888
4573.104295104263
4322.2216974480125
3925.5291193230128
3457.8053302605126
2932.203455260513
2372.3180646355127
1804.3104865105124
1255.0333771355124
750.6035333855123
315.10146307301227
-30.610021301987786
-269.9137322394877
-391.2808220832378
-388.92942514109916
-263.45017709422416
-23.918966156724196
119.88561392140059
359.6593834526506
509.0020885307756
774.3122252495258
1184.3359361870262
1665.8577721245265
2208.800818999527
2789.3297643120272
3380.596795562028
3954.886209624528
4485.126092437028
4946.246131499527
5316.410428374527
5578.094432280777
5718.975799468277
5732.643757231948
5619.289548247573
5387.836462310073
5171.146950591323
4811.287888091323
4345.534059966323
3806.530934966324
3220.3872240288238
2615.1330052788235
2019.6780834038236
1462.4927318413233
970.2695287163233
566.6577318413233
271.13802481007326
98.09525137257322
56.140461333510714
147.73945547413572
369.3184398491358
715.3053148491358
1152.783283599136
1674.8679320366357
2255.5065648491354
2866.947736724136
3480.099885161637
4065.788635161637
4596.1113695366375
5045.753908599138
5393.191721099139
5621.712131255388
5720.2024730522635
5683.646144927263
5513.2072386772625
5214.881398833512
4821.927375396013
4327.636281646013
3762.657414458514
3154.590266021014
2532.6189769585144
1926.5130785210144
1365.2954613335144
875.8887816460144
481.8446800835144
202.2284886772644
50.72041250538939
34.992071440936265
156.45049917531128
410.79762808156136
798.0552843315616
1246.8120030815617
1780.0220421440617
2372.461534331562
2996.1089171440626
3621.4156358940627
4218.702159331563
4759.568096831564
5218.245128081564
5572.827510894063
5806.321006987812
5907.459747222188
5871.250557769064
5699.213506987814
5399.254210112815
4986.495342925315
4479.029913237815
3901.363194487815
3280.964522612815
2647.3576866753147
2030.7419835503147
1460.5610851128147
964.1024523003148
565.1958507378147
283.0738976128146
131.44950308156461
117.85546621633026
243.2815111382052
502.15162832570513
884.0763548882051
1367.1925658257053
1931.2536595757056
2549.547018950706
3192.8042455132068
3830.5298314507077
4432.440612700708
4969.904089263208
5417.302487700708
5753.256237700708
5961.647800200708
6032.39602773977
5961.9413402397695
5753.404211333518
5416.207180083518
4967.905148833517
4427.953156646018
3822.312375396018
3179.805461333518
2531.0247972710185
1906.9059300835183
1337.2628050835185
849.3696019585184
466.66007070851833
207.6069261772683
84.83606680226825
104.52011099172138
266.08935903859646
562.3510973198465
974.1918785698465
1491.5629723198467
2086.1162926323464
2729.6228551323475
3391.583558257347
4040.5916832573475
4645.8094566948475
5178.430980132347
5613.053753569847
5928.891253569846
6110.767425444846
6149.843138335471
6044.031751616721
5798.032982085471
5421.774583647971
4938.381224272971
4366.46856802297
3733.6275133354707
3070.0251695854704
2407.2862633354703
1777.0317320854701
1209.38563833547
731.5438023979702
366.4775914604703
131.83675161672033
39.105306304220335
93.05751333547036
291.56874380422033
626.1089391167204
1075.7605016167206
1626.3957359917208
2249.964056304221
2916.779212554221
3595.1936656792213
4252.990931304222
4858.893118804222
5384.042064116722
5803.371868804222
6096.804114897971
6250.205765288595
6256.058746855978
6113.786481230978
5829.5583562309785
5403.954606230978
4889.625621855978
4290.168668730978
3634.476012480978
2953.826793730978
2280.676090605978
1647.1566765434782
1083.562574980978
616.9105437309779
269.6530046684778
58.6065788872279
-5.849231659647103
79.74605154347785
311.8541765434778
681.1306999809779
1163.0908171684778
1742.5660124809776
2390.7167937309778
3076.662809355978
3767.8242156059778
4431.360074980978
5035.7039031059785
5552.057184355978
5955.758356230979
6227.4573991997295
6354.036285918479
6329.221818145042
6153.819240020042
5835.192697051292
5413.528907988793
4867.2000017387945
4238.289454863795
3557.410470488795
2857.157579863795
2170.9810954887953
1531.6760564262954
969.8462517387954
512.4563689262955
181.5517595512955
-6.787459198704482
-43.19898019479823
74.5714104302018
341.85988699270183
752.005277617702
1263.947621367702
1872.095511992702
2545.605277617702
3252.1846526177023
3958.1759807427034
4629.972699492703
5235.569144805203
5746.066176055203
6137.038871367702
6389.693168242702
6491.746771758328
6437.966576445828
6230.212025664578
5875.712220977077
5419.274486602078
4844.312494414578
4189.381517852078
3486.7165959770778
2770.1076897270777
2073.871752227078
1431.343861602078
873.331361602078
426.66491628957806
112.93235769582793
-52.53381417917211
-61.34546029733618
87.6895299370388
389.31415884328885
845.5581041557889
1370.6886900932889
1992.144432280789
2678.9259947807886
3398.204510405789
4115.757557280789
4797.45169790579
5410.827518218291
5926.63079946829
6320.199549468291
6572.634178374541
6671.687654937041
6612.311849272979
6396.730911772979
6032.959700835479
5559.599271147979
4970.22169302298
4301.34044302298
3585.594114897981
2857.3140367729807
2151.334271147981
1501.4298570854808
938.7415758354807
490.30657583548054
177.77932974173063
16.41178091360564
14.359487670197437
172.4154154045725
484.6632083733224
954.9852005608225
1497.388833373323
2135.025317748323
2836.660161498323
3568.854692748323
4296.809458373323
4985.916723998323
5603.378872435823
6119.759731810824
6510.382466185824
6756.502856810824
6846.195649779573
6774.8943900139475
6545.4714993889465
6166.867358763946
5671.937593138947
5065.142085326447
4380.500210326447
3651.134272826447
2911.943882201447
2198.245835326447
1544.161343138947
981.0146634514467
535.8509525139467
230.15364782644667
78.82880407644672
89.51979894949358
262.3431387932436
590.4883731682438
1074.146537230744
1622.511849730744
2263.929662230744
2971.1720059807444
3711.3685684807447
4449.684115355745
5151.216771605746
5782.721224730745
6314.216927855747
6720.433334105747
6982.0341153557465
7086.572123168246
7029.1603360588715
6812.972035277621
6451.028871215121
5930.174300902621
5321.600707152621
4635.047191527621
3901.4722696526205
3155.2410196526203
2431.6395352776203
1765.0260977776204
1187.1392618401203
725.5571524651202
402.35869543387025
233.0357071526202
225.681667235628
380.392575438753
688.2026730950029
1103.4932980950027
1680.984196532503
2349.018884032503
3080.0841184075034
