0.0
0.0
0.0
-8.443791011814031e-07
-6.149063847260551e-06
-2.39662041713018e-05
-6.330015676212498e-05
-0.0001363547712389845
-0.00026124361043912354
-0.00045847206449252544
-0.0007487216319714207
-0.0011475202914152758
-0.0016700093176041267
-0.0023280316319142
-0.003140467229095519
-0.004121457758155884
-0.005278854491916717
-0.006629135879484237
-0.008188376250473084
-0.00997495574018103
-0.011991296681371751
-0.014241089048591676
-0.01672631588837249
-0.019446506175008843
-0.022404665323701924
-0.025576545866933892
-0.028957473608461452
-0.032543191584554744
-0.03633138415476425
-0.04032180604597672
-0.04446761784216507
-0.048802199336496425
-0.053385488065687256
-0.05831967172285661
-0.06372712967058763
-0.06968410846850023
-0.0765116429056798
-0.08463698086401567
-0.0945993441071187
-0.10689916906019795
-0.12186680969854939
-0.13998902616163836
-0.161694443794695
-0.187352984520403
-0.21711916026732075
-0.2509565263714467
-0.289010277363268
-0.3314475589718495
-0.3784405475582754
-0.4299922328915273
-0.48604696330687164
-0.5465113836254751
-0.6112560325588858
-0.6800861364330926
-0.7525566059078851
-0.8283201080288568
-0.9065731817211785
-0.9863936811413446
-1.066693993183581
-1.1460389381375
-1.2233951765026734
-1.2968107419933963
-1.3641853052105595
-1.4232476430859256
-1.47147709426543
-1.5074138170208622
-1.528634672733753
-1.532968525561302
-1.5185994454946212
-1.4842158385839155
-1.4306176253881142
-1.3580553742971109
-1.267407924803703
-1.1601374360646892
-1.0383226129140544
-0.9055591985311198
-0.7639117547597574
-0.6153592702474282
-0.46184110847374654
-0.30543514457604143
-0.14882871833702777
0.006687743989022055
0.15972734245398795
0.30858496460059437
0.4523698595438317
0.5905727651987391
0.7228674868021328
0.849014146653207
0.9688103273783047
1.0820661524210293
1.1885914686594325
1.2881893232736905
1.3806525400553067
1.4657615641031583
1.5432824591074308
1.612963855591806
1.674531362381967
1.7276764992151583
1.7720337990198456
1.8071314648065888
1.832279672947916
1.8463032976065008
1.8468647236276594
1.8286878222871747
1.779445635740849
1.6814176244188277
1.6046928710390058
1.6252796811510053
1.6731786889482463
1.7449060410905803
1.840659949247929
1.9610301751543011
2.106561495726201
2.2775969762254684
2.4741736478258103
2.695930087034795
2.9420202512193656
3.2110393781114555
3.500973116819951
3.809183527891729
4.1324430341173155
4.467019411985968
4.808803049986456
5.153452670042609
5.496525790159796
5.833559023802374
6.160075175230597
6.471522013609504
6.763189951841925
7.030207278196905
7.26774891561756
7.471564337675664
7.638775851194951
7.768654667799565
7.862954222624393
7.925573746626468
7.961727978651615
7.977037664120288
7.976863674008491
7.965969389760139
7.9484333039161
7.9276960230704585
7.906655006491785
7.8877604652282045
7.873094346606377
7.864429392301683
7.863271383130197
7.870889161312228
7.888336554252748
7.916469224178438
7.955958388530855
8.007302392208222
8.07083630868161
8.146738656246308
8.235032380306366
8.33557212182248
