0.7096530158705872 2679.0474919295057
0.4611185119437621 2796.937653722255
0.6520948743636119 2831.5951083266227
0.5356352812920735 2496.7885560472987
0.5607287919603205 2612.5695200174023
0.5614084177715751 2710.2507323237687
0.7224707928198659 2828.440485672448
0.6115838469329842 2813.2856074796873
0.6710228940108184 2636.102921038399
0.666251779513073 2621.156559628709
0.7596595588629395 2676.8314674917897
0.6021405540690772 2433.9915153879647
0.7295896292175562 2592.632989140792
0.7658542150090677 2852.5292061147693
0.6634063766722811 2643.245801261513
0.6849246503324247 2672.821131297788
0.5733540565964037 2375.1362317628145
0.6679064754188382 2432.9267381736627
0.6903394665540565 2641.654060126778
0.6521259971532453 2641.384295849175
0.6894538693382372 2699.038334883468
0.6625433329232792 2757.7619981769494
0.6178697929681746 2784.425172178071
0.8213278506921808 2414.9565872381345
0.5354721241665191 2383.174954402204
0.630865478367846 2483.591140890476
0.6222627862324345 2567.6569369250587
0.6760838634380945 2771.8906168760263
0.6019554018350957 2590.437460614741
0.6882951632645348 2554.3012078321617
0.5620248173100435 2505.7316958444367
0.7071175593462202 2717.474692995662
0.6706686447862867 2425.62955158464
0.533928812836566 2709.5847408261834
0.4698250889904151 2511.5438260684227
0.6046868626968204 2756.3485422395015
0.6447255291235576 2599.5580435690736
0.6622078228775066 2442.153042015562
0.6731806733576049 2794.3757374859024
0.3025276664590511 2594.5743614090134
0.7034585222315101 2448.3402970953707
0.7595817523788333 2619.355416220642
0.6958804658284481 2484.4363805092767
0.725652773759401 2756.8342126368716
0.5780688923802193 2592.758011273324
0.7491753406623347 2533.5712033309974
0.4875412742860946 2325.8710438018925
0.6620500396489407 2778.6868144507716
0.6569165730315937 2482.805216768653
0.7923743757447692 2524.159301425876
0.6645088995850423 2821.3778251313124
0.5757678557269771 2787.672215391147
0.7321815409578358 2470.1247595223194
0.6333719461690138 2368.5358792861757
0.6946373276628636 2513.111233189402
0.592946812752989 2811.399031454731
0.553025510736324 2666.894116098074
0.7113384042798455 2517.8182297951575
0.5331554581856327 2817.0116119350446
0.5982534105824618 2784.248868422683
0.6833519796195479 2776.8005346212094
0.6846127566991341 2597.7147549281335
0.4734493566622356 2766.586692040918
0.6400679943230926 2381.640772223099
0.6945332346716141 2506.920842060508
0.675313373096076 2447.6551593585627
0.5716196227286592 2637.573566665823
0.8009129245167799 2773.2330573365903
0.5775808807940414 2757.8408670646227
0.7694426406424868 2397.5063855981116
0.7343948017376505 2696.1113475204465
0.6855740140873182 2662.421488533374
0.6100355531043776 2769.179341276348
0.6032765138683148 2530.417122699486
0.6557184843811926 2410.3504182954484
0.5027893856908698 2452.4965567625236
0.8451938268771458 2509.7165557884045
0.7007762637264618 2823.439970388996
0.5873603818145509 2679.3812660287836
0.6207148570494225 2731.5409416546536
0.7184981901398539 2578.387428430593
0.5250810393364034 2628.95946278653
0.5830891545017718 2413.604719877048
0.49416143424000847 2669.12823936328
0.6136417688585636 2533.2580555003988
0.6520067862327799 2566.3232819192854
0.6400419214059445 2644.622806942027
0.5451326074467515 2672.0262462672167
0.5894306218234118 2367.691555189067
0.7379771796943445 2562.886585144346
0.7075464174644334 2369.7042624147275
0.8101385970164305 2488.7568037738665
0.755068050247111 2926.383925843759
0.5327194729597522 2473.282855125366
0.5453392359449969 2837.4924606346785
0.7408950834661351 2500.067640530474
0.5347948934448485 2338.5868721710876
0.7519275080211356 2615.330580363393
0.7341240967745262 2715.5405859666225
0.46578937005865495 2407.5460714978144
