0.8227020459088249 4148.7855688872405
0.9620754258281958 4223.83118140431
0.9105158645514995 4176.85859400656
0.9529531547061009 4201.414775859241
0.9411620846497019 4126.351993775207
1.0087923557780678 4324.354933303726
1.1544603488234948 4009.6686578706745
0.7475876866806191 4061.5818417877617
0.9791640573679515 4566.019467323756
0.8898504919858334 4047.019152999106
0.8888508666238353 4430.06474442443
0.9652469738952075 4546.9824065787
0.9328788058076446 7625.644748788824
1.0450265614176155 6436.221555180052
1.0621667845283116 4218.437244725292
1.1474553302397106 3968.9853525999006
1.0181252016312587 4115.695450678969
0.9901863542169429 4368.935306476641
0.9641951265199591 4406.864628289196
0.9453953102382716 4297.947948341021
0.8728577787620772 4224.900235890911
0.8894069605971611 5133.996528211646
0.9506403617808299 4225.2324400174275
0.9836570073412539 4129.260174337062
0.9673023351709514 4108.934439453076
0.8405621423625603 4171.7523615793
0.9574573650703327 4275.582893161989
1.1729055256349092 4031.986857780143
1.2276676960000141 4358.538383245534
0.8925394273857299 4074.2871801819965
0.9860084596518132 5457.897543614401
0.9586194013811464 4516.607553556672
1.0321946588262967 4385.883080698643
0.907652746045443 4516.607553556672
0.8431515174249258 4196.484325762314
0.9787228218872059 4060.7098930995303
0.9543777690682291 4094.7458834758454
0.982119919624312 4123.58235140031
0.9807722423927359 4212.699482584197
0.8341055953792091 4069.4774541851457
1.1511077278404955 4171.512533138988
0.9636400495332121 4090.426923596021
0.9442209386972066 4250.40295000687
0.9658766284510182 4379.984149684533
1.0757142278879215 4060.308643087354
1.0819043501230832 4547.667393187831
0.8128051421775612 4403.605643523293
1.0092337123418407 4500.301286213159
1.0142377367159452 4391.453393636962
0.9944609908758707 4252.592109913025
0.9265378452020088 4128.724789255622
0.906824604286057 4478.026058593412
0.921702625233729 4394.103394392036
0.8933054234070626 4266.3376814560415
0.936470104549428 4189.729829463108
1.0896764535041774 4185.625119130866
0.9060894119853531 4157.1860287822265
0.7609521912248587 4516.607553556672
1.231915029106424 4317.23040355419
0.8695608719336629 4089.1574582591093
1.1143137557742637 4305.658009889486
0.8731112585282266 4115.079794423389
0.9392403232528019 4343.021318208005
0.9181782883797812 4060.8855691782765
1.0182543642425466 4258.686863650328
0.8747808972736567 4240.341771816253
0.7563054700706616 4437.316636770536
0.9769387710671144 4112.0168503418345
0.9343765503848919 4287.85119953986
1.0761038617532372 4515.346112672132
0.9461002226948636 4211.12558790519
1.0738778776568128 4365.280936543796
1.0975813673789199 4107.62412476612
0.8509780024627823 4300.20020747829
1.0188768175249305 4463.056291356922
1.075125329554709 1050365.157322178
0.7641880356892008 4047.2939076878124
0.9765586675631305 4834.416035535335
1.1948200707310797 4368.639555537631
1.0918744752854632 4508.402202093141
1.0834195318932494 4075.906774787724
0.9328717109750995 4668.315415320478
0.8183434281070207 4078.0037520068745
0.9747338186053982 4057.1583943572277
1.0553198744825194 4206.280886574427
0.8544090855386945 4355.602389906185
0.9666789210585908 4304.369215142885
1.0414498094212794 4242.147860986819
0.8908363122533548 4349.021476893417
0.8680931924786208 4278.284989368014
0.7371666486109724 4340.470418858245
0.9306948475575223 4274.726398316743
0.97144206374279 4108.166344198121
0.967543793945344 4194.42039482725
1.0014452121741348 695065.2359923291
1.0716902919230198 4102.214398893995
0.9935156603129174 4180.220895326152
1.0138349734071266 4548.195481807794
0.8137483544030899 4373.509421553292
0.9157375377055919 4054.586933842832
