0.0
0.0
-2.706626546569169e-06
-1.5758495428599415e-05
-5.209375231061129e-05
-9.779163694474845e-05
-0.00014381444139871747
-0.00022856151743326335
-0.00029879423847887663
-0.000321635334403254
-0.000249155792989768
-0.00011052785033825775
6.366463785525422e-05
0.00028842682426329715
0.0005856091383611785
0.0009830921742832292
0.0014369560632621872
0.0018806070316350094
0.002407460645190441
0.0031220079812919726
0.004142971471301281
0.0054970210645115
0.007191235557547771
0.009384282216778957
0.01217785237764474
0.015572282955399714
0.019313645348302093
0.02309193430875894
0.026810908303013997
0.030489492103806692
0.034236141428700635
0.03804546205734368
0.04202260820602531
0.04598643331264611
0.04954625158046838
0.05211145369743464
0.05282586945628283
0.05110741762851832
0.04585878400539515
0.03590773372387049
0.020045427367440437
-0.0029230794456088713
-0.03338664384151341
-0.07215838761592747
-0.11970638127590061
-0.17597667546535373
-0.24009353490138885
-0.3094187817123019
-0.3809596523788058
-0.45052978368068564
-0.5135100206878268
-0.5670313534286107
-0.6122899374511325
-0.6541287550475681
-0.6944120869186008
-0.7309483036544406
-0.7591212210204684
-0.7735770937945925
-0.7690501636412226
-0.740790631189593
-0.6848884409811579
-0.5985693854239069
-0.4804532641317926
-0.33075379551912176
-0.15143576802278386
0.05362545786832934
0.27851397334074146
0.5153913384530462
0.755073764905683
0.9878886300179879
1.204385402784101
1.3957607346627632
1.5541830903146185
1.6732014256570258
1.7482388335320866
1.777003684625379
1.759614482507459
1.6983778148744022
1.5973719936463746
1.4620790821168335
1.299248805627576
1.1171791606995976
0.9269539218995487
0.7456741291139042
0.5957477909181035
0.4609017044160283
0.31154120026563764
0.17394506989454392
0.06112670479749799
-0.020325331106432726
-0.06696156443620567
-0.07754881443048363
-0.05236864866281396
0.007208091602078526
0.0988606470677767
0.21941225229238603
0.36496287523244964
0.5310975760075962
0.7131605833623327
0.9064584654424106
1.106056300983182
1.3051763647649204
1.4925550573918738
1.652595416888944
1.770880967960111
1.8388467758748448
1.853500389442197
1.8153883665654575
1.7272344702336704
1.5942534178349888
1.4235909956548127
1.2237425917241485
1.0040917700383574
0.7743887442204864
0.5443303793523223
0.32284730134939266
0.11756690202688291
-0.06525023283029485
-0.22044108213449407
-0.3457174283411592
-0.4418834859278292
-0.5105174762156099
-0.5500718337442965
-0.5564920467283816
-0.527959782495746
-0.46519221962953505
-0.3704476422216981
-0.2465927380468934
-0.09521459282899797
0.08127294836973248
0.2798021727654844
0.49677690802549423
0.7283092146966368
0.9718846922967347
1.2241370230767643
1.480896189794294
1.737204554662458
1.9875024443719307
2.2274471121880928
2.4516311865899483
2.6536540442559637
2.826292727575056
2.962153399572126
3.056311848745099
3.1041668301675234
3.102457920298329
3.050632406458607
2.9526599275920296
2.8189556753489873
2.662800070032825
2.4995055448863406
2.345110613093128
2.214988151774158
2.121238027796497
2.070886994585743
2.0654686200473216
2.100763818011036
2.166873084292164
2.247813092455616
2.3253709328029055
2.3816600525233644
2.401411478504886
2.373632731423129
2.2920811128470793
2.1577319574210536
1.9769920396659266
1.759201989159335
1.5145025110099208
1.2521894883963953
0.9811172532889734
0.709135098442782
0.44293268679117065
0.18815884111856318
-0.050508456244718
-0.26883368970419064
-0.46282092572714006
-0.6285787534859294
-0.7624826955940835
-0.861683917060148
-0.9234072351601237
-0.943205508008253
-0.9109008062031383
-0.8153974187519664
-0.6756683862354869
-0.5342124879505747
-0.42748699547315777
-0.38046657921339205
-0.4044769251492135
-0.4925018942501656
-0.6188800776150338
-0.7448755514767281
-0.8275306952145212
-0.8333452630188578
-0.7513823723938579
-0.589161856189024
-0.3660081124451274
-0.10746279002691447
0.16174014805291947
0.4217045760009177
0.6586822676513084
0.8646594595763571
1.035944726452578
1.1712098955962549
1.2683744025084862
1.318123533711184
1.2807922386977564
1.2660436308238396
1.2415780746791252
1.2182491552684196
1.2016922330710775
1.195152974710215
1.2010102772567162
1.2200089406821617
1.2513659858558066
1.2920567798468954
1.341442441925753
1.3983342838141808
1.4614429139945395
1.5300461101386436
1.6032459878775962
1.684712853417147
1.7790306711051354
1.8913995504233725
2.0265731000754723
2.1866774701926603
2.3694239568564788
2.5625992345664397
2.717124047264804
2.591908955559482
2.6246537828299896
2.655108375534763
2.6452237677428623
2.61604710100626
2.60192627905344
2.6016806993674244
2.6144351527880634
2.642353958864113
2.7746502826403585
2.9400329539965595
3.100551848192116
3.2355531261156996
3.3412222526263196
3.4269418094347914
3.512052826661965
3.6269852683733905
3.8171588180254905
3.9590949676226583
4.074381489534279
4.301058754701516
4.65734384991636
5.115323662538431
5.626313996095561
6.125238594789409
6.538011345643901
6.785916161317729
6.784711820487284
6.467400857810282
5.863536455039285
5.110680391196512
4.351625444297097
3.694833452109597
3.2198995608132104
2.974280340079568
2.966376666430734
3.1730891412537323
3.5519038003723846
4.029583701495431
4.514384345416329
4.925849646930001
5.209211520556709
5.342232932452461
5.298767094020149
4.86181744039466
4.4001210445206365
3.962941975001594
3.6243756145279606
3.4250983470719056
3.3856861537735656
3.5113361018936824
3.7880758327286435
4.196115269068976
4.737919201258917
5.318427814845343
5.710383686427375
6.1560252422135076
6.597123417262336
6.969326824549933
7.213471359614631
7.28212590158393
7.1431304353516305
6.783085498217842
6.210421542529366
5.474955081347725
4.6866243928711615
3.8812496370117873
2.936025256518623
1.9035547822754588
0.8413570588867869
-0.18634534895012722
-1.1159323698241508
-1.8908677488524717
-2.4664309507567683
-2.812390461559991
-2.908048487301568
-2.75061974584649
-2.359165354366998
-2.0157050424773493
-1.4598759180266656
-0.7947608667571346
-0.3019696146209041
0.044916524295111726
0.45400900781561937
1.0152557271759712
1.7184172719757762
2.4980478566925735
3.313673314456245
4.132980031375191
4.929736165408395
5.683128346804878
6.378514546756049
7.00724318445136
7.565781239871282
8.051883344058293
8.46761946618964
8.818949078921575
9.115167130831976
9.367596387271185
9.584556950930851
9.754896668795842
9.808592132930059
9.737697944049138
9.623089074496525
9.477917193774479
9.304828071002262
9.106042765979069
8.883839282397526
8.640215377215641
8.375783843402164
8.091577090625064
7.788929938678043
7.4693947976868325
7.134531783465641
6.78443927705695
6.420179061297671
6.043726157550113
5.657930106524722
5.263954123858706
4.862179259661929
4.452665633563296
4.035428275470034
3.6106128686707173
3.178573912982241
2.739789161090151
2.294455260638491
1.8414872354309713
1.3765429681580221
0.8889114755432763
0.35844516694952644
-0.2431531912047704
-0.9411335378844579
-1.741253014202817
-2.6258833700377777
-3.566378822918637
-4.535259743328794
-5.510104332562192
-6.472809639569029
-7.408031731243835
-8.302035256024109
-9.142040672894225
-9.915920754070982
-10.61211574613641
-11.219683495159849
-11.728436165447937
-12.129134979840025
-12.413726235028012
-12.57560716688226
-12.609910565014586
-12.513789749737485
-12.286668472882015
-11.930393486614925
-11.44920860349725
-10.849508972759944
-10.139475556011895
-9.328840714092951
-8.428954620953302
-7.452997208233576
-6.416026993389826
-5.334755554791194
-4.227153168316585
-3.1120146948058425
-2.008540573712092
-0.9359380346495916
0.08696968019415852
1.0421347802918142
1.9126810449402516
2.6833051294129078
3.3406823724549
3.8738742440979665
4.27472892702033
4.5382430452149105
4.662787322406072
4.649941733483572
4.503443282250662
4.2268991881649685
3.822107051018972
3.293296435479421
2.6553773909847918
1.9326573592465106
1.1508295851986592
0.33342258751799525
-0.49808665930817664
-1.3236284226138408
-2.124210316534739
-2.8818749588687234
-3.5798244827945047
-4.202627827521067
-4.736462551947336
-5.169360958929758
-5.49144149481843
-5.695110909338694
-5.775223404761057
-5.729180847998362
-5.556944748755197
-5.260890023108224
-4.84528535544465
-4.314597946997383
-3.6672094124514847
-2.9000343483645703
-2.1336548775393758
-1.373933426733711
-0.7349260491091996
-0.09958547293732467
0.5866713935177539
1.2639971381466593
1.9378646308224408
2.6098288947384565
3.2810535651486132
3.951852973107597
4.622858985070487
5.294915259484549
5.969026587609549
6.646300070885917
7.327004416589041
8.011809256676933
8.70176409066131
9.398278220299984
10.103080008630062
10.81678919136932
11.540576727990414
12.276124594811705
13.025565741662291
13.791412680749206
14.574676917199401
15.377027304772646
16.200708869103703
17.048447592858583
17.923352912072453
18.82678621590546
19.760861456994324
20.728337195519714
21.73250330269745
22.77703012764862
23.86377634346893
24.995309394006043
26.17466356575897
27.404985907677915
28.6888891059201
30.02641550362518
31.416684516076355
32.857494452599795
34.34714914620332
35.89397257149629
37.53564615548067
39.334442542199426
41.31677866280489
43.456898444299036
45.72832926094944
48.1174541693967
50.61526682198459
53.21014139473849
55.88441721260959
58.611746314172095
61.36236551583225
64.0974656134885
66.76801065743382
69.31427667916232
71.6662951117795
73.76526605904513
75.5500091010373
76.96086557686738
77.94541704476289
78.4649873191159
78.52888804257326
78.15912913144047
77.3859533196729
76.24250979245122
74.76026034176762
72.99448733151372
70.9852476769727
68.76059740841802
66.340117519502
63.73821810543949
60.9950946313184
58.13849337399418
55.185814540986364
52.14593569577152
49.02057497799808
45.8274560815137
42.55569613278324
39.128155239228555
34.91643526852543
31.1606952172559
27.75722811520512
24.10281405270512
20.194671047334026
15.978498256806683
11.378385646943402
6.3071457177441825
0.6732345849316808
-5.612929965849567
-12.632553378935507
-20.448554355498008
-29.08613980471676
-38.50423245608395
-48.57240567385739
-59.06447842776364
-69.65732754885738
-79.93659024416988
-89.42888089358394
-97.68011258303707
-104.37305752932613
-109.46928799807614
-113.1978826636035
-115.93903287112303
-118.10814419924803
-120.4933707922656
-124.22243359744137
-125.70442212283201
-128.1904424780566
-131.1081899756152
-134.41536740481442
-137.9050466650683
-141.30969479739255
-144.33917050540035
-146.7079392737109
-148.1556837195117
-148.46862702548094
-147.51798096835205
-145.31949128329344
-142.08624421298092
-138.2316088980395
-134.3575479239184
-131.25266663729727
-129.7865998953539
-130.65941834628165
-134.03946473300041
-138.6637732046801
-146.73915223300042
-155.9321978872973
-165.2633429068285
-173.9352343863207
-181.36902589022696
-187.22758485018792
-191.3961334341723
-193.88317567050044
-194.97718476473872
-195.4706849402148
-196.48631253420896
-198.19239697634762
-200.13009625613276
-202.2297831457812
-204.61049039065423
-207.43691769778314
-210.79511075198235
-214.69807767092766
-219.0701986426073
-223.7863775366503
-228.77366971194326
-233.93028165041983
-239.1201492041308
-244.15789822756832
-248.85492093264648
-253.11902951418946
-256.8476574438769
-259.88381100833
-262.15614926516594
-263.8932169836718
-265.3674764746385
-266.54219678103505
-267.3293113440233
-267.628336574431
-267.362074100371
-266.57451840579085
-265.2894996374803
-263.4784301489549
-261.0721818274216
-258.01179303347635
-254.35382245242164
-250.13218060671852
-245.31953778445288
-239.84989606082004
-233.67146161257784
-226.84761517703095
-219.42436810671848
-211.3772318762497
-202.64946637332002
-193.20463055789034
-183.11290692507782
-172.42965008914032
-161.12975140749973
-149.17315106570285
-136.56206341921848
-123.41588299929661
-109.8884806555466
-96.04991742312473
-81.95843793093721
-67.70278485476534
-53.41245770632782
-39.2250736731247
-25.111263858671563
-11.07755292117156
2.7919124108596876
16.38545000851594
29.529053524140945
42.10941851437533
53.907466610078465
64.61076983273472
73.91114947140659
81.32465472043003
85.95701281369176
86.34802832425085
84.55202048123328
85.9484053689286
86.87958159268348
86.71884272397008
85.42316538632359
83.06032130063024
79.82116419613804
75.82312159359897
71.17725245297396
65.88989405453646
59.87473170102083
53.05823511898958
45.247983043794264
36.3075820428177
26.027809093598947
14.157689464692691
0.5249257928176831
-15.039185535307311
-32.52634129702606
-51.88061986147918
-72.95681370913542
-95.44803197085416
-118.95192845522912
-142.91982884585417
-166.71000950991663
-189.58419896304162
-210.8507175177291
-229.96629979311976
-246.5855588263229
-260.3396909064011
-270.74400487124484
-277.44528599917453
-280.2660794562057
-279.2441814917282
-274.6949990576462
-267.2062942236618
-257.6249282568649
-246.63881741702113
-234.664148227568
-221.83212796389614
-208.03895535647425
-193.10386746584925
-176.66031766116174
-158.35722195803672
-137.9315566748336
-115.24296292483358
-90.30387356936482
-63.377452670927326
-35.363414584989826
-9.455050327177325
5.240977504853925
21.566777065400803
39.71094210446331
52.63575533688517
48.63866335690471
46.67800799191447
49.75846178830119
40.3220732384965
24.4700126916215
14.49860766232462
8.121534908418369
6.295509517793368
8.892102535371492
15.097108638887118
23.346098507051178
31.767264278535542
38.55476549923867
42.463462093476956
42.809870060090724
39.03562018216103
31.01158758938759
17.930309513215718
-5.326682674284283
-26.026128475065534
-32.89115288912804
-33.44945824801476
-25.522832881803808
-9.028214961881936
15.610007694368061
48.475981815461815
86.46642859280558
113.57614538968053
118.17743201077428
107.63343298733677
102.16333411038364
84.52838049710239
57.073959110383626
54.063624942903154
76.98738714993439
116.49867132962189
152.77128363430936
167.65996405423124
153.0774909097
108.76385321438751
63.01809637845001
61.28392630398712
92.6416094094559
132.9798027688309
153.63968313992467
195.7726958352372
216.25400687039343
216.4284939461991
219.294530628328
227.16422423184363
247.04657530606238
297.1153301888749
333.44514708340614
364.6101055794999
396.3738238412186
381.8988580209061
328.12073302090613
268.62363829434366
213.6126324349687
149.2600640755937
148.65327868283245
208.68865465939493
286.7452415734574
372.29919665158235
396.3229613000199
477.190588253145
559.3087230187699
614.42253161252
649.4147850304887
678.7270677453324
655.6960814172076
609.6267991906451
566.1976927453327
500.2197728234577
411.0561400109577
362.62522692502023
322.0995457726765
270.55586413205145
322.1631297570515
390.73110827267664
461.33263659298893
511.4239793664264
528.6778111535358
535.161201046114
501.24910631955163
461.4983055383016
456.0775310021688
497.9409685021688
605.212179439669
600.8979002648642
479.44358385861415
448.0665965539267
531.6392723351768
615.607895382052
669.747319210177
596.854233272677
547.730688350802
431.21424303830196
275.45166491330195
168.9946824914269
306.52460436642696
340.1387620812708
362.33256335080205
176.92795397580198
-3.715756961698048
100.49661608517695
-363.37713391482293
-227365.09713391482
341521604980.5029
341521604980.5029
341521604980.5029
341521604980.5029
341521604980.5029
341521604980.5029
341521604980.5029
341521604980.5029
341521604980.5029
341521604980.5029
341521604980.5029
341521604980.5029
341521604980.5029
341521604980.5029
341521604980.5029
341521604980.5029
341521604980.5029
341521604980.5029
341521604980.5029
341521604980.5029
341521604980.5029
341521604980.5029
341521604980.5029
341521604980.5029
341521604980.5029
341521604980.5029
341521604980.5029
341521604980.5029
341521604980.5029
341521604980.5029
341521604980.5029
341521604980.5029
341521604980.5029
341521604980.5029
341521604980.5029
341521604980.5029
341521604980.5029
341521604980.5029
341521604980.5029
341521604980.5029
341521604980.5029
341521604980.5029
341521604980.5029
341521604980.5029
341521604980.5029
341521604980.5029
341521604980.5029
341521604980.5029
341521604980.5029
341521604980.5029
341521604980.5029
341521604980.5029
341521604980.5029
341521604980.5029
341521604980.5029
341521604980.5029
341521604980.5029
341521604980.5029
341521604980.5029
341521604980.5029
341521604980.5029
341521604980.5029
341521604980.5029
341521604980.5029
341521604980.5029
341521604980.5029
341521604980.5029
341521604980.5029
341521604980.5029
341521604980.5029
341521604980.5029
341521604980.5029
341521604980.5029
341521604980.5029
341521604980.5029
341521604980.5029
341521604980.5029
341521604980.5029
341521604980.5029
341521604980.5029
341521604980.5029
341521604980.5029
341521604980.5029
341521604980.5029
341521604980.5029
341521604980.5029
341521604980.5029
341521604980.5029
341521604980.5029
341521604980.5029
341521604980.5029
341521604980.5029
341521604980.5029
341521604980.5029
341521604980.5029
341521604980.5029
341521604980.5029
341521604980.5029
341521604980.5029
341521604980.5029
341521604980.5029
341521604980.5029
341521604980.5029
341521604980.5029
341521604980.5029
341521604980.5029
341521604980.5029
341521604980.5029
341521604980.5029
341521604980.5029
341521604980.5029
341521604980.5029
341521604980.5029
341521604980.5029
341521604980.5029
341521604980.5029
341521604980.5029
341521604980.5029
341521604980.5029
341521604980.5029
341521604980.5029
341521604980.5029
341521604980.5029
341521604980.5029
341521604980.5029
341521604980.5029
341521604980.5029
341521604980.5029
341521604980.5029
341521604980.5029
341521604980.5029
341521604980.5029
341521604980.5029
341521604980.5029
341521604980.5029
341521604980.5029
341521604980.5029
341521604980.5029
341521604980.5029
341521604980.5029
341521604980.5029
341521604980.5029
341521604980.5029
341521604980.5029
341521604980.5029
341521604980.5029
341521604980.5029
341521604980.5029
341521604980.5029
341521604980.5029
341521604980.5029
341521604980.5029
341521604980.5029
341521604980.5029
341521604980.5029
341521604980.5029
341521604980.5029
341521604980.5029
341521604980.5029
341521604980.5029
341521604980.5029
341521604980.5029
341521604980.5029
341521604980.5029
341521604980.5029
341521604980.5029
341521604980.5029
341521604980.5029
341521604980.5029
341521604980.5029
341521604980.5029
341521604980.5029
341521604980.5029
341521604980.5029
341521604980.5029
341521604980.5029
341521604980.5029
341521604980.5029
341521604980.5029
341521604980.5029
341521604980.5029
341521604980.5029
341521604980.5029
341521604980.5029
341521604980.5029
341521604980.5029
341521604980.5029
341521604980.5029
341521604980.5029
341521604980.5029
341521604980.5029
341521604980.5029
341521604980.5029
341521604980.5029
341521604980.5029
341521604980.5029
341521604980.5029
341521604980.5029
341521604980.5029
341521604980.5029
341521604980.5029
341521604980.5029
341521604980.5029
341521604980.5029
341521604980.5029
341521604980.5029
341521604980.5029
341521604980.5029
341521604980.5029
341521604980.5029
341521604980.5029
341521604980.5029
341521604980.5029
341521604980.5029
341521604980.5029
341521604980.5029
341521604980.5029
341521604980.5029
341521604980.5029
341521604980.5029
341521604980.5029
341521604980.5029
341521604980.5029
341521604980.5029
341521604980.5029
341521604980.5029
341521604980.5029
341521604980.5029
341521604980.5029
341521604980.5029
341521604980.5029
341521604980.5029
341521604980.5029
341521604980.5029
341521604980.5029
341521604980.5029
341521604980.5029
341521604980.5029
341521604980.5029
341521604980.5029
341521604980.5029
341521604980.5029
341521604980.5029
341521604980.5029
341521604980.5029
341521604980.5029
341521604980.5029
341521604980.5029
341521604980.5029
341521604980.5029
341521604980.5029
341521604980.5029
341521604980.5029
341521604980.5029
341521604980.5029
341521604980.5029
341521604980.5029
341521604980.5029
341521604980.5029
341521604980.5029
341521604980.5029
341521604980.5029
341521604980.5029
341521604980.5029
341521604980.5029
341521604980.5029
341521604980.5029
341521604980.5029
341521604980.5029
341521604980.5029
341521604980.5029
341521604980.5029
341521604980.5029
341521604980.5029
341521604980.5029
341521604980.5029
341521604980.5029
341521604980.5029
341521604980.5029
341521604980.5029
341521604980.5029
341521604980.5029
341521604980.5029
341521604980.5029
341521604980.5029
341521604980.5029
341521604980.5029
341521604980.5029
341521604980.5029
341521604980.5029
341521604980.5029
341521604980.5029
341521604980.5029
341521604980.5029
341521604980.5029
341521604980.5029
341521604980.5029
341521604980.5029
341521604980.5029
341521604980.5029
341521604980.5029
341521604980.5029
341521604980.5029
341521604980.5029
341521604980.5029
341521604980.5029
341521604980.5029
341521604980.5029
341521604980.5029
341521604980.5029
341521604980.5029
341521604980.5029
341521604980.5029
341521604980.5029
341521604980.5029
341521604980.5029
341521604980.5029
341521604980.5029
341521604980.5029
341521604980.5029
341521604980.5029
341521604980.5029
341521604980.5029
341521604980.5029
341521604980.5029
341521604980.5029
341521604980.5029
341521604980.5029
341521604980.5029
341521604980.5029
341521604980.5029
341521604980.5029
341521604980.5029
341521604980.5029
341521604980.5029
341521604980.5029
341521604980.5029
341521604980.5029
341521604980.5029
341521604980.5029
341521604980.5029
341521604980.5029
341521604980.5029
341521604980.5029
341521604980.5029
341521604980.5029
341521604980.5029
341521604980.5029
341521604980.5029
341521604980.5029
341521604980.5029
341521604980.5029
341521604980.5029
341521604980.5029
341521604980.5029
341521604980.5029
341521604980.5029
341521604980.5029
341521604980.5029
341521604980.5029
341521604980.5029
341521604980.5029
341521604980.5029
341521604980.5029
341521604980.5029
341521604980.5029
341521604980.5029
341521604980.5029
341521604980.5029
341521604980.5029
341521604980.5029
341521604980.5029
341521604980.5029
341521604980.5029
341521604980.5029
341521604980.5029
341521604980.5029
341521604980.5029
341521604980.5029
341521604980.5029
341521604980.5029
341521604980.5029
341521604980.5029
341521604980.5029
341521604980.5029
341521604980.5029
341521604980.5029
341521604980.5029
341521604980.5029
341521604980.5029
341521604980.5029
341521604980.5029
341521604980.5029
341521604980.5029
341521604980.5029
341521604980.5029
341521604980.5029
341521604980.5029
341521604980.5029
341521604980.5029
341521604980.5029
341521604980.5029
341521604980.5029
341521604980.5029
341521604980.5029
341521604980.5029
341521604980.5029
341521604980.5029
341521604980.5029
341521604980.5029
341521604980.5029
341521604980.5029
341521604980.5029
341521604980.5029
341521604980.5029
341521604980.5029
341521604980.5029
341521604980.5029
341521604980.5029
341521604980.5029
341521604980.5029
341521604980.5029
341521604980.5029
341521604980.5029
341521604980.5029
341521604980.5029
341521604980.5029
341521604980.5029
341521604980.5029
341521604980.5029
341521604980.5029
341521604980.5029
341521604980.5029
341521604980.5029
341521604980.5029
341521604980.5029
341521604980.5029
341521604980.5029
341521604980.5029
341521604980.5029
341521604980.5029
341521604980.5029
341521604980.5029
341521604980.5029
341521604980.5029
341521604980.5029
341521604980.5029
341521604980.5029
341521604980.5029
341521604980.5029
341521604980.5029
341521604980.5029
341521604980.5029
341521604980.5029
341521604980.5029
341521604980.5029
341521604980.5029
341521604980.5029
341521604980.5029
341521604980.5029
341521604980.5029
341521604980.5029
341521604980.5029
341521604980.5029
341521604980.5029
341521604980.5029
341521604980.5029
341521604980.5029
341521604980.5029
341521604980.5029
341521604980.5029
341521604980.5029
341521604980.5029
341521604980.5029
341521604980.5029
341521604980.5029
341521604980.5029
341521604980.5029
341521604980.5029
341521604980.5029
341521604980.5029
341521604980.5029
341521604980.5029
341521604980.5029
341521604980.5029
341521604980.5029
341521604980.5029
341521604980.5029
341521604980.5029
341521604980.5029
341521604980.5029
341521604980.5029
341521604980.5029
341521604980.5029
341521604980.5029
341521604980.5029
341521604980.5029
341521604980.5029
341521604980.5029
341521604980.5029
341521604980.5029
341521604980.5029
341521604980.5029
341521604980.5029
341521604980.5029
341521604980.5029
341521604980.5029
341521604980.5029
341521604980.5029
341521604980.5029
341521604980.5029
341521604980.5029
341521604980.5029
341521604980.5029
341521604980.5029
341521604980.5029
341521604980.5029
341521604980.5029
341521604980.5029
341521604980.5029
341521604980.5029
341521604980.5029
341521604980.5029
341521604980.5029
341521604980.5029
341521604980.5029
341521604980.5029
341521604980.5029
341521604980.5029
341521604980.5029
341521604980.5029
341521604980.5029
341521604980.5029
341521604980.5029
341521604980.5029
341521604980.5029
341521604980.5029
341521604980.5029
341521604980.5029
341521604980.5029
341521604980.5029
341521604980.5029
341521604980.5029
341521604980.5029
341521604980.5029
341521604980.5029
341521604980.5029
341521604980.5029
341521604980.5029
341521604980.5029
341521604980.5029
341521604980.5029
341521604980.5029
341521604980.5029
341521604980.5029
341521604980.5029
341521604980.5029
341521604980.5029
341521604980.5029
341521604980.5029
341521604980.5029
341521604980.5029
341521604980.5029
341521604980.5029
341521604980.5029
341521604980.5029
341521604980.5029
341521604980.5029
341521604980.5029
341521604980.5029
341521604980.5029
341521604980.5029
341521604980.5029
341521604980.5029
341521604980.5029
341521604980.5029
341521604980.5029
341521604980.5029
341521604980.5029
341521604980.5029
341521604980.5029
341521604980.5029
341521604980.5029
341521604980.5029
341521604980.5029
341521604980.5029
341521604980.5029
341521604980.5029
341521604980.5029
341521604980.5029
341521604980.5029
341521604980.5029
341521604980.5029
341521604980.5029
341521604980.5029
341521604980.5029
341521604980.5029
341521604980.5029
341521604980.5029
341521604980.5029
341521604980.5029
341521604980.5029
341521604980.5029
341521604980.5029
341521604980.5029
341521604980.5029
341521604980.5029
341521604980.5029
341521604980.5029
341521604980.5029
341521604980.5029
341521604980.5029
341521604980.5029
341521604980.5029
341521604980.5029
341521604980.5029
341521604980.5029
341521604980.5029
341521604980.5029
341521604980.5029
341521604980.5029
341521604980.5029
341521604980.5029
341521604980.5029
341521604980.5029
341521604980.5029
341521604980.5029
341521604980.5029
341521604980.5029
341521604980.5029
341521604980.5029
341521604980.5029
341521604980.5029
341521604980.5029
341521604980.5029
341521604980.5029
341521604980.5029
341521604980.5029
341521604980.5029
341521604980.5029
341521604980.5029
341521604980.5029
341521604980.5029
341521604980.5029
341521604980.5029
341521604980.5029
341521604980.5029
341521604980.5029
341521604980.5029
341521604980.5029
341521604980.5029
341521604980.5029
341521604980.5029
341521604980.5029
341521604980.5029
341521604980.5029
341521604980.5029
341521604980.5029
341521604980.5029
341521604980.5029
341521604980.5029
341521604980.5029
341521604980.5029
341521604980.5029
341521604980.5029
341521604980.5029
341521604980.5029
341521604980.5029
341521604980.5029
341521604980.5029
341521604980.5029
341521604980.5029
341521604980.5029
341521604980.5029
341521604980.5029
341521604980.5029
341521604980.5029
341521604980.5029
341521604980.5029
341521604980.5029
341521604980.5029
341521604980.5029
341521604980.5029
341521604980.5029
341521604980.5029
341521604980.5029
341521604980.5029
341521604980.5029
341521604980.5029
341521604980.5029
341521604980.5029
341521604980.5029
341521604980.5029
341521604980.5029
341521604980.5029
341521604980.5029
341521604980.5029
341521604980.5029
341521604980.5029
341521604980.5029
341521604980.5029
341521604980.5029
341521604980.5029
341521604980.5029
341521604980.5029
341521604980.5029
341521604980.5029
341521604980.5029
341521604980.5029
341521604980.5029
341521604980.5029
341521604980.5029
341521604980.5029
341521604980.5029
341521604980.5029
341521604980.5029
341521604980.5029
341521604980.5029
341521604980.5029
341521604980.5029
341521604980.5029
341521604980.5029
341521604980.5029
341521604980.5029
341521604980.5029
341521604980.5029
341521604980.5029
341521604980.5029
341521604980.5029
341521604980.5029
341521604980.5029
341521604980.5029
341521604980.5029
341521604980.5029
341521604980.5029
341521604980.5029
341521604980.5029
341521604980.5029
341521604980.5029
341521604980.5029
341521604980.5029
341521604980.5029
341521604980.5029
341521604980.5029
341521604980.5029
341521604980.5029
341521604980.5029
341521604980.5029
341521604980.5029
341521604980.5029
341521604980.5029
341521604980.5029
341521604980.5029
341521604980.5029
341521604980.5029
341521604980.5029
341521604980.5029
341521604980.5029
341521604980.5029
341521604980.5029
341521604980.5029
341521604980.5029
341521604980.5029
341521604980.5029
341521604980.5029
341521604980.5029
341521604980.5029
341521604980.5029
341521604980.5029
341521604980.5029
341521604980.5029
341521604980.5029
341521604980.5029
341521604980.5029
341521604980.5029
341521604980.5029
341521604980.5029
341521604980.5029
341521604980.5029
341521604980.5029
341521604980.5029
341521604980.5029
341521604980.5029
341521604980.5029
341521604980.5029
341521604980.5029
341521604980.5029
341521604980.5029
341521604980.5029
341521604980.5029
341521604980.5029
341521604980.5029
341521604980.5029
341521604980.5029
341521604980.5029
341521604980.5029
341521604980.5029
341521604980.5029
341521604980.5029
341521604980.5029
341521604980.5029
341521604980.5029
341521604980.5029
341521604980.5029
341521604980.5029
341521604980.5029
341521604980.5029
341521604980.5029
341521604980.5029
341521604980.5029
341521604980.5029
341521604980.5029
341521604980.5029
341521604980.5029
341521604980.5029
341521604980.5029
341521604980.5029
341521604980.5029
341521604980.5029
341521604980.5029
341521604980.5029
341521604980.5029
341521604980.5029
341521604980.5029
341521604980.5029
341521604980.5029
341521604980.5029
341521604980.5029
341521604980.5029
341521604980.5029
341521604980.5029
341521604980.5029
341521604980.5029
341521604980.5029
341521604980.5029
341521604980.5029
341521604980.5029
341521604980.5029
341521604980.5029
341521604980.5029
341521604980.5029
341521604980.5029
341521604980.5029
341521604980.5029
341521604980.5029
341521604980.5029
341521604980.5029
341521604980.5029
341521604980.5029
341521604980.5029
341521604980.5029
341521604980.5029
341521604980.5029
341521604980.5029
341521604980.5029
341521604980.5029
341521604980.5029
341521604980.5029
341521604980.5029
341521604980.5029
341521604980.5029
341521604980.5029
341521604980.5029
341521604980.5029
341521604980.5029
341521604980.5029
341521604980.5029
341521604980.5029
341521604980.5029
341521604980.5029
341521604980.5029
341521604980.5029
341521604980.5029
341521604980.5029
341521604980.5029
341521604980.5029
341521604980.5029
341521604980.5029
341521604980.5029
341521604980.5029
341521604980.5029
341521604980.5029
341521604980.5029
341521604980.5029
341521604980.5029
341521604980.5029
341521604980.5029
341521604980.5029
341521604980.5029
341521604980.5029
341521604980.5029
341521604980.5029
341521604980.5029
341521604980.5029
341521604980.5029
341521604980.5029
341521604980.5029
341521604980.5029
341521604980.5029
341521604980.5029
341521604980.5029
341521604980.5029
341521604980.5029
341521604980.5029
341521604980.5029
341521604980.5029
341521604980.5029
341521604980.5029
341521604980.5029
341521604980.5029
341521604980.5029
341521604980.5029
341521604980.5029
341521604980.5029
341521604980.5029
341521604980.5029
341521604980.5029
341521604980.5029
341521604980.5029
341521604980.5029
341521604980.5029
341521604980.5029
341521604980.5029
341521604980.5029
341521604980.5029
341521604980.5029
341521604980.5029
341521604980.5029
341521604980.5029
341521604980.5029
341521604980.5029
341521604980.5029
341521604980.5029
341521604980.5029
341521604980.5029
341521604980.5029
341521604980.5029
341521604980.5029
341521604980.5029
341521604980.5029
341521604980.5029
341521604980.5029
341521604980.5029
341521604980.5029
341521604980.5029
341521604980.5029
341521604980.5029
341521604980.5029
341521604980.5029
341521604980.5029
341521604980.5029
341521604980.5029
341521604980.5029
341521604980.5029
341521604980.5029
341521604980.5029
341521604980.5029
341521604980.5029
341521604980.5029
341521604980.5029
341521604980.5029
341521604980.5029
341521604980.5029
341521604980.5029
341521604980.5029
341521604980.5029
341521604980.5029
341521604980.5029
341521604980.5029
341521604980.5029
341521604980.5029
341521604980.5029
341521604980.5029
341521604980.5029
341521604980.5029
341521604980.5029
341521604980.5029
341521604980.5029
341521604980.5029
341521604980.5029
341521604980.5029
341521604980.5029
341521604980.5029
341521604980.5029
341521604980.5029
341521604980.5029
341521604980.5029
341521604980.5029
341521604980.5029
341521604980.5029
341521604980.5029
341521604980.5029
341521604980.5029
341521604980.5029
341521604980.5029
341521604980.5029
341521604980.5029
341521604980.5029
341521604980.5029
341521604980.5029
341521604980.5029
341521604980.5029
341521604980.5029
341521604980.5029
341521604980.5029
341521604980.5029
341521604980.5029
341521604980.5029
341521604980.5029
341521604980.5029
341521604980.5029
341521604980.5029
341521604980.5029
341521604980.5029
341521604980.5029
341521604980.5029
341521604980.5029
341521604980.5029
341521604980.5029
341521604980.5029
341521604980.5029
341521604980.5029
341521604980.5029
341521604980.5029
341521604980.5029
341521604980.5029
341521604980.5029
341521604980.5029
341521604980.5029
341521604980.5029
341521604980.5029
341521604980.5029
341521604980.5029
341521604980.5029
341521604980.5029
341521604980.5029
341521604980.5029
341521604980.5029
341521604980.5029
341521604980.5029
341521604980.5029
341521604980.5029
341521604980.5029
341521604980.5029
341521604980.5029
341521604980.5029
341521604980.5029
341521604980.5029
341521604980.5029
341521604980.5029
341521604980.5029
341521604980.5029
341521604980.5029
341521604980.5029
341521604980.5029
341521604980.5029
341521604980.5029
341521604980.5029
341521604980.5029
341521604980.5029
341521604980.5029
341521604980.5029
341521604980.5029
341521604980.5029
341521604980.5029
341521604980.5029
341521604980.5029
341521604980.5029
341521604980.5029
341521604980.5029
341521604980.5029
341521604980.5029
341521604980.5029
341521604980.5029
341521604980.5029
341521604980.5029
341521604980.5029
341521604980.5029
341521604980.5029
341521604980.5029
341521604980.5029
341521604980.5029
341521604980.5029
341521604980.5029
341521604980.5029
341521604980.5029
341521604980.5029
341521604980.5029
341521604980.5029
341521604980.5029
341521604980.5029
341521604980.5029
341521604980.5029
341521604980.5029
341521604980.5029
341521604980.5029
341521604980.5029
341521604980.5029
341521604980.5029
341521604980.5029
341521604980.5029
341521604980.5029
341521604980.5029
341521604980.5029
341521604980.5029
341521604980.5029
341521604980.5029
341521604980.5029
341521604980.5029
341521604980.5029
341521604980.5029
341521604980.5029
341521604980.5029
341521604980.5029
341521604980.5029
341521604980.5029
341521604980.5029
341521604980.5029
341521604980.5029
341521604980.5029
341521604980.5029
341521604980.5029
341521604980.5029
341521604980.5029
341521604980.5029
341521604980.5029
341521604980.5029
341521604980.5029
341521604980.5029
341521604980.5029
341521604980.5029
341521604980.5029
341521604980.5029
341521604980.5029
341521604980.5029
341521604980.5029
341521604980.5029
341521604980.5029
341521604980.5029
341521604980.5029
341521604980.5029
341521604980.5029
341521604980.5029
341521604980.5029
341521604980.5029
341521604980.5029
341521604980.5029
341521604980.5029
341521604980.5029
341521604980.5029
341521604980.5029
341521604980.5029
341521604980.5029
341521604980.5029
341521604980.5029
341521604980.5029
341521604980.5029
341521604980.5029
341521604980.5029
341521604980.5029
341521604980.5029
341521604980.5029
341521604980.5029
341521604980.5029
341521604980.5029
341521604980.5029
341521604980.5029
341521604980.5029
341521604980.5029
341521604980.5029
341521604980.5029
341521604980.5029
341521604980.5029
341521604980.5029
341521604980.5029
341521604980.5029
341521604980.5029
341521604980.5029
341521604980.5029
341521604980.5029
341521604980.5029
341521604980.5029
341521604980.5029
341521604980.5029
341521604980.5029
341521604980.5029
341521604980.5029
341521604980.5029
341521604980.5029
341521604980.5029
341521604980.5029
341521604980.5029
341521604980.5029
341521604980.5029
341521604980.5029
341521604980.5029
341521604980.5029
341521604980.5029
341521604980.5029
341521604980.5029
341521604980.5029
341521604980.5029
341521604980.5029
341521604980.5029
341521604980.5029
341521604980.5029
341521604980.5029
