0.9401798779102416 2731.719932149829
0.8425966374884959 3051.4232494234575
0.7941322417274852 2832.963128557831
1.0815304211877974 2803.796135823143
0.7549979824161904 2826.746057105288
0.951752683124432 2661.4185878464514
0.8567752301611683 2835.213541931866
0.6658919980320681 3086.2813027660723
0.8510587266424384 2682.03519904682
0.9232166418591499 2819.2746444594113
0.921909880199429 2708.8464316923637
0.8445343829737147 2725.1859056427766
0.8013524668500736 2700.3612272437936
0.7097059656086918 2747.0747880665285
0.8174707960917936 2936.984064993121
0.8946508727451691 2958.6735760653223
0.9162351950101713 2819.6493108073846
0.794203517607627 2745.1584019859265
0.7266376608289706 2791.2060126488695
0.8931826766781783 2708.219760319626
0.775972572797319 3047.5606514523724
0.7303250777563224 2840.3747842747166
0.8559751162133394 2671.5738153636557
0.8537551679700097 2821.452769433082
0.7490319444438402 2679.8802398782054
0.8922626884286786 3107.776708280374
0.7210097493266655 2813.772337356193
0.7030936774264027 2871.5773656228816
0.8792544788102843 2730.0495541129144
1.1135535982131581 2959.4005409301553
0.5837103022704431 2963.0220288484816
0.8161979834871571 2824.406064860357
0.5510978018219829 2923.5355350155687
0.7368097219250731 2899.4457031079382
0.8191477575614989 2966.6711940184546
0.9590831443868946 2991.1619302554145
0.7154822399564695 2761.89718304051
0.7429084755204335 2672.6592082847956
0.8410646991326828 2753.411061046911
0.8758875914494377 2860.3326971792
0.7326597781709248 2709.593320560538
0.9153808323622312 2689.816284865423
0.7705865037815801 2951.6398685355966
1.0030444248202257 2959.5963086698994
0.9230436001493662 2695.946842805639
0.6077878702931299 2669.9721621517856
0.6590472125642033 2931.7811962814476
0.7567959517819255 3117.6693662583803
0.8256658356929902 2846.8767658533134
0.689718644236343 2816.4565023794016
0.8632883275007595 2891.1741399065318
0.6687467499609965 2836.001138192468
0.7247574131416988 2947.4479090732875
0.8041212655269957 2678.8695760285545
0.8403669326124297 2829.1418495893195
0.890932073014789 2839.2687384151013
0.7459084943626714 2999.4083194074287
0.7912708212854573 2698.9097547735146
0.8589173140005459 2752.1559476117554
0.7813264609897059 2682.6211980029175
0.8972619900463065 3215.785606265601
0.8324567617499025 2895.1539443646466
0.960192251753972 2712.816073477984
0.653251592948517 2784.3624649696603
0.9177353571614483 2700.252146427424
0.8603163921299818 2694.7108898976335
0.6941548001559543 2754.364587301259
0.8978920132585293 2768.657625352882
0.7947884800179269 2963.1985193828127
0.7265106089110873 2930.4727821906245
0.8465302681721066 2875.036945195788
0.7112823615932541 2974.8028013766834
0.700538545162032 2769.4886793105916
0.7149931594893002 2868.1145233753177
0.766443610234646 2758.597658721382
0.7079388922019911 2968.803164264004
0.6223387122823909 2726.481788955226
0.8683834257485666 3088.168968951938
0.9402768836851195 2783.8980380760313
0.8250318854241329 3055.3176695932602
0.8915540204691444 3001.857576650939
0.8922191471019183 2756.0831850063587
0.8378533644905044 2908.9374764281856
0.9219946713675208 2794.1363318179347
0.644734866439919 2856.079361689437
0.8210769230090659 2695.290232456501
0.8698518398069357 2851.1085606942256
0.8779719065601672 2863.6664223175967
0.8238449713770828 3393.0350540678182
0.7619824676858913 2651.0693805856304
0.629781101646173 3004.243903414883
0.9200770300777625 2937.1801896757834
0.8135777588269151 2841.36975398321
0.8232641314257514 2754.7684004643907
0.9405053846766558 2818.085829078672
0.9072625890138455 2861.8407411617
0.8001838235038943 2983.1625299722473
0.8432645310437036 2890.7010963936846
1.0354286067197291 2755.182579812638
0.9074764052927524 2825.5920618423115
