0.000000000000000000e+00
0.000000000000000000e+00
2.572922385297716579e-06
1.472521980758756264e-05
4.434064670931547934e-05
8.699609141331163156e-05
1.418492867378517682e-04
1.970208081183954781e-04
2.202300721546634533e-04
1.504047861089929288e-04
-2.181530988309542812e-05
-3.384587267646567334e-04
-8.398188749561087468e-04
-1.510898108244873887e-03
-2.411463643074968251e-03
-3.578565726638773589e-03
-5.087862024665813082e-03
-6.922580162645319314e-03
-9.129474321962337269e-03
-1.178054676449392241e-02
-1.473524318134878004e-02
-1.808972136175725567e-02
-2.191716835892293727e-02
-2.614451901114080851e-02
-3.092943833267782633e-02
-3.625772104656789507e-02
-4.207878754532429905e-02
-4.848076985275838469e-02
-5.545789823925588446e-02
-6.300903962051961071e-02
-7.121638880169485486e-02
-8.002823279297444081e-02
-8.950787053501695067e-02
-9.977063522732346201e-02
-1.105885075131663453e-01
-1.220982943574198953e-01
-1.341172836819896075e-01
-1.467752419511088313e-01
-1.599139534035929899e-01
-1.736368654767283526e-01
-1.879366229573496971e-01
-2.027023886243113637e-01
-2.179449270764598490e-01
-2.335888610879191807e-01
-2.496447716752299983e-01
-2.661400149861583575e-01
-2.829375468293438001e-01
-3.000712250272045689e-01
-3.174917732278118576e-01
-3.351459740201245263e-01
-3.530090902844677525e-01
-3.711000035802136110e-01
-3.893719302216778755e-01
-4.077665613690625857e-01
-4.262999139825117689e-01
-4.449620591202987363e-01
-4.637197040120375480e-01
-4.825688682595503654e-01
-5.015019475022566287e-01
-5.204926990071546689e-01
-5.395372592011700164e-01
-5.586223028699170978e-01
-5.777399443188917516e-01
-5.968830655614149050e-01
-6.160397873917828893e-01
-6.352060280839215700e-01
-6.543875919381391126e-01
-6.735796891251814023e-01
-6.927803062001478551e-01
-7.119677482644332089e-01
-7.311626671353590456e-01
-7.503281389275801017e-01
-7.694892691174756161e-01
-7.885970972577343030e-01
-8.076433120766888241e-01
-8.266248570481549152e-01
-8.455346153775464835e-01
-8.643096254864943706e-01
-8.830158673325790852e-01
-9.015822754899277536e-01
-9.200082682172074922e-01
-9.383094464341418250e-01
-9.564851008454577919e-01
-9.745349191228166452e-01
-9.924530051747575410e-01
-1.010161504606367444e+00
-1.027762997011305135e+00
-1.045161293605924913e+00
-1.062400646070600807e+00
-1.079456142048002443e+00
-1.096358198980451615e+00
-1.113074433664442031e+00
-1.129540717462659938e+00
-1.145860357145429775e+00
-1.161969574550749007e+00
-1.177982420782209605e+00
-1.193846200565458426e+00
-1.209545030454756143e+00
-1.225117915729643014e+00
-1.240542613128782445e+00
-1.255757714370848044e+00
-1.270868799547316019e+00
-1.285849920372129640e+00
-1.300638118843199020e+00
-1.315292230705381815e+00
-1.329826756576658608e+00
-1.344231521944166508e+00
-1.358527186969877620e+00
-1.372705862383009068e+00
-1.386818077425123086e+00
-1.400788031677366208e+00
-1.414643690446973912e+00
-1.428402879099012424e+00
-1.442045355896116154e+00
-1.455559313158155232e+00
-1.469010057310224271e+00
-1.482327763895154860e+00
-1.495538308481336509e+00
-1.508651952604413982e+00
-1.521620837310911023e+00
-1.534501403431058675e+00
-1.547206741432310073e+00
-1.559762987951398561e+00
-1.572174020866514033e+00
-1.584388105730176521e+00
-1.596478034118772094e+00
-1.608399417261243247e+00
-1.620173407653928255e+00
-1.631805484155774533e+00
-1.643253508667111618e+00
-1.654626165489315959e+00
-1.665873302082180984e+00
-1.677009756425976716e+00
-1.688045730451703141e+00
-1.698960679630398873e+00
-1.709775099615216343e+00
-1.720489679435849517e+00
-1.731074912408948174e+00
-1.741584852794766602e+00
-1.751945229629636280e+00
-1.762223330597043391e+00
-1.772315051416516907e+00
-1.782244766811490688e+00
-1.792002386311650985e+00
-1.801569315652013392e+00
-1.810903189043165051e+00
-1.820009747604490080e+00
-1.829019200662733047e+00
-1.837842888096929306e+00
-1.846582832793355777e+00
-1.855171956280828205e+00
-1.863664488653302476e+00
-1.871952701667905172e+00
-1.879976609210133764e+00
-1.887856009463429796e+00
-1.895533759454846923e+00
-1.903108683685422520e+00
-1.910523401359677909e+00
-1.917855700115323581e+00
-1.925037320713162803e+00
-1.932019603709340672e+00
-1.938787609199643880e+00
-1.945288473228574677e+00
-1.951632577041746197e+00
-1.957760608057142360e+00
-1.963776604990125740e+00
-1.969615067104459882e+00
-1.975228298763395562e+00
-1.980594146708608561e+00
-1.985659564594388637e+00
-1.990543890754342904e+00
-1.995190256098867465e+00
-1.999664105931879154e+00
-2.003993964354158663e+00
-2.008129677335382723e+00
-2.011976182023645698e+00
-2.015584379891515621e+00
-2.019016819159150877e+00
-2.022276534895063094e+00
-2.025356381992459820e+00
-2.028235961357713446e+00
-2.030921185175539101e+00
-2.033380488316178791e+00
-2.035613405565381395e+00
-2.037686304161907103e+00
-2.039478930542827140e+00
-2.041063638935446622e+00
-2.042338534603476585e+00
-2.043360880176185557e+00
-2.044185644696115300e+00
-2.044789895909487232e+00
-2.045230745496808389e+00
-2.045373994485123248e+00
-2.045295373099504932e+00
-2.044874338890074750e+00
-2.044213874871491310e+00
-2.043140596906303230e+00
-2.041642615656017234e+00
-2.039624054739832104e+00
-2.037133667478919108e+00
-2.034088623831630471e+00
-2.030403736243606261e+00
-2.026212469349265799e+00
-2.021423964808345186e+00
-2.016103776405215431e+00
-2.010176575491786632e+00
-2.003628191063762110e+00
-1.996642563650966151e+00
-1.989115274856448679e+00
-1.981092363903880438e+00
-1.972462656805873182e+00
-1.963168651173472501e+00
-1.953399570892214721e+00
-1.943105929801821619e+00
-1.932418762157320558e+00
-1.921214421699404262e+00
-1.909531149576067177e+00
-1.897290531108736023e+00
-1.884455908248781508e+00
-1.871188039491533672e+00
-1.857417845437883797e+00
-1.843288335512041520e+00
-1.828749161670564893e+00
-1.813803767869829331e+00
-1.798542810390352464e+00
-1.782927243421434493e+00
-1.767001132676958131e+00
-1.750613463828920358e+00
-1.733828810165285006e+00
-1.716642937372087285e+00
-1.699172525117753629e+00
-1.681410523364899934e+00
-1.663453882644532644e+00
-1.645238903472779901e+00
-1.626833849857209913e+00
-1.608218443105577045e+00
-1.589459230611680596e+00
-1.570416115234254617e+00
-1.551051922748445389e+00
-1.531456520269273369e+00
-1.511575646112321536e+00
-1.491502349088548174e+00
-1.471182763288377382e+00
-1.450704993913530139e+00
-1.429995476911424257e+00
-1.409122440526841658e+00
-1.387985577295182793e+00
-1.366568014333604530e+00
-1.344951209733842745e+00
-1.323075084398149581e+00
-1.300989765832780920e+00
-1.278629896352647899e+00
-1.256102821538805037e+00
-1.233351127813218984e+00
-1.210470387647508694e+00
-1.187406835267900362e+00
-1.164179022024034227e+00
-1.140787329385636983e+00
-1.117206797311662392e+00
-1.093423282811997854e+00
-1.069418813894151388e+00
-1.045331883142350815e+00
-1.021081781099199004e+00
-9.966911909083115972e-01
-9.721166798571335699e-01
-9.473258611658799122e-01
-9.224341151217210211e-01
-8.973497364023911294e-01
-8.720996162394272222e-01
-8.466370770434128445e-01
-8.209323713282333790e-01
-7.951016137102829839e-01
-7.690569350222336009e-01
-7.428235337237105718e-01
-7.163850090006576021e-01
-6.897443625429855452e-01
-6.628882548311936240e-01
-6.358486101130235157e-01
-6.086462947825180825e-01
-5.812632581690536648e-01
-5.537424323061690412e-01
-5.260432455042587385e-01
-4.981771203974469930e-01
-4.701544067362530832e-01
-4.419346425036175807e-01
-4.135971257189495764e-01
-3.850961682299359756e-01
-3.564359709719404079e-01
-3.275933858851179381e-01
-2.985979172686323291e-01
-2.694630453089460476e-01
-2.401265570620283452e-01
-2.106399127939924676e-01
-1.809786173800215225e-01
-1.511793395975813137e-01
-1.211982151964887400e-01
-9.104356260096871378e-02
-6.072793454921090323e-02
-3.020528526103340855e-02
4.426506062761674520e-04
3.126709966862357970e-02
6.226243524754204728e-02
9.345879583561578219e-02
1.248322632809893140e-01
1.563535931607500373e-01
1.880800822278277107e-01
2.199390366574542066e-01
2.519728162785784265e-01
2.841567352315203521e-01
3.165375950833574925e-01
3.490937831898943133e-01
3.817678454419390355e-01
4.146122553845658643e-01
4.476298716565386138e-01
4.808674004575030358e-01
5.143307617207782956e-01
5.479632046719806748e-01
5.817585614224691781e-01
6.156902483006735372e-01
6.498113396664877417e-01
6.841436222096700659e-01
7.186948707600852027e-01
7.534717395802755791e-01
7.885443976422567003e-01
8.238480380078574417e-01
8.594205382367393620e-01
8.952427247067711313e-01
9.313297369977255880e-01
9.676389267941734040e-01
1.004175646593215454e+00
1.040925448228957828e+00
1.077880988409164020e+00
1.115042860796096491e+00
1.152393312742355125e+00
1.189896953394058210e+00
1.227560677816512902e+00
1.265346031477096345e+00
1.303226313879134679e+00
1.341183021356704197e+00
1.379193659116866533e+00
1.417223115255477284e+00
1.455247361948134754e+00
1.493252840330245412e+00
1.531197991659285718e+00
1.569030399610640725e+00
1.606759643842818663e+00
1.644327841093184972e+00
1.681717934896590716e+00
1.718921504308822179e+00
1.755910475542190152e+00
1.792661500265243069e+00
1.829198928167464766e+00
1.865499298860671562e+00
1.901578653146865472e+00
1.937409727861526099e+00
1.973015616228225300e+00
2.008375528146865374e+00
2.043509004404189255e+00
2.078389747430922530e+00
2.113030045320631878e+00
2.147440116693617451e+00
2.181628771116377763e+00
2.215604067136885291e+00
2.249370482256056292e+00
2.282957055856825068e+00
2.316304514696241768e+00
2.349417655756117274e+00
2.382346337129713554e+00
2.415054800798536405e+00
2.447604940225721393e+00
2.479909799387097991e+00
2.512038643648267122e+00
2.543911834051251653e+00
2.575523300459027443e+00
2.606937392046093649e+00
2.638099675466656358e+00
2.669061644365429586e+00
2.699767756750225178e+00
2.730237877657054835e+00
2.760449126054882019e+00
2.790398643304942805e+00
2.820086040784953507e+00
2.849501574327586439e+00
2.878660023500559717e+00
2.907560019781230132e+00
2.936173620512125826e+00
2.964516969015238423e+00
2.992565419962046391e+00
3.020352652361033119e+00
3.047853153040049445e+00
3.075015309145090914e+00
3.101929259588358967e+00
3.128543124487040750e+00
3.154903543283579914e+00
3.181001494218943737e+00
3.206825406839488135e+00
3.232400124361155758e+00
3.257707536508677837e+00
3.282827348997234385e+00
3.307718553831218600e+00
3.332377822687267344e+00
3.356858430196880239e+00
3.381147096445201949e+00
3.405232494165538970e+00
3.429112966348766278e+00
3.452791080762981135e+00
3.476316235353587469e+00
3.499680896093486204e+00
3.522842340757487367e+00
3.545811729719279271e+00
3.568630340387461963e+00
3.591240933229563836e+00
3.613682337095377672e+00
3.635958657552836204e+00
3.658018305589792796e+00
3.679877617647287824e+00
3.701582365324137314e+00
3.723101682951090563e+00
3.744471156885264218e+00
3.765621552755472834e+00
3.786591429998514613e+00
3.807383210947153707e+00
3.827972810556528938e+00
3.848392432024119181e+00
3.868577683260081113e+00
3.888551881601450599e+00
3.908333286335108347e+00
3.927928579141733323e+00
3.947301867296335143e+00
3.966467852880593892e+00
3.985441134264108953e+00
4.004226336767312766e+00
4.022826761295434039e+00
4.041202019741174212e+00
4.059356829216119067e+00
4.077299703647729423e+00
4.095036597540017809e+00
4.112564721395608913e+00
4.129872017194863965e+00
4.146950431158182404e+00
4.163808765699503311e+00
4.180414299060938532e+00
4.196834647943613383e+00
4.213026892234918996e+00
4.228983596851465521e+00
4.244731689979669653e+00
4.260207804729578385e+00
4.275480463792917796e+00
4.290510222007869245e+00
4.305303541710017612e+00
4.319888118793604903e+00
4.334264431287882857e+00
4.348384262611507012e+00
4.362338177253841209e+00
4.376083338548778734e+00
4.389647059728740253e+00
4.403055855323909640e+00
4.416258065988659887e+00
4.429344445755124760e+00
4.442261923839689430e+00
4.455045081665159223e+00
4.467716825296522032e+00
4.480221705724836134e+00
4.492648096372723998e+00
4.504921821643948832e+00
4.517115867426038101e+00
4.529156773378491430e+00
4.540996326496243185e+00
4.552738349725842681e+00
4.564307996322750860e+00
4.575788864185452276e+00
4.587110452940106775e+00
4.598272790004849675e+00
4.609286970188260391e+00
4.620092089464306717e+00
4.630785417844891505e+00
4.641301785995603169e+00
4.651645871688962153e+00
4.661828526546597296e+00
4.671836751987576086e+00
4.681675429036259217e+00
4.691340949227452484e+00
4.700782571127056997e+00
4.710018579055904375e+00
4.719083157469866840e+00
4.727943904091951310e+00
4.736605005552408265e+00
4.745031838109133204e+00
4.753291766335604684e+00
4.761330858161090696e+00
4.769133441140292362e+00
4.776736752678988118e+00
4.784094090153811152e+00
4.791246459176180750e+00
4.798179648210641801e+00
4.804836942841645531e+00
4.811300072362061364e+00
4.817510304739113458e+00
4.823491403152580403e+00
4.829227416803473893e+00
4.834744093706245138e+00
4.840011102249259345e+00
4.845029201199644753e+00
4.849765785624616576e+00
4.854273250689143282e+00
4.858529615094298926e+00
4.862582373907202715e+00
4.866386341144675498e+00
4.869933299710387686e+00
4.873288375725382870e+00
4.876438480009669618e+00
4.879425877620811924e+00
4.882229025652046417e+00
4.884815595736140992e+00
4.887266875197525451e+00
4.889549271007414433e+00
4.891717781116600605e+00
4.893716580708857400e+00
4.895550864776011757e+00
4.897267149080868798e+00
4.898833866854544361e+00
4.900263852169151946e+00
4.901578464498158816e+00
4.902764415880080939e+00
4.903841336508627968e+00
4.904780317237015907e+00
4.905602326606746111e+00
4.906321348314519604e+00
4.906933679608042276e+00
4.907447357540364763e+00
4.907863476527269952e+00
4.908179501061673555e+00
4.908418344938541900e+00
4.908579533500010861e+00
4.908676307033161379e+00
4.908724160049455776e+00
4.908728055742390239e+00
4.908705141539971173e+00
4.908671488843677544e+00
4.908628982713266531e+00
4.908600226652628074e+00
4.908579822026943873e+00
4.908577426209516759e+00
4.908597592831061895e+00
4.908648097378605080e+00
4.908737344866089813e+00
4.908861971361034193e+00
4.909031839196972058e+00
4.909253613495669022e+00
4.909533671115926090e+00
4.909890721639087907e+00
4.910311504540436189e+00
4.910812521850161261e+00
4.911398380597523428e+00
4.912059551452687245e+00
4.912799751733831322e+00
4.913608397965719021e+00
4.914499536206413666e+00
4.915471386959245237e+00
4.916513146807838908e+00
4.917621125032592744e+00
4.918782990028550017e+00
4.920004779746222745e+00
4.921276551981854652e+00
4.922582023789574102e+00
4.923921434184005186e+00
4.925291284819533821e+00
4.926692269345214648e+00
4.928117434134176911e+00
4.929548748185328400e+00
4.930982753386191852e+00
4.932407808949641925e+00
4.933828960855894508e+00
4.935245461215668428e+00
4.936643482794456972e+00
4.938021815617971377e+00
4.939369206776313526e+00
4.940687178870134311e+00
4.941973005731991719e+00
4.943223321189574193e+00
4.944441364010267570e+00
4.945620492523008060e+00
4.946757362981730743e+00
4.947847539981298226e+00
4.948889131446770229e+00
4.949878846605708205e+00
4.950820614745308212e+00
4.951707582970549915e+00
4.952553372283865940e+00
4.953359477197218474e+00
4.954135143210578462e+00
4.954880132128882231e+00
4.955590894272018154e+00
4.956280596231507296e+00
4.956949214463517883e+00
4.957605269899056921e+00
4.958243993421482365e+00
4.958860268977868024e+00
4.959449546275126686e+00
4.960022457142757801e+00
4.960574662697898596e+00
4.961111263310003849e+00
4.961628217746901548e+00
4.962127854352283762e+00
4.962606045914280450e+00
4.963073685330736673e+00
4.963532131215025345e+00
4.963978846309173854e+00
4.964408440118122101e+00
4.964817373988617000e+00
4.965211053950179476e+00
4.965579824683654664e+00
4.965923420464085858e+00
4.966237159830914294e+00
4.966520569988922773e+00
4.966767045830771998e+00
4.966983567544654754e+00
4.967174228628560506e+00
4.967340742511138885e+00
4.967484799729125378e+00
4.967607115826966790e+00
4.967712486706139074e+00
4.967806605457724345e+00
4.967897091222392092e+00
4.967990334018529630e+00
4.968101811440125637e+00
4.968236198651998947e+00
4.968396795153081413e+00
4.968584780528604306e+00
4.968805376201330226e+00
4.969079600165990485e+00
4.969409841488508839e+00
4.969789949248938576e+00
4.970222414809673417e+00
4.970705779831320115e+00
4.971256514157564865e+00
4.971871579888674120e+00
4.972541395801516551e+00
4.973264491561266709e+00
4.974028917926760940e+00
4.974840670156690514e+00
4.975691097977970045e+00
4.976568722877119377e+00
4.977464726048921762e+00
4.978371248695467877e+00
4.979297443333483564e+00
4.980236643183447498e+00
4.981179644543147766e+00
4.982119948792673725e+00
4.983049610781885796e+00
4.983965528461554051e+00
4.984867111671188233e+00
4.985748943764188645e+00
4.986605295914629643e+00
4.987429290491562028e+00
4.988215379420141815e+00
4.988963837626795517e+00
4.989669536578873910e+00
4.990336256551962890e+00
4.990963526743871448e+00
4.991552075299841462e+00
4.992104068550688112e+00
4.992618754248542068e+00
4.993092077042383004e+00
4.993526170629484007e+00
4.993924625295621311e+00
4.994289529289525298e+00
4.994622207920475176e+00
4.994917407672327947e+00
4.995186633880656757e+00
4.995433766696078415e+00
4.995668196439220665e+00
4.995884402416124637e+00
4.996081715639158816e+00
4.996257568209841793e+00
4.996426967273874808e+00
4.996587148256077526e+00
4.996740089136583407e+00
4.996887623791990585e+00
4.997031369035540571e+00
4.997167813660053248e+00
4.997294317906199268e+00
4.997418288871123160e+00
4.997524983019975942e+00
4.997623536869360450e+00
4.997714998948795895e+00
4.997801603091356348e+00
4.997879801814851142e+00
4.997940605001930159e+00
4.997993385333974636e+00
4.998038030079041683e+00
4.998075066337769989e+00
4.998099995912927085e+00
4.998104083043872770e+00
4.998085003756568057e+00
4.998035694929421346e+00
4.997961579561815526e+00
4.997860271242098307e+00
4.997724040104659871e+00
4.997551701339546071e+00
4.997336597731921515e+00
4.997078142157408642e+00
4.996772812689305177e+00
4.996419037851155487e+00
4.996015230315386191e+00
4.995575246932566493e+00
4.995094572799862576e+00
4.994585808041156483e+00
4.994047738882364307e+00
4.993485614145757090e+00
4.992921691882076018e+00
4.992351069311263601e+00
4.991788378628553957e+00
4.991230037483040505e+00
4.990676815445188375e+00
4.990144927623335391e+00
4.989630447077216147e+00
4.989149983050883641e+00
4.988690066235722753e+00
4.988247562582255767e+00
4.987837226698758286e+00
4.987452359693708814e+00
4.987106334167186183e+00
4.986781343529584909e+00
4.986472666143092702e+00
4.986172621073785116e+00
4.985880897371682607e+00
4.985613151426079526e+00
4.985352529781523323e+00
4.985096315174015302e+00
4.984829248013557645e+00
4.984551101970136955e+00
4.984263754850834616e+00
4.983964065584004288e+00
4.983654817836939976e+00
4.983330611559212642e+00
4.982990680197834976e+00
4.982635656754136555e+00
4.982275078381062094e+00
4.981909386898040637e+00
4.981538093994021033e+00
4.981153375367282976e+00
4.980758299278675416e+00
4.980354958484529249e+00
4.979948691474853639e+00
4.979544791887162702e+00
4.979141728403627454e+00
4.978745762305914369e+00
4.978364012735544186e+00
4.977998764934599585e+00
4.977654450582920553e+00
4.977334372560141773e+00
4.977034866018801296e+00
4.976779113328665183e+00
4.976568886386813162e+00
4.976405959530384671e+00
4.976289369864971945e+00
4.976225573067203811e+00
4.976230773718560485e+00
4.976291933858299821e+00
4.976423476075286345e+00
4.976616031618322999e+00
4.976864981350953343e+00
4.977167153542394473e+00
4.977509510328526510e+00
4.977908543234224936e+00
4.978359102269169334e+00
4.978856605512555156e+00
4.979396143031770805e+00
4.979965699387247646e+00
4.980553881560916274e+00
4.981154326123649057e+00
4.981768086922818028e+00
4.982392606881910879e+00
4.983022070077710808e+00
4.983649500084573525e+00
4.984270491783972190e+00
4.984880807471926190e+00
4.985483900529796841e+00
4.986076960896606458e+00
4.986659118679816594e+00
4.987228052613788876e+00
4.987783870918208962e+00
4.988328650367908956e+00
4.988867596795313553e+00
4.989409573895387418e+00
4.989958798286966868e+00
4.990522730087392667e+00
4.991101426181847600e+00
4.991693658789152721e+00
4.992303677012676744e+00
4.992931297456379092e+00
4.993592073132750109e+00
4.994287877415774624e+00
4.995013554056643379e+00
4.995774036010264929e+00
4.996564855834008334e+00
4.997392614891291274e+00
4.998252123033167571e+00
4.999137623196006963e+00
5.000056355183483348e+00
5.000999612992169219e+00
5.001970410083892205e+00
5.002959035297395829e+00
5.003962961470246995e+00
5.004971709211827324e+00
5.005985336636662453e+00
5.006991667186379225e+00
5.007989110236525043e+00
5.008980791454670900e+00
5.009960678999780370e+00
5.010928283219692858e+00
5.011871782874224301e+00
5.012792893906590663e+00
5.013679971133826463e+00
5.014535392930266511e+00
5.015359104534145906e+00
5.016143324410077931e+00
5.016892166545149578e+00
5.017592670505401919e+00
5.018247923885938100e+00
5.018846783784684185e+00
5.019391657111701655e+00
5.019891848114784061e+00
5.020346189064437858e+00
5.020757831109220248e+00
5.021144375388974623e+00
5.021505792362147780e+00
5.021852799763436792e+00
5.022178239410276746e+00
5.022482212090397802e+00
5.022776395098769164e+00
5.023049214647614669e+00
5.023309294839852335e+00
5.023550031164191410e+00
5.023766343013845059e+00
5.023976019432297768e+00
5.024163260941853615e+00
5.024335396082601157e+00
5.024483245152508104e+00
5.024605905374039061e+00
5.024705388757858771e+00
5.024778839580243073e+00
5.024820233688219062e+00
5.024828068534257675e+00
5.024816255594485526e+00
5.024771420696632518e+00
5.024696476270327672e+00
5.024588770053232345e+00
5.024451201666961353e+00
5.024282317438046874e+00
5.024084457249264446e+00
5.023849051480064887e+00
5.023571285229992078e+00
5.023264293872636621e+00
5.022916144595366283e+00
5.022529850953143082e+00
5.022100361266057078e+00
5.021630972751299993e+00
5.021131081820348285e+00
5.020597528011420785e+00
5.020035190560736993e+00
5.019437280760029374e+00
5.018811203108052510e+00
5.018158662707428164e+00
5.017482633904436717e+00
5.016783281207898959e+00
5.016058259696583477e+00
5.015312420741539157e+00
5.014547164232353360e+00
5.013781018347363450e+00
5.013014912024956082e+00
5.012262625337463362e+00
5.011526879460435957e+00
5.010815050021629524e+00
5.010133002267102675e+00
5.009484103039721248e+00
5.008882772751968027e+00
5.008327371233026071e+00
5.007823250719228625e+00
5.007371344917336486e+00
5.006972270884433307e+00
5.006630055659333500e+00
5.006338886615703032e+00
5.006095768191734408e+00
5.005905216147073844e+00
5.005768096872488471e+00
5.005684763739699505e+00
5.005653133221785289e+00
5.005663093784242790e+00
5.005720071759426126e+00
5.005820675412544496e+00
5.005963285820910436e+00
5.006146434503027542e+00
5.006355033362635432e+00
5.006590364048610020e+00
5.006855329027752433e+00
5.007150737507622296e+00
5.007471659718434331e+00
5.007802270068209438e+00
5.008143768547455466e+00
5.008497760868053206e+00
5.008862609429637125e+00
5.009229045970717387e+00
5.009585344767550907e+00
5.009925994998197574e+00
5.010246929688732642e+00
5.010544767001998245e+00
5.010810979375969865e+00
5.011042943554352647e+00
5.011239593452197383e+00
5.011404080665093907e+00
5.011543316323664676e+00
5.011659470819290974e+00
5.011766025577093941e+00
5.011861723330225615e+00
5.011960582271571596e+00
5.012063550236056209e+00
5.012176276430840183e+00
5.012299935588966804e+00
5.012428242018800439e+00
5.012566916304062481e+00
5.012717850165795852e+00
5.012876238240284721e+00
5.013042944869383177e+00
5.013202826226487829e+00
5.013354612294941504e+00
5.013498518927379521e+00
5.013632302502526450e+00
5.013758224476485559e+00
5.013871308345704492e+00
5.013974365540206257e+00
5.014070023917020613e+00
5.014156781774372185e+00
5.014234488019146951e+00
5.014302137405038273e+00
5.014351935386084591e+00
5.014380164818730279e+00
5.014394101705992313e+00
5.014394808251172009e+00
5.014383855989661853e+00
5.014354633052359844e+00
5.014300264279815345e+00
5.014227370849337007e+00
5.014126452427816183e+00
5.014000201426903836e+00
5.013843489286014865e+00
5.013654329698988832e+00
5.013429799654045560e+00
5.013169906974294321e+00
5.012881178461471521e+00
5.012557152525047854e+00
5.012199900240163153e+00
5.011807742245951935e+00
5.011385293990830547e+00
5.010932615638235887e+00
5.010458504200439478e+00
5.009970900059204091e+00
5.009475820899467635e+00
5.008979722910087418e+00
5.008486517161589546e+00
5.008006202891928105e+00
5.007541625366075166e+00
5.007109237030608284e+00
5.006705931477708482e+00
5.006343544103665444e+00
5.006026284076734001e+00
5.005753286086482845e+00
5.005541571896983122e+00
5.005378630865825684e+00
5.005273923684372406e+00
5.005229383703781565e+00
5.005239650880913160e+00
5.005302458465094695e+00
5.005410750130186770e+00
5.005575424985954314e+00
5.005799676099785600e+00
5.006078222164878078e+00
5.006406331876285698e+00
5.006779246808953587e+00
5.007202313648528857e+00
5.007670700991518231e+00
5.008178013743824764e+00
5.008716756509608459e+00
5.009281987244254886e+00
5.009872986445195409e+00
5.010481881232924373e+00
5.011096079269416137e+00
5.011708504589265978e+00
5.012316317552691913e+00
5.012918839449054254e+00
5.013511543938881765e+00
5.014086220743125821e+00
5.014634893344707578e+00
5.015154018471009501e+00
5.015633125262326963e+00
5.016073025459415469e+00
5.016463293613858454e+00
5.016806015888220394e+00
5.017102242721236394e+00
5.017351231923317556e+00
5.017560221565878109e+00
5.017739434869951332e+00
5.017887548072254233e+00
5.018011320833108080e+00
5.018110086549063986e+00
5.018196346484114834e+00
5.018280184058463433e+00
5.018359435465177043e+00
5.018435954427338253e+00
5.018506344141430375e+00
5.018583367284378483e+00
5.018663833321995504e+00
5.018751533202818749e+00
5.018840138310558530e+00
5.018939064176744402e+00
5.019043306628233836e+00
5.019152167955403421e+00
5.019256100080896843e+00
5.019364336602378351e+00
5.019461583191517917e+00
5.019549584373820927e+00
5.019617331334378818e+00
5.019659772295494093e+00
5.019689617130429937e+00
5.019693115287451768e+00
5.019672017804338360e+00
5.019615526659405802e+00
5.019525738902380851e+00
5.019390225721513055e+00
5.019210830884043517e+00
5.018990722702805662e+00
5.018732549114142572e+00
5.018434327257786265e+00
5.018094584768627797e+00
5.017711915051554783e+00
5.017287392629300236e+00
5.016817499896501609e+00
5.016303646577510378e+00
5.015742036713274565e+00
5.015138152440997921e+00
5.014487833654496463e+00
5.013797921588631468e+00
5.013079010074946495e+00
5.012334969615552360e+00
5.011574577590440782e+00
5.010805453335856363e+00
5.010036847120141523e+00
5.009283938905215727e+00
5.008547892471766794e+00
5.007839643409468522e+00
5.007156669696785301e+00
5.006497247269368955e+00
5.005872648110604395e+00
5.005276548316692775e+00
5.004716841591513088e+00
5.004180317720388516e+00
5.003664236379778529e+00
5.003161205103611842e+00
5.002670199660575356e+00
5.002202125614501504e+00
5.001741907423354228e+00
5.001290626054620603e+00
5.000830032205199061e+00
5.000365657931182817e+00
4.999881499646220639e+00
4.999377281716081534e+00
4.998853538459155033e+00
4.998301885588082527e+00
4.997731982966873154e+00
4.997132533578190206e+00
4.996505793048057420e+00
4.995846037430677455e+00
4.995151570899400539e+00
4.994428987367066419e+00
4.993669380558642956e+00
4.992872310964378890e+00
4.992038131443773175e+00
4.991164913041505891e+00
4.990253083048377114e+00
4.989307854039584100e+00
4.988336331335816887e+00
4.987351909218345369e+00
4.986350752053771984e+00
4.985338789386664970e+00
4.984317587180052911e+00
4.983288345126424268e+00
4.982260915426525827e+00
4.981234681097779671e+00
4.980219547985110573e+00
4.979226153133425647e+00
4.978260370431456749e+00
4.977327866269264156e+00
4.976428641093884053e+00
4.975566506026301461e+00
4.974742568893348427e+00
4.973956108106289520e+00
4.973224528668438005e+00
4.972549620060239484e+00
4.971929598091159086e+00
4.971367432488117188e+00
4.970853340676042009e+00
4.970396849973115039e+00
4.969997040530654608e+00
4.969642466654989654e+00
4.969340598596248881e+00
4.969081688890222281e+00
4.968874878840509268e+00
4.968718822499725185e+00
4.968599911093700250e+00
4.968521263007063204e+00
4.968467115148891722e+00
4.968443486326363789e+00
4.968445303891862785e+00
4.968459730494146243e+00
4.968481577792049464e+00
4.968494797919488448e+00
4.968499800736394079e+00
4.968493647722138640e+00
4.968474123894780270e+00
4.968439230797891071e+00
4.968382812901477763e+00
4.968313001506108328e+00
4.968234715117219480e+00
4.968149218261321387e+00
4.968059396799732852e+00
4.967967061810274920e+00
4.967876934437160052e+00
4.967792337201614394e+00
4.967723833816205747e+00
4.967677926453839987e+00
4.967657691072750126e+00
4.967669289187838899e+00
4.967710000375596735e+00
4.967790771980149955e+00
4.967908422896949894e+00
4.968057736853449313e+00
4.968231632007596765e+00
4.968422612870424082e+00
4.968645376568971983e+00
4.968892773712367372e+00
4.969169308753997427e+00
4.969456800991983059e+00
4.969742851188721389e+00
4.970013766853455195e+00
4.970274345862064180e+00
4.970498337621183538e+00
4.970693887329043825e+00
4.970856220634970235e+00
4.970980197020191227e+00
4.971052906123305526e+00
4.971060513977509032e+00
4.971014055202332749e+00
4.970912720125716611e+00
4.970755740956019686e+00
4.970542210389476523e+00
4.970271564286750987e+00
4.969959701665295881e+00
4.969601083502722894e+00
4.969203535162461272e+00
4.968774405114900539e+00
4.968317341089796280e+00
4.967837522768031810e+00
4.967339652173769160e+00
4.966827691339505080e+00
4.966306365758728525e+00
4.965776233889712010e+00
4.965241603285623029e+00
4.964711947545956683e+00
4.964189291365991963e+00
4.963681310184848705e+00
4.963188227110158834e+00
4.962714695439290224e+00
4.962262288399589494e+00
4.961834471516860745e+00
4.961435207978440509e+00
4.961061211705757756e+00
4.960715508603109392e+00
4.960386671938550762e+00
4.960075336464298879e+00
4.959772530656856304e+00
4.959483374704223735e+00
4.959206953377079508e+00
4.958935251378070674e+00
4.958672333911608554e+00
4.958407222267785741e+00
4.958144606195935111e+00
4.957874284864016268e+00
4.957595398530908248e+00
4.957309617989309913e+00
4.957011152089187966e+00
4.956705909960517964e+00
4.956386233673046426e+00
4.956052261025259753e+00
4.955706765011499648e+00
4.955345220745156709e+00
4.954969140321562548e+00
4.954575978063592068e+00
4.954162741259285241e+00
4.953731583871490152e+00
4.953287571512706045e+00
4.952835905433244257e+00
4.952383194149084567e+00
4.951926754184611923e+00
4.951477540202984251e+00
4.951039938435504162e+00
4.950622124367010102e+00
4.950235964760731022e+00
4.949872997023712529e+00
4.949546106227289854e+00
4.949249517519573871e+00
4.948993830785701320e+00
4.948792846102814558e+00
4.948636452679138209e+00
4.948534000993323190e+00
4.948472062668380467e+00
4.948459509133909862e+00
4.948505500892726339e+00
4.948598268714351711e+00
4.948740040382920924e+00
4.948916794511108996e+00
4.949132895695597334e+00
4.949397621157198834e+00
4.949699536787897536e+00
4.950036855901211119e+00
4.950397909323304368e+00
4.950780298563272730e+00
4.951182070674927438e+00
4.951591162683994796e+00
4.952003810780675863e+00
4.952410714889498244e+00
4.952812960411044685e+00
4.953212976197334250e+00
4.953608475851448034e+00
4.953994658852549193e+00
4.954366864974232954e+00
4.954722761104437545e+00
4.955061427021952625e+00
4.955389373826415422e+00
4.955702176468999021e+00
4.955997763408899637e+00
4.956270010734527887e+00
4.956520923043219007e+00
4.956750038026449978e+00
4.956953688433943128e+00
4.957133670302656725e+00
4.957300957574127587e+00
4.957453672813800338e+00
4.957601001497906168e+00
4.957747677185188273e+00
4.957895849545100653e+00
4.958053307973394830e+00
4.958221538488366775e+00
4.958406669229814767e+00
4.958611460488834055e+00
4.958834941249885553e+00
4.959080473252185151e+00
4.959343385298350171e+00
4.959624490619250814e+00
4.959915932279624684e+00
4.960218400035598663e+00
4.960526311260262666e+00
4.960841759678523033e+00
4.961163180854718746e+00
4.961492591400245900e+00
4.961816622924607678e+00
4.962138719384174834e+00
4.962456346128683471e+00
4.962774056654970956e+00
4.963094344076318443e+00
4.963403483473313393e+00
4.963702759959352839e+00
4.963982093979222299e+00
4.964244276296897240e+00
4.964489155870480452e+00
4.964715493333144991e+00
4.964927755568726120e+00
4.965121770922644728e+00
4.965299080398484222e+00
4.965460576631678613e+00
4.965601574650584382e+00
4.965726177359549354e+00
4.965838353915690284e+00
4.965942824503956743e+00
4.966054684084458160e+00
4.966176833578003880e+00
4.966317613462535974e+00
4.966490674915341685e+00
4.966702716408845752e+00
4.966962745359714937e+00
4.967270193232771192e+00
4.967625375113066788e+00
4.968033276854631808e+00
4.968497144898949891e+00
4.969006061724006607e+00
4.969565163797318164e+00
4.970168654082892878e+00
4.970818202777384620e+00
4.971507688744543962e+00
4.972237037031529638e+00
4.973016380874990539e+00
4.973848916052459934e+00
4.974723802565216069e+00
4.975637638776183813e+00
4.976579829661728738e+00
4.977545715703251439e+00
4.978541171385529651e+00
4.979560196756007251e+00
4.980604011176708035e+00
4.981663339941385438e+00
4.982736700384500672e+00
4.983822767345788662e+00
4.984911954163196768e+00
4.986008784680250550e+00
4.987107201127890299e+00
4.988206684573176730e+00
4.989305199219469245e+00
4.990398891924503921e+00
4.991487438886050398e+00
4.992566859631422993e+00
4.993627023755196959e+00
4.994660749791745680e+00
4.995665043725256993e+00
4.996634113548879874e+00
4.997568096949344785e+00
4.998458344026093236e+00
4.999298416732434802e+00
5.000103825612549180e+00
5.000867822377565552e+00
5.001605272425893034e+00
5.002312285287860760e+00
5.002998913435820150e+00
5.003680907322649141e+00
5.004359151332262279e+00
5.005041388778570521e+00
5.005720567016486378e+00
5.006405245496516443e+00
5.007106193138842976e+00
5.007821637301330675e+00
5.008555470390800402e+00
5.009296235053422919e+00
5.010050233288290578e+00
5.010825260116339663e+00
5.011615333168387920e+00
5.012420185043096943e+00
5.013224761097312410e+00
5.014031344114424193e+00
5.014837236611725757e+00
5.015641743822575549e+00
5.016446413381577152e+00
5.017236905528785762e+00
5.018013285680296143e+00
5.018769855781080480e+00
5.019508469982627119e+00
5.020217048360589907e+00
5.020892823620322076e+00
5.021529819204094913e+00
5.022134469209793117e+00
5.022701913176658373e+00
5.023229729777755281e+00
5.023708843162835613e+00
5.024142653404355841e+00
5.024529769702437143e+00
5.024873510620178507e+00
5.025179533476563876e+00
5.025449236261281705e+00
5.025685980992947499e+00
5.025892314168248554e+00
5.026078464912806076e+00
5.026249351690147193e+00
5.026418770554099247e+00
5.026591624042573869e+00
5.026769744514108851e+00
5.026966370104433146e+00
5.027180941945493586e+00
5.027426190043419396e+00
5.027697069572835353e+00
5.027987787074026826e+00
5.028297674043652243e+00
5.028620696684892977e+00
5.028970766125794967e+00
5.029335893860634066e+00
5.029706156312103715e+00
5.030077816678758751e+00
5.030440712182399743e+00
5.030780569410500114e+00
5.031095409786876971e+00
5.031386905240442076e+00
5.031649605541105963e+00
5.031875997299875003e+00
5.032046261897857420e+00
5.032174642181570512e+00
5.032235991980495982e+00
5.032244848348863542e+00
5.032166744284995552e+00
5.031994352490373856e+00
5.031756706648238264e+00
5.031431860924431732e+00
5.031040615104802605e+00
5.030550233275362437e+00
5.029975239262649112e+00
5.029311921895215143e+00
5.028551750556300881e+00
5.027711976841758634e+00
5.026770474538873934e+00
5.025736931488584247e+00
5.024611500129769759e+00
5.023386971653173383e+00
5.022058947683046171e+00
5.020656215549180956e+00
5.019169265777537525e+00
5.017623025626610556e+00
5.016019212008189676e+00
5.014361344278527532e+00
5.012677010745478334e+00
5.010958516896439896e+00
5.009220634848547959e+00
5.007464749068690324e+00
5.005696037710380963e+00
5.003920958489848303e+00
5.002134860158634844e+00
5.000354935080481233e+00
4.998568253368807390e+00
4.996778908670616026e+00
4.994990483970117801e+00
4.993206417859266999e+00
4.991429598779152599e+00
4.989661477804851586e+00
4.987913671285581607e+00
4.986183869690371750e+00
4.984467354715540033e+00
4.982769708187057667e+00
4.981097656042052790e+00
4.979450300187542311e+00
4.977833706737233577e+00
4.976271848381234264e+00
4.974742901325893918e+00
4.973277602643442208e+00
4.971882149279784890e+00
4.970551176220846301e+00
4.969313256815742541e+00
4.968172127456139897e+00
4.967102265135120653e+00
4.966111065224479759e+00
4.965192412585686554e+00
4.964358591587017422e+00
4.963574868143271424e+00
4.962876995653580536e+00
4.962269963287483598e+00
4.961726570502591471e+00
4.961266037449907351e+00
4.960853365846644714e+00
4.960515601337622371e+00
4.960250754096279024e+00
4.960060423855402689e+00
4.959950031033449669e+00
4.959931774861842335e+00
4.959994947110035746e+00
4.960164172556916107e+00
4.960443506930686475e+00
4.960834956113912675e+00
4.961347372476675233e+00
4.961954797302104758e+00
4.962684101630665978e+00
4.963502377365447416e+00
4.964433947224832444e+00
4.965487119202232513e+00
4.966634117682194649e+00
4.967895560879921568e+00
4.969244439919210166e+00
4.970695657302357517e+00
4.972252424229598233e+00
4.973886987884259980e+00
4.975598868001914532e+00
4.977370474804854616e+00
4.979196362216686822e+00
4.981058366764997913e+00
4.982956825514053278e+00
4.984878868181920275e+00
4.986818600763296416e+00
4.988776938338492783e+00
4.990738761742329110e+00
4.992710780371641732e+00
4.994669002313827377e+00
4.996620047260735831e+00
4.998533597458814093e+00
5.000401341338369221e+00
5.002221860308858403e+00
5.003980090637417888e+00
5.005693607945652879e+00
5.007340345998020581e+00
5.008920353372306344e+00
5.010435738135784689e+00
5.011878325362414621e+00
5.013249227870911540e+00
5.014532106240004339e+00
5.015734130759446963e+00
5.016859262306899048e+00
5.017903189752906279e+00
5.018862706218569336e+00
5.019727123622506504e+00
5.020489760656565714e+00
5.021154096369356168e+00
5.021720384490402367e+00
5.022188319396884815e+00
5.022559503336163189e+00
5.022821735107065422e+00
5.022979630735428636e+00
5.023047418008285803e+00
5.023020952766023228e+00
5.022904676509283739e+00
5.022699955565117058e+00
5.022424008635066883e+00
5.022072271456205605e+00
5.021641191964232753e+00
5.021136235346281396e+00
5.020576317285383006e+00
5.019952317041540546e+00
5.019283535045768296e+00
5.018544239861156164e+00
5.017735905883099257e+00
5.016890718427683638e+00
5.016001824227358519e+00
5.015087273729230688e+00
5.014124721375491589e+00
5.013135085416223546e+00
5.012096609336520459e+00
5.011021097240234923e+00
5.009915524435426093e+00
5.008772264582301403e+00
5.007609494564319697e+00
5.006411395010735177e+00
5.005189399955058072e+00
5.003944256094478682e+00
5.002674638864777812e+00
5.001386596498273107e+00
5.000081974652788475e+00
4.998766198245071735e+00
4.997447663185380584e+00
4.996115113732598090e+00
4.994784542110941139e+00
4.993450315085432578e+00
4.992127504286548501e+00
4.990820404675980981e+00
4.989517173257848270e+00
4.988232660082359438e+00
4.986956568000096901e+00
4.985688359377164147e+00
4.984433074829358823e+00
4.983181737897176333e+00
4.981941175398606703e+00
4.980708249372621133e+00
4.979494856757301413e+00
4.978309099910041446e+00
4.977150827360530272e+00
4.976024801147362453e+00
4.974942278576276244e+00
4.973894337204477267e+00
4.972898047355195139e+00
4.971954648358007489e+00
4.971061057833215280e+00
4.970219190878053084e+00
4.969426272449273263e+00
4.968679932740705851e+00
4.967972671029346365e+00
4.967315382597224271e+00
4.966711564039067994e+00
4.966155300189929456e+00
4.965643710543590217e+00
4.965171530147272527e+00
4.964749794800955129e+00
4.964383425315101128e+00
4.964057358068604486e+00
4.963770738889654588e+00
4.963513114762683642e+00
4.963276880097765797e+00
4.963075048470129147e+00
4.962897438586881371e+00
4.962743235065794067e+00
4.962606654207413648e+00
4.962483291815226849e+00
4.962381858754162600e+00
4.962292622954776355e+00
4.962221368209650763e+00
4.962165936690947632e+00
4.962136168350191667e+00
4.962146757356316940e+00
4.962196172312329345e+00
4.962283706771635217e+00
4.962410697102972001e+00
4.962585309673524847e+00
4.962823478285647738e+00
4.963111234013416251e+00
4.963463431824423289e+00
4.963881188523449950e+00
4.964367192876019352e+00
4.964934011515655499e+00
4.965563362878241627e+00
4.966265001114884114e+00
4.967030747201722107e+00
4.967852742564361712e+00
4.968731398698371216e+00
4.969659843784254960e+00
4.970637368973774173e+00
4.971647825804038412e+00
4.972697893795055890e+00
4.973777789216917711e+00
4.974873498198073563e+00
4.975984776210468752e+00
4.977100373622458385e+00
4.978218222674410498e+00
4.979329979535620510e+00
4.980436016809622224e+00
4.981532120000998098e+00
4.982614445504228939e+00
4.983673681807199607e+00
4.984706649747171703e+00
4.985705903288403462e+00
4.986665784236470778e+00
4.987578824501911257e+00
4.988443482857626066e+00
4.989258075174372031e+00
4.990031688850800506e+00
4.990758980330507910e+00
4.991447163414638233e+00
4.992106854808013416e+00
4.992738340761940563e+00
4.993348496634942180e+00
4.993948144469839256e+00
4.994544736672622776e+00
4.995151702058000076e+00
4.995768556971532881e+00
4.996394483227711625e+00
4.997038944516759784e+00
4.997700785477143803e+00
4.998391228024345878e+00
4.999102188799961155e+00
4.999840891141876575e+00
5.000589173812851840e+00
5.001350049529657227e+00
5.002119934786543709e+00
5.002894064639195726e+00
5.003686332185253605e+00
5.004476746995434766e+00
5.005273924176082190e+00
5.006075654257521990e+00
5.006879152138218103e+00
5.007667556856260305e+00
5.008435586322533162e+00
5.009174466435299955e+00
5.009893625457273458e+00
5.010597289506779184e+00
5.011278339852079711e+00
5.011937789548619904e+00
5.012568978671414932e+00
5.013177249659281465e+00
5.013758210394961168e+00
5.014305115048271588e+00
5.014813455570918066e+00
5.015283087086361391e+00
5.015719133582394740e+00
5.016119778942746521e+00
5.016482677203100593e+00
5.016803282875997638e+00
5.017079358533456102e+00
5.017317976117564804e+00
5.017513727903796905e+00
5.017673618089838250e+00
5.017800733618868136e+00
5.017896944176835738e+00
5.017974353339022642e+00
5.018029018714523559e+00
5.018072680658160145e+00
5.018111041429883734e+00
5.018145424189943249e+00
5.018186910415034063e+00
5.018226588984918024e+00
5.018278148567270058e+00
5.018331279858912808e+00
5.018396299096722579e+00
5.018474145701122602e+00
5.018557093527134860e+00
5.018662021608990109e+00
5.018778187345680486e+00
5.018915821464698723e+00
5.019061221063103595e+00
5.019213571391966333e+00
5.019376908440110086e+00
5.019545103769717187e+00
5.019723608020662198e+00
5.019899194270341702e+00
5.020066720779954750e+00
5.020241407595545269e+00
5.020413862012297557e+00
5.020588184643508534e+00
5.020752121593774042e+00
5.020900670710922498e+00
5.021030959768192581e+00
5.021144070710958474e+00
5.021248028149799758e+00
5.021346568383247444e+00
5.021434082642168839e+00
5.021510774467111027e+00
5.021569020340189482e+00
5.021610022780456539e+00
5.021632748788194434e+00
5.021628193508457905e+00
5.021605362861972566e+00
5.021563557719434634e+00
5.021502670978749805e+00
5.021423939250031943e+00
5.021331224374096180e+00
5.021235535170506914e+00
5.021140720162163618e+00
5.021060672772671651e+00
5.021002102161379987e+00
5.020973736464600101e+00
5.020973772994703488e+00
5.021018006621389418e+00
5.021109152554063648e+00
5.021244914975476981e+00
5.021434847411228475e+00
5.021672939021600612e+00
5.021974580433680835e+00
5.022339607287659824e+00
5.022757323828056286e+00
5.023232989158944228e+00
5.023751760047391990e+00
5.024323136393443079e+00
5.024936589893416183e+00
5.025583647560790901e+00
5.026270218711808901e+00
5.026983621787740830e+00
5.027737085294439190e+00
5.028525476228905333e+00
5.029343856197311169e+00
5.030198680829716551e+00
5.031076749708963014e+00
5.031983571272803601e+00
5.032908653017593714e+00
5.033843393248034204e+00
5.034781868603540822e+00
5.035718904730392964e+00
5.036663938533975760e+00
5.037609117102339162e+00
5.038545411672904706e+00
5.039465271082237408e+00
5.040362956520631599e+00
5.041231395151928751e+00
5.042072880711868876e+00
5.042884435799434684e+00
5.043656054806426425e+00
5.044383098554328981e+00
5.045055211257651884e+00
5.045682426911309193e+00
5.046249439191533348e+00
5.046759232279373286e+00
5.047197248299133854e+00
5.047565423917483862e+00
5.047876287173937548e+00
5.048119026493739447e+00
5.048300469886970454e+00
5.048420784404959782e+00
5.048478611723047571e+00
5.048487197476433153e+00
5.048440042723894905e+00
5.048340192529366277e+00
5.048199462070122046e+00
5.048015426210120005e+00
5.047807100451543683e+00
5.047571770678265679e+00
5.047322721163735260e+00
5.047050107027398980e+00
5.046751989162521213e+00
5.046451192068861502e+00
5.046144245135591788e+00
5.045843583512112929e+00
5.045535007677033335e+00
5.045224811526939135e+00
5.044900020713908972e+00
5.044564292374057679e+00
5.044238810482424284e+00
5.043913572262030520e+00
5.043595025370818163e+00
5.043274063597421808e+00
5.042953463214438159e+00
5.042636850642959523e+00
5.042316821235219848e+00
5.041984762567082612e+00
5.041634666564861256e+00
5.041272120195428030e+00
5.040891870277921072e+00
5.040495461764732177e+00
5.040079735423424800e+00
5.039644187892774241e+00
5.039182786847452356e+00
5.038694661091069449e+00
5.038173700253467224e+00
5.037619313280086608e+00
5.037031414191226908e+00
5.036406550350586819e+00
5.035742508637706116e+00
5.035032289045850540e+00
5.034274973216454896e+00
5.033470491337578956e+00
5.032618707957666970e+00
5.031730329561037607e+00
5.030805518421334277e+00
5.029857291373412309e+00
5.028897732066908155e+00
5.027939718755880527e+00
5.026992400231757863e+00
5.026055056172411106e+00
5.025138009282749785e+00
5.024248628634017777e+00
5.023397199231188992e+00
5.022584770563047307e+00
5.021802186834615433e+00
5.021052774953644438e+00
5.020336184370320254e+00
5.019659925418895163e+00
5.019023119228880780e+00
5.018411580341858524e+00
5.017824352662068499e+00
5.017246674614947111e+00
5.016686245704990554e+00
5.016147232371372056e+00
5.015621054711740356e+00
5.015108434501092560e+00
5.014603125247162119e+00
5.014113251770836222e+00
5.013637929986219710e+00
5.013165911155742727e+00
5.012695523406368814e+00
5.012220372314554417e+00
5.011742649505835701e+00
5.011254298257631135e+00
5.010754711645645898e+00
5.010243955272240868e+00
5.009721347744567232e+00
5.009185610841019098e+00
5.008637959267004724e+00
5.008084050993425684e+00
5.007521568181917182e+00
5.006955077740355975e+00
5.006381944212122903e+00
5.005821254122063024e+00
5.005268320980474250e+00
5.004742545726701408e+00
5.004251637439235623e+00
5.003800790849133762e+00
5.003408524337216612e+00
5.003068615886374637e+00
5.002792635689480960e+00
5.002581358532412814e+00
5.002454355786547069e+00
5.002422700183457138e+00
5.002472569536408287e+00
5.002609732564530454e+00
5.002821361649773202e+00
5.003120111417016957e+00
5.003500150185070439e+00
5.003972763720891059e+00
5.004539098370812233e+00
5.005183725435278674e+00
5.005910164270541252e+00
5.006696915779254020e+00
5.007546935755751605e+00
5.008458685357116913e+00
5.009420603070402933e+00
5.010436145294451471e+00
5.011491461623453603e+00
5.012590584833168883e+00
5.013726882342243840e+00
5.014889208678149579e+00
5.016076335761688654e+00
5.017281924862406761e+00
5.018503199223421696e+00
5.019736020047210978e+00
5.020973888415837472e+00
5.022209256593132665e+00
5.023439135033631153e+00
5.024652126733207602e+00
5.025841395113610943e+00
5.027002934370184306e+00
5.028138294670724484e+00
5.029240466732524339e+00
5.030309444520614015e+00
5.031354763884087866e+00
5.032376112047574068e+00
5.033384209502478335e+00
5.034363219592710159e+00
5.035327863324424058e+00
5.036266283024093404e+00
5.037177947912355513e+00
5.038077667135735460e+00
5.038942140791555779e+00
5.039793058488510447e+00
5.040608825538299698e+00
5.041398638937613086e+00
5.042126030925651925e+00
5.042807387936851349e+00
5.043437737677238353e+00
5.044023162018500095e+00
5.044533239681265435e+00
5.044991901706897153e+00
5.045375837165854804e+00
5.045688163995736275e+00
5.045942855592810972e+00
5.046117326732719732e+00
5.046238979756826559e+00
5.046282520018513296e+00
5.046275355552433339e+00
5.046186685335933397e+00
5.046015989479720965e+00
5.045784256511479882e+00
5.045469418556541186e+00
5.045090145261138304e+00
5.044620932617337239e+00
5.044073265918642690e+00
5.043447806590349636e+00
5.042745352142603998e+00
5.041974838429243988e+00
5.041137456351073354e+00
5.040242548936161526e+00
5.039311560073051588e+00
5.038354119339141235e+00
5.037383302354368375e+00
5.036423222252281562e+00
5.035493207850607611e+00
5.034600068607481660e+00
5.033753300436885958e+00
5.032945253753217330e+00
5.032194251843843169e+00
5.031510965206775765e+00
5.030901503876898495e+00
5.030384917051645921e+00
5.029947523080857685e+00
5.029589043275567661e+00
5.029315255300256027e+00
5.029123262927982729e+00
5.029007164255830276e+00
5.028958185270544057e+00
5.028989181171286127e+00
5.029089099007773456e+00
5.029249855454194673e+00
5.029469868454266468e+00
5.029743537928094810e+00
5.030082708287168636e+00
5.030475586678018196e+00
5.030908047284114559e+00
5.031374350587953792e+00
5.031871630798209871e+00
5.032408548805046955e+00
5.032973286199498908e+00
5.033555184888769851e+00
5.034145154195953431e+00
5.034735586295950860e+00
5.035319011050392035e+00
5.035886169771779386e+00
5.036431722032953751e+00
5.036949471856583038e+00
5.037427494886445700e+00
5.037862887407768220e+00
5.038255431900847015e+00
5.038600275579023346e+00
5.038901027596671689e+00
5.039161136510898586e+00
5.039382272685995368e+00
5.039568846195123797e+00
5.039721184910394669e+00
5.039833895831489663e+00
5.039921973680267619e+00
5.039984293507534296e+00
5.040027934193734183e+00
5.040048220401753376e+00
5.040035743090214737e+00
5.040021599811391972e+00
5.039988290991990638e+00
5.039946083564666779e+00
5.039888795268145927e+00
5.039815985377302354e+00
5.039729532779548826e+00
5.039625913475993535e+00
5.039490201075913944e+00
5.039324561612100517e+00
5.039137347967715286e+00
5.038933068526327830e+00
5.038713655409752690e+00
5.038470036157756127e+00
5.038205038917599410e+00
5.037928029404370456e+00
5.037633221292285413e+00
5.037319967330780912e+00
5.036979812638250564e+00
5.036620322981266717e+00
5.036228659184067702e+00
5.035808871307759560e+00
5.035362348438590097e+00
5.034884316617040945e+00
