1.4 1212.7974673636713
1.4 2299.296216578032
1.4 2328.7940512850587
1.4 2711.8130060347094
1.4 2318.8392869353765
1.4 2325.0781910279816
1.4 2210.234998004213
1.4 3033.1570470544284
1.4 2338.6636547448043
1.4 2569.61703134145
1.4 2633.096247578489
1.4 3173.3339758949824
1.4 2307.066240437175
1.4 2892.437250404494
1.4 2514.7594609287635
1.4 2232.7047568026337
1.4 2505.9907500035997
1.4 7236.823732796403
1.4 2955.0260528180424
1.4 2387.262790156175
1.4 3335.80419045741
1.4 3009.0638922708276
1.4 2132.5503221664317
1.4 2333.989952275983
1.4 2531.588011044528
1.4 2623.409719641473
1.4 2449.1895204557813
1.4 3032.086581234131
1.4 2267.962173299449
1.4 2363.6244492129895
1.4 2276.5977531814674
1.4 3530.5062938543942
1.4 2623.5897298608766
1.4 2599.0889881022945
1.4 3130.0114107058016
1.4 2261.3048884634636
