0.5021290171796549 2788.6184072552933
0.8573197128464168 2675.641326250744
0.5335885075808778 2789.691033328139
0.7738147360228069 2772.297851872735
0.8205223032304042 2702.7299571760796
0.77572626619847 2627.6143972116806
0.7876337519263156 2965.94890080791
0.8413488203699668 2687.888824345844
0.7713072365069448 2612.9605607641192
0.7230937777904808 2785.2996559233898
0.8138471174035089 2776.7110816834843
0.7473554920086022 2917.741327407353
0.7016134153966628 2870.1300416850468
0.7673771762182154 2686.90147496137
0.8730410084858067 2778.6624171607846
0.6688594176779067 2897.8343215446043
0.8650727300126726 2703.558997833461
0.8060657107272122 2912.3032419134033
0.5229940249579355 2586.359252415381
0.7972222434500911 3188.8260650767834
0.9161973956708261 2660.790913838615
0.7226392903157932 2624.67659882537
0.5973099943398379 3024.638937261022
0.6502274567782489 2993.8573778445143
0.7480076816522312 2795.710452570248
0.7906139367422265 2766.578797177239
0.6914216777508622 2727.670365162127
0.7128807855171863 2932.4304151708607
0.7828246378965135 2943.333340666836
0.942170463145626 2692.224622835819
0.732681842952712 2765.4365180857526
0.904482068735565 2856.137803937033
0.874812400310216 2759.7835298882687
0.7212982261441886 2611.310672826491
0.6876824373180204 2914.916443866504
0.8119297597108961 2734.0571040411605
0.6270791489484702 2862.1627577452864
0.7087988901422537 2851.126166214658
0.6787468442862595 2615.048554014022
0.7540565499885467 2678.5056549588708
0.7770631346355122 2672.6645882058874
0.8514146212045538 3087.9999106670493
0.9999990069935963 2628.6534872804696
0.6461930854297573 2665.269739498899
0.7095074080022458 2851.169692847461
0.5302864150016079 2895.960754812911
0.6520786270124543 2649.4064220960568
0.6844532367639977 2594.8948831305584
0.7019482310937456 2689.352134061969
0.6777959948396538 2948.936797667877
0.7099756463325454 2842.589962755538
0.7152747009393422 2649.2479863137023
0.8460813675920019 2734.676561028742
0.5858372752796152 2636.56284259669
0.7770058884299821 2733.002955736299
0.6871874550914058 2706.549558801867
0.6629938144817012 2713.0775981621136
0.697176525329 2736.028168406523
0.6625114596770003 2735.456617630477
0.802598945525877 2950.9259248246135
0.7366822524559622 2838.8639262540755
0.5189931228901107 3091.441622858026
0.6640156106431658 2806.094476917341
0.6658468602998705 2996.226203501726
0.7806145078002987 2974.9427616436487
0.6159101632071006 2711.043628809389
0.7158248694883211 2805.6999809321205
0.7426962516817398 2707.3021593420017
0.9131514121847482 2652.2303125451954
0.7899827115183776 2946.805342194868
0.6659281419443253 5162589531226.076
0.7408570836715195 2970.451144771088
0.8072277970269329 2616.166900131443
0.8720114011171459 2824.718507245009
0.7259143710769608 2988.7452195255883
0.7273214928892892 2953.8401304254426
0.8702005540151001 2858.978029489126
0.7146068428260863 2724.5551436147516
0.7751286087795594 2908.8118296816347
0.7104161732448039 2874.4538557072624
0.5469924575944 2803.832854059756
0.850498944917973 2793.504205750158
0.5535644347235218 2976.1299317230305
0.6908153384885036 2726.2534681915463
0.6773287999771819 2687.0969099396866
0.6734591873095493 2607.431094805088
0.7687641500488781 2902.52651371693
0.7457738660799437 2707.9149481977342
0.803943821650754 3159.2079144278605
0.6966104552703488 2763.6646971223936
0.7630377968047438 2641.4565047967417
0.7079883920784698 2961.101021538321
0.7644921806492531 2616.2680533577404
0.6254208635998922 3060.775490994125
0.7447512531466114 2844.777602323726
0.7160297430373788 2866.278009019752
0.7142494601391287 2627.0981209387674
0.9064726597150466 2671.6805128834294
0.7969723184819844 2957.5941164119313
0.8313737164548799 2724.6752100820604
