1.5105429098843137 1212.7974673636713
1.4323953445015707 2299.296216578032
1.252633451166493 2328.7940512850587
1.4476417138438642 2126.2670149391024
1.3241027011940063 2151.90695045645
1.2425624048588861 2376.122918960825
1.8472853917779417 2720.511475295813
1.3758299545939041 2166.094019987809
1.5312381528946142 2302.294394639276
1.3418367212908273 2265.2381531887704
1.4820518114617325 2855.7485140752706
1.4267523713068118 2799.6664712226466
1.3464196445721932 3177.684471067443
1.3393235570835953 2474.16259594022
1.3912397326312327 2769.314641073993
1.271002628468164 2427.515961352987
1.4295497004649307 2264.649979269816
1.352218663426895 2992.759432888586
1.4227324304148734 2541.873911521331
1.3101122977037627 2962.0897029505168
1.3051735238616082 2033.079260408387
1.4407158516576484 2425.013717035703
1.2875885117672596 2872.5952114881993
1.4802987363111906 2464.6143070148983
1.4206765389808282 2320.7646822946945
1.4801590971713954 2514.149178580594
1.3643376082551586 2429.6733900078534
1.3895234672262897 2456.611867228965
1.631476954473952 2298.260924303371
1.4613790145448529 2444.0073884882077
1.4392151527792654 2772.1097333220664
1.5354661582806672 4212.6580668860515
1.1474768917000089 2481.717916484338
1.494740643794955 2832.493031791895
1.597908211407099 2381.594031143869
1.3689319085157232 2544.261405584316
1.4332865494448106 2201.935226131206
1.3835827647381032 2528.69163390599
1.327932427242362 2866.13451206889
1.4142212751438126 2997.1691140673843
1.4495061091847903 2229.2941732014333
1.5084234422320935 2397.1090199677383
1.4726493253076838 2270.9705339923985
1.3200293599861408 2308.857061628442
1.4182079831275 2479.885377683766
1.4848129316926975 2165.370686546475
1.3966526234620713 2207.041819121222
1.494825059644544 2825.22772498443
1.632664336921836 2284.058460197425
1.5234399237184961 3225.6555672286568
1.4860364694570773 2302.626600104304
1.3988672495649117 2568.4095573799955
1.425255096194362 3283.7824641058314
1.4215845851939204 2322.6883262807683
1.432993685259069 2132.381369698667
1.4811990137358422 2291.884816423111
1.4705651434227232 2322.536406418808
1.439251384040259 2293.9885230475666
1.5355185164914746 2329.657986154546
1.6303060111373417 2579.540605770988
1.2915357494832094 2406.7675335060107
1.3649004139052077 2354.1969607077517
1.4363892766019584 2445.403829278245
1.5266907025433876 2577.9469179053212
1.3034315766237297 2296.455989644291
1.4411379637268793 2134.5149617208253
1.3493047713688673 2214.200928859751
1.332674592790559 2480.7708841020158
1.4371356117356608 2202.2967765067087
1.4305911824197965 3011.6258306074847
1.3966123848382945 2191.014744989156
1.3330634175173148 2301.9617242280174
1.341740871006457 2232.5396832154615
1.3571436317862788 2754.0126030201436
1.3540140498336395 2784.5393115219495
1.3828704880248834 4763.650944332222
1.2793832210314873 3892.2767802553976
1.5196726256955477 2886.321761762404
1.390645906030885 2528.312267335972
1.3955951322630897 2833.580862616855
1.515478688185889 2308.6948719944103
1.5213848089452124 2469.8057660254312
1.3032251309342082 3347.9930929110637
1.3237575832261206 2794.1735820313684
1.336712930265525 2247.3583962476528
1.4562180232895736 2231.285349777745
1.318748287819477 2347.3915459874006
1.458966431629511 3122.065443232589
1.595487904710151 2344.504486687655
1.2442863682112115 2240.204265175087
1.4241927405857173 3761.6522878056367
1.2099545917547363 2336.815056567211
1.3282219730146725 2205.610860865531
1.379249606952759 2522.3423087262963
1.3256325072480055 2276.7425709738714
1.298057097375115 2237.7657822313527
1.4703629995465743 2324.282093732015
1.5785444935964152 2248.122989448386
1.5149100733135819 2692.948762134117
1.4703115252417909 3332.713331889958
