0.5558413567174242 2151.429527880445
0.4065660301377066 2204.664841435544
0.41540547062265454 2090.3285467455153
0.3951994473793682 2199.298446529785
0.5539110494811875 2240.1479441440624
0.5879711791570562 2163.943714472821
0.6456082547262308 2193.457903352337
0.562078657319536 2258.9223364121017
0.6708060793784236 2049.050108946855
0.6030440654214257 2122.692399812615
0.4131589415722867 2073.3557694609376
0.5080548843932673 2313.390268819465
0.3483294225821648 2361.1867692588535
0.5330759585332802 2023.351668199593
0.5703406086913373 2109.6507611566753
0.4634154107009354 2313.041647471433
0.4928432453128792 2160.1472322236327
0.6526892795321882 2230.5719563755088
0.5909750647367266 2084.42050864854
0.6519198859138791 2216.161598255784
0.36102712399326986 2057.134778642102
0.6467220954652931 2146.9363031647536
0.5944366746828675 2082.543438597084
0.584360286026056 2181.4604200629833
0.5331719473447845 2311.587421055089
0.5762821118105017 2084.2212896899664
0.5188454685511823 2020.4564890569602
0.4182890552338928 2131.9513099676537
0.47902839441071676 2412.812352430542
0.5337093211197167 2410.4399282154936
0.4889314063513163 2233.0406304675735
0.5877827542105616 1981.6755696340115
0.580468730560714 2450.4861385763375
0.6108444175690945 2517.6837529065233
0.5570411367123362 2097.4244883320735
0.6431243246563575 2537.0966235339906
0.5098846273041436 2085.0629968684607
0.5813391509786608 2014.837309601602
0.5090485094380479 2316.0254608041027
0.6311239612302442 2485.996016952502
0.3950075370929272 2016.99570821911
0.6201145423457998 2200.633736386897
0.4296775986456039 2581.2369381757335
0.5962526375669053 2105.863266788224
0.574600069681976 2118.832606440784
0.45850633121040246 2127.144884750079
0.6073199722319156 2126.070536104469
0.43788085217772776 2108.90921665062
0.33700513923654685 2077.0976686663953
0.4865969718857605 2154.6309259878935
0.41617103831942925 2305.5460884190097
0.5577848647655589 2078.360477221329
0.5170732574720607 2243.6893989324194
0.4108376649331791 2446.267231253126
0.5257234758264425 2319.114745234104
0.3908991641993095 2128.202920780058
0.33213521642873256 2143.3208981257812
0.5877376677140266 2407.575614255499
0.5029350669802746 2246.0017194842076
0.3914795905454623 2097.5275371064986
0.49426555863487376 2034.0483699497174
0.5846006585218746 2147.75230239571
0.6207493644585912 2122.9449663327146
0.4144426095948691 2193.181201979418
0.481409463726921 2283.0357906883837
0.44606365040272306 2208.312401709878
0.5730887732606287 2110.2965913017706
0.5224576975240977 2083.450907159169
0.6142499059099813 2076.465114773636
0.3436736516527621 2354.4489090648012
0.4495302653955933 2033.4100123362857
0.46984653975117235 2277.2816599316047
0.5400494601631411 2284.1578943043983
0.4012869176051601 2558.0519845368235
0.5255574797612687 2318.8223443258457
0.47791993899180113 2313.1719420515883
0.49090373839825285 2101.585816932151
0.6168610272119085 2136.789576700016
0.6076928503415064 2035.264428309107
0.4373595714675089 2260.2637181457935
0.7042126189845482 2101.588252069137
0.7641543876609966 2097.363355089402
0.4789911042915281 2054.1905630200317
0.551753704406767 2105.073474660523
0.40422668903797837 2283.7278647901276
0.5684613454189568 2227.9598329264695
0.6541477588122567 2060.342739983723
0.42652910353911117 2067.9775595052206
0.3635836177353885 2164.079553758781
0.4316304669738962 2222.319853157901
0.5678528931191538 2386.57477894798
0.39734614981715505 2106.4242538792355
0.5592333817166304 2098.166716307689
0.2798431688536191 2142.7491589870806
0.41358910418060724 2194.166355334156
0.5556587960854276 2178.607528366308
0.46721949097466703 2111.116675896348
0.49601208870181246 2139.6843702524134
0.45774720204510244 2272.779866247268
0.34659553681713384 2274.583485637455
