0.000000000000000000e+00
0.000000000000000000e+00
-1.474031159887091088e-06
-7.729507196927444028e-06
-1.977893654839135937e-05
-3.498266116366722259e-05
-4.973106333636677942e-05
-2.737033661105667948e-05
4.512949235504516970e-06
9.544975342578256483e-05
2.803654338640627084e-04
5.800444747728761155e-04
9.951745461148674490e-04
1.615544531814521465e-03
2.393882397882408399e-03
3.382288415305084815e-03
4.593787465564673836e-03
6.087113295070594593e-03
7.838973377220099722e-03
9.853544358484213339e-03
1.220207658814615771e-02
1.499520269440836676e-02
1.817412403630442805e-02
2.172639397191233543e-02
2.573017058180995104e-02
3.007511017131037773e-02
3.484437939929194150e-02
4.015169021891779738e-02
4.581380901145166301e-02
5.195682225035853224e-02
5.853749272631830758e-02
6.557541248606865714e-02
7.312827048110191741e-02
8.110824820803826107e-02
8.950672981547540263e-02
9.827590880202477508e-02
1.074234926443023014e-01
1.169609153013152214e-01
1.269135904054564390e-01
1.372521483640593565e-01
1.481321084241789821e-01
1.593184447030943640e-01
1.709754705171507572e-01
1.829514479379576453e-01
1.953382527570647065e-01
2.080927288274687648e-01
2.211636388044280199e-01
2.345806669931334576e-01
2.483810722570341523e-01
2.625110602121275005e-01
2.769590103368681500e-01
2.917790996770781020e-01
3.068398093919676439e-01
3.222149514894409039e-01
3.378373098115844408e-01
3.537446522455138798e-01
3.699520349244995732e-01
3.863810407857819484e-01
4.030634700994416564e-01
4.199798869829103332e-01
4.371332955102845697e-01
4.545825552682801751e-01
4.722076570730133760e-01
4.901537346582336419e-01
5.082781171541137510e-01
5.267171609144134514e-01
5.454031800966187005e-01
5.644142555932922800e-01
5.836966311674043340e-01
6.032910454015657509e-01
6.231868529062197792e-01
6.433298325281070484e-01
6.637138986329960133e-01
6.843412995080875305e-01
7.051304697732853066e-01
7.261078548173833802e-01
7.472472429017951168e-01
7.684873532991342016e-01
7.898238777856760873e-01
8.112323069314890667e-01
8.327383851747447441e-01
8.543368339281017798e-01
8.759759354333812587e-01
8.976790213327341394e-01
9.194006824235850805e-01
9.411895537118846189e-01
9.630142068605356265e-01
9.848369359712533244e-01
1.006647415135376811e+00
1.028430051777832865e+00
1.050194087002747079e+00
1.071926171753875945e+00
1.093618178341858149e+00
1.115255646679870649e+00
1.136830332253448539e+00
1.158320929978363223e+00
1.179748826001159490e+00
1.201083047364226886e+00
1.222321250412933047e+00
1.243463931057922078e+00
1.264509687397948889e+00
1.285454497311584232e+00
1.306281089756957670e+00
1.326949145768157479e+00
1.347483122323027915e+00
1.367919759724609108e+00
1.388256313775054762e+00
1.408476781819335555e+00
1.428527214501372544e+00
1.448463228915206402e+00
1.468228956435195354e+00
1.487867495987883926e+00
1.507285582993499240e+00
1.526505146000854296e+00
1.545527397368423150e+00
1.564367176268569803e+00
1.583013728831283551e+00
1.601472238276473892e+00
1.619676054690353473e+00
1.637734160397522176e+00
1.655566102240555004e+00
1.673221471283905304e+00
1.690611222956650117e+00
1.707690733645431669e+00
1.724619704459182667e+00
1.741326683733932512e+00
1.757890945647232028e+00
1.774229106877319273e+00
1.790368903849594018e+00
1.806331119511596750e+00
1.822110005591384807e+00
1.837657510016433626e+00
1.853046996567718319e+00
1.868158382151595687e+00
1.883059296582214159e+00
1.897644718859664792e+00
1.911933290932647633e+00
1.925941963170043847e+00
1.939631247494689736e+00
1.952948540423385504e+00
1.965989090178482002e+00
1.978684494469634902e+00
1.991066038582794295e+00
2.003141177866928135e+00
2.014908765528671708e+00
2.026319189045898916e+00
2.037453430865280968e+00
2.048223893616669677e+00
2.058664381478302996e+00
2.068780312512391362e+00
2.078577635262483181e+00
2.088018054936402912e+00
2.097190112445824983e+00
2.105999209259026728e+00
2.114494015548699757e+00
2.122668767545693225e+00
2.130533562872879205e+00
2.138079227779380975e+00
2.145417091224662620e+00
2.152510034416190265e+00
2.159384525392524345e+00
2.166104698155395525e+00
2.172734234307280854e+00
2.179273290608398028e+00
2.185854713294974605e+00
2.192606592748634231e+00
2.199560700033180272e+00
2.206888956401817037e+00
2.214567142103187170e+00
2.222705965016356977e+00
2.231366417382231848e+00
2.240607379053106918e+00
2.250500150893201656e+00
2.260948144171704310e+00
2.272033762906064069e+00
2.283804564450254482e+00
2.296139702771176960e+00
2.309119803879728483e+00
2.322819529746045664e+00
2.337071044419278376e+00
2.351970393631924505e+00
2.367523571227062806e+00
2.383594974253643528e+00
2.400035368178356165e+00
2.416981428835857759e+00
2.434488694642056306e+00
2.452463173840511601e+00
2.470811774704922303e+00
2.489417266819943464e+00
2.508478593800533840e+00
2.528123649332989054e+00
2.548269361231793262e+00
2.568876062605846666e+00
2.589791899893749250e+00
2.611220124934185094e+00
2.633154882166850452e+00
2.655604029868114058e+00
2.678539184306132359e+00
2.701809774611460213e+00
2.725530325148569410e+00
2.749787701342569779e+00
2.774529455874430006e+00
2.799507163737283477e+00
2.824927545760141712e+00
2.850762544844614332e+00
2.876877888415323881e+00
2.903362554285990438e+00
2.930157061789499640e+00
2.957378300402628835e+00
2.984868005488383158e+00
3.012769407008158762e+00
3.040977641318308944e+00
3.069510740015971351e+00
3.098305226538646373e+00
3.127414182398784437e+00
3.156674612734783114e+00
3.186182891104686554e+00
3.215812879775035160e+00
3.245575634215342564e+00
3.275401335928904700e+00
3.305311692927348499e+00
3.335293287013041841e+00
3.365368436549174280e+00
3.395506368849741552e+00
3.425667968962657017e+00
3.455868986819254918e+00
3.486060682509409592e+00
3.516238363955485280e+00
3.546349240515696444e+00
3.576379536364542755e+00
3.606198228571879660e+00
3.635839072440135045e+00
3.665195711825358416e+00
3.694326423380839053e+00
3.723139659140573876e+00
3.751697999213205570e+00
3.780050994132028830e+00
3.808251818392740518e+00
3.836297339175211540e+00
3.864104977820383979e+00
3.891693512175547820e+00
3.919137331221567599e+00
3.946458512518869366e+00
3.973680697653756866e+00
4.000801607344613764e+00
4.027840532038674759e+00
4.054777289603218371e+00
4.081610800002083650e+00
4.108341904852852444e+00
4.135003544066415238e+00
4.161556824419960776e+00
4.188048509333596847e+00
4.214437552664742626e+00
4.240735203001961828e+00
4.266865135405526033e+00
4.292876239989265486e+00
4.318846145842536899e+00
4.344745837424262902e+00
4.370558387015328172e+00
4.396345223162636984e+00
4.422114268515572988e+00
4.447873569701180863e+00
4.473554331038460674e+00
4.499241956446632607e+00
4.525000847552284711e+00
4.550848365996345457e+00
4.576773649428352186e+00
4.602795246813758290e+00
4.629006897185309555e+00
4.655387724612221056e+00
4.681884328101143744e+00
4.708540462229714230e+00
4.735425742838844876e+00
4.762427588675484103e+00
4.789662104819282895e+00
4.817150186274513857e+00
4.844748750899300127e+00
4.872549737666115099e+00
4.900578526232703958e+00
4.928677860472664207e+00
4.956922022078498635e+00
4.985300623152717492e+00
5.013800207350715965e+00
5.042414199088081972e+00
5.071182996008857913e+00
5.100034955714209950e+00
5.129003685687049341e+00
5.158067527983648759e+00
5.187204834197027381e+00
5.216400030825598222e+00
5.245660730574591035e+00
5.274949589941962280e+00
5.304289013121588070e+00
5.333637582037908054e+00
5.362969366286259643e+00
5.392282177184087644e+00
5.421541229460699718e+00
5.450690990660651103e+00
5.479745146010381873e+00
5.508646758769017993e+00
5.537402127955418862e+00
5.565998645995121841e+00
5.594442967150669688e+00
5.622721356127720505e+00
5.650822623942357126e+00
5.678735920165044249e+00
5.706488217089635384e+00
5.734065624449712573e+00
5.761490813467961658e+00
5.788749073718052252e+00
5.815861355040531144e+00
5.842813705180149420e+00
5.869618276331882711e+00
5.896280938361148749e+00
5.922794636462192841e+00
5.949168094370822502e+00
5.975399922106723771e+00
6.001489478323917659e+00
6.027456845019321108e+00
6.053280707571963681e+00
6.078980842802980789e+00
6.104557510588625391e+00
6.130013841364839955e+00
6.155361629698733239e+00
6.180616749499300511e+00
6.205791126463870100e+00
6.230876542304018884e+00
6.255887306902865319e+00
6.280834728453616123e+00
6.305746122572878143e+00
6.330624893877963011e+00
6.355459915373781854e+00
6.380263115141848296e+00
6.405065492365816127e+00
6.429849337313631175e+00
6.454666048262575728e+00
6.479518274043062576e+00
6.504472337935427895e+00
6.529467297766665013e+00
6.554554942820528751e+00
6.579764634345034224e+00
6.605092643473605030e+00
6.630531495783785090e+00
6.656136895392396724e+00
6.681840606902101243e+00
6.707725204203585534e+00
6.733782483313540901e+00
6.760024453375796050e+00
6.786459053729036128e+00
6.813101831648804563e+00
6.839948662493683607e+00
6.867120381567932696e+00
6.894499689314820046e+00
6.922189720843292982e+00
6.950177129481292404e+00
6.978429747794127280e+00
7.006936141226743686e+00
7.035734978888486424e+00
7.064709509585355818e+00
7.093901077483152129e+00
7.123279026720975793e+00
7.152832590315793659e+00
7.182552391264890979e+00
7.212402864668821856e+00
7.242383080695128150e+00
7.272461482260680121e+00
7.302611635897611642e+00
7.332812739584897876e+00
7.363038710329984582e+00
7.393279052947018926e+00
7.423530417654966129e+00
7.453785513613676805e+00
7.484032844279265184e+00
7.514266885493253945e+00
7.544483247969602679e+00
7.574668213103268322e+00
7.604808834765409031e+00
7.634907513831113768e+00
7.664954038832640038e+00
7.694947870943999568e+00
7.724871503088928115e+00
7.754715260241485275e+00
7.784488273833252592e+00
7.814179590914704043e+00
7.843795279238678475e+00
7.873305960867859277e+00
7.902704373572326801e+00
7.931993209097839781e+00
7.961135176394440016e+00
7.990178469393707239e+00
8.019070669386840322e+00
8.047832778666473175e+00
8.076447023127533598e+00
8.104919515822388121e+00
8.133253077242827089e+00
8.161452349398587103e+00
8.189501649115536352e+00
8.217400978777858356e+00
8.245179785464259226e+00
8.272835293982479854e+00
8.300386975977870563e+00
8.327815905783625183e+00
8.355170479987117815e+00
8.382398894999475658e+00
8.409571276877374046e+00
8.436626840804072103e+00
8.463559108946771659e+00
8.490386742327661551e+00
8.517107728693932955e+00
8.543733764861078939e+00
8.570225409243557024e+00
8.596591633532497667e+00
8.622844923708887777e+00
8.648988476965877581e+00
8.675027269099210514e+00
8.700924895976042350e+00
8.726715754244780854e+00
8.752357300494169934e+00
8.777895525668121479e+00
8.803285056326842550e+00
8.828479539130187348e+00
8.853499423239686195e+00
8.878333462450960667e+00
8.902997859690646720e+00
8.927480825160007072e+00
8.951748431895236280e+00
8.975855020258883599e+00
8.999723504755955616e+00
9.023454357359867117e+00
9.046967626784306660e+00
9.070307625506380589e+00
9.093437265131930403e+00
9.116334115241031100e+00
9.139061902735688747e+00
9.161541672919250701e+00
9.183830500815370002e+00
9.205896130774476660e+00
9.227747002814272292e+00
9.249412873957613357e+00
9.270869799826598978e+00
9.292155493472078476e+00
9.313189634058931077e+00
9.334029582713107231e+00
9.354665337775212919e+00
9.375135563586216136e+00
9.395422722075441158e+00
9.415494891379333708e+00
9.435365955803847626e+00
9.455023659441925687e+00
9.474510462258315613e+00
9.493808542464233113e+00
9.512888281319595407e+00
9.531764422629333211e+00
9.550428898308732428e+00
9.568902454350451947e+00
9.587207668993931620e+00
9.605315196488362517e+00
9.623236398671130232e+00
9.640969119046191693e+00
9.658528447125416250e+00
9.675908001635534106e+00
9.693138394330008012e+00
9.710205358241063678e+00
9.727100281689626371e+00
9.743878917668324036e+00
9.760522668335896768e+00
9.777017261956196137e+00
9.793392763112050758e+00
9.809626151297553776e+00
9.825745620701773930e+00
9.841722470496161890e+00
9.857599369261725641e+00
9.873352689717275865e+00
9.888951517317753570e+00
9.904444042418461436e+00
9.919808806155186787e+00
9.935059655879003415e+00
9.950215508912068074e+00
9.965238373253805904e+00
9.980167520020467364e+00
9.994979128811818825e+00
1.000967409727380897e+01
1.002427522537515792e+01
1.003878206369684456e+01
1.005317678687380223e+01
1.006750034568117513e+01
1.008174167034433744e+01
1.009590849873827345e+01
1.010999538061426506e+01
1.012398255822466275e+01
1.013790549633310789e+01
1.015174139139460152e+01
1.016547102448748063e+01
1.017915189978884349e+01
1.019275348899172506e+01
1.020627906796740270e+01
1.021973546025560964e+01
1.023311017391489841e+01
1.024640874740885721e+01
1.025960210439967035e+01
1.027269984957979965e+01
1.028571197149561556e+01
1.029862951872156707e+01
1.031146062729166601e+01
1.032420309064196395e+01
1.033684313056277126e+01
1.034938971397684782e+01
1.036183289882944969e+01
1.037417953488635014e+01
1.038643060443209620e+01
1.039857174989985467e+01
1.041063541171359041e+01
1.042259048816966072e+01
1.043443586942957957e+01
1.044617279050158665e+01
1.045780603287028399e+01
1.046930865046786430e+01
1.048067174789714073e+01
1.049190354702281169e+01
1.050301161167429953e+01
1.051399732229517880e+01
1.052483673093127337e+01
1.053553675052928007e+01
1.054608554837512102e+01
1.055651402113246107e+01
1.056680777904795754e+01
1.057697846052455226e+01
1.058700083014773696e+01
1.059687294421004644e+01
1.060662512657451018e+01
1.061623799321460204e+01
1.062568643686580039e+01
1.063497813341425946e+01
1.064409638879107334e+01
1.065307960507677798e+01
1.066190515038775288e+01
1.067058546898173255e+01
1.067909595963763003e+01
1.068740812179850330e+01
1.069556969580458627e+01
1.070355589864062296e+01
1.071138551411437057e+01
1.071902748880194700e+01
1.072650634405421144e+01
1.073382322726057936e+01
1.074095735845373945e+01
1.074792900619314828e+01
1.075471232709692693e+01
1.076133422610567791e+01
1.076777935383127804e+01
1.077405928609179142e+01
1.078019236442850470e+01
1.078615869221495238e+01
1.079201156971262421e+01
1.079771081862257631e+01
1.080326452312277397e+01
1.080870106813715736e+01
1.081399205503271865e+01
1.081917889890478968e+01
1.082422071394728569e+01
1.082915160414980704e+01
1.083396727827595640e+01
1.083863267538355935e+01
1.084318865386056174e+01
1.084759234753655655e+01
1.085188240644740354e+01
1.085605452654170300e+01
1.086006156769799702e+01
1.086397875485229036e+01
1.086776399103212043e+01
1.087145358977126719e+01
1.087504507151650834e+01
1.087852341142701640e+01
1.088192540702628719e+01
1.088521019694614189e+01
1.088839940068530865e+01
1.089152330425786808e+01
1.089456488606738738e+01
1.089753012952613709e+01
1.090043523428249195e+01
1.090324100312996158e+01
1.090599792954731129e+01
1.090866572586107353e+01
1.091124065962839218e+01
1.091374397066640789e+01
1.091614858669447941e+01
1.091848045659470756e+01
1.092070371297407405e+01
1.092285059851813678e+01
1.092491629463839686e+01
1.092686428499627382e+01
1.092872495454955484e+01
1.093045657706666240e+01
1.093209474814343629e+01
1.093363393855500298e+01
1.093506302413749864e+01
1.093638568026232782e+01
1.093756696482408231e+01
1.093861529317903702e+01
1.093953279790687816e+01
1.094031737041878749e+01
1.094098006484317942e+01
1.094151899543810025e+01
1.094191646033186061e+01
1.094219632738489167e+01
1.094230048604528882e+01
1.094227837537634684e+01
1.094210828668657598e+01
1.094180599893662986e+01
1.094138852372053705e+01
1.094083362668041204e+01
1.094016135945204660e+01
1.093937172397259516e+01
1.093845329954508472e+01
1.093741479820791618e+01
1.093623390398208173e+01
1.093494427404586489e+01
1.093352719939533735e+01
1.093197516969624772e+01
1.093032687059823260e+01
1.092853399015251270e+01
1.092662778861109096e+01
1.092458939335528711e+01
1.092242193258587157e+01
1.092015002764050102e+01
1.091774093887988784e+01
1.091524248368326511e+01
1.091260717130485780e+01
1.090983676559511117e+01
1.090695643580737872e+01
1.090393037683549515e+01
1.090080933845821143e+01
1.089754404789987241e+01
1.089416674829307574e+01
1.089067421085420584e+01
1.088702213264289576e+01
1.088326185829225423e+01
1.087933965600314679e+01
1.087529037154498646e+01
1.087111049688640385e+01
1.086678810156169739e+01
1.086234252787414256e+01
1.085771143770995906e+01
1.085296271748128660e+01
1.084804136759820636e+01
1.084296303278985540e+01
1.083774858243051042e+01
1.083233987934175069e+01
1.082680604464593443e+01
1.082109869546475878e+01
1.081523718602242745e+01
1.080924536115708534e+01
1.080310202962937360e+01
1.079684565014424003e+01
1.079045751876415871e+01
1.078393665856900085e+01
1.077730376429143000e+01
1.077053929633679452e+01
1.076367959625306270e+01
1.075670889265122732e+01
1.074963158852639467e+01
1.074248755282941126e+01
1.073526944226804325e+01
1.072796804256024750e+01
1.072058901614728299e+01
1.071312323815408085e+01
1.070560238129678332e+01
1.069801350719514410e+01
1.069035482413354465e+01
1.068261965102735012e+01
1.067481163329663829e+01
1.066692936129155811e+01
1.065898848003926780e+01
1.065096369928899200e+01
1.064285224265637630e+01
1.063466475374283959e+01
1.062642436928334355e+01
1.061813085741582086e+01
1.060975247509065156e+01
1.060128378755631928e+01
1.059273587710443110e+01
1.058413102037492770e+01
1.057546969182077312e+01
1.056674293345990989e+01
1.055792903966489682e+01
1.054905367917600501e+01
1.054011890596929213e+01
1.053111516124787883e+01
1.052202631837907276e+01
1.051282697505536667e+01
1.050354365593972794e+01
1.049417651242795557e+01
1.048473946876111462e+01
1.047519775516572338e+01
1.046551783926072687e+01
1.045573847539010970e+01
1.044582807309213734e+01
1.043581304914537711e+01
1.042563832647386768e+01
1.041531490094248191e+01
1.040483983881059871e+01
1.039419888741556264e+01
1.038344180352273760e+01
1.037251293904366989e+01
1.036147000319543388e+01
1.035026343710008057e+01
1.033889074570718591e+01
1.032738133914056711e+01
1.031568625695291352e+01
1.030387197620454565e+01
1.029189344412866092e+01
1.027978252417626770e+01
1.026755022294106823e+01
1.025516916281762647e+01
1.024268301016870097e+01
1.023003383881631478e+01
1.021725033051553488e+01
1.020433959610048014e+01
1.019128813631120245e+01
1.017812458760323935e+01
1.016482206232133301e+01
1.015139150507035737e+01
1.013783241397920243e+01
1.012412776834550421e+01
1.011030434734407102e+01
1.009633273012223498e+01
1.008223102814736549e+01
1.006802336461129066e+01
1.005365365273537392e+01
1.003915523654999475e+01
1.002449551827492513e+01
1.000967069274964238e+01
9.994730769463204823e+00
9.979656096764228934e+00
9.964469786949774033e+00
9.949134477444312452e+00
9.933631061382907745e+00
9.917988340922015311e+00
9.902203259535449220e+00
9.886296240158694459e+00
9.870261011191026057e+00
9.854058373041766572e+00
9.837712041206973623e+00
9.821220355101244692e+00
9.804603205986637704e+00
9.787856913872378328e+00
9.770973389216084826e+00
9.753966243334431852e+00
9.736826357908862306e+00
9.719571001597063997e+00
9.702194697924275246e+00
9.684689506359715594e+00
9.667062966890949127e+00
9.649330895014422538e+00
9.631494594879763227e+00
9.613525254793778174e+00
9.595438786812437115e+00
9.577237101860657020e+00
9.558934016295090430e+00
9.540529046126023260e+00
9.522019389935151068e+00
9.503430512018814724e+00
9.484703826971664142e+00
9.465890021391526687e+00
9.446947555609360947e+00
9.427890945740360351e+00
9.408765252895969766e+00
9.389544911451952913e+00
9.370253177948610457e+00
9.350885347195282193e+00
9.331428208418502734e+00
9.311914770670545849e+00
9.292331761189114303e+00
9.272697168656003797e+00
9.253000218935619969e+00
9.233239389725339308e+00
9.213436430760038931e+00
9.193563773699413133e+00
9.173632536001813165e+00
9.153625817366252804e+00
9.133540701933512196e+00
9.113397944040904974e+00
9.093184874125133987e+00
9.072907362051617852e+00
9.052535455294263400e+00
9.032058849402083922e+00
9.011498799391400638e+00
8.990842030115736350e+00
8.970096366472850136e+00
8.949225757189402941e+00
8.928246665068279242e+00
8.907144179411540463e+00
8.885914669104227670e+00
8.864589924879679117e+00
8.843176276751167464e+00
8.821687181063301963e+00
8.800136637755047175e+00
8.778545341559063075e+00
8.756930306025154209e+00
8.735313410826330838e+00
8.713724153109197346e+00
8.692184779711368492e+00
8.670709312029483584e+00
8.649360485144260480e+00
8.628127014704350728e+00
8.607038407393103441e+00
8.586074400015478503e+00
8.565269920893316069e+00
8.544632580347659712e+00
8.524211392470004256e+00
8.503958568640355153e+00
8.483932302065495534e+00
8.464131926365499936e+00
8.444530235596303669e+00
8.425127815075519777e+00
8.405904800959232759e+00
8.386858925886752303e+00
8.367978062697055464e+00
8.349262245960835216e+00
8.330717910595540232e+00
8.312356921501757867e+00
8.294236781664492852e+00
8.276275248594881617e+00
8.258535384007098301e+00
8.240945706434850138e+00
8.223570940561893750e+00
8.206403423615100223e+00
8.189476840563418847e+00
8.172755631275776977e+00
8.156333885260227845e+00
8.140099375315310581e+00
8.124143953390717598e+00
8.108467227287889045e+00
8.093026928969026201e+00
8.077828409739137072e+00
8.062848283119796733e+00
8.048128813572525075e+00
8.033688795633910473e+00
8.019530483551619682e+00
8.005580614872572554e+00
7.991869218416807641e+00
7.978392005034087298e+00
7.965101902552245150e+00
7.952006768055555952e+00
7.939151715107557905e+00
7.926453594036696693e+00
7.913959763117431656e+00
7.901695122786163594e+00
7.889570874043107196e+00
7.877625198431610798e+00
7.865827936001419829e+00
7.854156860180497191e+00
7.842624743052124536e+00
7.831246675320266526e+00
7.819969008036254721e+00
7.808816163607239069e+00
7.797757713862060847e+00
7.786797235079406576e+00
7.775928111143706190e+00
7.765148363180754743e+00
7.754418189592955812e+00
7.743758215971586978e+00
7.733158330984709394e+00
7.722581327028868792e+00
7.712041281529066872e+00
7.701512738533613955e+00
7.690991342135069964e+00
7.680484416552184612e+00
7.669995752640365261e+00
7.659507464237808705e+00
7.649041830368636496e+00
7.638586839504836412e+00
7.628133319683668923e+00
7.617685232229826298e+00
7.607217030592558160e+00
7.596747409172651899e+00
7.586270659037229969e+00
7.575771958895323621e+00
7.565266082354185961e+00
7.554742049046156538e+00
7.544204797812102292e+00
7.533649088211654465e+00
7.523076494999527242e+00
7.512494803734420579e+00
7.501897611685394374e+00
7.491293273039459244e+00
7.480677524872421102e+00
7.470052502222656265e+00
7.459429869719147455e+00
7.448816914625763452e+00
7.438218482800126097e+00
7.427635533877014140e+00
7.417064825363753222e+00
7.406519395180342968e+00
7.395997494526502791e+00
7.385508915253279127e+00
7.375035837956067652e+00
7.364580315418835177e+00
7.354131927557583381e+00
7.343695939846630161e+00
7.333276833363171043e+00
7.322861872978800868e+00
7.312453867264383511e+00
7.302031982012384681e+00
7.291564073629968945e+00
7.281080296106927641e+00
7.270548309155098643e+00
7.259950691528906930e+00
7.249311806030860339e+00
7.238609479733100649e+00
7.227836586304298372e+00
7.216983977623574020e+00
7.205992782183282763e+00
7.194888303347224401e+00
7.183635084696406103e+00
7.172265468903177954e+00
7.160718262262934175e+00
7.149024851389523150e+00
7.137192496128673902e+00
7.125200444527263421e+00
7.113090462751979537e+00
7.100848182507152551e+00
7.088471425839061979e+00
7.075978497334117101e+00
7.063374060459726600e+00
7.050695316858881512e+00
7.037948536940211497e+00
7.025156046219461992e+00
7.012326312132470818e+00
6.999496603079431445e+00
6.986684234209650235e+00
6.973913281031244082e+00
6.961199370689981514e+00
6.948559244938486756e+00
6.936015358038538636e+00
6.923566209145182171e+00
6.911247962780588061e+00
6.899094034500711459e+00
6.887072711058252139e+00
6.875219361849419286e+00
6.863495676584831173e+00
6.851940021582236362e+00
6.840597212381949177e+00
6.829400925703635217e+00
6.818400155373206317e+00
6.807558003731360330e+00
6.796932084627738568e+00
6.786505339213005250e+00
6.776274750300041561e+00
6.766281744905105811e+00
6.756471533246628525e+00
6.746892024345985561e+00
6.737545794315925818e+00
6.728413191505065782e+00
6.719547509022346432e+00
6.710869755216232413e+00
6.702444152303328906e+00
6.694251560636153897e+00
6.686279413767448609e+00
6.678510181375138188e+00
6.670957967706314662e+00
6.663648622699372304e+00
6.656531649299256337e+00
6.649636189408890452e+00
6.642886047430627272e+00
6.636322361894243294e+00
6.629916698403948594e+00
6.623665034838312593e+00
6.617573779292696301e+00
6.611615336604709015e+00
6.605772476263637394e+00
6.600036088891621411e+00
6.594420646496410576e+00
6.588879838653202370e+00
6.583406212993260453e+00
6.578005823560353349e+00
6.572662491865750134e+00
6.567398303814526273e+00
6.562193529673215231e+00
6.557040658660527654e+00
6.551955363817807410e+00
6.546952880688305498e+00
6.542021116979714002e+00
6.537178906567688408e+00
6.532444104023571896e+00
6.527800898619291026e+00
6.523267622061370119e+00
6.518834544785616636e+00
6.514509496160147961e+00
6.510326842435001815e+00
6.506247802146075010e+00
6.502273390062448755e+00
6.498391065664884891e+00
6.494606011279221214e+00
6.490935973890419319e+00
6.487353120811577334e+00
6.483854098983401926e+00
6.480435793169135650e+00
6.477088769443627214e+00
6.473805049725171123e+00
6.470581729777451052e+00
6.467397743828887435e+00
6.464244386621112781e+00
6.461103330619926588e+00
6.457967859573956027e+00
6.454823059507008409e+00
6.451630857356186688e+00
6.448416179187889341e+00
6.445131869979497274e+00
6.441756758757230195e+00
6.438288331099148110e+00
6.434700814552898329e+00
6.430969099767799513e+00
6.427087259359951510e+00
6.423059166737195014e+00
6.418871892161962300e+00
6.414477112956639360e+00
6.409890299506779243e+00
6.405099473364942675e+00
6.400014796026342268e+00
6.394693289764516564e+00
6.389096241362683060e+00
6.383225755460851580e+00
6.377130215533370006e+00
6.370748651393049578e+00
6.364110972054594306e+00
6.357216371067159422e+00
6.350086987383955162e+00
6.342709352739447581e+00
6.335112783082121446e+00
6.327291117079847815e+00
6.319305317767256902e+00
6.311152150996321986e+00
6.302824187048071458e+00
6.294405697949522427e+00
6.285894303687209472e+00
6.277330255873793341e+00
6.268742289312475791e+00
6.260143849619024259e+00
6.251556929715269106e+00
6.242997508414381613e+00
6.234488538869017660e+00
6.226031926043624765e+00
6.217648864753837046e+00
6.209346754320257844e+00
6.201142985590094803e+00
6.193023312457197171e+00
6.185027536519163149e+00
6.177140481837385622e+00
6.169358500011558277e+00
6.161705721982115413e+00
6.154172380335921844e+00
6.146752561100119472e+00
6.139474119909400507e+00
6.132328842647666534e+00
6.125301835902327241e+00
6.118429509170645098e+00
6.111651589043730404e+00
6.105016922124022472e+00
6.098558832772368099e+00
6.092184164293402482e+00
6.085969667800062766e+00
6.079947209127539054e+00
6.074041505821340614e+00
6.068293367393605919e+00
6.062651316888921116e+00
6.057156834371679288e+00
6.051839654214971276e+00
6.046689722903363595e+00
6.041702302165619543e+00
6.036900727518192511e+00
6.032240615852466625e+00
6.027786369689098755e+00
6.023513530858151555e+00
6.019420443542592203e+00
6.015495327778451085e+00
6.011787902780167947e+00
6.008264509208792070e+00
6.004930397041433388e+00
6.001758923895947895e+00
5.998779068358533806e+00
5.995991709895723609e+00
5.993389982350461942e+00
5.990971391119353839e+00
5.988694599636190219e+00
5.986590003587597408e+00
5.984618552841537209e+00
5.982755205847613666e+00
5.981001132048956670e+00
5.979308756359212218e+00
5.977677596129766791e+00
5.976085010387294005e+00
5.974515163369767734e+00
5.972951793439976953e+00
5.971365856893650736e+00
5.969766260601870655e+00
5.968116686262481707e+00
5.966395251818292778e+00
5.964608215607993813e+00
5.962735834040038263e+00
5.960718302347057573e+00
5.958603593476408555e+00
5.956316663690204294e+00
5.953882835723751654e+00
5.951290151395194350e+00
5.948510205664031325e+00
5.945514156736724232e+00
5.942356343783728789e+00
5.938935357250563207e+00
5.935315914668432669e+00
5.931470598198764321e+00
5.927307641126504656e+00
5.922841587581030076e+00
5.918095332600467273e+00
5.913008353330485356e+00
5.907661269523494241e+00
5.901942453600756977e+00
5.895949561216228929e+00
5.889640410162799711e+00
5.883044086911075610e+00
5.876148247339122221e+00
5.869029410697810256e+00
5.861648504950396799e+00
5.854084668971888838e+00
5.846333247043483006e+00
5.838428116061082918e+00
5.830385685183395950e+00
5.822242523052086227e+00
5.814034929491867842e+00
5.805795616127839232e+00
5.797552623965136043e+00
5.789342695690980811e+00
5.781195889927735365e+00
5.773135491825929222e+00
5.765250477411142604e+00
5.757504903890481529e+00
5.749997368075242754e+00
5.742691657163492280e+00
5.735648625709407256e+00
5.728880893208376790e+00
5.722377025105349624e+00
5.716143495656840656e+00
5.710176362015597640e+00
5.704478781439655144e+00
5.699127530075901227e+00
5.694021007634990639e+00
5.689234960593574364e+00
5.684676791943901186e+00
5.680427681722038713e+00
5.676545353152149254e+00
5.672919417240017914e+00
5.669612942554349111e+00
5.666612037636631349e+00
5.663950010456436424e+00
5.661552848883265376e+00
5.659480872072571778e+00
5.657752168692941730e+00
5.656257105388041495e+00
5.655029930912252034e+00
5.654045445911880741e+00
5.653325911604162535e+00
5.652824596047696382e+00
5.652519431256052052e+00
5.652413214950185782e+00
5.652449272293426752e+00
5.652667866255917772e+00
5.653007074724713199e+00
5.653471172358671026e+00
5.654041039328852492e+00
5.654710761066356284e+00
5.655473786201158148e+00
5.656308681797066029e+00
5.657211032043971244e+00
5.658154523130335178e+00
5.659152412321246217e+00
5.660191425140775223e+00
5.661268771495499230e+00
5.662379273827948367e+00
5.663507547955790145e+00
5.664661295767703386e+00
5.665827872957862610e+00
5.667007379960097957e+00
5.668200444560326901e+00
5.669399944525040702e+00
5.670607158075845255e+00
5.671819235365664902e+00
5.673033663239157143e+00
5.674247396346008721e+00
5.675462223645127757e+00
5.676672182809389788e+00
5.677882217000996157e+00
5.679084882121360423e+00
5.680279080476437592e+00
5.681462578605687597e+00
5.682636656071817782e+00
5.683807560857212060e+00
5.684970392342483692e+00
5.686117470618164305e+00
5.687254441138184902e+00
5.688370348866856219e+00
5.689471691082991001e+00
5.690532480981028485e+00
5.691555365826762802e+00
5.692536761890925945e+00
5.693445583637633867e+00
5.694285454656757395e+00
5.695058983024037680e+00
5.695762355383313214e+00
5.696367910820818281e+00
5.696899360585785388e+00
5.697337862197136893e+00
5.697681117076254687e+00
5.697926916796540731e+00
5.698049940923055168e+00
5.698060415241461563e+00
5.697955561395328772e+00
5.697744492332977195e+00
5.697403303909641004e+00
5.696903630721908307e+00
5.696282911452990483e+00
5.695504915270549695e+00
5.694617664444788119e+00
5.693586381900652249e+00
5.692421818527921396e+00
5.691122230592712050e+00
5.689646158370717188e+00
5.688046999129995562e+00
5.686288164112315080e+00
5.684384168389781777e+00
5.682351478788598698e+00
5.680122879895909804e+00
5.677758962664349873e+00
5.675230205509408599e+00
5.672555851492627532e+00
5.669755804691060774e+00
5.666772548708662427e+00
5.663665200028166424e+00
5.660411732945187957e+00
5.657033504101975474e+00
5.653550951633199873e+00
5.649933270070299329e+00
5.646226007494672849e+00
5.642414238605244492e+00
5.638513592633946914e+00
5.634528897855028973e+00
5.630464882108912938e+00
5.626349341425643580e+00
5.622172735783801834e+00
5.617954450402007360e+00
5.613697761449561341e+00
5.609421359452947620e+00
5.605139493200525180e+00
5.600864891860231509e+00
5.596615137908204751e+00
5.592395435127957448e+00
5.588214539143784521e+00
5.584076977524502716e+00
5.580000270459397171e+00
5.576009514186126559e+00
5.572080718133193500e+00
5.568243283781749930e+00
5.564494989964707372e+00
5.560858155641301259e+00
5.557358435544713871e+00
5.553956090066179740e+00
5.550692471716150322e+00
5.547590353939280128e+00
5.544606103453382673e+00
5.541807364675745973e+00
5.539134094867453229e+00
5.536625420007450948e+00
5.534268839958650155e+00
5.532061515304785182e+00
5.530062605145911192e+00
5.528237613740901502e+00
5.526573651138286358e+00
5.525050026181678398e+00
5.523665117326716612e+00
5.522436742636899432e+00
5.521377199071982211e+00
5.520438276458123461e+00
5.519635658789018073e+00
5.518933532017807231e+00
5.518369780633190835e+00
5.517937150153853665e+00
5.517591955069043763e+00
5.517337491813639083e+00
5.517155807636270559e+00
5.517050984402710689e+00
5.517003038519585623e+00
5.517008700616831796e+00
5.517055543502035420e+00
5.517129791219893775e+00
5.517223215074452902e+00
5.517321956790225634e+00
5.517426166962073886e+00
5.517517295693219914e+00
5.517596133825541038e+00
5.517644715904428843e+00
5.517651773702058726e+00
5.517628964697182781e+00
5.517545623489827022e+00
5.517425408893436689e+00
5.517238448512913784e+00
5.516976765197875388e+00
5.516648535271349019e+00
5.516227229301993162e+00
5.515738021535042890e+00
5.515147359845404829e+00
5.514457499486569603e+00
5.513682960000996225e+00
5.512820051637653762e+00
5.511877774176364042e+00
5.510820632455115664e+00
5.509632594389086258e+00
5.508349849534397435e+00
5.506952978474263460e+00
5.505471020144586447e+00
5.503855758709077506e+00
5.502096425545576430e+00
5.500235665840270016e+00
5.498257728171708436e+00
5.496194169474007296e+00
5.494002724838616736e+00
5.491696843904618319e+00
5.489286705953245082e+00
5.486792747629052336e+00
5.484220342588787211e+00
5.481570273888473288e+00
5.478864269209270610e+00
5.476105631840591847e+00
5.473295150649911456e+00
5.470430546057587051e+00
5.467514791739349178e+00
5.464565322947865234e+00
5.461584788215523290e+00
5.458578926575547108e+00
5.455548251819973160e+00
5.452502538514498731e+00
5.449456187439325916e+00
5.446413062763576285e+00
5.443387711000804430e+00
5.440376309109097086e+00
5.437409180057412250e+00
5.434489268613225121e+00
5.431614949655895863e+00
5.428807033253078451e+00
5.426051744473343597e+00
5.423399068963891345e+00
5.420822330069905881e+00
5.418349059921867550e+00
5.416002839011317960e+00
5.413754704100257165e+00
5.411650646132594389e+00
5.409643168402080704e+00
5.407758492780094350e+00
5.406017452133063728e+00
5.404386945170524648e+00
5.402888844710948213e+00
5.401542663824918655e+00
5.400302344215277550e+00
5.399212581020955248e+00
5.398206912380817180e+00
5.397326816496612167e+00
5.396573097807528363e+00
5.395900854122997359e+00
5.395334239107729246e+00
5.394824076173067695e+00
5.394394422908485254e+00
5.394029466276229812e+00
5.393721940656366343e+00
5.393470461954536610e+00
5.393244283040227849e+00
5.393047713142993693e+00
5.392869861097248751e+00
5.392708821379751605e+00
5.392552493465305297e+00
5.392396957491696341e+00
5.392226543863476884e+00
5.392034783092499950e+00
5.391825010989964362e+00
5.391581726287663301e+00
5.391311176520943604e+00
5.390998204675675254e+00
5.390642815259456988e+00
5.390242821452379651e+00
5.389790032942952003e+00
5.389269944829107928e+00
5.388685874444605339e+00
5.388048402917744895e+00
5.387348864254716041e+00
5.386592658859852278e+00
5.385776815069083234e+00
5.384894601580863416e+00
5.383951942798858248e+00
5.382939192158346486e+00
5.381877433163291258e+00
5.380754556757575635e+00
5.379557472718127009e+00
5.378291313451892819e+00
5.376946718347436871e+00
5.375548601848251451e+00
5.374086181325084866e+00
5.372549159032470989e+00
5.370944723886617034e+00
5.369267595810063298e+00
5.367542905015119103e+00
5.365763943148025739e+00
5.363927230638632082e+00
5.362051010829576470e+00
5.360124412429698282e+00
5.358163100284704328e+00
5.356161500168212797e+00
5.354127264422544386e+00
5.352057367366919394e+00
5.349962808740507114e+00
5.347858852696786514e+00
5.345752671760688912e+00
5.343647984069954227e+00
5.341543551040063065e+00
5.339455041093001952e+00
5.337382278246054490e+00
5.335331595492729839e+00
5.333304207575687350e+00
5.331313153010972528e+00
5.329378786784776167e+00
5.327509227496752153e+00
5.325696702403195815e+00
5.323950997096664750e+00
5.322286771935591076e+00
5.320722346854576124e+00
5.319236046922572569e+00
5.317846376997597879e+00
5.316564303738243957e+00
5.315400869351990742e+00
5.314333283257848706e+00
5.313359414664274638e+00
5.312466063303118879e+00
5.311678678644067730e+00
5.310983500582344696e+00
5.310384870459503581e+00
5.309889819649226794e+00
5.309459116560587333e+00
5.309101928238937340e+00
5.308803836786368358e+00
5.308557724365212671e+00
5.308375043225654011e+00
5.308231285465129012e+00
5.308126370002693939e+00
5.308049047788783170e+00
5.307998190512128289e+00
5.307968870870948486e+00
5.307962154903627550e+00
5.307964243803702686e+00
5.307969108219961818e+00
5.307967303133749759e+00
5.307957313779454012e+00
5.307939062331981539e+00
5.307907339615460351e+00
5.307859001091395079e+00
5.307771619573880884e+00
5.307653315948966721e+00
5.307487085896257284e+00
5.307282135772232401e+00
5.307041347182069657e+00
5.306751804860954103e+00
5.306426116811755911e+00
5.306042652862790199e+00
5.305612122702125788e+00
5.305137407730045496e+00
5.304614520433072578e+00
5.304049081342939509e+00
5.303438416185502824e+00
5.302777738633279725e+00
5.302071159842137504e+00
5.301307336005094406e+00
5.300489448743584298e+00
5.299614204826475827e+00
5.298669336127758811e+00
5.297675104054331285e+00
5.296619192200420656e+00
5.295495267572521314e+00
5.294316356616734609e+00
5.293077813076496163e+00
5.291775333272934034e+00
5.290406135457275560e+00
5.288974421011921834e+00
5.287494558828591096e+00
5.285968989419459696e+00
5.284405910956381902e+00
5.282799505578993582e+00
5.281150195288180527e+00
5.279465184795378185e+00
5.277748925375461475e+00
5.276003590064762605e+00
5.274232570665595254e+00
5.272439873653171460e+00
5.270642520027873701e+00
5.268841386126992710e+00
5.267046550797937599e+00
5.265266152756928442e+00
5.263511635797737398e+00
5.261793802964208844e+00
5.260109185564039613e+00
5.258496225463865414e+00
5.256940399097918437e+00
5.255458466398237327e+00
5.254036873119589224e+00
5.252718800740953320e+00
5.251498272257562938e+00
5.250378555792090118e+00
5.249351520823952733e+00
5.248422613206026988e+00
5.247634194629904769e+00
5.246967182743070168e+00
5.246420688952026623e+00
5.245982782679317502e+00
5.245688852785795220e+00
5.245522393720865040e+00
5.245495445140812230e+00
5.245573095031256905e+00
5.245772445205772350e+00
5.246111015271569755e+00
5.246538640115583796e+00
5.247072720792320233e+00
5.247695032511082047e+00
5.248405570689765653e+00
5.249191610444514211e+00
5.250042579773991136e+00
5.250952079598038225e+00
5.251900267157880720e+00
5.252877148393717555e+00
5.253871289346542461e+00
5.254879177663651646e+00
5.255883764255968593e+00
5.256874975416987006e+00
5.257840377468792070e+00
5.258774803955284405e+00
5.259682385701863083e+00
5.260553442318170347e+00
5.261375125650493700e+00
5.262124776546090565e+00
5.262799369920222681e+00
5.263407660056083515e+00
5.263941990625291112e+00
5.264385053631095879e+00
5.264730764780371608e+00
5.264979455903350924e+00
5.265133768631322653e+00
5.265171086980673820e+00
5.265103539542006494e+00
5.264911402907864968e+00
5.264597933699087129e+00
5.264169718359307915e+00
5.263603882153228497e+00
5.262917778675154423e+00
5.262093150500849248e+00
5.261137792055204265e+00
5.260061849762394104e+00
5.258873730634048727e+00
5.257572936747863857e+00
5.256130794171884446e+00
5.254588230882480282e+00
5.252936243896082047e+00
5.251185749654366575e+00
5.249344835762576267e+00
5.247404445592954936e+00
5.245398284827068380e+00
5.243326792304114470e+00
5.241213200126484395e+00
5.239058026407555246e+00
5.236869819943503757e+00
5.234666015986994658e+00
5.232454529289796596e+00
5.230246057693554107e+00
5.228051383827520660e+00
5.225903278325392698e+00
5.223785498772454794e+00
5.221733403687072617e+00
5.219725444798065439e+00
5.217802476917101195e+00
5.215976069305730434e+00
5.214227472726894241e+00
5.212605883364274106e+00
5.211070542071654543e+00
5.209656753872230261e+00
5.208390868340329050e+00
5.207237274382904069e+00
5.206223557253076173e+00
5.205337860320403465e+00
5.204579123069242641e+00
5.204013132263616725e+00
5.203555048738317090e+00
5.203270462860063894e+00
5.203160108762503455e+00
5.203173548139575999e+00
5.203360281053874381e+00
5.203650940459164431e+00
5.204092219348940063e+00
5.204654153127164840e+00
5.205313948679658687e+00
5.206097760934325969e+00
5.206946188647243012e+00
5.207881038401217744e+00
5.208873999629110685e+00
5.209917074505181489e+00
5.211016499537915792e+00
5.212142968092054574e+00
5.213300169620604052e+00
5.214474517840834267e+00
5.215656490314693805e+00
5.216839908350202393e+00
5.218015044618342202e+00
5.219176482845040432e+00
5.220308564219565461e+00
5.221399536270590502e+00
5.222459025818797507e+00
5.223472155544849116e+00
5.224426456455085521e+00
5.225328289557193528e+00
5.226167305845711653e+00
5.226928188938591902e+00
5.227601122174356796e+00
5.228191709358189776e+00
5.228703953128252202e+00
5.229141662444861893e+00
5.229505918685289245e+00
5.229769378367753241e+00
5.229956359945179045e+00
5.230047833479883224e+00
5.230035772093514446e+00
5.229916189157347794e+00
5.229667638645451255e+00
5.229333058253805788e+00
5.228879811794440613e+00
5.228316208415608735e+00
5.227639080502969549e+00
5.226829536923154329e+00
5.225898044549807331e+00
5.224829178371413363e+00
5.223643655323369828e+00
5.222342715703828020e+00
5.220915874683244695e+00
5.219376558207853734e+00
5.217740194790943420e+00
5.215995361053333390e+00
5.214157296263560504e+00
5.212235012196882344e+00
5.210243386172636271e+00
5.208203124844414944e+00
5.206121866547447574e+00
5.204016563736778345e+00
5.201902561032157202e+00
5.199785794758181368e+00
5.197688297473768593e+00
5.195617166601995685e+00
5.193589503013471997e+00
5.191623861634115933e+00
5.189745468192677791e+00
5.187962559156994224e+00
5.186267470263818957e+00
5.184679987871032125e+00
5.183227626674750788e+00
5.181902299516777610e+00
5.180709637098888543e+00
5.179686985530833176e+00
5.178794504844526081e+00
5.178111322962622332e+00
5.177615585655848562e+00
5.177299507998804451e+00
5.177144480415562633e+00
5.177152214026253141e+00
5.177346222842287737e+00
5.177741378726611998e+00
5.178282502139161636e+00
5.178988589266489306e+00
5.179882890055130140e+00
5.180922940442513003e+00
5.182106396774003976e+00
5.183388978758999066e+00
5.184776278803296279e+00
5.186275528589435524e+00
5.187851168135351188e+00
5.189492461303418125e+00
5.191185561934656079e+00
5.192932031521743319e+00
5.194714143792337424e+00
5.196518552968448112e+00
5.198335825422947920e+00
5.200159718165343392e+00
5.201977677712386061e+00
5.203774299690668848e+00
5.205551325598900547e+00
5.207296543786471332e+00
5.209011181662027923e+00
5.210677543947640267e+00
5.212287426063958229e+00
5.213852408746424416e+00
5.215355594525282079e+00
5.216802241126243800e+00
5.218167872945016939e+00
5.219469258407301027e+00
5.220672110388225207e+00
5.221798457274384297e+00
5.222843961114235434e+00
5.223799525195903293e+00
5.224674145424909710e+00
5.225424083540389120e+00
5.226078159729190986e+00
5.226631572241135615e+00
5.227077708760448083e+00
5.227428958112545487e+00
5.227666531162507901e+00
5.227768860463223533e+00
5.227753682247533895e+00
5.227622094619261084e+00
5.227388462907808453e+00
5.227038904651241324e+00
5.226556963845329307e+00
5.225986998601990230e+00
5.225305120050149910e+00
5.224521311073739405e+00
5.223623184188443958e+00
5.222618921547373283e+00
5.221516989617784432e+00
5.220309423580011376e+00
5.219015007092793645e+00
5.217631349637350091e+00
5.216186907514174464e+00
5.214677319302399638e+00
5.213104052021344970e+00
5.211481835617861158e+00
5.209814015551646804e+00
5.208119707181295688e+00
5.206403492911894304e+00
5.204680818989116275e+00
5.202961717470723002e+00
5.201255019976931848e+00
5.199574443324642914e+00
5.197918864413338724e+00
5.196320967449980621e+00
5.194765734746294328e+00
5.193294099941091702e+00
5.191910522355872359e+00
5.190607755853968719e+00
5.189411686807113178e+00
5.188284633829431947e+00
5.187274063452322004e+00
5.186381898819645286e+00
5.185596889629204398e+00
5.184938729479153352e+00
5.184440902768810311e+00
5.184048283322889361e+00
5.183797134476888502e+00
5.183640199712652219e+00
5.183629411138070076e+00
5.183757205247355060e+00
5.184001210197281218e+00
5.184356961413691955e+00
5.184811481251786702e+00
5.185392355299959455e+00
5.186078613154064598e+00
5.186850527204048156e+00
5.187698712773097576e+00
5.188629388264788922e+00
5.189621448121441993e+00
5.190680080852880351e+00
5.191773515097274583e+00
5.192898941464200391e+00
5.194043696574344615e+00
5.195195716149583198e+00
5.196343886158838465e+00
5.197485121614708881e+00
5.198595827944053838e+00
5.199659198797716542e+00
5.200675830892695473e+00
5.201635880819931224e+00
5.202542018643989685e+00
5.203363738260641469e+00
5.204080400444045296e+00
5.204705484039560126e+00
5.205233754455522721e+00
5.205675112656727777e+00
5.205994390673414074e+00
5.206172800655886057e+00
5.206233307025804891e+00
5.206174621917717182e+00
5.206011729240827890e+00
5.205708953645490134e+00
5.205309568439089318e+00
5.204765726570449225e+00
5.204082076792082567e+00
5.203284575213154461e+00
5.202342024911602358e+00
5.201301798988541947e+00
5.200122773815355259e+00
5.198845935482941272e+00
5.197457325328551647e+00
5.195942867715321434e+00
5.194328783024512397e+00
5.192622687835657835e+00
5.190845128018820809e+00
5.188995281923972414e+00
5.187081081439218977e+00
5.185125044007264705e+00
5.183136997986995453e+00
5.181134734321796387e+00
5.179129612613879274e+00
5.177139629442653934e+00
5.175186302531918692e+00
5.173261201847751956e+00
5.171408645976740992e+00
5.169602369238096351e+00
5.167885085810381973e+00
5.166271111835198937e+00
5.164736455101925472e+00
5.163324083406883425e+00
5.161999364067274776e+00
5.160786032472212348e+00
5.159700058941205647e+00
5.158742764685710469e+00
5.157901129145582075e+00
5.157178487126191868e+00
5.156564408485253992e+00
5.156110098828037280e+00
5.155773829911310280e+00
5.155575105883587028e+00
5.155505552073415210e+00
5.155544164413991659e+00
5.155733784484150206e+00
5.156032550288768057e+00
5.156458963891894953e+00
5.156992315417559425e+00
5.157632922446758528e+00
5.158388548037439847e+00
5.159252317762404338e+00
5.160229212856323855e+00
5.161292622974546163e+00
5.162442600941689719e+00
5.163678408852250712e+00
5.164993354967267969e+00
5.166376169613035252e+00
5.167827492496401831e+00
5.169350540927083237e+00
5.170921079358488548e+00
5.172524612686069112e+00
5.174150571069151994e+00
5.175789838722378633e+00
5.177432886949212332e+00
5.179072999200256433e+00
5.180695182970198154e+00
5.182274792930514629e+00
5.183815729758173951e+00
5.185291120103032725e+00
5.186724555483491095e+00
5.188083787402542058e+00
5.189357551327379525e+00
5.190554366847904610e+00
5.191638591057093244e+00
5.192639935305745524e+00
5.193511394774944279e+00
5.194249594053657049e+00
5.194873740738660928e+00
5.195344209066064423e+00
5.195706941960782643e+00
5.195923700305105086e+00
5.196030237907947047e+00
5.195970878382615510e+00
5.195749730733625782e+00
5.195393068013184568e+00
5.194892562446589146e+00
5.194264675793642816e+00
5.193458709684605878e+00
5.192516619232888431e+00
5.191419936609859676e+00
5.190177161437863340e+00
5.188816347015492880e+00
5.187291185898177837e+00
5.185644003195159613e+00
5.183863469553582348e+00
5.181985194874397571e+00
5.179999655825486826e+00
5.177892226172081891e+00
5.175717694205633990e+00
5.173463371736398919e+00
5.171153062773339748e+00
5.168790751141898454e+00
5.166387931150786983e+00
5.163964685392969933e+00
5.161538194460267626e+00
5.159125780505533498e+00
5.156736629647610037e+00
5.154383547199365978e+00
5.152088684481975989e+00
5.149855147344467809e+00
5.147702826899884343e+00
5.145623595458864941e+00
5.143623069269059656e+00
5.141726056975721271e+00
5.139927271050810376e+00
5.138256387603878927e+00
5.136700413865448844e+00
5.135265580905080895e+00
5.133984828037619685e+00
5.132847018805742678e+00
5.131854237583875822e+00
5.131085719732046080e+00
5.130442988020776696e+00
5.130006804061530090e+00
5.129709095065890345e+00
5.129595308504476314e+00
5.129692232166825683e+00
5.129961359412818389e+00
5.130396451750247167e+00
5.131019536168721196e+00
5.131775933192519901e+00
5.132732435823825767e+00
5.133820235492137840e+00
5.135068765194564122e+00
5.136481206478028305e+00
5.137999769212155066e+00
5.139669661135820355e+00
5.141436026902345802e+00
5.143317628563790045e+00
5.145293218405393887e+00
5.147350078733114564e+00
5.149506914676575065e+00
5.151722374470380394e+00
5.154002707214502266e+00
5.156330818147806916e+00
5.158695728243737122e+00
5.161101635457423953e+00
5.163527997197059349e+00
5.165975561649945647e+00
5.168435070575621459e+00
5.170899732471849752e+00
5.173367018760587577e+00
5.175836731703427063e+00
5.178296688259985459e+00
5.180738990218784146e+00
5.183156303377296936e+00
5.185543909729864787e+00
5.187911295653726995e+00
5.190237935395385804e+00
5.192523078532364167e+00
5.194764578701402513e+00
5.196959372223760809e+00
5.199123003692772471e+00
5.201245615394261890e+00
5.203320890278962274e+00
5.205347511084225332e+00
5.207306438000347093e+00
5.209225875796223981e+00
5.211084711463596086e+00
5.212888391674901811e+00
5.214637075872566641e+00
5.216325383843329000e+00
5.217972640903142612e+00
5.219565216065792157e+00
5.221093169064668693e+00
5.222548147053865719e+00
5.223931843550351672e+00
5.225220324458030419e+00
5.226455129147912437e+00
5.227610185952331179e+00
5.228687159927036809e+00
5.229701040969637837e+00
5.230639152289775495e+00
5.231522941873814503e+00
5.232318126843716222e+00
5.233024222017672145e+00
5.233655019612457160e+00
5.234197988608326746e+00
5.234677349985984662e+00
5.235077421316352009e+00
5.235372335748222028e+00
5.235607274384644683e+00
5.235745437802221680e+00
5.235806362545522674e+00
5.235772186038490261e+00
5.235609503095443706e+00
5.235375508838740366e+00
5.235032536336627018e+00
5.234611091190423338e+00
5.234094213196482492e+00
5.233450509109940363e+00
5.232737270244801842e+00
5.231916990527357036e+00
5.231013758653249468e+00
5.230011116960490369e+00
5.228893634030068682e+00
5.227688820683802362e+00
5.226395575576866293e+00
5.225012244009817231e+00
5.223554777675714078e+00
5.222001611465063142e+00
5.220382008278217967e+00
5.218708168738928066e+00
5.216985149556244927e+00
5.215227405303562769e+00
