0.000000000000000000e+00
0.000000000000000000e+00
-1.474031159887091088e-06
-7.729507196927444028e-06
-1.977893654839135937e-05
-3.498266116366722259e-05
-4.973106333636677942e-05
-2.737033661105667948e-05
4.512949235504516970e-06
9.544975342578256483e-05
2.803654338640627084e-04
5.800444747728761155e-04
9.951745461148674490e-04
1.615544531814521465e-03
2.393882397882408399e-03
3.382288415305084815e-03
4.593787465564673836e-03
6.087113295070594593e-03
7.838973377220099722e-03
9.853544358484213339e-03
1.220207658814615771e-02
1.499520269440836676e-02
1.817412403630442805e-02
2.172639397191233543e-02
2.573017058180995104e-02
3.007511017131037773e-02
3.484437939929194150e-02
4.015169021891779738e-02
4.581380901145166301e-02
5.195682225035853224e-02
5.853749272631830758e-02
6.557541248606865714e-02
7.312827048110191741e-02
8.110824820803826107e-02
8.950672981547540263e-02
9.827590880202477508e-02
1.074234926443023014e-01
1.169609153013152214e-01
1.269135904054564390e-01
1.372521483640593565e-01
1.481321084241789821e-01
1.593184447030943640e-01
1.709754705171507572e-01
1.829514479379576453e-01
1.953382527570647065e-01
2.080927288274687648e-01
2.211636388044280199e-01
2.345806669931334576e-01
2.483810722570341523e-01
2.625110602121275005e-01
2.769590103368681500e-01
2.917790996770781020e-01
3.068398093919676439e-01
3.222149514894409039e-01
3.378373098115844408e-01
3.537446522455138798e-01
3.699520349244995732e-01
3.863810407857819484e-01
4.030634700994416564e-01
4.199798869829103332e-01
4.371332955102845697e-01
4.545825552682801751e-01
4.722076570730133760e-01
4.901537346582336419e-01
5.082781171541137510e-01
5.267171609144134514e-01
5.453989803533477732e-01
5.643261801938934674e-01
5.834835397939605039e-01
6.028706228475494422e-01
6.225425922613067042e-01
6.424677920083921023e-01
6.627440595369260556e-01
6.832704424600520854e-01
7.040354132394708309e-01
7.249826335649407483e-01
7.461267828683769698e-01
7.675141167383110474e-01
7.891612386445916449e-01
8.110087275247489513e-01
8.331159972886954534e-01
8.555301880578909390e-01
8.780769276361379827e-01
9.008429002504263483e-01
9.237498950700675504e-01
9.468646025400075938e-01
9.701666092615042203e-01
9.936141371469411343e-01
1.017234027359953830e+00
1.041066260312071501e+00
1.065097675297728363e+00
1.089411931012144841e+00
1.113883242581358735e+00
1.138610074494352808e+00
1.163560664628019659e+00
1.188713338349332904e+00
1.214046328042021283e+00
1.239561290715208708e+00
1.265292408440581440e+00
1.291178767655364323e+00
1.317290964100829243e+00
1.343618366692534538e+00
1.370135576699248237e+00
1.396873271439543762e+00
1.423724355671874164e+00
1.450765767071715784e+00
1.477945737812987881e+00
1.505381681893340762e+00
1.532988977406493758e+00
1.560863573525420378e+00
1.588969211552611283e+00
1.617274877999296923e+00
1.645826914284697295e+00
1.674569852326384112e+00
1.703534634087553679e+00
1.732685620759001344e+00
1.761937375042906151e+00
1.791338262532225389e+00
1.820829904053679060e+00
1.850360512707701410e+00
1.879991908047667248e+00
1.909673526261320919e+00
1.939365289185515318e+00
1.969132509205809400e+00
1.998911199543944139e+00
2.028759822819700798e+00
2.058609418843259764e+00
2.088439335797300789e+00
2.118309035275450114e+00
2.148191299412717914e+00
2.178116216633786628e+00
2.208021569226255032e+00
2.237972381089200713e+00
2.267904765580166959e+00
2.297847783539761490e+00
2.327854425881374922e+00
2.357838547204007096e+00
2.387857358429898103e+00
2.417816162083615161e+00
2.447743256066311712e+00
2.477623259995449967e+00
2.507454462025631603e+00
2.537177555535305551e+00
2.566871380780209044e+00
2.596471998665798697e+00
2.626049985859860048e+00
2.655542588208187560e+00
2.684983088944424168e+00
2.714354524586667150e+00
2.743683056805600096e+00
2.772942879174221442e+00
2.802161731694210456e+00
2.831275944684017443e+00
2.860355799172390689e+00
2.889336776707638332e+00
2.918283066723812880e+00
2.947130150769222912e+00
2.975903887722957997e+00
3.004611144040096882e+00
3.033272201989163364e+00
3.061847612832059085e+00
3.090373761628140592e+00
3.118773281548489873e+00
3.147146954510678718e+00
3.175412669156064460e+00
3.203662283394803634e+00
3.231811561558713741e+00
3.259867455933560532e+00
3.287967741463650562e+00
3.316080331776608325e+00
3.344299304459561029e+00
3.372577283356655631e+00
3.400924003098476867e+00
3.429245014164913563e+00
3.457537777398098200e+00
3.485774471734035540e+00
3.513950250123012431e+00
3.542162404034603362e+00
3.570358400319088243e+00
3.598608527157772574e+00
3.626854188416470226e+00
3.655132236454952555e+00
3.683416461918819440e+00
3.711731832001674558e+00
3.740010716889370368e+00
3.768251900647152652e+00
3.796409990761745679e+00
3.824511511300076272e+00
3.852543823693264535e+00
3.880569708321560007e+00
3.908521096680629636e+00
3.936445875142085882e+00
3.964337058041560446e+00
3.992216684792506243e+00
4.020072097752558804e+00
4.047894449208247813e+00
4.075641870472896500e+00
4.103305485222805693e+00
4.130828163598049940e+00
4.158295333359707691e+00
4.185640802357663226e+00
4.212942347500791662e+00
4.240127334568967399e+00
4.267263383839597246e+00
4.294226267312040157e+00
4.321111836407651730e+00
4.347807643387785248e+00
4.374360403988829304e+00
4.400748672459593003e+00
4.426959500287046545e+00
4.452945783112515876e+00
4.478715531800260052e+00
4.504236741040219094e+00
4.529469795201290339e+00
4.554417970154751139e+00
4.579061343644130311e+00
4.603411936734188359e+00
4.627459247086514793e+00
4.651217913601865206e+00
4.674656548474301232e+00
4.697866365883816897e+00
4.720730369065273990e+00
4.743300132725704721e+00
4.765591165993678935e+00
4.787611150715815889e+00
4.809434952710139655e+00
4.830921909783351786e+00
4.852162623379695283e+00
4.873001379940974154e+00
4.893403453801142611e+00
4.913508932564723430e+00
4.933262819025981294e+00
4.952753251765239284e+00
4.971996898625362427e+00
4.990931049559582000e+00
5.009658402178753356e+00
5.028174458716381245e+00
5.046417331669795558e+00
5.064487209294306957e+00
5.082378566239345474e+00
5.100011624072061878e+00
5.117478091691005204e+00
5.134776160691249203e+00
5.151845695946682291e+00
5.168780983660687056e+00
5.185555535529126736e+00
5.202098004792203412e+00
5.218491281245221103e+00
5.234737137530315110e+00
5.250776590083110484e+00
5.266669690583217545e+00
5.282409089777935662e+00
5.297933493826855411e+00
5.313325111840236481e+00
5.328587824080455171e+00
5.343669756625164524e+00
5.358649721119869369e+00
5.373507848952281840e+00
5.388182653162944646e+00
5.402741185400951274e+00
5.417186837170589797e+00
5.431481167052257142e+00
5.445656075451839051e+00
5.459710621808040010e+00
5.473628565047252259e+00
5.487426073525417003e+00
5.501090395424832025e+00
5.514637663338650242e+00
5.528029898379315910e+00
5.541305410836209866e+00
5.554461179945935356e+00
5.567439820740689882e+00
5.580285549138058521e+00
5.592951452706325988e+00
5.605482130024898701e+00
5.617804248307216142e+00
5.629882414315211747e+00
5.641778472636210573e+00
5.653463048909174837e+00
5.664963221524225823e+00
5.676303113673197842e+00
5.687459193442332861e+00
5.698419185851085089e+00
5.709208034251200381e+00
5.719814265940653897e+00
5.730260251734720534e+00
5.740515634987818139e+00
5.750566298935877896e+00
5.760441358659732281e+00
5.770129657361972697e+00
5.779655498836506311e+00
5.788991965029706144e+00
5.798163686368932090e+00
5.807173708651531818e+00
5.816004458640088082e+00
5.824660979483593515e+00
5.833127151105870212e+00
5.841469762895573403e+00
5.849632357929219317e+00
5.857668971989621554e+00
5.865491267416944154e+00
5.873097400639524679e+00
5.880550255153647043e+00
5.887801063631048493e+00
5.894873990986814860e+00
5.901800460193625142e+00
5.908550346467961845e+00
5.915140055988302059e+00
5.921605820034018031e+00
5.927920392725934740e+00
5.934093121264448101e+00
5.940108089421262783e+00
5.945976190541258255e+00
5.951701378796568243e+00
5.957251976702681695e+00
5.962695616457930115e+00
5.967991797302237167e+00
5.973137420986166291e+00
5.978136659238806772e+00
5.982958098624220789e+00
5.987652377162447692e+00
5.992222673569194136e+00
5.996686126564018338e+00
6.000983732614987076e+00
6.005124785874359716e+00
6.009136522088520671e+00
6.013010401700014107e+00
6.016754675779813155e+00
6.020401558552259225e+00
6.023901879463666731e+00
6.027280781243317342e+00
6.030514709029667131e+00
6.033600504670612708e+00
6.036577107582560942e+00
6.039433695648184219e+00
6.042174080882540821e+00
6.044773947868814723e+00
6.047231157545318148e+00
6.049564544532766597e+00
6.051800719324818445e+00
6.053936170611849299e+00
6.055940957043639550e+00
6.057826765302888106e+00
6.059589110140077395e+00
6.061251741025916573e+00
6.062806881789438052e+00
6.064224309746495400e+00
6.065516511325112603e+00
6.066705268595686817e+00
6.067791087750665113e+00
6.068756777394881397e+00
6.069578167323340878e+00
6.070288842369190085e+00
6.070865764480402049e+00
6.071324279841353366e+00
6.071686481099892951e+00
6.071900306411404102e+00
6.072022048488574519e+00
6.072000703643857022e+00
6.071845751060022778e+00
6.071584978056920434e+00
6.071166309295070285e+00
6.070650648986767983e+00
6.069988973503779306e+00
6.069217022647926285e+00
6.068335451027224714e+00
6.067317639877865432e+00
6.066196660986016731e+00
6.064917962988682909e+00
6.063524104943343040e+00
6.062017189701863984e+00
6.060374482860633627e+00
6.058629884263344145e+00
6.056760650714704042e+00
6.054781924029656537e+00
6.052693012198276712e+00
6.050472175916500994e+00
6.048151227226324700e+00
6.045710477968520458e+00
6.043165210028952572e+00
6.040541497608489685e+00
6.037799031277961248e+00
6.034961163839168030e+00
6.032009359439677532e+00
6.028957443674870298e+00
6.025832829018900050e+00
6.022608550032447106e+00
6.019333219369719323e+00
6.015978580554792288e+00
6.012533640106984656e+00
6.009016156634159778e+00
6.005404507359333621e+00
6.001744540771313474e+00
5.998009155234165668e+00
5.994199624201126397e+00
5.990317907770940309e+00
5.986376390894720068e+00
5.982372523685762999e+00
5.978278013607333463e+00
5.974106784602474463e+00
5.969859276553465044e+00
5.965547334691359893e+00
5.961169046601130894e+00
5.956716179391220223e+00
5.952188419839218980e+00
5.947579549690560796e+00
5.942900530537444048e+00
5.938148502549011276e+00
5.933316043158847641e+00
5.928404429098444339e+00
5.923428391953784455e+00
5.918384177228290355e+00
5.913263233443575295e+00
5.908056742092448133e+00
5.902770345350582204e+00
5.897392886420568026e+00
5.891953535815557252e+00
5.886437907358487820e+00
5.880850978633245241e+00
5.875171111961683401e+00
5.869388115545591589e+00
5.863523728987058981e+00
5.857571197887740055e+00
5.851559382220587580e+00
5.845447019478163142e+00
5.839264750620206890e+00
5.832976172109921364e+00
5.826584229012807370e+00
5.820112123032886942e+00
5.813518822928746665e+00
5.806842996617634256e+00
5.800054517527898135e+00
5.793181249638875485e+00
5.786217838069280361e+00
5.779159588357290822e+00
5.772038162490209956e+00
5.764829295417151833e+00
5.757559205433213201e+00
5.750232302686058894e+00
5.742845550915085084e+00
5.735429261466346240e+00
5.727973800441107599e+00
5.720502044698079658e+00
5.713021962782224072e+00
5.705525280972798541e+00
5.698037779470761066e+00
5.690549765368778878e+00
5.683087595840770945e+00
5.675662461062747965e+00
5.668277750750857713e+00
5.660949817439394849e+00
5.653664074083644131e+00
5.646449139853793042e+00
5.639316974421817008e+00
5.632279314538318538e+00
5.625325570842106160e+00
5.618469983478862062e+00
5.611739701172190564e+00
5.605141490241367208e+00
5.598693571230251464e+00
5.592370681902248286e+00
5.586197140356380153e+00
5.580166971227007444e+00
5.574291746159868666e+00
5.568605347415285678e+00
5.563105117818193612e+00
5.557777832886056757e+00
5.552650548955278431e+00
5.547692816099005775e+00
5.542927509387809870e+00
5.538310115178902038e+00
5.533867991110165363e+00
5.529599738558610866e+00
5.525512918075403235e+00
5.521600702246506565e+00
5.517824913700898115e+00
5.514209661921341876e+00
5.510713481446583017e+00
5.507395272692520827e+00
5.504210849245865234e+00
5.501157546778996377e+00
5.498259140392621092e+00
5.495448098024208861e+00
5.492758982917148813e+00
5.490158738335449762e+00
5.487633602460702420e+00
5.485193173428853264e+00
5.482794040283042847e+00
5.480451834043343240e+00
5.478151468178112715e+00
5.475873773684581280e+00
5.473621560623724847e+00
5.471373051842530977e+00
5.469131833007415899e+00
5.466894566407285438e+00
5.464647459527335549e+00
5.462380235483728974e+00
5.460085127344214584e+00
5.457750776251637070e+00
5.455377289941393926e+00
5.452958404412352245e+00
5.450478576263271258e+00
5.447944777151429108e+00
5.445337681015813835e+00
5.442662608167015748e+00
5.439920115312420812e+00
5.437111940225443973e+00
5.434236848195872049e+00
5.431263703247389607e+00
5.428218773146948450e+00
5.425074675520738410e+00
5.421843585809547506e+00
5.418534524580318923e+00
5.415122997304280261e+00
5.411640473147710573e+00
5.408066698750338297e+00
5.404418547591052224e+00
5.400706840595087321e+00
5.396932559748969460e+00
5.393110081693016866e+00
5.389219541689240778e+00
5.385283326944196425e+00
5.381294869622075261e+00
5.377275115987145249e+00
5.373232163628421709e+00
5.369167343219601207e+00
5.365101642450176733e+00
5.361028873761973124e+00
5.356966540654978459e+00
5.352920477231821295e+00
5.348883706172784080e+00
5.344872947176773970e+00
5.340880352994282099e+00
5.336925861975034380e+00
5.333012677868685714e+00
5.329148126384101403e+00
5.325328232189498578e+00
5.321558941146217414e+00
5.317853265842280130e+00
5.314205898782096149e+00
5.310624986728510244e+00
5.307100272914252237e+00
5.303641961654505188e+00
5.300247842511019769e+00
5.296938210567318173e+00
5.293717533489546767e+00
5.290566133102259982e+00
5.287496628602824877e+00
5.284503989657244105e+00
5.281614059051356058e+00
5.278814079305013784e+00
5.276111305197558110e+00
5.273492629965624623e+00
5.270978857716403176e+00
5.268587226709207982e+00
5.266295469244798966e+00
5.264108567675432226e+00
5.262011179467520172e+00
5.260026429882129761e+00
5.258149114539703461e+00
5.256392486980042023e+00
5.254738781144699722e+00
5.253197781285128265e+00
5.251752231558641348e+00
5.250423310687621914e+00
5.249192977761707013e+00
5.248063868125758091e+00
5.247020390620313002e+00
5.246100633209429098e+00
5.245286551257453134e+00
5.244549248209080972e+00
5.243887550374350504e+00
5.243284548325322092e+00
5.242758441185436880e+00
5.242293683616303213e+00
5.241883602244638674e+00
5.241523318504774487e+00
5.241195343052828193e+00
5.240907736653321436e+00
5.240646482268209283e+00
5.240404031863298506e+00
5.240173508962479687e+00
5.239936168202993017e+00
5.239685589084264628e+00
5.239420725675163482e+00
5.239130568755656192e+00
5.238811581833153319e+00
5.238453648788720329e+00
5.238044334826857273e+00
5.237582529513031382e+00
5.237058550035447624e+00
5.236458602798969686e+00
5.235793643249066598e+00
5.235044342381748095e+00
5.234227421237024558e+00
5.233333170888814223e+00
5.232339300317558894e+00
5.231270301518830657e+00
5.230084657473357268e+00
5.228807214302809037e+00
5.227437289161474432e+00
5.225959511501579335e+00
5.224403961254147966e+00
5.222737294090775251e+00
5.220986562175539802e+00
5.219156598551062842e+00
5.217254251493004702e+00
5.215294313682106164e+00
5.213249597353724063e+00
5.211141134900835858e+00
5.208976932121306191e+00
5.206763238413125272e+00
5.204515384835987746e+00
5.202226950777560255e+00
5.199906438244372708e+00
5.197565003437787823e+00
5.195203833980350794e+00
5.192832321477919066e+00
5.190447476012495898e+00
5.188059058887748876e+00
5.185675564361600820e+00
5.183305284632234056e+00
5.180958827985314485e+00
5.178631768328932239e+00
5.176351272566106054e+00
5.174117131335521869e+00
5.171941075129296017e+00
5.169833409590508744e+00
5.167789696408298106e+00
5.165830415440585632e+00
5.163942129565264771e+00
5.162134187025810839e+00
5.160413460684802445e+00
5.158772453321007312e+00
5.157215248597649015e+00
5.155756874931839207e+00
5.154379409057882278e+00
5.153113437695290067e+00
5.151926093427325881e+00
5.150842218501354708e+00
5.149844192294263934e+00
5.148934909580136221e+00
5.148115138588333473e+00
5.147380815399670517e+00
5.146742481095575528e+00
5.146159096127234989e+00
5.145661311251900294e+00
5.145231173252543755e+00
5.144882847955306815e+00
5.144596386225749995e+00
5.144384143845964985e+00
5.144241584632400333e+00
5.144167099743935267e+00
5.144167000733904871e+00
5.144214718252078100e+00
5.144322616107419144e+00
5.144476416319266221e+00
5.144696024603797824e+00
5.144978632092131576e+00
5.145296398535026405e+00
5.145667414687228991e+00
5.146071177295995724e+00
5.146515438764941663e+00
5.146987704284141429e+00
5.147477545052419501e+00
5.147981092281291637e+00
5.148488129920909095e+00
5.148992576770134555e+00
5.149489182926364705e+00
5.149963504954822469e+00
5.150403107277698567e+00
5.150820354543275137e+00
5.151200334116466273e+00
5.151547953396685919e+00
5.151848844553925666e+00
5.152094736326137792e+00
5.152300486791530965e+00
5.152455167522306034e+00
5.152559482207175634e+00
5.152608285163183588e+00
5.152597808326714990e+00
5.152535500932605927e+00
5.152419620534526956e+00
5.152238187292711658e+00
5.151998800287143077e+00
5.151713749138758125e+00
5.151381663648531450e+00
5.150996408878015131e+00
5.150544950520741239e+00
5.150034822454797379e+00
5.149479291109488877e+00
5.148878407707559113e+00
5.148239982208359322e+00
5.147544195881236462e+00
5.146792733674991460e+00
5.145997294565786362e+00
5.145157730883111569e+00
5.144282170167316259e+00
5.143354971414555443e+00
5.142388655847062395e+00
5.141388637652744009e+00
5.140349762817967516e+00
5.139277994861947363e+00
5.138159552818284403e+00
5.137006519815072281e+00
5.135826393520578570e+00
5.134622162362679099e+00
5.133397847419723270e+00
5.132137209480747586e+00
5.130847840165840168e+00
5.129537786549079215e+00
5.128208881324280100e+00
5.126867390429724836e+00
5.125506871199359438e+00
5.124132232224692274e+00
5.122750558560837497e+00
5.121362662768114582e+00
5.119972269987810520e+00
5.118576523220288443e+00
5.117175884103524197e+00
5.115781030362594350e+00
5.114386921679723308e+00
5.113002277767407122e+00
5.111622303133951384e+00
5.110243361001955087e+00
5.108877015417562895e+00
5.107517065560567282e+00
5.106174703842151885e+00
5.104848596161354557e+00
5.103542484050739070e+00
5.102264005547510806e+00
5.101000843053804523e+00
5.099765122613059809e+00
5.098557707151521790e+00
5.097383618733037025e+00
5.096244571810710333e+00
5.095142803346861093e+00
5.094086952066171570e+00
5.093075609436382045e+00
5.092113610213744757e+00
5.091201086422549871e+00
5.090342010190831878e+00
5.089535420617210093e+00
5.088810118740546784e+00
5.088146537026513982e+00
5.087563557854047680e+00
5.087056397428861843e+00
5.086614986179522013e+00
5.086269995873920813e+00
5.085997014274949102e+00
5.085816764501982945e+00
5.085704614721366035e+00
5.085704122880964739e+00
5.085817563241840311e+00
5.086005546121419307e+00
5.086283575321108863e+00
5.086624634998411665e+00
5.087068211870760415e+00
5.087598939748972704e+00
5.088208022589355117e+00
5.088902949417499322e+00
5.089653583193688213e+00
5.090493648374944335e+00
5.091409036169319613e+00
5.092392800475030512e+00
5.093448126340777371e+00
5.094558878938228119e+00
5.095741987998158251e+00
5.096993704164892058e+00
5.098295492703585730e+00
5.099649959678320243e+00
5.101045660550265204e+00
5.102485542024046694e+00
5.103984262669952088e+00
5.105519114608439324e+00
5.107088737810525636e+00
5.108685228998337102e+00
5.110310157711181134e+00
5.111956700558336841e+00
5.113618998701246809e+00
5.115294587934883452e+00
5.116981297607095414e+00
5.118676340306671513e+00
5.120381172026070793e+00
5.122088794285926561e+00
5.123791975850733316e+00
5.125492026234537590e+00
5.127184216702849184e+00
5.128867655719191454e+00
5.130546319956452272e+00
5.132214228684575552e+00
5.133865350211532785e+00
5.135488222266109126e+00
5.137079746151838044e+00
5.138655006016168869e+00
5.140203048462544722e+00
5.141728361422691407e+00
5.143213892007743482e+00
5.144643467689431482e+00
5.146041892046607558e+00
5.147388947928822844e+00
5.148695171500123458e+00
5.149941010648882767e+00
5.151110457728183434e+00
5.152239466632281939e+00
5.153304396594440284e+00
5.154319713959966798e+00
5.155263948241744387e+00
5.156115080515419002e+00
5.156916520545754778e+00
5.157641832033669438e+00
5.158309773156915412e+00
5.158899641508733147e+00
5.159408758344624424e+00
5.159866187820707495e+00
5.160240270222101522e+00
5.160550690448408417e+00
5.160775530437505587e+00
5.160913910545906091e+00
5.160997067807739924e+00
5.161002223037912451e+00
5.160949302127384009e+00
5.160817016677730962e+00
5.160586889235101893e+00
5.160306165328049310e+00
5.159952529256962350e+00
5.159557728914342611e+00
5.159096165111087373e+00
5.158572827575526709e+00
5.158008357545160294e+00
5.157383792919837617e+00
5.156714840603792815e+00
5.155971196664298262e+00
5.155168335733736562e+00
5.154308791307533610e+00
5.153380716142977214e+00
5.152404671681845016e+00
5.151359145862781652e+00
5.150261718479717032e+00
5.149120067877494655e+00
5.147929853273355505e+00
5.146708404792272873e+00
5.145453824473345428e+00
5.144175367874825433e+00
5.142879795206511950e+00
5.141564181370462450e+00
5.140238283796037422e+00
5.138905646128382187e+00
5.137577244115797193e+00
5.136260281575647291e+00
5.134965873284070170e+00
5.133683306796281265e+00
5.132427746576993854e+00
5.131201690284339811e+00
5.130004006994692389e+00
5.128850091693726299e+00
5.127719366846409166e+00
5.126634703798023551e+00
5.125587670950022989e+00
5.124595217479197551e+00
5.123672258628336529e+00
5.122785182220664701e+00
5.121962645871368736e+00
5.121192085815397199e+00
5.120492833627191764e+00
5.119872350727943555e+00
5.119330226590660615e+00
5.118874860105838920e+00
5.118479031024304682e+00
5.118157526774135491e+00
5.117914048636135860e+00
5.117747217787233183e+00
5.117649220477593630e+00
5.117618880938076487e+00
5.117664463604138625e+00
5.117783134635807585e+00
5.117973219715328703e+00
5.118227171451122715e+00
5.118544920049878044e+00
5.118920819536121769e+00
5.119377396218746767e+00
5.119891674705119300e+00
5.120475092232497971e+00
5.121117776930602439e+00
5.121818131655724748e+00
5.122565042823824299e+00
5.123356155529889655e+00
5.124192370549116582e+00
5.125054962262784564e+00
5.125931460187112876e+00
5.126815016418968973e+00
5.127698013484751627e+00
5.128568068445002126e+00
5.129416041896020850e+00
5.130234915316377986e+00
5.131023925766622362e+00
5.131778557747875169e+00
5.132476915717396615e+00
5.133133146912131295e+00
5.133731781654332416e+00
5.134270781316136123e+00
5.134745466225122179e+00
5.135123667903518374e+00
5.135433340147411485e+00
5.135655093193328469e+00
5.135792744802585297e+00
5.135846256967908197e+00
5.135781239457703151e+00
5.135636869147693240e+00
5.135396347474578960e+00
5.135089299083028358e+00
5.134695198647950320e+00
5.134197345562551362e+00
5.133605333753202160e+00
5.132913900725815992e+00
5.132158629186723608e+00
5.131327744312855543e+00
5.130429082997413737e+00
5.129455804042788891e+00
5.128417947180839320e+00
5.127331123166055882e+00
5.126183185093375450e+00
5.124981674514982544e+00
5.123723833076927470e+00
5.122421985082599605e+00
5.121091065369816064e+00
5.119732463918896137e+00
5.118349201195210085e+00
5.116942011378973199e+00
5.115521104745834435e+00
5.114093911610809506e+00
5.112661864273516876e+00
5.111232884489266048e+00
5.109811091684070661e+00
5.108405667804447603e+00
5.107021095119681497e+00
5.105666438155142650e+00
5.104338997565475822e+00
5.103041808717218686e+00
5.101782790236441656e+00
5.100562544055548209e+00
5.099397508539524004e+00
5.098270115442839590e+00
5.097209079303111956e+00
5.096216208897795141e+00
5.095288753100003731e+00
5.094444797449079410e+00
5.093657286800709727e+00
5.092963238247004476e+00
5.092363751381901338e+00
5.091855116747586507e+00
5.091439197473494715e+00
5.091141898446052139e+00
5.090947889704524165e+00
5.090876347376299016e+00
5.090910425074665291e+00
5.091039300114183597e+00
5.091284143608330481e+00
5.091626991536735147e+00
5.092085163686691729e+00
5.092621535007177513e+00
5.093258615378559284e+00
5.094004176799477257e+00
5.094839491714061808e+00
5.095776802916349268e+00
5.096802049447121341e+00
5.097909906003894598e+00
5.099100669045272483e+00
5.100351454336467860e+00
5.101665471364083437e+00
5.103031979520144645e+00
5.104448418040099078e+00
5.105904353428902809e+00
5.107399878371776225e+00
5.108920123596012886e+00
5.110453750957072216e+00
5.111998525429786611e+00
5.113549201507392006e+00
5.115104097891870261e+00
5.116648936141552362e+00
5.118183012921634578e+00
5.119684350658479488e+00
5.121158647109094630e+00
5.122591923941198999e+00
5.123990628589217167e+00
5.125344460923498602e+00
5.126656294632976341e+00
5.127921983320541166e+00
5.129118058476873188e+00
5.130258441213793930e+00
5.131329471785850416e+00
5.132338848579949264e+00
5.133284552265235057e+00
5.134173515383429809e+00
5.134978053141661114e+00
5.135713733751603449e+00
5.136377682332226691e+00
5.136951429676541281e+00
5.137461418453880491e+00
5.137872822676130546e+00
5.138208066206702007e+00
5.138467215039112190e+00
5.138653889447727607e+00
5.138779077567438236e+00
5.138803649852330402e+00
5.138749729926044729e+00
5.138617525641152817e+00
5.138412206229100221e+00
5.138146146368512746e+00
5.137787007857392396e+00
5.137357040364573635e+00
5.136859520431886317e+00
5.136299868133199276e+00
5.135691156704258908e+00
5.135009076465202327e+00
5.134271950964165221e+00
5.133486083839368774e+00
5.132655429337453334e+00
5.131792452130745197e+00
5.130879559684823121e+00
5.129929990712831511e+00
5.128953796122502240e+00
5.127954668868611954e+00
5.126944600362609350e+00
5.125922019128035245e+00
5.124894904811213792e+00
5.123871080372761178e+00
5.122853184808322524e+00
5.121842147354313646e+00
5.120842351112789181e+00
5.119853298235958583e+00
5.118876798916881299e+00
5.117917626742547021e+00
5.116976390425388210e+00
5.116061087120597151e+00
5.115160156805341529e+00
5.114293923918429741e+00
5.113458993230287852e+00
5.112648013327543595e+00
5.111869732979957170e+00
5.111111265365307688e+00
5.110398338679497776e+00
5.109717555288499469e+00
5.109078322593396670e+00
5.108483300600473953e+00
5.107920844871824073e+00
5.107393160481279004e+00
5.106902187597280651e+00
5.106451520417158996e+00
5.106031012889271636e+00
5.105632046442752703e+00
5.105254067760234271e+00
5.104899898525600221e+00
5.104573765080694159e+00
5.104268117323790044e+00
5.103981565814738275e+00
5.103715641256692415e+00
5.103471568804504699e+00
5.103248218316854157e+00
5.103043521605701294e+00
5.102847220320524180e+00
5.102652828060358914e+00
5.102461558599293845e+00
5.102275164239378213e+00
5.102087508403033489e+00
5.101897581219941635e+00
5.101700201295584769e+00
5.101491045225681198e+00
5.101272085793585376e+00
5.101030576378375869e+00
5.100774844866514890e+00
5.100495486073464591e+00
5.100193926822663038e+00
5.099870542008698493e+00
5.099515436385095413e+00
5.099138783607899406e+00
5.098736282009899590e+00
5.098313363362372286e+00
5.097877732236206327e+00
5.097418596949697900e+00
5.096939701866626926e+00
5.096435128357529543e+00
5.095910232309520005e+00
5.095373030472813092e+00
5.094816115554688274e+00
5.094247731287297576e+00
5.093663016651089670e+00
5.093062123228127014e+00
5.092450525071734901e+00
5.091821759920830637e+00
5.091182714458818204e+00
5.090532237496490531e+00
5.089873988982553499e+00
5.089216550197716238e+00
5.088549751397485998e+00
5.087875048201794925e+00
5.087193096783276580e+00
5.086506901290531957e+00
5.085826843288058008e+00
5.085149307605141722e+00
5.084469460826628762e+00
5.083793642279022862e+00
5.083124981131668108e+00
5.082473679092044172e+00
5.081841433774942907e+00
5.081225257385785454e+00
5.080633690227086774e+00
5.080066142548139929e+00
5.079529545922095934e+00
5.079028475713248447e+00
5.078556481059905536e+00
5.078120694551882863e+00
5.077739381213007164e+00
5.077410155181107498e+00
5.077135697361347511e+00
5.076908037681397978e+00
5.076737906001772771e+00
5.076630905969332197e+00
5.076579999137001309e+00
5.076621830612683794e+00
5.076721774237491047e+00
5.076910483045763200e+00
5.077182868523783199e+00
5.077530920719988572e+00
5.077959307497628139e+00
5.078447026564068878e+00
5.079000292783863557e+00
5.079632600015290933e+00
5.080327766677625867e+00
5.081080477154145569e+00
5.081874779379259799e+00
5.082711794292817942e+00
5.083600428020845996e+00
5.084520877292643348e+00
5.085481984680781942e+00
5.086463819733152647e+00
5.087470877757559684e+00
5.088493259689101933e+00
5.089518086230644833e+00
5.090537895700224524e+00
5.091552194645889706e+00
5.092550947582609844e+00
5.093525977721697906e+00
5.094475539168602296e+00
5.095372321969157348e+00
5.096235529100781925e+00
5.097038825815802809e+00
5.097791342651730950e+00
5.098474069079643733e+00
5.099067445760852024e+00
5.099612428946680431e+00
5.100081731258220508e+00
5.100492174504585030e+00
5.100823558671660152e+00
5.101050415924079040e+00
5.101220723549163338e+00
5.101305036843081453e+00
5.101324186215900447e+00
5.101258731989914530e+00
5.101086974537723862e+00
5.100859167541170081e+00
5.100550782999746957e+00
5.100183648637287348e+00
5.099742741904012000e+00
5.099229947722307088e+00
5.098673432937612660e+00
5.098051334119189981e+00
5.097380981839051195e+00
5.096649486518255223e+00
5.095862554258458132e+00
5.095044354072563841e+00
5.094190788588278451e+00
5.093307947165125249e+00
5.092381436622495094e+00
5.091418405866975583e+00
5.090437769016975977e+00
5.089440561032647636e+00
5.088435044533366813e+00
5.087414574346298402e+00
5.086393244958276938e+00
5.085377050584908076e+00
5.084368165454621113e+00
5.083374456337447889e+00
5.082388145870324614e+00
5.081434087327476590e+00
5.080500779694672175e+00
5.079609778544660337e+00
5.078767877316828105e+00
5.077958035266752823e+00
5.077214247009512071e+00
5.076509877315517727e+00
5.075879674500581196e+00
5.075321183486637189e+00
5.074834564759191480e+00
5.074439946173484373e+00
5.074118057026320905e+00
5.073900107445919794e+00
5.073767872725407635e+00
5.073717378916011711e+00
5.073765371402519264e+00
5.073891182800548627e+00
5.074109298063235407e+00
5.074434754473880815e+00
5.074834636224226259e+00
5.075351101418748456e+00
5.075953957473649858e+00
5.076647035067693103e+00
5.077426908125893590e+00
5.078281122630254885e+00
5.079231490453498310e+00
5.080248048340694211e+00
5.081338817586913414e+00
5.082489588221326571e+00
5.083686033075466959e+00
5.084931895991578799e+00
5.086210035940424312e+00
5.087525387963073520e+00
5.088864722957628928e+00
5.090217927505987561e+00
5.091574533542412517e+00
5.092926856836099248e+00
5.094275283178109959e+00
5.095608511974830890e+00
5.096922477295417586e+00
5.098199868162889281e+00
5.099446520095486157e+00
5.100662695502657940e+00
5.101840942239185495e+00
5.102981627767702477e+00
5.104075398480317105e+00
5.105124803816697643e+00
5.106123827060483400e+00
5.107063973134182255e+00
5.107947243785284641e+00
5.108763556739114087e+00
5.109517769550702582e+00
5.110220657622239315e+00
5.110849891787192512e+00
5.111404110377452348e+00
5.111871007269044753e+00
5.112265232054314268e+00
5.112577443586459047e+00
5.112812717648019145e+00
5.112962059544194915e+00
5.113018562037293435e+00
5.113002227710355285e+00
5.112906289843637708e+00
5.112726613411475718e+00
5.112452474327553453e+00
5.112085974791813037e+00
5.111648708784747086e+00
5.111140712963212707e+00
5.110562093907762282e+00
5.109909072944689434e+00
5.109190448054839351e+00
5.108423444309997841e+00
5.107615353369880040e+00
5.106771497631240386e+00
5.105897527092864152e+00
5.105009710470009843e+00
5.104114636832643548e+00
5.103217461982538339e+00
5.102314647713472873e+00
5.101424805203247814e+00
5.100547336095738515e+00
5.099700446257162234e+00
5.098889559114147652e+00
5.098108716437388388e+00
5.097369643578100629e+00
5.096656025254894473e+00
5.095986072102357767e+00
5.095367583611776219e+00
5.094791588688065254e+00
5.094266759620776241e+00
5.093805818537046726e+00
5.093387189822068173e+00
5.093046925792265256e+00
5.092762194851208513e+00
5.092544079588520844e+00
5.092421393429655829e+00
5.092351194417831017e+00
5.092360998669434480e+00
5.092429265042562214e+00
5.092555670056287731e+00
5.092763511303607160e+00
5.093015171296689125e+00
5.093334706321154037e+00
5.093702142022345392e+00
5.094128828055951352e+00
5.094616455815527800e+00
5.095140674494003541e+00
5.095706586211715461e+00
5.096296845570001288e+00
5.096916318878326635e+00
5.097555175170096042e+00
5.098202619597110186e+00
5.098861132308634581e+00
5.099518441304358163e+00
5.100170314729007615e+00
5.100804020061883826e+00
5.101419551826807286e+00
5.102018222145530579e+00
5.102597625709864637e+00
5.103155638918073222e+00
5.103664388701113275e+00
5.104130110189112557e+00
5.104551143206449204e+00
5.104931928708940525e+00
5.105267873264641487e+00
5.105526982255072177e+00
5.105725552186162197e+00
5.105863097922668459e+00
5.105949961792469516e+00
5.105982483045922393e+00
5.105946142440921598e+00
5.105845603226012663e+00
5.105676334658898696e+00
5.105449609728790250e+00
5.105160898296422722e+00
5.104797017937785952e+00
5.104364913618453237e+00
5.103877259893603302e+00
5.103331821179279082e+00
5.102720041228720582e+00
5.102027457459161752e+00
5.101261344654747454e+00
5.100436159773060751e+00
5.099551051138230484e+00
5.098603683514783214e+00
5.097582224188634825e+00
5.096495791403840236e+00
5.095357129453013556e+00
5.094165508551786736e+00
5.092915652944038918e+00
5.091597277177761782e+00
5.090220184130856751e+00
5.088798983944841758e+00
5.087335629416891436e+00
5.085838601542898019e+00
5.084294828726240389e+00
5.082708500875420476e+00
5.081090942276903277e+00
5.079444460524507932e+00
5.077776581002661160e+00
5.076083486629913821e+00
5.074374249233197354e+00
5.072653365535925829e+00
5.070925531490039440e+00
5.069199877484035888e+00
5.067483643098069201e+00
5.065785451932145023e+00
5.064115558369350012e+00
5.062474040938805153e+00
5.060874638213110011e+00
5.059338093502712574e+00
5.057862509442759169e+00
5.056458818270158417e+00
5.055119790239523958e+00
5.053865827424715462e+00
5.052723156465481757e+00
5.051658699689697052e+00
5.050720826192092616e+00
5.049856906933975154e+00
5.049117253748965695e+00
5.048517186148359315e+00
5.048008564291789568e+00
5.047640381893410577e+00
5.047379692113294958e+00
5.047247347682982443e+00
5.047226598398096620e+00
5.047306288020021903e+00
5.047523079780197541e+00
5.047841068362153294e+00
5.048279250157332143e+00
5.048808380333041690e+00
5.049450139445518460e+00
5.050206607622361510e+00
5.051073389468050401e+00
5.052058702600455753e+00
5.053125077081181082e+00
5.054309108970023168e+00
5.055587844667292607e+00
5.056948071238852371e+00
5.058377421465968915e+00
5.059868647125815855e+00
5.061432800707672541e+00
5.063047065106487388e+00
5.064697789368485914e+00
5.066376381782148997e+00
5.068075475809429520e+00
5.069791495171640072e+00
5.071517749396416974e+00
5.073235327718113474e+00
5.074938305286025297e+00
5.076618033168172950e+00
5.078274585721350931e+00
5.079884777930834261e+00
5.081454924461700884e+00
5.082983070728638531e+00
5.084457782325603858e+00
5.085883529749968268e+00
5.087229161677220723e+00
5.088511164752105742e+00
5.089727737871269753e+00
5.090887977076033799e+00
5.091984583330611436e+00
5.092974067745069888e+00
5.093878724393705149e+00
5.094694600221971292e+00
5.095436802176097402e+00
5.096096529481270565e+00
5.096628522207297785e+00
5.097063181107202468e+00
5.097398415846088326e+00
5.097653762907990327e+00
5.097822316498764827e+00
5.097885718047886705e+00
5.097851660568534449e+00
5.097714881273253340e+00
5.097495081527426031e+00
5.097185419490829261e+00
5.096769972173765595e+00
5.096275654128091581e+00
5.095671985922650471e+00
5.095004254831270174e+00
5.094252072675422127e+00
5.093420806629853637e+00
5.092541419221357835e+00
5.091610881043867387e+00
5.090642721755701317e+00
5.089652863471108013e+00
5.088647426395015216e+00
5.087631923062995831e+00
5.086615492729738897e+00
5.085601867763594797e+00
5.084606743036105492e+00
5.083632121412351879e+00
5.082673040954666988e+00
5.081749234600263065e+00
5.080862268908219903e+00
5.080019014952974921e+00
5.079215758471089082e+00
5.078458636356788958e+00
5.077767328275638370e+00
5.077133451355891225e+00
5.076561423605578049e+00
5.076044834209876733e+00
5.075608166000145083e+00
5.075236232010918336e+00
5.074941558605330805e+00
5.074716252433407071e+00
5.074544027531791457e+00
5.074443240594391114e+00
5.074403481339376576e+00
5.074427876989628494e+00
5.074498738763194794e+00
5.074622597634133037e+00
5.074800995397652059e+00
5.075036938372338824e+00
5.075312212161058767e+00
5.075626165620320762e+00
5.075967227197522469e+00
5.076343846111828206e+00
5.076749978824786957e+00
5.077167921974591991e+00
5.077598797059886593e+00
5.078033345057896497e+00
5.078476262553861531e+00
5.078922706297865020e+00
5.079362545586458388e+00
5.079796012244453429e+00
5.080216374933056223e+00
5.080616479493014204e+00
5.080999299227526578e+00
5.081358262575498941e+00
5.081700340747169697e+00
5.082020594938926550e+00
5.082319029490731666e+00
5.082599843829205710e+00
5.082850361909052594e+00
5.083077580626388148e+00
5.083275181013425126e+00
5.083443610626537712e+00
5.083588940301243753e+00
5.083707186072397910e+00
5.083803199199294021e+00
5.083865610030745330e+00
5.083893444219403257e+00
5.083893607976398776e+00
5.083865043649468340e+00
5.083814669286850219e+00
5.083739805964772707e+00
5.083640159059336305e+00
5.083522927489151577e+00
5.083382620409151009e+00
5.083220576055368589e+00
5.083033294219543308e+00
5.082822709165533581e+00
5.082596888959427517e+00
5.082353956632335468e+00
5.082100392363986252e+00
5.081834572672863537e+00
5.081556617625077266e+00
5.081269563201834316e+00
5.080972706776131886e+00
5.080670743554851043e+00
5.080367157373598452e+00
5.080065436743219642e+00
5.079760755550137397e+00
5.079461221814176142e+00
5.079166764512679677e+00
5.078880890540800053e+00
5.078599439457080145e+00
5.078319696698359920e+00
5.078041983980706497e+00
5.077764785595260122e+00
5.077488245077452333e+00
5.077210075266680889e+00
5.076928276818268415e+00
5.076644944034540252e+00
5.076365141801559844e+00
5.076081953894370891e+00
5.075791698217416048e+00
5.075491353541635497e+00
5.075183789383642008e+00
5.074875650730005461e+00
5.074563329599818928e+00
5.074247431911550699e+00
5.073919278539740674e+00
5.073579305380605753e+00
5.073234467700148187e+00
5.072881209112728662e+00
5.072521391145910385e+00
5.072150812193775948e+00
5.071773527458333319e+00
5.071391717910790575e+00
5.070998688124143783e+00
5.070595696128928687e+00
5.070179944381140835e+00
5.069756905928278101e+00
5.069331695854688569e+00
5.068902988553070976e+00
5.068465670131172551e+00
5.068014950983251943e+00
5.067555777326253619e+00
5.067093843191889491e+00
5.066629727751044143e+00
5.066160875789848639e+00
5.065687457628575530e+00
5.065209614492980350e+00
5.064730195894864728e+00
5.064249514535095642e+00
5.063768065020469500e+00
5.063285594292012526e+00
5.062808244571116667e+00
5.062340800806907737e+00
5.061883630909052911e+00
5.061432726539697668e+00
5.060986937440959288e+00
5.060553921468583738e+00
5.060137461282340432e+00
5.059744140960303227e+00
5.059370963171151203e+00
5.059019288726177344e+00
5.058702582500901990e+00
5.058420621536699358e+00
5.058182581204948569e+00
5.058001382283895175e+00
5.057863285856349478e+00
5.057798744550003001e+00
5.057778505555381443e+00
5.057833541299243230e+00
5.057973497205440871e+00
5.058179283061092768e+00
5.058473355148947803e+00
5.058816586297965934e+00
5.059238354501343515e+00
5.059730569397125954e+00
5.060288534586344866e+00
5.060917426844153688e+00
5.061601323907289007e+00
5.062359026123795402e+00
5.063176548753891559e+00
5.064049535666618418e+00
5.064980367695008034e+00
5.065966273074065107e+00
5.067001885672127948e+00
5.068088827257071216e+00
5.069217384730492881e+00
5.070386576627407216e+00
5.071576194067512589e+00
5.072785684217726576e+00
5.073997738112723255e+00
5.075198479642188509e+00
5.076380723391688221e+00
5.077539339561975673e+00
5.078667311047232680e+00
5.079757284422434793e+00
5.080806760017789081e+00
5.081776993324078617e+00
5.082680585806287787e+00
5.083512194206036838e+00
5.084272366215504491e+00
5.084964514126099289e+00
5.085545282599546191e+00
5.086038753663218337e+00
5.086441559095894682e+00
5.086759720084285341e+00
5.087000461549526342e+00
5.087144169633305957e+00
5.087194944255082341e+00
5.087145655260449928e+00
5.087003239405370358e+00
5.086775831685431015e+00
5.086445061706966975e+00
5.086016970605619747e+00
5.085486946919032469e+00
5.084865107269057383e+00
5.084162181199558539e+00
5.083364634842642005e+00
5.082481642992265236e+00
5.081513647393352429e+00
5.080474138067132550e+00
5.079373845488792227e+00
5.078217717439895473e+00
5.076999492154484983e+00
5.075739729956753266e+00
5.074433292553789165e+00
5.073085405335790554e+00
5.071697235957747907e+00
5.070269498334295299e+00
5.068816169158584906e+00
5.067335739539032602e+00
5.065835706100826563e+00
5.064317880974179786e+00
5.062787244276173659e+00
5.061252022490866587e+00
5.059708960161573899e+00
5.058163036064275531e+00
5.056618538455136758e+00
5.055086447999843635e+00
5.053576339588532029e+00
5.052085978047021975e+00
5.050629274503359412e+00
5.049195342467197811e+00
5.047810539410480857e+00
5.046474693820844237e+00
5.045177675441872012e+00
5.043933848024378719e+00
5.042734720439683294e+00
5.041616278097998283e+00
5.040546376512417659e+00
5.039563002244600298e+00
5.038640946180590774e+00
5.037801737071046837e+00
5.037082500414022057e+00
5.036431710825333141e+00
5.035894454934665809e+00
5.035436269448170243e+00
5.035083580643901158e+00
5.034857995131083896e+00
5.034731691575640156e+00
5.034752577404058904e+00
5.034894856960080212e+00
5.035174631346515994e+00
5.035562045928588581e+00
5.036078706514588887e+00
5.036689657364538775e+00
5.037448586542656592e+00
5.038306675125411083e+00
5.039282894898702736e+00
5.040395479891945918e+00
5.041578501407554924e+00
5.042862932030609535e+00
5.044220881406714874e+00
5.045663187746455947e+00
5.047191099469117148e+00
5.048762747291974051e+00
5.050392602477721482e+00
5.052062243316822965e+00
5.053776959423475823e+00
5.055523382071904770e+00
5.057280725930384691e+00
5.059044170771293203e+00
5.060806822721413134e+00
5.062569346968582629e+00
5.064307001475742531e+00
5.066024921630075895e+00
5.067707241122176853e+00
5.069358947221687117e+00
5.070979462061573351e+00
5.072551777605463386e+00
5.074086773936202555e+00
5.075554375444102817e+00
5.076965833250927318e+00
5.078317147288965216e+00
5.079590185080217424e+00
5.080804270077990736e+00
5.081942313034581105e+00
5.083022887427854464e+00
5.084008072857308491e+00
5.084886999968934340e+00
5.085690835733460702e+00
5.086406317074346539e+00
5.087055492718266514e+00
5.087624245305108595e+00
5.088097353894759145e+00
5.088485752773034498e+00
5.088778725285577842e+00
5.089003125932562988e+00
5.089146884028365569e+00
5.089196945895006152e+00
5.089165904340831048e+00
5.089048798489880454e+00
5.088872672892672533e+00
5.088631200544102562e+00
5.088320982247157787e+00
5.087964627421960984e+00
5.087550348132417355e+00
5.087094715922638954e+00
5.086593652791841613e+00
5.086049057781263372e+00
5.085475189588531286e+00
5.084871475263997631e+00
5.084252361595197556e+00
5.083618202521965834e+00
5.082971686362790287e+00
5.082314628675147716e+00
5.081655696942970479e+00
5.080997154727145748e+00
5.080351158767506980e+00
5.079724205150768057e+00
5.079116523839100950e+00
5.078542167149053377e+00
5.077995626642869631e+00
5.077490110933349676e+00
5.077023966401383426e+00
5.076591090462669875e+00
5.076199086658224502e+00
5.075852946467263926e+00
5.075560199074013568e+00
5.075313979532134923e+00
5.075106287743461841e+00
5.074945312771512285e+00
5.074837221890255101e+00
5.074779538005157242e+00
5.074785625839638215e+00
5.074838354124718620e+00
5.074943851812773410e+00
5.075106793290966145e+00
5.075323295558832548e+00
5.075606245699368912e+00
5.075930205139361995e+00
5.076316412988148841e+00
5.076749168562732173e+00
5.077240727323137470e+00
5.077783583181941118e+00
5.078367024998211576e+00
5.079000933657431993e+00
5.079669464717651906e+00
5.080380032773163634e+00
5.081123226995615028e+00
5.081888252611307166e+00
5.082673796902446028e+00
5.083474569807795440e+00
5.084289056177285993e+00
5.085116851220873535e+00
5.085945399443653869e+00
5.086781530047802313e+00
5.087623470838215312e+00
5.088478687594678362e+00
5.089339150900985764e+00
5.090194504226590588e+00
5.091047472919371764e+00
5.091899066831019560e+00
5.092756120155600641e+00
5.093611028383520534e+00
5.094457480649498216e+00
5.095284506122617074e+00
5.096094277690200514e+00
5.096890233422665339e+00
5.097664776782540486e+00
5.098413816134479859e+00
5.099130601997520884e+00
5.099818829636123318e+00
5.100475071559693596e+00
5.101089685971881948e+00
5.101659823360885859e+00
5.102177595536256938e+00
5.102648912075009591e+00
5.103084012943354786e+00
5.103464490587857227e+00
5.103783641423132345e+00
5.104030484802122736e+00
5.104211380689435806e+00
5.104340018204444718e+00
5.104395977498993986e+00
5.104376388609440873e+00
5.104272887425527649e+00
5.104095351247146972e+00
5.103860659001425049e+00
5.103551722409233271e+00
5.103184940272972092e+00
5.102738830799265379e+00
5.102229168543620297e+00
5.101649948077304764e+00
5.101010207699640198e+00
5.100306252332432955e+00
5.099544762687786559e+00
5.098738979788526748e+00
5.097886443005904766e+00
5.096995991261706216e+00
5.096062051745160915e+00
5.095096921639545862e+00
5.094107968451484503e+00
5.093107580261333922e+00
5.092105384411317992e+00
5.091098788173897383e+00
5.090099128352506774e+00
5.089101757423979855e+00
5.088131472410661438e+00
5.087188220636946312e+00
5.086277082877261435e+00
5.085403115170104904e+00
5.084571385102375274e+00
5.083800018372042651e+00
5.083097338842257784e+00
5.082463590296013578e+00
5.081906581314309612e+00
5.081411960141762663e+00
5.080990998873516240e+00
5.080669701078935674e+00
5.080411840191139561e+00
5.080252031086041065e+00
5.080147137872901730e+00
5.080129549153408419e+00
5.080209825657566292e+00
5.080347111275679062e+00
5.080567145305014520e+00
5.080835892142987475e+00
5.081180118577814042e+00
5.081580056244765053e+00
5.082033928739165596e+00
5.082556486161683651e+00
5.083114885831509611e+00
5.083723168703053297e+00
5.084367503928278076e+00
5.085043873818848148e+00
5.085752095239494786e+00
5.086475327940916280e+00
5.087224997015928452e+00
5.087992895873522770e+00
5.088773553701376962e+00
5.089564879717566548e+00
5.090362751590348900e+00
5.091165285738445512e+00
5.091965725230313211e+00
5.092758203627801628e+00
5.093542914422489964e+00
5.094316653939225503e+00
5.095074018420913120e+00
5.095814517470336646e+00
5.096536191808319849e+00
5.097242775367831769e+00
5.097933734091257385e+00
5.098610297771430488e+00
5.099274856554603552e+00
5.099920085402464665e+00
5.100548232006167915e+00
5.101158648276960861e+00
5.101753450701271397e+00
5.102337389285002800e+00
5.102908716568981262e+00
5.103471048916016883e+00
5.104017703155313335e+00
5.104547178628179971e+00
5.105062100807461256e+00
5.105560856046412077e+00
5.106046978639695588e+00
5.106518475668760715e+00
5.106976023013028332e+00
5.107415363559755228e+00
5.107833544532092596e+00
5.108232893826695431e+00
5.108612974765035730e+00
5.108974755699070336e+00
5.109321347134442526e+00
5.109649869347245854e+00
5.109957596672953350e+00
5.110242604868742156e+00
5.110504248062404997e+00
5.110746985594065706e+00
5.110969664728524542e+00
5.111176481185736087e+00
5.111365722244859633e+00
5.111531846666963474e+00
5.111676872032018260e+00
5.111799428373830168e+00
5.111904337968933731e+00
5.111991189955057635e+00
5.112058290843177311e+00
5.112109775053595762e+00
5.112147127016706705e+00
5.112176223969346012e+00
5.112200049359144849e+00
5.112225427808498424e+00
5.112259359179789797e+00
5.112294682743287133e+00
5.112337085985837248e+00
5.112379259191711434e+00
5.112420613480990639e+00
5.112464204145854119e+00
5.112503510917795424e+00
5.112543380683545635e+00
5.112578391460028904e+00
5.112613182067198281e+00
5.112643329484180654e+00
5.112661595204170517e+00
5.112671019438912445e+00
5.112668384816116074e+00
5.112657202148893631e+00
5.112635598319666741e+00
5.112600168368863329e+00
5.112556599175642091e+00
5.112503349489615267e+00
5.112449991183438236e+00
5.112399392516433494e+00
5.112350468344136978e+00
5.112306366150348502e+00
5.112260549428953027e+00
5.112226779881944516e+00
5.112206890196153708e+00
5.112201114941469449e+00
5.112215048244304505e+00
5.112246995486400714e+00
5.112303376046090975e+00
5.112385182657360083e+00
5.112489171984686109e+00
5.112619444073258634e+00
5.112776142207055230e+00
5.112965332676739472e+00
5.113192195405336093e+00
5.113440786690533812e+00
5.113721665308893272e+00
5.114023542531849209e+00
5.114340375342489864e+00
5.114675283187152921e+00
5.115018401906909595e+00
5.115370637566866385e+00
5.115726841033520600e+00
5.116084449195388295e+00
5.116431056910280439e+00
5.116767693773930148e+00
5.117084966429596982e+00
5.117389552404261188e+00
5.117670913373208563e+00
5.117913139515644971e+00
5.118131102097309260e+00
5.118312775247818358e+00
5.118472861775285487e+00
5.118600199853157839e+00
5.118690675969323145e+00
5.118756844962103258e+00
5.118781000068032938e+00
5.118779018706321793e+00
5.118737665869906195e+00
5.118653390182791973e+00
5.118541577578199941e+00
5.118390560055760652e+00
5.118217093645272442e+00
5.118009851759907747e+00
5.117755579742279792e+00
5.117474095112320320e+00
5.117155712953445956e+00
5.116815910896895581e+00
5.116447070761261706e+00
5.116047719343243649e+00
5.115628366245565495e+00
5.115181247441707768e+00
5.114717032982645684e+00
5.114232929235932090e+00
5.113733227885005839e+00
5.113227372466264242e+00
5.112705266697941120e+00
5.112170776947078998e+00
5.111623803785680487e+00
5.111068503743648073e+00
5.110514954252780129e+00
5.109960101729870807e+00
5.109406508839370531e+00
5.108853634371103958e+00
5.108301414212824021e+00
5.107759141026677163e+00
5.107225835992636576e+00
5.106702057904245251e+00
5.106190360597016031e+00
5.105700072942914503e+00
5.105234407446027411e+00
5.104790172240376123e+00
5.104364482423902061e+00
