0.000000000000000000e+00
0.000000000000000000e+00
-1.352735807813587863e-08
-8.188100991901589493e-08
-2.574226914475730621e-07
-5.731665464736580256e-07
-1.093798675810830731e-06
-1.488452182911714916e-06
-1.791108354609605285e-06
-1.392356082305923244e-06
2.394229318269943187e-07
3.571997783637926732e-06
9.381766701608283923e-06
1.939788487788973644e-05
3.478011492688893761e-05
5.728906163994907877e-05
8.863437831450939075e-05
1.299073538189077269e-04
1.875266656657004379e-04
2.664408497889780673e-04
3.705175258596682050e-04
5.028229523827576096e-04
6.646646503736517754e-04
8.625849280883808937e-04
1.098556904159977022e-03
1.384131511711075022e-03
1.721246590875579862e-03
2.119418581985428249e-03
2.585659859739735267e-03
3.130036419295265278e-03
3.756180083416892773e-03
4.487114897035552989e-03
5.322655415200187520e-03
6.280470242761565861e-03
7.369876256250335218e-03
8.603275543116522747e-03
9.985284334086370200e-03
1.152586263980765607e-02
1.323514593210120723e-02
1.513148975934882831e-02
1.722223830785651888e-02
1.950828922357459791e-02
2.200019208159346984e-02
2.469816831316848024e-02
2.762903956141371867e-02
3.078517464365859019e-02
3.415019956793684253e-02
3.776091066565412380e-02
4.159889725413219719e-02
4.565681544508830292e-02
4.994112727608576718e-02
5.445212868418589786e-02
5.914747861590282513e-02
6.404551265206234745e-02
6.912047443356411636e-02
7.440889654126063568e-02
7.988755104508296623e-02
8.554256019558803548e-02
9.136574206318753832e-02
9.735965785946743001e-02
1.035335331913461027e-01
1.098928981777657909e-01
1.163945495840539301e-01
1.230640518423547214e-01
1.298958658930291221e-01
1.369130682703484370e-01
1.441146367546548013e-01
1.515533864256372043e-01
1.592203700300683367e-01
1.671770941969384361e-01
1.754034423586358360e-01
1.838960015532006276e-01
1.926641267296303472e-01
2.017112606522072360e-01
2.109836113211144004e-01
2.205223363396157099e-01
2.302898657080162947e-01
2.402585327383507940e-01
2.504174315687646701e-01
2.607657503839959090e-01
2.713168048616874661e-01
2.820779824015128834e-01
2.929918777700890042e-01
3.040977906939018593e-01
3.153831791635978710e-01
3.269011986013878324e-01
3.386477327105033575e-01
3.505503415819632984e-01
3.626335072275627125e-01
3.748546325918663547e-01
3.872662687059869047e-01
3.998618042227258251e-01
4.126800095793236034e-01
4.257160281893241915e-01
4.389532816168297824e-01
4.524070858713615251e-01
4.660219692942130787e-01
4.798374771830070662e-01
4.938467740770806080e-01
5.080360984560479132e-01
5.224078655001154203e-01
5.369570874926080650e-01
5.516991686579216791e-01
5.666656911131371377e-01
5.818221688028802907e-01
5.972244071718684211e-01
6.128278350588310941e-01
6.286764478441705384e-01
6.447440254446495933e-01
6.610270285364617804e-01
6.775093483683097828e-01
6.941982900854575256e-01
7.111106669661032553e-01
7.282252037283405421e-01
7.455234968420488828e-01
7.630001675840839548e-01
7.806484305616840924e-01
7.984701812025530865e-01
8.164751016851885534e-01
8.346333110090715657e-01
8.529623782392962150e-01
8.714498090502245109e-01
8.901308214422686271e-01
9.090026640650256118e-01
9.280406152960284372e-01
9.472606897112353375e-01
9.666507792231067153e-01
9.862416124102099113e-01
1.006019790148399595e+00
1.025982062792442751e+00
1.046127788996361163e+00
1.066467347120903408e+00
1.086975078558586549e+00
1.107617468809745986e+00
1.128418059324882705e+00
1.149358003115318771e+00
1.170456666922234268e+00
1.191743149733208496e+00
1.213197493528984872e+00
1.234860937571190753e+00
1.256705098127983922e+00
1.278740692114495481e+00
1.300964922880792018e+00
1.323383684134148863e+00
1.345982515787743639e+00
1.368758282637261514e+00
1.391680035566948748e+00
1.414757952665947727e+00
1.437972669577263662e+00
1.461293539976738831e+00
1.484704289412163591e+00
1.508176324343346364e+00
1.531702783083580988e+00
1.555258731817864559e+00
1.578830354189538321e+00
1.602396321272515634e+00
1.625937042212151740e+00
1.649434409117364275e+00
1.672870018458032071e+00
1.696225926851891996e+00
1.719481403803491126e+00
1.742619860148095556e+00
1.765619876360558838e+00
1.788467550253533878e+00
1.811141569590234202e+00
1.833630390143060174e+00
1.855902121042870778e+00
1.877976677393578875e+00
1.899842331385277916e+00
1.921520254587792520e+00
1.942998030161522838e+00
1.964295349096917054e+00
1.985397176718376677e+00
2.006320009207390509e+00
2.027046914076469974e+00
2.047591588472984725e+00
2.067935252165459481e+00
2.088071532225274307e+00
2.108049502348564808e+00
2.127848119711540864e+00
2.147460504746101950e+00
2.166914614414833462e+00
2.186196719383858067e+00
2.205281810736321013e+00
2.224196788048409257e+00
2.242918988442085926e+00
2.261439247107170925e+00
2.279769315695427512e+00
2.297904040789268798e+00
2.315820509171150565e+00
2.333544630980156409e+00
2.351057854866646313e+00
2.368360776877068030e+00
2.385465466951988578e+00
2.402355385994576320e+00
2.419041527485512155e+00
2.435530604099891860e+00
2.451801383471153617e+00
2.467862958883904057e+00
2.483720030760429687e+00
2.499349660849236265e+00
2.514762783026360360e+00
2.529967163777016470e+00
2.544946234202050128e+00
2.559708229279183733e+00
2.574257954334878029e+00
2.588574600195549635e+00
2.602671446776054776e+00
2.616555610870979542e+00
2.630245897745750572e+00
2.643724105333946639e+00
2.657024416899345987e+00
2.670134938931130186e+00
2.683065930580757819e+00
2.695826595997475206e+00
2.708410764908455448e+00
2.720835666632317018e+00
2.733106666779183236e+00
2.745234280800484594e+00
2.757210195040368017e+00
2.769061994528435378e+00
2.780783439850472494e+00
2.792385946488045168e+00
2.803878760313652574e+00
2.815258635258339304e+00
2.826523778414391508e+00
2.837686866497658666e+00
2.848741246437691554e+00
2.859686375832223071e+00
2.870540024017953495e+00
2.881297612166070721e+00
2.891967025971078797e+00
2.902557555412911938e+00
2.913072915053033451e+00
2.923507375692987242e+00
2.933870307182931736e+00
2.944150018667841096e+00
2.954351222490930517e+00
2.964467335915231594e+00
2.974509394144678076e+00
2.984481010412836088e+00
2.994380964612627594e+00
3.004205670928621785e+00
3.013950502848291801e+00
3.023611536597872185e+00
3.033181437229776733e+00
3.042672786688471298e+00
3.052079589342737709e+00
3.061409897780085210e+00
3.070659831738139278e+00
3.079832880472804124e+00
3.088930066203738001e+00
3.097950471019411900e+00
3.106902213072444408e+00
3.115783216333056771e+00
3.124597343778277470e+00
3.133349813198710976e+00
3.142045400714541969e+00
3.150688016390468249e+00
3.159276365017558597e+00
3.167813830947543430e+00
3.176306127881671326e+00
3.184756038760806707e+00
3.193168499445583119e+00
3.201549705838825144e+00
3.209904577707912043e+00
3.218238489007617442e+00
3.226558072542811573e+00
3.234869869327212655e+00
3.243179280733729630e+00
3.251493779992724598e+00
3.259819467639590851e+00
3.268163273906375288e+00
3.276531902527476614e+00
3.284936766004230346e+00
3.293381628369953074e+00
3.301874836063053209e+00
3.310415382361080017e+00
3.319012989377643219e+00
3.327670028185512052e+00
3.336379386758471455e+00
3.345149894928599377e+00
3.353975433683062501e+00
3.362858446812297064e+00
3.371808260655070999e+00
3.380820035910274246e+00
3.389894373392726923e+00
3.399029679870273490e+00
3.408218563770915921e+00
3.417460920190479090e+00
3.426744427656795544e+00
3.436058781122829586e+00
3.445391727065708398e+00
3.454738476848270956e+00
3.464087025499011929e+00
3.473420900082256235e+00
3.482730927443172586e+00
3.492003554677630905e+00
3.501233711814548233e+00
3.510408598160411398e+00
3.519519045924808687e+00
3.528552781915332393e+00
3.537493858909275257e+00
3.546331136202480749e+00
3.555042135691311334e+00
3.563613970851566837e+00
3.572032601809170149e+00
3.580281494831707434e+00
3.588343597030308363e+00
3.596212704157497608e+00
3.603884936546947415e+00
3.611357246017124378e+00
3.618617946481373249e+00
3.625695570087101416e+00
3.632583284949924884e+00
3.639275574659969870e+00
3.645803642844822168e+00
3.652149730896618429e+00
3.658329909419681503e+00
3.664350507831241277e+00
3.670215127443935188e+00
3.675923314070369319e+00
3.681480210995341285e+00
3.686885470723773039e+00
3.692144207334185690e+00
3.697242663478518931e+00
3.702197422361041657e+00
3.707021427726413521e+00
3.711725459968711949e+00
3.716317566907073822e+00
3.720806017791892906e+00
3.725188585793639984e+00
3.729486125087406290e+00
3.733694865679409336e+00
3.737826538359787065e+00
3.741894910907413330e+00
3.745907762622501025e+00
3.749868366992140878e+00
3.753793240761424066e+00
3.757689801132346297e+00
3.761567396199370528e+00
3.765434596812392343e+00
3.769301672255660041e+00
3.773177258646155607e+00
3.777073521589900285e+00
3.781006221151019364e+00
3.784982660388613418e+00
3.789014167761469487e+00
3.793113945996428260e+00
3.797300057983065358e+00
3.801574747538233101e+00
3.805946988737249903e+00
3.810415917014742693e+00
3.815008132135535135e+00
3.819718736087942990e+00
3.824559861397410110e+00
3.829528922116423484e+00
3.834658649241590833e+00
3.839938990747595149e+00
3.845373742258215710e+00
3.850985018288756390e+00
3.856776048814917868e+00
3.862735967909957324e+00
3.868886693989899150e+00
3.875232002412941412e+00
3.881756425773766228e+00
3.888477431213524849e+00
3.895377576028969724e+00
3.902450585639146485e+00
3.909680665409234646e+00
3.917054785763886215e+00
3.924562863385346212e+00
3.932178687131073769e+00
3.939887815987733077e+00
3.947673672115472154e+00
3.955516761219171062e+00
3.963401943123010085e+00
3.971308611905244312e+00
3.979224930083421263e+00
3.987137177264359345e+00
3.995036811506416985e+00
4.002905118739273682e+00
4.010726213729050471e+00
4.018483454262879562e+00
4.026158684765962725e+00
4.033734744465020228e+00
4.041203803097871194e+00
4.048559526478912929e+00
4.055795049941207431e+00
4.062901370203162443e+00
4.069863855516577367e+00
4.076681790029669905e+00
4.083350178873205394e+00
4.089860562359953100e+00
4.096205081021452088e+00
4.102388800060415619e+00
4.108394246971274200e+00
4.114226533448363199e+00
4.119868968403006981e+00
4.125323065197134653e+00
4.130585666572714310e+00
4.135649324929381088e+00
4.140506176328325516e+00
4.145165771519804032e+00
4.149609589850569158e+00
4.153841478502417139e+00
4.157860507344866896e+00
4.161655831610824308e+00
4.165257687842514045e+00
4.168648225342895586e+00
4.171842789923812411e+00
4.174848041212226413e+00
4.177668635522985952e+00
4.180335913574363182e+00
4.182843535220289510e+00
4.185211664414071997e+00
4.187436450546646149e+00
4.189531969850921911e+00
4.191517624681853960e+00
4.193402167385482215e+00
4.195189960127733819e+00
4.196906222229860539e+00
4.198552675074003204e+00
4.200142668014428260e+00
4.201681351935527609e+00
4.203178148096464284e+00
4.204645463800094518e+00
4.206091699576041343e+00
4.207522926902433902e+00
4.208954161679407058e+00
4.210391823178191828e+00
4.211849248236079646e+00
4.213334407037158336e+00
4.214854869818349670e+00
4.216417523151298141e+00
4.218030258690973255e+00
4.219701480543275984e+00
4.221434620296617979e+00
4.223239912664553231e+00
4.225121579295060492e+00
4.227089268690011892e+00
4.229152063554189489e+00
4.231311005478761267e+00
4.233576672500035443e+00
4.235958697175641774e+00
4.238455996638198719e+00
4.241080192452330699e+00
4.243842115527053593e+00
4.246745956068893157e+00
4.249796660965342809e+00
4.252991766160388210e+00
4.256344145065208195e+00
4.259849814301391646e+00
4.263518631881137111e+00
4.267359872287173950e+00
4.271379542773624749e+00
4.275578518932721117e+00
4.279971850341222961e+00
4.284546437090298809e+00
4.289305226331611820e+00
4.294242721920867645e+00
4.299336779838462519e+00
4.304579305177588466e+00
4.309948724633116512e+00
4.315437326556105013e+00
4.321029895072835636e+00
4.326701786046879938e+00
4.332439298158544005e+00
4.338221819525616141e+00
4.344036440378086894e+00
4.349864981895343874e+00
4.355686876302616639e+00
4.361486287837879061e+00
4.367246500378506369e+00
4.372951373582737666e+00
4.378587269311801755e+00
4.384144079810039507e+00
4.389613694077389106e+00
4.394989665275470969e+00
4.400265750413792532e+00
4.405438990121739451e+00
4.410496809607403534e+00
4.415435179000752441e+00
4.420244300192254450e+00
4.424925909465211582e+00
4.429474427824872329e+00
4.433890708511727397e+00
4.438168259089845691e+00
4.442311592226880990e+00
4.446313610499758262e+00
4.450171343809027569e+00
4.453872307067770819e+00
4.457411334937471992e+00
4.460787516957182675e+00
4.463996681695838298e+00
4.467037038033862650e+00
4.469905305331607792e+00
4.472597577398678581e+00
4.475122815197369874e+00
4.477478568976781759e+00
4.479662393307349610e+00
4.481683632707260223e+00
4.483540917163751693e+00
4.485245026921891309e+00
4.486803356235884443e+00
4.488218929743432284e+00
4.489502494460009707e+00
4.490663388123773636e+00
4.491705794459246448e+00
4.492649781307243906e+00
4.493494560917878466e+00
4.494263844093346449e+00
4.494961759051347094e+00
4.495606238147282774e+00
4.496208090981507866e+00
4.496777058331335120e+00
4.497319544455075757e+00
4.497851654229725327e+00
4.498377483798230436e+00
4.498906036255921670e+00
4.499447429155971179e+00
4.500008900439406823e+00
4.500596034390890843e+00
4.501222806362474849e+00
4.501888015730345138e+00
4.502606578780376623e+00
4.503383293313943270e+00
4.504229405162893052e+00
4.505147373987399284e+00
4.506154751418197435e+00
4.507257725013460004e+00
4.508457928983533591e+00
4.509765548495614951e+00
4.511187803683841757e+00
4.512729276059233463e+00
4.514402574537360380e+00
4.516199441192711106e+00
4.518132793990935703e+00
4.520202893255318877e+00
4.522409493265715064e+00
4.524759624986019801e+00
4.527248362986412644e+00
4.529896916834679210e+00
4.532695454148616854e+00
4.535641317753162483e+00
4.538738941935863025e+00
4.541982220796907832e+00
4.545380074469411724e+00
4.548923205820882387e+00
4.552614795951211768e+00
4.556440225331152227e+00
4.560380871085489396e+00
4.564438699869477922e+00
4.568595369545781715e+00
4.572846019653641569e+00
4.577173527566754885e+00
4.581566253392065136e+00
4.586010925559365958e+00
4.590482831386887952e+00
4.594976513175333288e+00
4.599480101553763411e+00
4.603984776822889202e+00
4.608482379106844107e+00
4.612966558424794528e+00
4.617422368316018044e+00
4.621840475587211117e+00
4.626209438828787768e+00
4.630515431551299521e+00
4.634747762767634782e+00
4.638893363265357728e+00
4.642942025153003804e+00
4.646880024163090539e+00
4.650698346881234180e+00
4.654384373215996185e+00
4.657930626062714019e+00
4.661321702091060004e+00
4.664555437950454575e+00
4.667615797309242254e+00
4.670497325448356385e+00
4.673189824609122134e+00
4.675688403038344987e+00
4.677976384697518419e+00
4.680056915817818464e+00
4.681912518678268853e+00
4.683539856014808933e+00
4.684941416470368658e+00
4.686114049715955687e+00
4.687054067714174543e+00
4.687778855128248878e+00
4.688284183194896038e+00
4.688580768847873337e+00
4.688675700290164450e+00
4.688583893509616907e+00
4.688312291218003303e+00
4.687873640297016031e+00
4.687274820221624339e+00
4.686521048856935323e+00
4.685626305876336772e+00
4.684600173620544261e+00
4.683458485020361550e+00
4.682212965352497314e+00
4.680877444161137824e+00
4.679464595032890806e+00
4.677993525726756197e+00
4.676479049487073603e+00
4.674937299503048038e+00
4.673386810136991976e+00
4.671843002898651953e+00
4.670323327047785078e+00
4.668843610746820971e+00
4.667417462928255212e+00
4.666059356493909682e+00
4.664782475991209765e+00
4.663600212721188853e+00
4.662519770799239183e+00
4.661558089045842124e+00
4.660719941420516044e+00
4.660004647014697632e+00
4.659422318389673912e+00
4.658979208705980035e+00
4.658679674131828818e+00
4.658520865788715604e+00
4.658526962075529632e+00
4.658696145538387512e+00
4.659035057623086118e+00
4.659554625202116718e+00
4.660258067820367778e+00
4.661146686423715657e+00
4.662227915350494634e+00
4.663516600553093916e+00
4.665007057015000846e+00
4.666695655409395904e+00
4.668595206562579314e+00
4.670694050911963657e+00
4.672993011746704894e+00
4.675486727330982362e+00
4.678173400733768084e+00
4.681045886550246671e+00
4.684113087628185568e+00
4.687359431658087772e+00
4.690773051057158582e+00
4.694353333983718457e+00
4.698085293445884325e+00
4.701947897050677838e+00
4.705941348645984235e+00
4.710044327948390119e+00
4.714250425074395068e+00
4.718544031355675017e+00
4.722899165425594070e+00
4.727305959437187788e+00
4.731746714685257871e+00
4.736210365865524352e+00
4.740684027943904866e+00
4.745154744956787241e+00
4.749606200430687153e+00
4.754025709007080103e+00
4.758402689669425811e+00
4.762723739717300120e+00
4.766980695400532042e+00
4.771163707945641264e+00
4.775261895332630679e+00
4.779267201695736489e+00
4.783171745512779793e+00
4.786966418597993211e+00
4.790642680797871478e+00
4.794196411941345382e+00
4.797617331419284703e+00
4.800900268230731349e+00
4.804038841698462292e+00
4.807027859065824416e+00
4.809857563350492526e+00
4.812527689013772481e+00
4.815028476093107024e+00
4.817355624560409666e+00
4.819502968613202043e+00
4.821467063401038367e+00
4.823236961040790582e+00
4.824812355909641859e+00
4.826184016589220249e+00
4.827347293023164454e+00
4.828306949187213704e+00
4.829061583552652692e+00
4.829612648088628113e+00
4.829967539098257490e+00
4.830134463545078027e+00
4.830115658505496512e+00
4.829932550000634706e+00
4.829587461496379852e+00
4.829098457316543858e+00
4.828469000006702316e+00
4.827704401607302742e+00
4.826822138796237560e+00
4.825830196062711686e+00
4.824744238848476030e+00
4.823575087110191006e+00
4.822333941976218341e+00
4.821033038417487759e+00
4.819687642077595591e+00
4.818312396625668015e+00
4.816924734930187135e+00
4.815540063450723274e+00
4.814175706128269283e+00
4.812846931437641196e+00
4.811572014758975335e+00
4.810365611682325238e+00
4.809247051323443323e+00
4.808225980172544212e+00
4.807317184428363532e+00
4.806537227849155158e+00
4.805897352988511173e+00
4.805404588165373525e+00
4.805072578484804069e+00
4.804911296604812421e+00
4.804929857395734416e+00
4.805128772661234393e+00
4.805529043667163158e+00
4.806129014410221778e+00
4.806937054239357465e+00
4.807944420643293526e+00
4.809179675124727105e+00
4.810634981386505693e+00
4.812309316538416759e+00
4.814205716543041191e+00
4.816337117098414389e+00
4.818681866072260789e+00
4.821253372870528686e+00
4.824046420894705811e+00
4.827045068882549472e+00
4.830257379256333472e+00
4.833662511550033791e+00
4.837243743382538597e+00
4.840992827259147369e+00
4.844887022815787425e+00
4.848920659266555688e+00
4.853066834651076356e+00
4.857314037524305128e+00
4.861638856075845894e+00
4.866019600473486584e+00
4.870448104284846202e+00
4.874903719268880664e+00
4.879363177560412268e+00
4.883824193917358336e+00
4.888263480805003169e+00
4.892670649431789975e+00
4.897032964967334756e+00
4.901342716060721472e+00
4.905588617764556680e+00
4.909756938062751708e+00
4.913834759734713842e+00
4.917820578657233099e+00
4.921702904842934601e+00
4.925477005981051093e+00
4.929125499867045512e+00
4.932636777900301084e+00
4.936016355000577782e+00
4.939250283084951398e+00
4.942341299794755116e+00
4.945286675833306944e+00
4.948088311694702313e+00
4.950742189727863618e+00
4.953245568417153244e+00
4.955588675432046841e+00
4.957776070974905913e+00
4.959790476106245904e+00
4.961631450645763941e+00
4.963295171402532624e+00
4.964773657314617061e+00
4.966057024143775145e+00
4.967153768755633969e+00
4.968044760890443001e+00
4.968734281577307677e+00
4.969211089082200772e+00
4.969487252116342901e+00
4.969555612674122713e+00
4.969413266221200942e+00
4.969083781579648473e+00
4.968566904442524468e+00
4.967879630031203142e+00
4.967013570221279650e+00
4.965983282180641112e+00
4.964801582845066896e+00
4.963478556277369336e+00
4.962015031876181759e+00
4.960436194839094703e+00
4.958740981670235470e+00
4.956938833894346530e+00
4.955048024805400075e+00
4.953076595666024318e+00
4.951035714449497860e+00
4.948940893711659683e+00
4.946802846195312853e+00
4.944636854531379910e+00
4.942448989303918516e+00
4.940251968355985568e+00
4.938056779654832695e+00
4.935874007197233126e+00
4.933709887864204724e+00
4.931577190162750313e+00
4.929483740480751663e+00
4.927439297439663690e+00
4.925453908147423121e+00
4.923534293921797200e+00
4.921694578679411514e+00
4.919941040130465737e+00
4.918283626439184708e+00
4.916732707323640206e+00
4.915296839477628410e+00
4.913990742864221772e+00
4.912822490187496172e+00
4.911797889696567054e+00
4.910918401481717765e+00
4.910196374358743121e+00
4.909626084270088953e+00
4.909214532265571584e+00
4.908966091407594767e+00
4.908880233822522143e+00
4.908956333805938321e+00
4.909203277339357463e+00
4.909631690119523384e+00
4.910234691945034591e+00
4.911022466865498259e+00
4.911985723522621861e+00
4.913127474335152733e+00
4.914450495240408223e+00
4.915934268680530295e+00
4.917576546368318091e+00
4.919376612600998122e+00
4.921323021200612935e+00
4.923407541659789111e+00
4.925608788875059929e+00
4.927909293768124144e+00
4.930309819725470000e+00
4.932784643170552208e+00
4.935329951343255139e+00
4.937932047841268712e+00
4.940570232269482887e+00
4.943233399090485314e+00
4.945909485814289575e+00
4.948578258750157666e+00
4.951227374670224890e+00
4.953839545545297263e+00
4.956401376721579766e+00
4.958900937286337296e+00
4.961327088472564206e+00
4.963664337244948044e+00
4.965906324532945781e+00
4.968044066128453728e+00
4.970071451959332975e+00
4.971978532371243986e+00
4.973764263835868782e+00
4.975417988297661687e+00
4.976940483299216567e+00
4.978320478496274681e+00
4.979546077099762158e+00
4.980621461791120197e+00
4.981535525840841139e+00
4.982286913168750608e+00
4.982873188403569742e+00
4.983292862919293853e+00
4.983539382849954791e+00
4.983610000295700004e+00
4.983510031338915347e+00
4.983241496730729914e+00
4.982812473524496966e+00
4.982224585760519631e+00
4.981475519511983308e+00
4.980581736985728369e+00
4.979550833452627501e+00
4.978391590464995353e+00
4.977117050040648749e+00
4.975730364818260476e+00
4.974254675556108118e+00
4.972693339187785888e+00
4.971060884643481614e+00
4.969368846316026378e+00
4.967633136559412854e+00
4.965857449520516553e+00
4.964058068145203784e+00
4.962248896557975186e+00
4.960442287821459573e+00
4.958648694057155026e+00
4.956878605235504942e+00
4.955140249032663924e+00
4.953443055201458556e+00
4.951796363640714738e+00
4.950206061203171082e+00
4.948679605174947760e+00
4.947228883702445401e+00
4.945856016624855300e+00
4.944572293955968867e+00
4.943388072747873174e+00
4.942305109176921896e+00
4.941333276454496826e+00
4.940486972976612989e+00
4.939770342383669188e+00
4.939191290114211874e+00
4.938746802296626548e+00
4.938446079354870122e+00
4.938304378364372305e+00
4.938322215611949950e+00
4.938508812553152438e+00
4.938869344881639201e+00
4.939409223115906578e+00
4.940140312752592244e+00
4.941063628262747365e+00
4.942184662661422756e+00
4.943494124702086268e+00
4.944995462587942647e+00
4.946695324621069645e+00
4.948585489085782996e+00
4.950663786820043377e+00
4.952909558257926115e+00
4.955317374012341070e+00
4.957881775638927735e+00
4.960578398845067127e+00
4.963393958053460508e+00
4.966306652269234512e+00
4.969290619335045456e+00
4.972342608115543072e+00
4.975438010833134861e+00
4.978563940963617540e+00
4.981706222138277518e+00
4.984847058198324632e+00
4.987970560035577705e+00
4.991065816423765789e+00
4.994115987262597756e+00
4.997105965158811891e+00
5.000025121412149609e+00
5.002865199587216871e+00
5.005612904569973765e+00
5.008265922806134363e+00
5.010813468835224604e+00
5.013253033599723629e+00
5.015575869521964769e+00
5.017772045276034376e+00
5.019840066275464530e+00
5.021769517353639856e+00
5.023560661963091256e+00
5.025205326071843892e+00
5.026701503685579553e+00
5.028048907211883467e+00
5.029246065012080713e+00
5.030296305111510158e+00
5.031191496393544682e+00
5.031928927591901690e+00
5.032501015617412143e+00
5.032904085396687321e+00
5.033143336168387272e+00
5.033212111770071218e+00
5.033116461141860398e+00
5.032855405091202883e+00
5.032425504951633322e+00
5.031845054543472529e+00
5.031111959284998214e+00
5.030237508631206111e+00
5.029225765607215237e+00
5.028084659418916580e+00
5.026827877751446572e+00
5.025457697651243727e+00
5.023988087615824050e+00
5.022431638083315164e+00
5.020802900484657272e+00
5.019112701854562708e+00
5.017372090509987892e+00
5.015589424363232851e+00
5.013779145768739731e+00
5.011953229299642487e+00
5.010119668683864269e+00
5.008292385629273369e+00
5.006485378584718759e+00
5.004707371882056499e+00
5.002972524008607813e+00
5.001290134630059114e+00
4.999669706961964444e+00
4.998127141139362628e+00
4.996666955641363650e+00
4.995299673668001539e+00
4.994021687201117388e+00
4.992842656141972313e+00
4.991769130519484676e+00
4.990811400181507373e+00
4.989970890722131180e+00
4.989263237333751100e+00
4.988690767614996524e+00
4.988261046848154301e+00
4.987993241260654464e+00
4.987890284239209215e+00
4.987959442214005001e+00
4.988213312775724440e+00
4.988660640642874178e+00
4.989294097275368323e+00
4.990132149384252536e+00
4.991178652793997195e+00
4.992421873436205360e+00
4.993876713738672812e+00
4.995524800346127670e+00
4.997369226441612966e+00
4.999404345528116522e+00
5.001607339010466724e+00
5.003973218277921298e+00
5.006474697069158708e+00
5.009104217068184539e+00
5.011843547002305499e+00
5.014673260525692733e+00
5.017580523268211579e+00
5.020553652719486060e+00
5.023571344093310742e+00
5.026619952694403537e+00
5.029679302350507974e+00
5.032736945227610725e+00
5.035779708699215540e+00
5.038795232848158001e+00
5.041770467237463471e+00
5.044691520408621344e+00
5.047545278445712214e+00
5.050320491866102657e+00
5.053005223945608471e+00
5.055591235236158276e+00
5.058064361140957921e+00
5.060418056026928291e+00
5.062640821562045090e+00
5.064723666981690187e+00
5.066656715200178240e+00
5.068434969560138725e+00
5.070044316873780765e+00
5.071482101754179794e+00
5.072738426701060455e+00
5.073805989698402463e+00
5.074676104635825524e+00
5.075347194895973857e+00
5.075804324970475179e+00
5.076047024504178218e+00
5.076067387376343554e+00
5.075853002861505203e+00
5.075414489776259863e+00
5.074753919214374243e+00
5.073878363192446450e+00
5.072785396546490411e+00
5.071486301839716937e+00
5.069992681116231914e+00
5.068312907338508921e+00
5.066447731823094713e+00
5.064412692904836533e+00
5.062211903751260067e+00
5.059858607322341051e+00
5.057367522836095475e+00
5.054752561867601912e+00
5.052032835305101166e+00
5.049224511504536217e+00
5.046345355332261029e+00
5.043412112415199822e+00
5.040441899717217566e+00
5.037450302064780949e+00
5.034450409531956439e+00
5.031457140565280817e+00
5.028482878625754715e+00
5.025539747894171683e+00
5.022639660954837382e+00
5.019794342041377533e+00
5.017017182231310990e+00
5.014313811183337855e+00
5.011695957601433271e+00
5.009171811163789734e+00
5.006752056450016752e+00
5.004444115132459459e+00
5.002259893834956728e+00
5.000199490905173683e+00
4.998275598705181011e+00
4.996486891925701279e+00
4.994837724686035152e+00
4.993334687918792092e+00
4.991977693558106388e+00
4.990773387372859915e+00
4.989725620344647616e+00
4.988838252395757955e+00
4.988118531674513356e+00
4.987569955259926857e+00
4.987184539668626293e+00
4.986969213456279526e+00
4.986928901163293126e+00
4.987051100426716843e+00
4.987345711601330223e+00
4.987812709820821588e+00
4.988455917773200632e+00
4.989274810863090437e+00
4.990266968173338036e+00
4.991432116938185004e+00
4.992762478453470543e+00
4.994266086084199863e+00
4.995929312867475325e+00
4.997742078018738709e+00
4.999703835708453781e+00
5.001799219412162323e+00
5.004022728664233810e+00
5.006364267778947941e+00
5.008798428041294493e+00
5.011314877731159356e+00
5.013892799181297377e+00
5.016520150763347452e+00
5.019179299635246672e+00
5.021846043927030045e+00
5.024506199819401608e+00
5.027139687103582943e+00
5.029731046718909582e+00
5.032264294487789336e+00
5.034722744089916269e+00
5.037094204289272348e+00
5.039362133902862695e+00
5.041514298481300393e+00
5.043538556856468347e+00
5.045423409653262858e+00
5.047151118678407045e+00
5.048718810242967869e+00
5.050115298641281392e+00
5.051336475623207534e+00
5.052377601427393117e+00
5.053246362519817403e+00
5.053932005924539617e+00
5.054436560583667415e+00
5.054759313364879603e+00
5.054895857789919233e+00
5.054844119626461740e+00
5.054597083109795719e+00
5.054164757657228613e+00
5.053542240153430676e+00
5.052736444662689230e+00
5.051756069700597429e+00
5.050607212226271514e+00
5.049304093609928046e+00
5.047852774600862347e+00
5.046262482445119879e+00
5.044543280045864719e+00
5.042705742757198628e+00
5.040758175443289524e+00
5.038719198446152348e+00
5.036599245856879570e+00
5.034412710111019429e+00
5.032171391289113060e+00
5.029886434714672561e+00
5.027573532800551526e+00
5.025245696048613375e+00
5.022916288267251339e+00
5.020600026737328747e+00
5.018311180810807848e+00
5.016060310493586805e+00
5.013856790255187157e+00
5.011711149256109721e+00
5.009631380628226438e+00
5.007626291106819671e+00
5.005702739547372992e+00
5.003868311684011694e+00
5.002130489240765421e+00
5.000496112893700662e+00
4.998971864472509630e+00
4.997570887993456168e+00
4.996292943845869416e+00
4.995141297097685396e+00
4.994122101183417151e+00
4.993239715512277854e+00
4.992494737248303061e+00
4.991888624619127413e+00
4.991432622897804983e+00
4.991123326423943851e+00
4.990969791583152571e+00
4.990968956332030082e+00
4.991119534773127420e+00
4.991419212323919830e+00
4.991867461678878293e+00
4.992474315119281414e+00
4.993229820234075689e+00
4.994134601903454040e+00
4.995176683691637365e+00
4.996354636875288691e+00
4.997660548416273052e+00
4.999077828404799639e+00
5.000598418292895531e+00
5.002210007784262835e+00
5.003902459916964141e+00
5.005664736953870708e+00
5.007476912168159267e+00
5.009325394508731932e+00
5.011193584827077885e+00
5.013063597408426553e+00
5.014920893487825104e+00
5.016748800603045844e+00
5.018531359461440466e+00
5.020253165093555126e+00
5.021896986392629714e+00
5.023449479517831051e+00
5.024901162264240106e+00
5.026240101036917984e+00
5.027457339418422322e+00
5.028545476970564643e+00
5.029493849677336037e+00
5.030294953984510542e+00
5.030945666385185255e+00
5.031442204703877152e+00
5.031781327379237112e+00
5.031964784869292551e+00
5.031983979672027374e+00
5.031839605282826255e+00
5.031532338663769366e+00
5.031063034601343631e+00
5.030432095818056837e+00
5.029645594350829363e+00
5.028707070492044018e+00
5.027625445939436055e+00
5.026407184518711269e+00
5.025061262465851719e+00
5.023596125013964908e+00
5.022020179398197115e+00
5.020342166937727058e+00
5.018573882944721731e+00
5.016722807057041322e+00
5.014796234734197000e+00
5.012808609671731475e+00
5.010766722775836790e+00
5.008682556964298094e+00
5.006566855378289382e+00
5.004433915383953213e+00
5.002294426329272348e+00
5.000161955721515561e+00
4.998049189068216158e+00
4.995970876283783113e+00
4.993939187593598561e+00
4.991964874930521212e+00
4.990059140689512063e+00
4.988231050439019043e+00
4.986490474559206021e+00
4.984844114102263468e+00
4.983301470793624510e+00
4.981870412148376559e+00
4.980556905336518625e+00
4.979369399316448508e+00
4.978316827334303696e+00
4.977403126798409794e+00
4.976638748116632094e+00
4.976029848337014450e+00
4.975592237144550012e+00
4.975326476741424031e+00
4.975232093158951763e+00
4.975324700867600036e+00
4.975600630828952653e+00
4.976069792436277339e+00
4.976738597975884915e+00
4.977608351038609769e+00
4.978676846327100058e+00
4.979951508791956805e+00
4.981417463572535453e+00
4.983070552350794102e+00
4.984891066850934749e+00
4.986861154140744823e+00
4.988975019456660220e+00
4.991210580469881641e+00
4.993555863054311317e+00
4.995988197924410734e+00
4.998488820792949205e+00
5.001045860351836403e+00
5.003638524116789554e+00
5.006251057388102055e+00
5.008862619103705782e+00
5.011456429662024981e+00
5.014018912317074417e+00
5.016538089217461582e+00
5.019002961071051594e+00
5.021404241772211563e+00
5.023731992395437551e+00
5.025976914169109300e+00
5.028130990864552174e+00
5.030184704514063299e+00
5.032130863370216645e+00
5.033961096705711569e+00
5.035667494388139431e+00
5.037242696435964007e+00
5.038678915502345035e+00
5.039969932736670266e+00
5.041107190104042068e+00
5.042091781275186868e+00
5.042921647207650793e+00
5.043599004225644222e+00
5.044122074546130818e+00
5.044492694439203007e+00
5.044707723615528216e+00
5.044772130341105942e+00
5.044689479960895007e+00
5.044462522889323175e+00
5.044092035132296203e+00
5.043579952220269114e+00
5.042926502029247970e+00
5.042140682364649962e+00
5.041226055349058655e+00
5.040191086928195396e+00
5.039043115998453004e+00
5.037792097653096768e+00
5.036448399002497744e+00
5.035023255224174044e+00
5.033527101601308118e+00
5.031972956980412803e+00
5.030378288204614634e+00
5.028755767519418107e+00
5.027123401637021871e+00
5.025494604880755389e+00
5.023881897057239421e+00
5.022297634209339279e+00
5.020756403530780787e+00
5.019267236019317124e+00
5.017845009590332417e+00
5.016498185421173872e+00
5.015243190849965060e+00
5.014089019472544706e+00
5.013045886183922661e+00
5.012123759637421294e+00
5.011331320877022044e+00
5.010668975884861709e+00
5.010146780560559954e+00
5.009775244953877937e+00
5.009557549158878409e+00
5.009495698424823118e+00
5.009602215668953917e+00
5.009868156618274782e+00
5.010301044850446139e+00
5.010902513532735192e+00
5.011667443930007515e+00
5.012615437327720969e+00
5.013734388916589957e+00
5.015023203908302030e+00
5.016482947139837556e+00
5.018105939148762573e+00
5.019901556490758310e+00
5.021851886330940928e+00
5.023954915671446031e+00
5.026188637434341189e+00
5.028540494113066472e+00
5.030995230494834658e+00
5.033539438067769822e+00
5.036164103864527064e+00
5.038846517621373700e+00
5.041569365977143669e+00
5.044317005096768725e+00
5.047075186787937540e+00
5.049829763292168039e+00
5.052568353532645773e+00
5.055278573452326896e+00
5.057948364435527644e+00
5.060565775750969664e+00
5.063121840475892199e+00
5.065603411911820508e+00
5.068002604662273924e+00
5.070307086228226012e+00
5.072512146501634511e+00
5.074607591449114885e+00
5.076585782884452058e+00
5.078438176481816946e+00
5.080161084203813182e+00
5.081740965514275565e+00
5.083175965069623992e+00
5.084456810920331193e+00
5.085575976266358822e+00
5.086524732901548163e+00
5.087300861893986337e+00
5.087889943203721899e+00
5.088289223990236643e+00
5.088490898242985061e+00
5.088486788331888278e+00
5.088279145772926171e+00
5.087868103611640436e+00
5.087251985672287091e+00
5.086440784561805373e+00
5.085433794039659894e+00
5.084233280497961083e+00
5.082858351993730928e+00
5.081313398260047798e+00
5.079615094143322906e+00
5.077770414877109673e+00
5.075789024013452000e+00
5.073683969903163948e+00
5.071467511284522445e+00
5.069151433783940064e+00
5.066753373521735604e+00
5.064286151307989314e+00
5.061765563863684037e+00
5.059205707389284434e+00
5.056617579537798335e+00
5.054019676524568183e+00
5.051427301246095070e+00
5.048859141546655493e+00
5.046330590325761811e+00
5.043862645554709978e+00
5.041471920091082026e+00
5.039176098185945918e+00
5.036987386125494126e+00
5.034922253716159979e+00
5.032988629716803608e+00
5.031205656904150558e+00
5.029579237628150956e+00
5.028111308890749420e+00
5.026819298046995677e+00
5.025695254731346928e+00
5.024751475009491486e+00
5.023993638906051551e+00
5.023423272895981562e+00
5.023039705197681393e+00
5.022858674827386238e+00
5.022876253666710866e+00
5.023094762431812299e+00
5.023531558158230936e+00
5.024182691069674078e+00
5.025054052042198016e+00
5.026148296686244521e+00
5.027458243461681242e+00
5.028987974318099852e+00
5.030723323466611774e+00
5.032652534785104770e+00
5.034765503945185294e+00
5.037052494975163164e+00
5.039497414024904032e+00
5.042100090476108853e+00
5.044829840155674816e+00
5.047670097144676404e+00
5.050600979419781922e+00
5.053603092225624316e+00
5.056662985178066450e+00
5.059762540849281898e+00
5.062884022983147325e+00
5.066014935167862276e+00
5.069143286737037180e+00
5.072260331305098013e+00
5.075349442454409221e+00
5.078394230397772269e+00
5.081385977955888755e+00
5.084312438460421468e+00
5.087167084308695131e+00
5.089939588697980355e+00
5.092623550387452624e+00
5.095211272629331489e+00
5.097698143365214207e+00
5.100073870363066142e+00
5.102338327708075383e+00
5.104482196810075756e+00
5.106502110006639228e+00
5.108392314555475267e+00
5.110152902247736328e+00
5.111772948446104969e+00
5.113250941874811772e+00
5.114590109231302861e+00
5.115786969008277119e+00
5.116828893216679219e+00
5.117729095163175757e+00
5.118472893627711073e+00
5.119057675021119636e+00
5.119485319385654876e+00
5.119751819985337349e+00
5.119854914926342815e+00
5.119784730163753572e+00
5.119549303495675829e+00
5.119148027741700524e+00
5.118589092337876956e+00
5.117870740213781744e+00
5.116989926987677961e+00
5.115967100554496660e+00
5.114798426696450129e+00
5.113493143388421203e+00
5.112059647509247462e+00
5.110507480272443281e+00
5.108839785375982601e+00
5.107071184435278077e+00
5.105208391615540187e+00
5.103264411011130264e+00
5.101246267625481501e+00
5.099163657942206385e+00
5.097028020092636780e+00
5.094850463637501825e+00
5.092645949789674553e+00
5.090424579152258211e+00
5.088199322888048215e+00
5.085980111130864678e+00
5.083777884909302713e+00
5.081601564356478029e+00
5.079463613697678959e+00
5.077373607823044921e+00
5.075336148360164223e+00
5.073361138024718997e+00
5.071449909427554914e+00
5.069610359886082662e+00
5.067850416371020295e+00
5.066175039478929776e+00
5.064588567682894116e+00
5.063104030558260860e+00
5.061724973836335018e+00
5.060460205444487158e+00
5.059317829677255851e+00
5.058304936581643929e+00
5.057424248525294708e+00
5.056687539511713680e+00
5.056103186787459514e+00
5.055668713556024763e+00
5.055397833933475304e+00
5.055295654110032011e+00
5.055359593018311060e+00
5.055611673373150872e+00
5.056059481616484774e+00
5.056695357601510565e+00
5.057535784359441955e+00
5.058565563301907098e+00
5.059781855534183137e+00
5.061195962916480440e+00
5.062782812754976547e+00
5.064539025317298382e+00
5.066438056419954705e+00
5.068474231253730089e+00
5.070636064301597301e+00
5.072903134416208992e+00
5.075258483778107177e+00
5.077683233808147456e+00
5.080162368010151752e+00
5.082682151387799330e+00
5.085222790132630344e+00
5.087775787304509301e+00
5.090323655496705513e+00
5.092856420169937337e+00
5.095358729551898946e+00
5.097820065210926010e+00
5.100228161554205997e+00
5.102566181163658676e+00
5.104825540672412565e+00
5.106993827711214351e+00
5.109064199666848438e+00
5.111020894091001132e+00
5.112858572195640328e+00
5.114567243348231429e+00
5.116138194094768998e+00
5.117561082135312134e+00
5.118833711187713575e+00
5.119940139617197516e+00
5.120888758267635232e+00
5.121662589501017493e+00
5.122256294827336021e+00
5.122667815129632096e+00
5.122890870686048537e+00
5.122909099302148661e+00
5.122738556462234527e+00
5.122365989844209544e+00
5.121790863918967318e+00
5.121020131754582927e+00
5.120045427131359794e+00
5.118873454901281761e+00
5.117515425803962792e+00
5.115974990102354347e+00
5.114253459545674119e+00
5.112358657541575369e+00
5.110305865826907379e+00
5.108102899315658085e+00
5.105755769136251843e+00
5.103283058675827100e+00
5.100692001256049934e+00
5.097989867004455888e+00
5.095200485261979217e+00
5.092331889244618104e+00
5.089400916370452777e+00
5.086420186730922666e+00
5.083399953815044725e+00
5.080356015833915606e+00
5.077299495312275646e+00
5.074247479411663875e+00
5.071217328878940833e+00
5.068219310316147919e+00
5.065268155011238171e+00
5.062376158210337707e+00
5.059553387435971494e+00
5.056809896501599511e+00
5.054164353283939981e+00
5.051618092032967411e+00
5.049179589423237857e+00
5.046866610917149387e+00
5.044684582325516864e+00
5.042632149281798704e+00
5.040720766308604439e+00
5.038953918638524598e+00
5.037334260764416705e+00
5.035865336629447242e+00
5.034555965038832070e+00
5.033401897746022868e+00
5.032406655969913878e+00
5.031582199755010976e+00
5.030927493470607637e+00
5.030450208756028552e+00
5.030156914564668291e+00
5.030039843778014053e+00
5.030105362451522844e+00
5.030357229347228731e+00
5.030784343416690341e+00
5.031394622336028633e+00
5.032191233272548914e+00
5.033173682252761516e+00
5.034339188570974066e+00
5.035683331872222723e+00
5.037201216752528410e+00
5.038886632854937986e+00
5.040744891698358821e+00
5.042759946967360740e+00
5.044917866225239855e+00
5.047215242917533651e+00
5.049635912562605355e+00
5.052162740315196743e+00
5.054788026596304995e+00
5.057491660500760489e+00
5.060261688615080189e+00
5.063081074143644500e+00
5.065930124605890761e+00
5.068798937286135065e+00
5.071669780696627328e+00
5.074525581682916453e+00
5.077348826910253798e+00
5.080123075629468410e+00
5.082830103720421988e+00
5.085453338111634025e+00
5.087976995493169063e+00
5.090382340784068482e+00
5.092658735151285754e+00
5.094786480749839974e+00
5.096754558171027405e+00
5.098548897738449881e+00
5.100159083838454954e+00
5.101572165722839003e+00
5.102788916240326600e+00
5.103798631514302464e+00
5.104597037221185296e+00
5.105183116505735086e+00
5.105553089278632051e+00
5.105696496331014522e+00
5.105616076701201322e+00
5.105307526924529604e+00
5.104775353633679735e+00
5.104018035047568347e+00
5.103040297889031685e+00
5.101850478538192846e+00
5.100452510156549657e+00
5.098859491088307827e+00
5.097073388584771436e+00
5.095095992424407250e+00
5.092951017358222643e+00
5.090641366281428937e+00
5.088186900802769586e+00
5.085590229221502057e+00
5.082863957174936331e+00
5.080019711145082439e+00
5.077070470937411706e+00
5.074026251026313439e+00
5.070896150954884440e+00
5.067697935589476010e+00
5.064443631657287170e+00
5.061150345691366681e+00
5.057832267769498458e+00
5.054501094409151740e+00
5.051171456166430040e+00
5.047853530534430533e+00
5.044559085556192812e+00
5.041299611815136750e+00
5.038086604663055468e+00
5.034927626439253956e+00
5.031837860830943754e+00
5.028824297972838586e+00
5.025896642991225072e+00
5.023068171926657222e+00
5.020348222740808275e+00
5.017741012760319919e+00
5.015267253705182782e+00
5.012930084206979053e+00
5.010746225603740278e+00
5.008709393926779718e+00
5.006833381094852875e+00
5.005123592206159877e+00
5.003583575674214856e+00
5.002214843221822527e+00
5.001033456214586614e+00
5.000030345582286984e+00
4.999218901657382474e+00
4.998602307663182032e+00
4.998180068694868972e+00
4.997977823988417612e+00
4.997987903956905065e+00
4.998224947158828257e+00
4.998695732135907122e+00
4.999401505221261033e+00
5.000333988521828310e+00
5.001498167519105920e+00
5.002881681029334615e+00
5.004480895553365727e+00
5.006297069941296307e+00
5.008310646419062984e+00
5.010506580923332898e+00
5.012880594883695196e+00
5.015410030339494618e+00
5.018074100170865748e+00
5.020865772519841563e+00
5.023761057112946737e+00
5.026744730923906168e+00
5.029793231044545898e+00
5.032884173546569251e+00
5.036004016850726295e+00
5.039136927579181524e+00
5.042270659063595062e+00
5.045393239711064126e+00
5.048493541930455741e+00
5.051559873972673032e+00
5.054581621442574502e+00
5.057547533665436745e+00
5.060447960053224392e+00
5.063272223029869679e+00
5.066009554122227421e+00
5.068652172241943532e+00
5.071188368950623193e+00
5.073609706167714783e+00
5.075907905851142488e+00
5.078073296551244731e+00
5.080095776472823843e+00
5.081971484874025613e+00
5.083687437479034621e+00
5.085238981698291028e+00
5.086618970189825895e+00
5.087819566805497296e+00
5.088832358722225280e+00
5.089656427879466705e+00
5.090278273676171139e+00
5.090696768206194101e+00
5.090904617183490188e+00
5.090890861447781468e+00
5.090665115244567218e+00
5.090221480518460240e+00
5.089561972930908951e+00
5.088686673581481301e+00
5.087593058213473185e+00
5.086289800420285445e+00
5.084783416703226422e+00
5.083077270701411798e+00
5.081189025208239229e+00
5.079120419785266627e+00
5.076886968627458252e+00
5.074493295565132733e+00
5.071948255017285412e+00
5.069264082625394074e+00
5.066452661469464935e+00
5.063528983011727824e+00
5.060509642675405040e+00
5.057407200947290349e+00
5.054238242521768676e+00
5.051020554914956939e+00
5.047771901205068801e+00
5.044513155534749771e+00
5.041260674610620107e+00
5.038033104553704788e+00
5.034849837735182021e+00
5.031727347984796594e+00
5.028680273011213231e+00
5.025725371852404422e+00
5.022873045518881696e+00
5.020134446635728942e+00
5.017522789552693929e+00
5.015047941818719046e+00
5.012711439743523734e+00
5.010528518572336054e+00
5.008497470781093419e+00
5.006620796039586985e+00
5.004900790169721780e+00
5.003342270567899597e+00
5.001940763309485227e+00
5.000705150231606666e+00
4.999633707567937790e+00
4.998727711155899200e+00
4.997988605812080820e+00
4.997422326482721999e+00
4.997028686828800303e+00
4.996804602458961853e+00
4.996755689057410521e+00
4.996894973675608753e+00
4.997217637422383341e+00
4.997726100060045695e+00
4.998413836332857407e+00
4.999273899617493022e+00
5.000298778909145980e+00
5.001493310007155024e+00
5.002842497649490738e+00
5.004336434873639661e+00
5.005964408191738713e+00
5.007714973064958386e+00
5.009572069319784049e+00
5.011524789008199754e+00
5.013550544205010340e+00
5.015638641836941858e+00
5.017772240313589371e+00
5.019939958128035506e+00
5.022126862826645777e+00
5.024318358871044055e+00
5.026494642319978112e+00
5.028637057962716206e+00
5.030725029679834925e+00
5.032739246609508221e+00
5.034661677750644770e+00
5.036472603949604832e+00
5.038159280541239404e+00
5.039705683561860106e+00
5.041109026792345738e+00
5.042356167632041419e+00
5.043440451892910126e+00
5.044354659440813293e+00
5.045102065252956791e+00
5.045669302726980554e+00
5.046051257858868766e+00
5.046246731868829549e+00
5.046250131406357475e+00
5.046054046150764805e+00
5.045652225275059521e+00
5.045049832087475927e+00
5.044244805943686849e+00
5.043243806358892911e+00
5.042044936489778806e+00
5.040648031454997735e+00
5.039069939773995088e+00
5.037311785292345689e+00
5.035383537482936767e+00
5.033300439190586673e+00
5.031074617874345734e+00
5.028716465156993110e+00
5.026237590682229417e+00
5.023645528328142262e+00
5.020959162187299540e+00
5.018187658261975770e+00
5.015343738567551668e+00
5.012444499802311881e+00
5.009502096247395286e+00
5.006534926366529525e+00
5.003553350341044315e+00
5.000571079921447115e+00
4.997601119649135448e+00
4.994654704701623871e+00
4.991745273244104553e+00
4.988882315826138836e+00
4.986079420518596983e+00
4.983348941278180178e+00
4.980696211826523445e+00
4.978132471811494320e+00
4.975665028017482783e+00
4.973306045156440369e+00
4.971067388128957099e+00
4.968954586904963833e+00
4.966981307041367977e+00
4.965146753114185962e+00
4.963460807573518707e+00
4.961928473037205300e+00
4.960553968023977411e+00
4.959339024048766476e+00
4.958293893855533874e+00
4.957429803010543701e+00
4.956748944219668829e+00
4.956248293813784400e+00
4.955922665555497098e+00
4.955779158758466529e+00
4.955827206588816480e+00
4.956067054617684597e+00
4.956498558122198972e+00
4.957117596912662627e+00
4.957928382727781802e+00
4.958938727277796943e+00
4.960142074051779204e+00
4.961531473818699745e+00
4.963107654425781057e+00
4.964856958660762487e+00
4.966768931421916555e+00
4.968826563629786364e+00
4.971009102437178306e+00
4.973308070573487782e+00
4.975702018711247732e+00
4.978176631304898514e+00
4.980711790892758728e+00
4.983297028515020877e+00
4.985916453275361704e+00
4.988557955596128579e+00
4.991206652197520022e+00
4.993844533238092964e+00
4.996458341154735194e+00
4.999034450921695516e+00
5.001559581432025503e+00
5.004019508931319749e+00
5.006407301399390164e+00
5.008715982708612735e+00
5.010941410932223228e+00
5.013073953959624518e+00
5.015105331960597823e+00
5.017024255964438240e+00
5.018824147704521010e+00
5.020490276488938086e+00
5.022016060772815038e+00
5.023392710510173664e+00
5.024618311944882620e+00
5.025686840015927359e+00
5.026600911665241256e+00
5.027351276326458063e+00
5.027942256044130254e+00
5.028368149894754779e+00
5.028629638880024011e+00
5.028721990577409429e+00
5.028643271617123212e+00
5.028396872069217594e+00
5.027988760668315571e+00
5.027420471433082128e+00
5.026701317701022020e+00
5.025840019631664823e+00
5.024844946387689859e+00
5.023724366250912787e+00
5.022484472665470712e+00
5.021138957861346341e+00
5.019695420238656780e+00
5.018165139380379003e+00
5.016560676220340298e+00
5.014893840226812394e+00
5.013175078156873354e+00
5.011417946043893679e+00
5.009633471939251237e+00
5.007835504386111580e+00
5.006035237434789842e+00
5.004245118025229644e+00
5.002476700964854750e+00
5.000738543245478951e+00
4.999038076225204463e+00
4.997380803349893874e+00
4.995777955624740585e+00
4.994237337532918986e+00
4.992772492888849278e+00
4.991390380087773693e+00
4.990103890720288149e+00
4.988922170746604934e+00
4.987860728550235656e+00
4.986926019165198731e+00
4.986133848178666561e+00
4.985482021245640105e+00
4.984984016093892301e+00
4.984650622244460649e+00
4.984488052214962828e+00
4.984500309785596883e+00
4.984698518270394452e+00
4.985090471075616314e+00
4.985677151473008273e+00
4.986466205583655054e+00
4.987452419789278224e+00
4.988635023029290849e+00
4.990016677917683552e+00
4.991586663217987052e+00
4.993331868441549304e+00
4.995255774946659066e+00
4.997338330687733254e+00
4.999572860689612597e+00
5.001946227790567079e+00
5.004433022679539711e+00
5.007022669257374048e+00
5.009699160696715836e+00
5.012444748820515272e+00
5.015239335538598020e+00
5.018058858157846025e+00
5.020889552773687647e+00
5.023713944794388375e+00
5.026519561053963692e+00
5.029292398335191372e+00
5.032020806016179293e+00
5.034692985357494877e+00
5.037296453954430930e+00
5.039823763610574048e+00
5.042262281717512451e+00
5.044602981747838832e+00
5.046835637779685690e+00
5.048958144875022036e+00
5.050957035960409236e+00
5.052830208332989237e+00
5.054570581109974370e+00
5.056172504367086873e+00
5.057626949788782689e+00
5.058934760780784856e+00
5.060082018764469503e+00
5.061071460338088635e+00
5.061889406757209109e+00
5.062529342712615232e+00
5.062999126555179252e+00
5.063293666632627144e+00
5.063416143541936698e+00
5.063357834771988308e+00
5.063116409734603529e+00
5.062692679942366603e+00
5.062088491686401071e+00
5.061302846290883117e+00
5.060348748632487847e+00
5.059227152981575770e+00
5.057947238453444072e+00
5.056523716070469021e+00
5.054959998198564897e+00
5.053267712958867897e+00
5.051457516022736627e+00
5.049541379728132995e+00
5.047530478753859740e+00
5.045437814959102596e+00
5.043277878829055538e+00
5.041063491769843807e+00
