0.000000000000000000e+00
0.000000000000000000e+00
-1.474031159887091088e-06
-7.729507196927444028e-06
-1.977893654839135937e-05
-3.498266116366722259e-05
-4.973106333636677942e-05
-2.737033661105667948e-05
4.512949235504516970e-06
9.544975342578256483e-05
2.803654338640627084e-04
5.800444747728761155e-04
9.951745461148674490e-04
1.615544531814521465e-03
2.393882397882408399e-03
3.382288415305084815e-03
4.593787465564673836e-03
6.087113295070594593e-03
7.838973377220099722e-03
9.853544358484213339e-03
1.220207658814615771e-02
1.499520269440836676e-02
1.817412403630442805e-02
2.172639397191233543e-02
2.573017058180995104e-02
3.007511017131037773e-02
3.484437939929194150e-02
4.015169021891779738e-02
4.581380901145166301e-02
5.195682225035853224e-02
5.853749272631830758e-02
6.557541248606865714e-02
7.312827048110191741e-02
8.110824820803826107e-02
8.950672981547540263e-02
9.827590880202477508e-02
1.074234926443023014e-01
1.169609153013152214e-01
1.269135904054564390e-01
1.372521483640593565e-01
1.481321084241789821e-01
1.593184447030943640e-01
1.709754705171507572e-01
1.829514479379576453e-01
1.953382527570647065e-01
2.080927288274687648e-01
2.211636388044280199e-01
2.345806669931334576e-01
2.483810722570341523e-01
2.625110602121275005e-01
2.769590103368681500e-01
2.917790996770781020e-01
3.068398093919676439e-01
3.222149514894409039e-01
3.378373098115844408e-01
3.537383007745665831e-01
3.699397480230254276e-01
3.863646852712554480e-01
4.030472099523466634e-01
4.199679088334959953e-01
4.371304285268705070e-01
4.546549975614468386e-01
4.723790633420865692e-01
4.904233300428312847e-01
5.086675929765622772e-01
5.272026216726226622e-01
5.459263300638123040e-01
5.649530255536956425e-01
5.842231273393553304e-01
6.037261545400540719e-01
6.234756755571284614e-01
6.434403454999841898e-01
6.636470091085352463e-01
6.841019928197779043e-01
7.047200548391262531e-01
7.255229484777369064e-01
7.464450728635706467e-01
7.675233447294154132e-01
7.887435519437708820e-01
8.100493013601220982e-01
8.314491069059289918e-01
8.529504692296900892e-01
8.744910943250575608e-01
8.960738002996362361e-01
9.176638495664515283e-01
9.392470681409754718e-01
9.608079659681237894e-01
9.823414766530907949e-01
1.003836165640822786e+00
1.025282951567641376e+00
1.046659678194991505e+00
1.067952858183852660e+00
1.089195972655288225e+00
1.110339072916976644e+00
1.131378034327499504e+00
1.152332416747085642e+00
1.173168464873306283e+00
1.193936890337936152e+00
1.214593499873153348e+00
1.235169473860732836e+00
1.255611556742660451e+00
1.275926002238265911e+00
1.296115835879317890e+00
1.316181279395095549e+00
1.336049783204070751e+00
1.355763105128280133e+00
1.375332242224685197e+00
1.394765547488204582e+00
1.414064253542892002e+00
1.433171713326446328e+00
1.452154738877288853e+00
1.470950034831039588e+00
1.489582518313400383e+00
1.508072570536606261e+00
1.526401536438934947e+00
1.544563972924225759e+00
1.562517485592835209e+00
1.580328508589738057e+00
1.598024820063584706e+00
1.615573366854661463e+00
1.632967531655305393e+00
1.650186399195664899e+00
1.667189153407090840e+00
1.684056783888810749e+00
1.700701729033464504e+00
1.717149760697358696e+00
1.733417676661485052e+00
1.749483598444932175e+00
1.765303953860276609e+00
1.780962730620377910e+00
1.796403298352235112e+00
1.811693948481553296e+00
1.826739219401353198e+00
1.841546395991318752e+00
1.856213836644166060e+00
1.870691001389496622e+00
1.884984418128006878e+00
1.899072126124375481e+00
1.912952717516892553e+00
1.926602687809937819e+00
1.940009080145829401e+00
1.953118910763734117e+00
1.966007763121598639e+00
1.978716429446214065e+00
1.991229834530824139e+00
2.003654801819795050e+00
2.015934394572251875e+00
2.028109483693116388e+00
2.040161237690919727e+00
2.052172297213548990e+00
2.064112294886583321e+00
2.076021523449891770e+00
2.087843209479325779e+00
2.099584940646165077e+00
2.111194238636963760e+00
2.122685868714325963e+00
2.134013639662735606e+00
2.145206516955368681e+00
2.156219409678453047e+00
2.167130671713823009e+00
2.177982572291368157e+00
2.188814303849214493e+00
2.199635034773821385e+00
2.210420172188753973e+00
2.221220782969469454e+00
2.232148430321688082e+00
2.243198890660280664e+00
2.254346388552660230e+00
2.265745253537172932e+00
2.277375189040178771e+00
2.289348980162615010e+00
2.301778213952059282e+00
2.314556039546006971e+00
2.327780892823213321e+00
2.341359653447145917e+00
2.355389474604601574e+00
2.369956830714220697e+00
2.384926240418429266e+00
2.400401835415835627e+00
2.416433684800143311e+00
2.432904636834140710e+00
2.449901843045230621e+00
2.467492154810901894e+00
2.485523449156757714e+00
2.504084849331852158e+00
2.523067041609760697e+00
2.542379906151768232e+00
2.562123086426731255e+00
2.582246797059056131e+00
2.602651331398960544e+00
2.623431947205540293e+00
2.644475729439732081e+00
2.665688858006474149e+00
2.687175984356876768e+00
2.708873157475468307e+00
2.730875763867375294e+00
2.753122463200566195e+00
2.775508246396062084e+00
2.798022665951726218e+00
2.820610232327458888e+00
2.843272180531499327e+00
2.865973191235539730e+00
2.888725657437321459e+00
2.911512775395390218e+00
2.934288103554722582e+00
2.957057068322178406e+00
2.979803504918095314e+00
3.002555263016697840e+00
3.025289840672489738e+00
3.048031325314518813e+00
3.070745851967808360e+00
3.093414633248326329e+00
3.116017525170323044e+00
3.138539910290714996e+00
3.161031501267430155e+00
3.183465902779576417e+00
3.205879232857701489e+00
3.228242459271428277e+00
3.250584521267888327e+00
3.272855560753819670e+00
3.295093610260960482e+00
3.317297885392185730e+00
3.339345383618351981e+00
3.361345398400303441e+00
3.383189830754277150e+00
3.404981777642247298e+00
3.426620638344761716e+00
3.448204247925755084e+00
3.469628107522007898e+00
3.490981173489567713e+00
3.512145459626194732e+00
3.533091454480167926e+00
3.553819336865422063e+00
3.574375202630039272e+00
3.594831037495609394e+00
3.615168211434360845e+00
3.635314900849338837e+00
3.655274718974109938e+00
3.675130821440693030e+00
3.694862587426182010e+00
3.714506593916889532e+00
3.733916189644809869e+00
3.753126642678257241e+00
3.772234810564991214e+00
3.791235157225605334e+00
3.810163135502811826e+00
3.828886164401051229e+00
3.847407201502797136e+00
3.865810807917592573e+00
3.884076817009924021e+00
3.902238289092062384e+00
3.920166853640554727e+00
3.937917991850851340e+00
3.955510917876241983e+00
3.972930159543035522e+00
3.990202608082769498e+00
4.007321850035665989e+00
4.024313011143682672e+00
4.041134977314946752e+00
4.057797659609792440e+00
4.074362742875096366e+00
4.090790690157887433e+00
4.107123658631321561e+00
4.123331929419514985e+00
4.139435414050099737e+00
4.155393935416219264e+00
4.171237831089971593e+00
4.186992940876958613e+00
4.202650600646016699e+00
4.218258891079901041e+00
4.233817154143331152e+00
4.249318554375646428e+00
4.264793896649358373e+00
4.280251569722173244e+00
4.295669969294546142e+00
4.311063806984900104e+00
4.326480543587683414e+00
4.341862779829978258e+00
4.357250364993094927e+00
4.372651084635735153e+00
4.387932593796731062e+00
4.403140463803292270e+00
4.418243977997781791e+00
4.433230916235925356e+00
4.448081608984948865e+00
4.462842568133356558e+00
4.477496619198801042e+00
4.492062474463464739e+00
4.506573909495355856e+00
4.521000419829370287e+00
4.535352708075524930e+00
4.549635589097024813e+00
4.563826421473504702e+00
4.577889703486444084e+00
4.591850670550348568e+00
4.605608246300699093e+00
4.619171344016075764e+00
4.632540175889015899e+00
4.645674990389824899e+00
4.658544825289728131e+00
4.671208411429407015e+00
4.683576110575677021e+00
4.695680736277581424e+00
4.707530629609108175e+00
4.719101926062584162e+00
4.730398650143623485e+00
4.741412168715477549e+00
4.752093812201501066e+00
4.762447925780297631e+00
4.772530670140268327e+00
4.782295210335733238e+00
4.791787328098298993e+00
4.800986894939424765e+00
4.809919416282656179e+00
4.818573909376147490e+00
4.826946139309885808e+00
4.835101163957598480e+00
4.843022697542193278e+00
4.850753533218386870e+00
4.858291247461322016e+00
4.865644780967715910e+00
4.872860120509151294e+00
4.879942967269901288e+00
4.886900372479442645e+00
4.893763829443934732e+00
4.900537161205294368e+00
4.907238371942522548e+00
4.913880730841639455e+00
4.920455888484003282e+00
4.926982743714334312e+00
4.933476108286858342e+00
4.939946308110238604e+00
4.946396399114610709e+00
4.952822681043627107e+00
4.959232605669978255e+00
4.965627374027254959e+00
4.972016853068354614e+00
4.978403638575557899e+00
4.984783477757457781e+00
4.991156520221713855e+00
4.997526820872310260e+00
5.003917639825823827e+00
5.010310524080279215e+00
5.016729143832208138e+00
5.023178402755738681e+00
5.029650542114259437e+00
5.036150696251871395e+00
5.042694455955508026e+00
5.049276625488283265e+00
5.055914049718858827e+00
5.062587068651202671e+00
5.069284406874658977e+00
5.076016630504610383e+00
5.082778969977381323e+00
5.089583651993754287e+00
5.096414664361955893e+00
5.103299397204401622e+00
5.110234304044726450e+00
5.117211202953341420e+00
5.124231101248743592e+00
5.131291330430987507e+00
5.138413755271915129e+00
5.145588148806575113e+00
5.152806903694155949e+00
5.160089812253002783e+00
5.167427764509207044e+00
5.174835835669522766e+00
5.182301456902508541e+00
5.189808606479648923e+00
5.197371991250995471e+00
5.204979849431993877e+00
5.212644105527878935e+00
5.220342021558763257e+00
5.228063995812417986e+00
5.235793371770861349e+00
5.243525055025102688e+00
5.251260802720072007e+00
5.258986522529604635e+00
5.266719980214121577e+00
5.274442790124895808e+00
5.282153212402346476e+00
5.289840397212985046e+00
5.297505465124133117e+00
5.305099813316347834e+00
5.312629322383883412e+00
5.320068418953897371e+00
5.327409599993708333e+00
5.334663509700777517e+00
5.341818045948031113e+00
5.348853538010599706e+00
5.355784864399911527e+00
5.362569170568467491e+00
5.369233252380371191e+00
5.375741770241737605e+00
5.382126014802933511e+00
5.388354999993324235e+00
5.394405574772836331e+00
5.400292292807581163e+00
5.405997084949495601e+00
5.411566688988688867e+00
5.416981382344250306e+00
5.422254172537807726e+00
5.427378844593052420e+00
5.432373614285473273e+00
5.437233402703290253e+00
5.441954463396553976e+00
5.446530067298894551e+00
5.450960869465355962e+00
5.455275924478058869e+00
5.459471195016388556e+00
5.463544704292301546e+00
5.467489782546047117e+00
5.471310469482425276e+00
5.475033825908186991e+00
5.478658912752154109e+00
5.482176055286409166e+00
5.485599940393449003e+00
5.488934451017857263e+00
5.492197590146542296e+00
5.495380379531860093e+00
5.498510138664721936e+00
5.501582109306333734e+00
5.504588993165967281e+00
5.507538546894070741e+00
5.510424603496071327e+00
5.513265747104164838e+00
5.516062374089238496e+00
5.518813308749673574e+00
5.521523982260702290e+00
5.524192865167138144e+00
5.526815723751064446e+00
5.529400908921237701e+00
5.531937052581782588e+00
5.534429616157288123e+00
5.536893190417759847e+00
5.539327426228993545e+00
5.541738613818163017e+00
5.544117566768402838e+00
5.546469882700914233e+00
5.548809618030066559e+00
5.551139155451532581e+00
5.553464848373410589e+00
5.555779166791912083e+00
5.558090464298006239e+00
5.560408063356159225e+00
5.562727755580423761e+00
5.565062884811638355e+00
5.567424426649091984e+00
5.569803892646310928e+00
5.572217922780988708e+00
5.574654559169290202e+00
5.577121991340397322e+00
5.579629470829247317e+00
5.582164564851997746e+00
5.584744002048252831e+00
5.587352628831148138e+00
5.590007038239717119e+00
5.592706402961492351e+00
5.595440019492387229e+00
5.598215507988212991e+00
5.601010540847060959e+00
5.603834766868826200e+00
5.606682202641245283e+00
5.609541385595079532e+00
5.612419286493536497e+00
5.615304190639729853e+00
5.618200279001468900e+00
5.621098258618588694e+00
5.623989007000202989e+00
5.626878909889931890e+00
5.629759749297376104e+00
5.632623063151116050e+00
5.635473941985840618e+00
5.638303829852814530e+00
5.641123962823625604e+00
5.643926725510832298e+00
5.646699944857831888e+00
5.649446191612955026e+00
5.652160505775685628e+00
5.654847223881955820e+00
5.657507723693128376e+00
5.660136323694463734e+00
5.662731270019289553e+00
5.665290850226162078e+00
5.667814389292479049e+00
5.670307050023557061e+00
5.672765017275096078e+00
5.675195386831045852e+00
5.677593771491529218e+00
5.679946349237442682e+00
5.682260123912572070e+00
5.684528853867529818e+00
5.686763198349951587e+00
5.688956814531562323e+00
5.691099641595361192e+00
5.693191869829175467e+00
5.695235867474552904e+00
5.697232453052277990e+00
5.699177875344032529e+00
5.701054667059654690e+00
5.702876597915167878e+00
5.704630100850339502e+00
5.706296533767457824e+00
5.707916710499997492e+00
5.709467689071173524e+00
5.710972601894612311e+00
5.712414638225312480e+00
5.713771195981974138e+00
5.715077565733666098e+00
5.716312716652029557e+00
5.717496917296521985e+00
5.718617073793286210e+00
5.719667597908848045e+00
5.720662889454835920e+00
5.721585044462555558e+00
5.722455831442348817e+00
5.723261641759745721e+00
5.724000978071563495e+00
5.724689264197223793e+00
5.725323947791331136e+00
5.725915540132993087e+00
5.726460931126350573e+00
5.726960220460171058e+00
5.727423060808654043e+00
5.727847209845061016e+00
5.728242292639190936e+00
5.728610290598447286e+00
5.728964762550169176e+00
5.729306897793285280e+00
5.729651679035596246e+00
5.730007374745182958e+00
5.730374802623264152e+00
5.730768191229872244e+00
5.731186169285648724e+00
5.731644824978286756e+00
5.732144531097585372e+00
5.732682379942708906e+00
5.733276297722333936e+00
5.733927901361458801e+00
5.734647172738188026e+00
5.735440389488213775e+00
5.736285592589848825e+00
5.737208819363587509e+00
5.738201756898634542e+00
5.739251161787979783e+00
5.740361351047033267e+00
5.741508780170552662e+00
5.742716507215373412e+00
5.743978162009589994e+00
5.745281595785492357e+00
5.746625399936313272e+00
5.748001352299327849e+00
5.749417463440772202e+00
5.750875515837545748e+00
5.752351414013977760e+00
5.753840415228482108e+00
5.755330768276328612e+00
5.756823432047243116e+00
5.758307929832810146e+00
5.759772556770915486e+00
5.761213892449016605e+00
5.762625266660328371e+00
5.764012236643906384e+00
5.765362801004524584e+00
5.766674285579796333e+00
5.767949455280179549e+00
5.769178290564887845e+00
5.770354756314628908e+00
5.771478069845908720e+00
5.772543501679176181e+00
5.773553104002351333e+00
5.774493684370392899e+00
5.775359955031747816e+00
5.776154864553685542e+00
5.776883002046819371e+00
5.777547033999439030e+00
5.778150878746385999e+00
5.778680839699084970e+00
5.779128071416491430e+00
5.779499806624228242e+00
5.779797982175225890e+00
5.780029319852913794e+00
5.780195028718885020e+00
5.780279418502327182e+00
5.780279361551856177e+00
5.780199319089060594e+00
5.780041327608977042e+00
5.779801209794585226e+00
5.779497721793358522e+00
5.779126551451389204e+00
5.778675469273928833e+00
5.778156191447977541e+00
5.777571447642747771e+00
5.776935447754564912e+00
5.776251351909937881e+00
5.775522267224492801e+00
5.774746879713834602e+00
5.773933797182738914e+00
5.773080004828276657e+00
5.772195530908408756e+00
5.771288812237086674e+00
5.770358788224162261e+00
5.769406150134504863e+00
5.768426379041970975e+00
5.767426614614427294e+00
5.766408970209061735e+00
5.765373331906496368e+00
5.764318020047841884e+00
5.763236771675050107e+00
5.762139158698021291e+00
5.761025828795729886e+00
5.759903320448695574e+00
5.758771045284566625e+00
5.757629200669226677e+00
5.756489259900746447e+00
5.755346256794627635e+00
5.754213263469035944e+00
5.753086622508461367e+00
5.751975232215817080e+00
5.750897474514538921e+00
5.749839923085864335e+00
5.748819645719822624e+00
5.747829564662869650e+00
5.746877648012932660e+00
5.745984469579752840e+00
5.745129061939414861e+00
5.744338968547281432e+00
5.743595693038997752e+00
5.742925737576779710e+00
5.742332282813486621e+00
5.741800358446536023e+00
5.741346821004745138e+00
5.740953738467988288e+00
5.740620641561444693e+00
5.740355302302386775e+00
5.740159440582838002e+00
5.740013200707952734e+00
5.739926284851726734e+00
5.739889845524203338e+00
5.739902036257307216e+00
5.739958334907176329e+00
5.740042873702230430e+00
5.740164854868533340e+00
5.740315709269822264e+00
5.740490624818236576e+00
5.740685249014974012e+00
5.740894197567583568e+00
5.741116649515213055e+00
5.741339407253295946e+00
5.741559850896925887e+00
5.741776217843622909e+00
5.741984543546320374e+00
5.742184647104919826e+00
5.742369586291939498e+00
5.742530978440523626e+00
5.742663488338918043e+00
5.742758650283545485e+00
5.742812947437383464e+00
5.742824838673447729e+00
5.742787264419936477e+00
5.742708863208288328e+00
5.742586728839421006e+00
5.742418438831561112e+00
5.742207504829607956e+00
5.741945903172932297e+00
5.741645860599570383e+00
5.741305166224233147e+00
5.740921995939903155e+00
5.740501713084275259e+00
5.740050322564536955e+00
5.739570332991178248e+00
5.739053538741762495e+00
5.738498007582720106e+00
5.737905128600296223e+00
5.737281823979911266e+00
5.736624737682042507e+00
5.735949869605002860e+00
5.735248894768056438e+00
5.734524238037165489e+00
5.733779224531945218e+00
5.733012250142392574e+00
5.732231706159408802e+00
5.731426819788511651e+00
5.730603100585038412e+00
5.729753352331217187e+00
5.728876421528156015e+00
5.727978821249896768e+00
5.727052844690377675e+00
5.726104444267447136e+00
5.725130668880636264e+00
5.724137058036620651e+00
5.723127063440378137e+00
5.722094990762170319e+00
5.721046859922107153e+00
5.719984106870588114e+00
5.718914957272108524e+00
5.717844775097664645e+00
5.716779236870106473e+00
5.715715849625166101e+00
5.714656381981666478e+00
5.713609174119527623e+00
5.712577572988565500e+00
5.711572145523721389e+00
5.710580181854064463e+00
5.709618644790942277e+00
5.708681742252999847e+00
5.707783165501647105e+00
5.706932192521387393e+00
5.706108015405233047e+00
5.705331799539025361e+00
5.704597265275412887e+00
5.703919843362861286e+00
5.703305287288718439e+00
5.702741824912124002e+00
5.702237927990250199e+00
5.701804537030152886e+00
5.701436432639352958e+00
5.701146768724762559e+00
5.700913243836009059e+00
5.700731483495080631e+00
5.700605078965644168e+00
5.700529281391982117e+00
5.700507397574592794e+00
5.700518459257191139e+00
5.700563118926702089e+00
5.700625981384408902e+00
5.700699588152099651e+00
5.700780031698275963e+00
5.700848846704217543e+00
5.700907656441892790e+00
5.700947743420008429e+00
5.700960111677167319e+00
5.700942609221427482e+00
5.700880594970410442e+00
5.700762750534092760e+00
5.700597480935728711e+00
5.700381857799118102e+00
5.700122674153869085e+00
5.699803802193825319e+00
5.699427014710131800e+00
5.699005809435371717e+00
5.698541108267132671e+00
5.698044100748126617e+00
5.697510742293421693e+00
5.696939034247521683e+00
5.696344439806168225e+00
5.695719463685278150e+00
5.695069157564764950e+00
5.694383853757505776e+00
5.693657584720973830e+00
5.692909361878160546e+00
5.692130111986521079e+00
5.691327177891255751e+00
5.690500312158584428e+00
5.689648794466376280e+00
5.688785867923618511e+00
5.687894265288234941e+00
5.686978756496430698e+00
5.686036138096571158e+00
5.685065178656699025e+00
5.684079960593702019e+00
5.683071915814401187e+00
5.682040223115802924e+00
5.680973058202984483e+00
5.679875906267884744e+00
5.678745330655697643e+00
5.677581810438756094e+00
5.676393825346354838e+00
5.675176210114482700e+00
5.673934642681603080e+00
5.672672246852640932e+00
5.671393380025152808e+00
5.670112270274882960e+00
5.668826815942054509e+00
5.667533164778476795e+00
5.666241367170338883e+00
5.664945170143370845e+00
5.663648950168615137e+00
5.662352228173738844e+00
5.661048877993350992e+00
5.659749405095106489e+00
5.658445136109119922e+00
5.657145904758698052e+00
5.655854202667004671e+00
5.654562566438443127e+00
5.653283382663254031e+00
5.652012467244390770e+00
5.650758238592867855e+00
5.649517019325618783e+00
5.648308985242371349e+00
5.647137237945322852e+00
5.645989078441385089e+00
5.644874007040385777e+00
5.643784930417065304e+00
5.642748367422942835e+00
5.641757727572445980e+00
5.640811761924749312e+00
5.639914971152072631e+00
5.639053108030681827e+00
5.638246242413048392e+00
5.637497248658662308e+00
5.636796302729970343e+00
5.636146922195083064e+00
5.635541966156784710e+00
5.634995199898007456e+00
5.634504524739210041e+00
5.634058926822368640e+00
5.633659995952372768e+00
5.633307642461483411e+00
5.632988540427511737e+00
5.632724459683275064e+00
5.632505093691622555e+00
5.632322694817309738e+00
5.632172498488550616e+00
5.632055032346150014e+00
5.631980764576917764e+00
5.631934730005204059e+00
5.631908893598929211e+00
5.631898181098267564e+00
5.631899823812609007e+00
5.631918617493547607e+00
5.631958013663142637e+00
5.632004895030594760e+00
5.632054117323903597e+00
5.632103797087518515e+00
5.632151485152614434e+00
5.632197514033948416e+00
5.632238578542207996e+00
5.632278469164926804e+00
5.632311925196160196e+00
5.632333805574639918e+00
5.632337051076361512e+00
5.632323735710710544e+00
5.632296849180024267e+00
5.632252615669752771e+00
5.632189912565993772e+00
5.632107001368897414e+00
5.632015557478191603e+00
5.631912042371008731e+00
5.631801146048132090e+00
5.631686854905459505e+00
5.631549659644262462e+00
5.631400771562949714e+00
5.631224914410160487e+00
5.631034418282107268e+00
5.630819120158449209e+00
5.630591565196409576e+00
5.630352931314154041e+00
5.630084024493590356e+00
5.629805272755221246e+00
5.629506027412610081e+00
5.629204222851440953e+00
5.628890234746979360e+00
5.628566029177056507e+00
5.628237026364550921e+00
5.627897519798025883e+00
5.627562353231951420e+00
5.627229052216754290e+00
5.626904221617624380e+00
5.626597553242937089e+00
5.626297515065417087e+00
5.626025456649258238e+00
5.625778320406569222e+00
5.625544749156576430e+00
5.625330170591365864e+00
5.625129057236950558e+00
5.624968088057826776e+00
5.624840311327020892e+00
5.624735746339897702e+00
5.624655893680642116e+00
5.624597964149901763e+00
5.624579675799937561e+00
5.624609163612363183e+00
5.624662544056077351e+00
5.624756590555657354e+00
5.624897096808305186e+00
5.625087367072007183e+00
5.625324399228445849e+00
5.625611046738228538e+00
5.625959239340625473e+00
5.626370347141526729e+00
5.626846527344786075e+00
5.627383202611707880e+00
5.627992131262325337e+00
5.628664726465249402e+00
5.629427976831102853e+00
5.630260626151466496e+00
5.631175800337696380e+00
5.632172628044391338e+00
5.633239568396712471e+00
5.634391756578589039e+00
5.635607459171916744e+00
5.636896379067803942e+00
5.638244204594994535e+00
5.639662422015571330e+00
5.641148914321564511e+00
5.642680161520146065e+00
5.644261002763412804e+00
5.645873776450059722e+00
5.647524306549929207e+00
5.649205878748796650e+00
5.650903592034479672e+00
5.652623580320975449e+00
5.654353035166164609e+00
5.656098298355241916e+00
5.657850196584364610e+00
5.659603848531148174e+00
5.661360193862817525e+00
5.663106120749614725e+00
5.664843638017080352e+00
5.666562353297374344e+00
5.668259113653800085e+00
5.669935024901529452e+00
5.671584901585479344e+00
5.673201960697075386e+00
5.674780998005769739e+00
5.676315893604658491e+00
5.677809009029767928e+00
5.679256916268967004e+00
5.680643984302184535e+00
5.681974258645674070e+00
5.683246550037762468e+00
5.684468449278970326e+00
5.685638794898292048e+00
5.686738692074319701e+00
5.687785701080461997e+00
5.688778453915615430e+00
5.689727381690642183e+00
5.690632915570637884e+00
5.691490738316677067e+00
5.692305602132580411e+00
5.693069366066954018e+00
5.693789618685147325e+00
5.694464142172832588e+00
5.695100656151074858e+00
5.695677081383069051e+00
5.696210366971094174e+00
5.696704315132696372e+00
5.697153959497113895e+00
5.697566847092708109e+00
5.697926839179595859e+00
5.698248159437676819e+00
5.698538425284674247e+00
5.698792299795201188e+00
5.699015632904370854e+00
5.699209554008444201e+00
5.699377160835315870e+00
5.699526425161636212e+00
5.699655221709288178e+00
5.699763329112208510e+00
5.699855228456905287e+00
5.699939527315323495e+00
5.700020442073468807e+00
5.700108397145990935e+00
5.700199632858161891e+00
5.700307185798187071e+00
5.700432666036534535e+00
5.700570599454689358e+00
5.700726269436303006e+00
5.700904581723036380e+00
5.701111461044520823e+00
5.701338788875609964e+00
5.701591970724285474e+00
5.701861836341442391e+00
5.702162885003954962e+00
5.702496300646334504e+00
5.702859795213908178e+00
5.703264821813673002e+00
5.703696601548463363e+00
5.704179726214380075e+00
5.704719060071975711e+00
5.705306572401196874e+00
5.705959743344457991e+00
5.706655239620479492e+00
5.707414915495785834e+00
5.708239807495148810e+00
5.709118947171838876e+00
5.710059777730377206e+00
5.711064865299733562e+00
5.712113653057486751e+00
5.713227513366610388e+00
5.714387873941332074e+00
5.715608384170800527e+00
5.716873246886998494e+00
5.718177888551026378e+00
5.719524411567718403e+00
5.720914765605003893e+00
5.722337597021133426e+00
5.723784845330983195e+00
5.725254732975034955e+00
5.726755273797779822e+00
5.728294594296484910e+00
5.729851847895652384e+00
5.731447288253575856e+00
5.733063802280693011e+00
5.734699953803090722e+00
5.736350725301771369e+00
5.738005515494614350e+00
5.739672162541419098e+00
5.741347409495383580e+00
5.743031167992621810e+00
5.744716815212041361e+00
5.746405096956760161e+00
5.748090743431120586e+00
5.749771443614036137e+00
5.751445681312353564e+00
5.753116859653265358e+00
5.754782739290268623e+00
5.756433626272948523e+00
5.758072865017923370e+00
5.759701174208196939e+00
5.761324657061371646e+00
5.762941469409736506e+00
5.764547523119720296e+00
5.766145509490045562e+00
5.767729246326956272e+00
5.769302702852757925e+00
5.770861032464775775e+00
5.772400091746125561e+00
5.773922752448593876e+00
5.775429215141807404e+00
5.776915415385042607e+00
5.778379193403993419e+00
5.779817116567169677e+00
5.781201741107973469e+00
5.782541517027887323e+00
5.783838738956722736e+00
5.785097438254627633e+00
5.786317799919519445e+00
5.787487020873699706e+00
5.788608660483037127e+00
5.789681123801742935e+00
5.790702753522670498e+00
5.791677237683213519e+00
5.792595873185671707e+00
5.793466969588078719e+00
5.794297777199426847e+00
5.795083582111874243e+00
5.795820922115127338e+00
5.796516562485377833e+00
5.797167884865086052e+00
5.797787397288959532e+00
5.798373790242951742e+00
5.798934162863772279e+00
5.799472668403071296e+00
5.799981821150762329e+00
5.800471464702172675e+00
5.800940477260630779e+00
5.801397920706551581e+00
5.801850109556000668e+00
5.802298737400453987e+00
5.802749908239823284e+00
5.803192192883473766e+00
5.803630353071970838e+00
5.804069130652827369e+00
5.804512635478062066e+00
5.804960338817219956e+00
5.805404544630329511e+00
5.805856101745049180e+00
5.806312487096766617e+00
5.806773764797727111e+00
5.807235839226525087e+00
5.807690188483575433e+00
5.808146904790083553e+00
5.808606146172861528e+00
5.809067291104474506e+00
5.809522617244400777e+00
5.809965773568727343e+00
5.810396487833239476e+00
5.810814336323418594e+00
5.811217289985397549e+00
5.811600254708209512e+00
5.811957054929115962e+00
5.812283937157371128e+00
5.812586656351812486e+00
5.812867438447899993e+00
5.813126326919770825e+00
5.813362821703082162e+00
5.813582776029830868e+00
5.813794127152537072e+00
5.813992972494338218e+00
5.814188382950846723e+00
5.814375562769595440e+00
5.814567561884645741e+00
5.814764217333173058e+00
5.814958312762206205e+00
5.815160023541427137e+00
5.815367381078427655e+00
5.815587991801326240e+00
5.815824016248112294e+00
5.816075842091118275e+00
5.816348632433688159e+00
5.816634781630015461e+00
5.816949854166482581e+00
5.817293528960321147e+00
5.817664187782678908e+00
5.818063087434742542e+00
5.818489453614922979e+00
5.818951037273974336e+00
5.819442378477424960e+00
5.819959912047953488e+00
5.820504197747679243e+00
5.821074375928612099e+00
5.821679431022376505e+00
5.822312861279817398e+00
5.822973141939611352e+00
5.823658909321995480e+00
5.824374281884403537e+00
5.825120997549268154e+00
5.825891556785673941e+00
5.826692426995607299e+00
5.827519551412435383e+00
5.828378480122657912e+00
5.829262811363908448e+00
5.830181206510635761e+00
5.831129625932546467e+00
5.832102805272908697e+00
5.833098421589704152e+00
5.834114928067895001e+00
5.835154892550082906e+00
5.836221540467114721e+00
5.837302564577431241e+00
5.838404559985966635e+00
5.839524111793610750e+00
5.840662932069275115e+00
5.841820922539803895e+00
5.842999888853403156e+00
5.844201371939155010e+00
5.845416712210747434e+00
5.846645357803676113e+00
5.847889928714606889e+00
5.849151857988212022e+00
5.850433552609060506e+00
5.851737210349416074e+00
5.853056606845235876e+00
5.854393907980298906e+00
5.855748762534237706e+00
5.857125309155559734e+00
5.858523218379593445e+00
5.859945811824179174e+00
5.861401021824455881e+00
5.862876726881839140e+00
5.864370245532371406e+00
5.865882940487244568e+00
5.867414420292951682e+00
5.868969754026510444e+00
5.870537978158570702e+00
5.872118558780528907e+00
5.873715712175943793e+00
5.875327725903369824e+00
5.876957225398398599e+00
5.878593196169711987e+00
5.880232444153406846e+00
5.881880404697039211e+00
5.883534150616505976e+00
5.885196382449249697e+00
5.886859569446424523e+00
5.888524661259035398e+00
5.890188357428889354e+00
5.891848857448676924e+00
5.893497037486413959e+00
5.895123950884919140e+00
5.896735324160437663e+00
5.898315109060388473e+00
5.899868263350111164e+00
5.901377760664804129e+00
5.902844625608309137e+00
5.904278459445818861e+00
5.905675193415269142e+00
5.907039533750399585e+00
5.908347991750821926e+00
5.909607626692637616e+00
5.910821712137446227e+00
5.911991056920276044e+00
5.913120407657012301e+00
5.914189427317364967e+00
5.915211520091873787e+00
5.916191354588849372e+00
5.917136335716825180e+00
5.918048082859497683e+00
5.918917983667236982e+00
5.919750974745732641e+00
5.920545957283359861e+00
5.921308837802390812e+00
5.922039357395152415e+00
5.922728869066815172e+00
5.923383418441992454e+00
5.924012120411972226e+00
5.924612958067338120e+00
5.925180220314541835e+00
5.925701844365574011e+00
5.926183137865043804e+00
5.926633997009373545e+00
5.927052879677392028e+00
5.927442979411460477e+00
5.927790578835882229e+00
5.928099659727194215e+00
5.928365670618839900e+00
5.928588417181052783e+00
5.928767319237119970e+00
5.928902004965817873e+00
5.928988362233391207e+00
5.929030893453631990e+00
5.929043394236827247e+00
5.929023695625832424e+00
5.928971300242004361e+00
5.928881067657378878e+00
5.928759237104562096e+00
5.928616655595136287e+00
5.928454931970222219e+00
5.928279116019144368e+00
5.928085003323392499e+00
5.927889021686749693e+00
5.927689170069532665e+00
5.927499081953899740e+00
5.927327643833594450e+00
5.927162017929838989e+00
5.927014905601279970e+00
5.926875138660433251e+00
5.926756976848007064e+00
5.926668296265885871e+00
5.926603565183937938e+00
5.926564777351919666e+00
5.926555464998123135e+00
5.926581397800941176e+00
5.926657022767933825e+00
5.926788950887742047e+00
5.926965254628331792e+00
5.927199676175834320e+00
5.927477559176506539e+00
5.927827967209043258e+00
5.928238838714779746e+00
5.928707813983083774e+00
5.929243397069395627e+00
5.929827891764463565e+00
5.930488396314205879e+00
5.931210788143101098e+00
5.931990914446535257e+00
5.932826114473167323e+00
5.933716397536223042e+00
5.934667090502802722e+00
5.935675629777137807e+00
5.936725220185938845e+00
5.937803669971646769e+00
5.938906855163398113e+00
5.940041006011191449e+00
5.941207460266773488e+00
5.942394368601267018e+00
5.943600622442786197e+00
5.944821641695920533e+00
5.946053680283251985e+00
5.947296408218567088e+00
5.948537678224269598e+00
5.949781984118049927e+00
5.951021100235406536e+00
5.952253368971171632e+00
5.953468583178938900e+00
5.954660148722350499e+00
5.955828564566790995e+00
5.956971324709474658e+00
5.958088435557901796e+00
5.959161664498268784e+00
5.960198415247022652e+00
5.961201625493585787e+00
5.962176127908049850e+00
5.963122915727316453e+00
5.964037438062249841e+00
5.964924029064595068e+00
5.965780636993467390e+00
5.966611298871457691e+00
5.967415220690190480e+00
5.968187894624887413e+00
5.968934962702213909e+00
5.969663393599210721e+00
5.970369647694049320e+00
5.971046750945268045e+00
5.971686789048131772e+00
5.972302350205596078e+00
5.972885991548414708e+00
5.973443466452176054e+00
5.973984183994347497e+00
5.974495716643745347e+00
5.974984266002888234e+00
5.975444365878814779e+00
5.975883202170247266e+00
5.976309900311046697e+00
5.976723328073732411e+00
5.977123720971159848e+00
5.977506941137128216e+00
5.977871673991196566e+00
5.978222161782198896e+00
5.978556208078974699e+00
5.978874637288266847e+00
5.979175398991667834e+00
5.979458806970381346e+00
5.979728199978584513e+00
5.979987364587598719e+00
5.980238635623120302e+00
5.980486615439168929e+00
5.980738752176276485e+00
5.981001236503234786e+00
5.981269916677138809e+00
5.981542401210628412e+00
5.981821369835397917e+00
5.982115811527928706e+00
5.982432949514349119e+00
5.982763896332344622e+00
5.983117400043866496e+00
5.983490083486996625e+00
5.983888470650874147e+00
5.984319349088927709e+00
5.984771620937844538e+00
5.985259234206042223e+00
5.985772740924021562e+00
5.986335540273448608e+00
5.986947215990385374e+00
5.987589988605341418e+00
5.988277577654680606e+00
5.988998110861740720e+00
5.989778166831695394e+00
5.990607720435821903e+00
5.991485049323404866e+00
5.992410842300618157e+00
5.993382560582125151e+00
5.994406972573364634e+00
5.995485771120751650e+00
5.996602119923796437e+00
5.997765253977144440e+00
5.998958195940816474e+00
6.000189724982941009e+00
6.001449938983880017e+00
6.002736437739097042e+00
6.004044922710621179e+00
6.005367016316616180e+00
6.006697460831368574e+00
6.008031816304886696e+00
6.009359450311626105e+00
6.010678788841929077e+00
6.011982676060165787e+00
6.013261323095526301e+00
6.014505143732989723e+00
6.015720930890406493e+00
6.016896776304807126e+00
6.018026475430692024e+00
6.019114064992631796e+00
6.020135546670521087e+00
6.021113432915177199e+00
6.022023632870284082e+00
6.022862310753432702e+00
6.023640674174993492e+00
6.024327241973250757e+00
6.024960615159241861e+00
6.025510574513344153e+00
6.025995453269449520e+00
6.026410751202372573e+00
6.026712129255055395e+00
6.026948212244778169e+00
6.027080124709055298e+00
6.027131045683518096e+00
6.027094396745551919e+00
6.026963826810706415e+00
6.026771321726728026e+00
6.026482287982244834e+00
6.026116480642696338e+00
6.025668933989246412e+00
6.025146090911468022e+00
6.024568264337022860e+00
6.023910523878177159e+00
6.023203903959831962e+00
6.022430989967427095e+00
6.021606085376581596e+00
6.020734691546997475e+00
6.019797920660814761e+00
6.018817305268487239e+00
6.017785263733705037e+00
6.016713751928647547e+00
6.015612123237690234e+00
6.014477504791459594e+00
6.013316170798382210e+00
6.012131199391326675e+00
6.010928880573948696e+00
6.009722246529300982e+00
6.008515082003316188e+00
6.007311282979092226e+00
6.006122901441297124e+00
6.004949040563545282e+00
6.003807322235545918e+00
6.002683845611056945e+00
6.001597135888180112e+00
6.000556361825903906e+00
5.999553612397751756e+00
5.998598900066457240e+00
5.997692443059524869e+00
5.996854161025723329e+00
5.996073930339655078e+00
5.995369318576297069e+00
5.994735573531826844e+00
5.994163729065796531e+00
5.993671117165825457e+00
5.993257328683278651e+00
5.992910686323186908e+00
5.992635455524315979e+00
5.992423996628961191e+00
5.992288911036914634e+00
5.992250899825478427e+00
5.992274751737015848e+00
5.992379810138838359e+00
5.992549791186349673e+00
5.992779604344862676e+00
5.993082434627460486e+00
5.993426923471735002e+00
5.993826623502418904e+00
5.994266654717966603e+00
5.994738290923876889e+00
5.995246104876739146e+00
5.995784648376744741e+00
5.996356473769290929e+00
5.996952208671016749e+00
5.997558328713519238e+00
5.998169798645419881e+00
5.998779606725316960e+00
5.999383106473129779e+00
5.999971239733737249e+00
6.000543914566974557e+00
6.001097218747478479e+00
6.001634796354214707e+00
6.002149593400996963e+00
6.002638701814454691e+00
6.003110432754498405e+00
6.003563522975189137e+00
6.004006312134904988e+00
6.004436251017495785e+00
6.004858128669900985e+00
6.005278845298333223e+00
6.005691357943458542e+00
6.006097453962309096e+00
6.006488042752487821e+00
6.006859926152271711e+00
6.007225642520233500e+00
6.007573401387079848e+00
6.007907811123177844e+00
6.008228423427090625e+00
6.008532848003550697e+00
6.008821095134361912e+00
6.009089017621471740e+00
6.009347081854239825e+00
6.009595674424662803e+00
6.009836789555147440e+00
6.010071401651249090e+00
6.010294990035937701e+00
6.010514242052332534e+00
6.010730596556558503e+00
6.010943358465327790e+00
6.011156623549057443e+00
6.011372537761224599e+00
6.011593314930093968e+00
6.011823750733626959e+00
6.012061783484412558e+00
6.012313590421570986e+00
6.012576014454706019e+00
6.012843541017963922e+00
6.013122230786129840e+00
6.013405879455848257e+00
6.013698567467971934e+00
6.013994073345555691e+00
6.014288587271466646e+00
6.014585366378769393e+00
6.014890577550277229e+00
6.015205521713242298e+00
6.015533564481184037e+00
6.015872573497937026e+00
6.016224834117338105e+00
6.016579697448060315e+00
6.016948514561399897e+00
6.017331092450067587e+00
6.017740371729479065e+00
6.018175439740764077e+00
6.018633695374475678e+00
6.019123381692216945e+00
6.019638200867220235e+00
6.020190882849736802e+00
6.020777858252865933e+00
6.021395377124888704e+00
6.022047764788610813e+00
6.022739701773269339e+00
6.023472877721530949e+00
6.024249270241004872e+00
6.025055254007917860e+00
6.025887896473746785e+00
6.026746200527290931e+00
6.027632182444669695e+00
6.028540404941179709e+00
6.029458943884112188e+00
6.030383150409199366e+00
6.031304849962927150e+00
6.032226878534294734e+00
6.033133187721708701e+00
6.034012164156178137e+00
6.034862510617116982e+00
6.035677046458463479e+00
6.036448608244995739e+00
6.037174930702190245e+00
6.037835307996014755e+00
6.038438561017851036e+00
6.038972266334334371e+00
6.039436579588095100e+00
6.039835479798951745e+00
6.040139126870075259e+00
6.040365623682032670e+00
6.040513895469943328e+00
6.040595818412715090e+00
6.040605136079123305e+00
6.040521010307004168e+00
6.040356723999013688e+00
6.040109596659770652e+00
6.039788866375914722e+00
6.039383163561454104e+00
6.038883666281929408e+00
6.038306370263328837e+00
6.037633233403196797e+00
6.036868573462000676e+00
6.036004897167314809e+00
6.035036283021201875e+00
6.033983125572431661e+00
6.032829220329750441e+00
6.031577475105751596e+00
6.030246583854187215e+00
6.028822192584503803e+00
6.027303839211691994e+00
6.025673427765598333e+00
6.023961005394687263e+00
6.022152784203521847e+00
6.020248237287038506e+00
6.018275917356246119e+00
6.016209380214445623e+00
6.014070788209669338e+00
6.011850590144627304e+00
6.009552786683076242e+00
6.007200578485958786e+00
6.004790558402769207e+00
6.002318128233187444e+00
5.999793525223964252e+00
5.997213235681289945e+00
5.994589334016078297e+00
5.991919685786002425e+00
5.989204839949839432e+00
5.986456373815769005e+00
5.983673550670379093e+00
5.980864442770713829e+00
5.978031277542346977e+00
5.975176477914089901e+00
5.972302062993282590e+00
5.969415389185184218e+00
5.966518117373221131e+00
5.963621697907679930e+00
5.960737012808555058e+00
5.957860356753104547e+00
5.955010713522666421e+00
5.952181440775627053e+00
5.949393167083495193e+00
5.946655894403689580e+00
5.943965996389620976e+00
5.941331144755118920e+00
5.938747619276278478e+00
5.936242876236669908e+00
5.933818950836888817e+00
5.931465614323845337e+00
5.929188641046513553e+00
5.926999813055027211e+00
5.924883934741247415e+00
5.922876127397050716e+00
5.920940903161993063e+00
5.919121914540759199e+00
5.917394737785092396e+00
5.915763871555558495e+00
5.914233546738856262e+00
5.912810954337351710e+00
5.911471274380916796e+00
5.910217144226068697e+00
5.909048754011625881e+00
5.907960144539708303e+00
5.906956546490425453e+00
5.906014857326978174e+00
5.905136338730686774e+00
5.904323139001959930e+00
5.903571592306131599e+00
5.902873008062475613e+00
5.902225461786025917e+00
5.901636538801127152e+00
5.901102755328051508e+00
5.900621887107721619e+00
5.900186267976990528e+00
5.899795351212254957e+00
5.899458129627040748e+00
5.899169976541182692e+00
5.898930533339611593e+00
5.898721263126811998e+00
5.898550347254954751e+00
5.898418987959035853e+00
5.898320864008152142e+00
5.898250431918883763e+00
5.898204147822569077e+00
5.898177611741582282e+00
5.898170696647600408e+00
5.898176458299155378e+00
5.898186124768569627e+00
5.898200396219497321e+00
5.898213002974395991e+00
5.898215618605195942e+00
5.898219761128880023e+00
5.898210488713687916e+00
5.898178629812194096e+00
5.898122901075861790e+00
5.898040776110596184e+00
5.897927034774205879e+00
5.897784967438660431e+00
5.897623357118450649e+00
5.897436017726890967e+00
5.897228465636604078e+00
5.896997885589831512e+00
5.896736878936522430e+00
5.896443070096307082e+00
5.896113486958078020e+00
5.895754366440108640e+00
5.895364670378498317e+00
5.894945961830549308e+00
5.894496321638457381e+00
5.894026346539490646e+00
5.893541172814899198e+00
5.893043606874875273e+00
5.892542242219081849e+00
5.892031040151944232e+00
5.891521064003339525e+00
5.891005792764357096e+00
5.890493252200416308e+00
5.889990852286449474e+00
5.889492286217740791e+00
5.889005068687132471e+00
5.888528486301533249e+00
5.888073573892347312e+00
5.887637100105515664e+00
5.887230770995251383e+00
5.886843628471129186e+00
5.886488561031752553e+00
5.886163781431847042e+00
5.885864083988003870e+00
5.885602764410310606e+00
5.885365270969801443e+00
5.885171252877795744e+00
5.885030335734943385e+00
5.884937685548673691e+00
5.884901511645756145e+00
5.884916963229067655e+00
5.884999454613885739e+00
5.885152028050384843e+00
5.885364502515755269e+00
5.885642397921643898e+00
5.885989025827607968e+00
5.886382049653788862e+00
5.886853816505630554e+00
5.887379578311105810e+00
5.887981589395662851e+00
5.888627243075630346e+00
5.889338287521264981e+00
5.890125739831589158e+00
5.890950657758972753e+00
5.891830619681736714e+00
5.892739063236972719e+00
5.893692423287888893e+00
5.894679601524135393e+00
5.895706538889667669e+00
5.896766609955689908e+00
5.897851472977660769e+00
5.898957423526905330e+00
5.900061798799894675e+00
5.901166338581703030e+00
5.902258082363865732e+00
5.903335032124183535e+00
5.904392898488900698e+00
5.905423469055554264e+00
5.906424385417363254e+00
5.907397893477342343e+00
5.908330597985646193e+00
5.909221054423710484e+00
5.910056422311922297e+00
5.910821076143642827e+00
5.911540857587119113e+00
5.912188400138278510e+00
5.912776337895651935e+00
5.913290885236225591e+00
5.913712957535050663e+00
5.914081959124765753e+00
5.914363433826824945e+00
5.914598143320641377e+00
5.914747155547252611e+00
5.914814527124277355e+00
5.914797861148714198e+00
5.914679804436040911e+00
5.914450878064258177e+00
5.914111702787801406e+00
5.913695457141025180e+00
5.913194530877395216e+00
5.912621055404766679e+00
5.911954048584326493e+00
5.911210479448660848e+00
5.910400037328822798e+00
5.909509975771529255e+00
5.908549733842833440e+00
5.907499431456550099e+00
5.906383394907341433e+00
5.905187635208591246e+00
5.903925713981613477e+00
5.902596260543094608e+00
5.901203704412208317e+00
5.899765384431110427e+00
5.898269506330714229e+00
5.896726218844875689e+00
5.895133936639054717e+00
5.893496856476290624e+00
5.891820719028932452e+00
5.890104177828055398e+00
5.888351369137984292e+00
5.886560078050118605e+00
5.884733859534484246e+00
5.882880032743437404e+00
5.880999428565725218e+00
5.879098128612263885e+00
5.877177262838110927e+00
5.875238530273661830e+00
5.873290955509170352e+00
5.871338520730957633e+00
5.869392530257925067e+00
5.867464740361198139e+00
5.865549954856856374e+00
5.863665801669581512e+00
5.861802424277288814e+00
5.859981830651982193e+00
5.858216377134545461e+00
5.856498681242688242e+00
5.854838609482273526e+00
5.853247706676945938e+00
5.851706254716144251e+00
5.850245470191466346e+00
5.848834785009848325e+00
5.847500284250007674e+00
5.846242708350645856e+00
5.845032983060107767e+00
5.843897663290725575e+00
5.842818674381004662e+00
5.841795017580615479e+00
5.840823008651958581e+00
5.839901304478869015e+00
5.839040960158333959e+00
5.838241629387363574e+00
5.837496599341854164e+00
5.836794586862548151e+00
5.836146035800799936e+00
5.835540631274805712e+00
5.834984249557480851e+00
5.834467896717713487e+00
5.834005393060968991e+00
5.833589213836120280e+00
5.833229845362827959e+00
5.832908794964776433e+00
5.832649442619756819e+00
5.832445680118278908e+00
5.832287102352009533e+00
5.832173939692899545e+00
5.832100646850764569e+00
5.832077613017633944e+00
5.832105155064370550e+00
5.832180545165779328e+00
5.832298534599709150e+00
5.832462973123061722e+00
5.832662529250251637e+00
5.832906664231437333e+00
5.833186672826874641e+00
5.833504626018571670e+00
5.833851432142423299e+00
5.834218945888444807e+00
5.834607436297103433e+00
5.835015558650360035e+00
5.835437718344495650e+00
5.835867318709954787e+00
5.836294304368658814e+00
5.836724220824999421e+00
5.837160270748299240e+00
5.837593094383937142e+00
5.838030998533231042e+00
5.838466044192772486e+00
5.838904454310994474e+00
5.839340935846430547e+00
5.839761635822815933e+00
5.840174012047810947e+00
5.840571611238284611e+00
5.840958690357967775e+00
5.841341373821362204e+00
5.841714138773841825e+00
5.842086432588858180e+00
5.842460824561875654e+00
5.842846299571554880e+00
5.843256439691047355e+00
5.843678345767418847e+00
5.844143695210675560e+00
5.844635908541837566e+00
5.845170100269475810e+00
5.845748802436152580e+00
5.846366491181413494e+00
5.847022108299294807e+00
5.847724497554461109e+00
5.848480910224477469e+00
5.849299187747400097e+00
5.850178154123586438e+00
5.851111385089915906e+00
5.852127652776995426e+00
5.853205514264860909e+00
5.854365312022725476e+00
5.855586687339106255e+00
5.856891521228112296e+00
5.858288202000417222e+00
5.859776487661161326e+00
5.861355329764642796e+00
5.863030749721088064e+00
5.864784434748450792e+00
5.866644393963377446e+00
5.868582253170768759e+00
5.870613482458153953e+00
5.872736645055571358e+00
5.874932006759205905e+00
5.877220264983932019e+00
5.879574518216410972e+00
5.882009111804524792e+00
5.884507343483726061e+00
5.887091878963270908e+00
5.889744350922861749e+00
5.892450283480444639e+00
5.895204563153543909e+00
5.897980142546453308e+00
5.900782561612881949e+00
5.903597755146780202e+00
5.906403686714924994e+00
5.909201784444608307e+00
5.911986490500725999e+00
5.914752160621441490e+00
5.917490903151787940e+00
5.920194207442558643e+00
5.922844046963014364e+00
5.925454975677287628e+00
5.928005551708495524e+00
5.930487744820869267e+00
5.932907903058087129e+00
5.935240111065660962e+00
5.937507776630674527e+00
5.939678078455483679e+00
5.941748545331514642e+00
5.943733780992782378e+00
5.945605414075409989e+00
5.947400331062828727e+00
5.949080521328008686e+00
5.950690584046400389e+00
5.952191731346404779e+00
5.953584584308422301e+00
5.954881946308170804e+00
5.956054641021046869e+00
5.957137088862809904e+00
5.958122463462505181e+00
5.959025654209406220e+00
5.959848481429370182e+00
5.960565078494698632e+00
5.961203505558520632e+00
5.961758383860439103e+00
5.962244206605108232e+00
5.962663912525030696e+00
5.963015849193189055e+00
5.963322750938687911e+00
5.963561902189258745e+00
5.963740460438286206e+00
5.963859921650594309e+00
5.963921139499737123e+00
5.963942391070170324e+00
5.963909553697896548e+00
5.963837443649402381e+00
5.963719484185433295e+00
5.963561892876035664e+00
5.963376432055242482e+00
5.963163605065651574e+00
5.962928977025307553e+00
5.962672441390909128e+00
5.962402765204764421e+00
5.962126303812123496e+00
5.961842377813167282e+00
5.961553991002596753e+00
5.961266220299162200e+00
5.960979609371729104e+00
5.960707373184717106e+00
5.960448210196203078e+00
5.960212599163509317e+00
5.960000863814360450e+00
5.959819607281690246e+00
5.959671620506425072e+00
5.959565964568037444e+00
5.959501685792210957e+00
5.959497752057369091e+00
5.959546531148234294e+00
5.959658977489896259e+00
5.959835363130996377e+00
5.960059919979403098e+00
5.960347935285398968e+00
5.960687947858105851e+00
5.961089582022260913e+00
5.961552252460253776e+00
5.962060574393701629e+00
5.962619804840517013e+00
5.963253855135274506e+00
5.963927420105767929e+00
5.964664587181045086e+00
5.965434586059285671e+00
5.966260058235359764e+00
5.967152878891659462e+00
5.968075571756792819e+00
5.969046101670694604e+00
5.970048081081341884e+00
5.971089445900153336e+00
5.972158500354717958e+00
5.973247084867188583e+00
5.974353087048957178e+00
5.975461437132187470e+00
5.976573925938434506e+00
5.977677663814254139e+00
5.978769266705938001e+00
5.979841429840750955e+00
5.980886725138850224e+00
5.981902536328859377e+00
5.982876554083055964e+00
5.983808999460166866e+00
5.984694765683239659e+00
5.985534006532255979e+00
5.986325682427708905e+00
5.987057623889271873e+00
5.987734157022063464e+00
5.988366277616446354e+00
5.988942131463412366e+00
5.989455419357841315e+00
5.989889716420297994e+00
5.990267411757235649e+00
5.990576091695553274e+00
5.990812368363118701e+00
5.990997462876118007e+00
5.991101077029457933e+00
5.991137136498441151e+00
5.991099715775784595e+00
5.990967178552383920e+00
5.990785149971928014e+00
5.990527472927207775e+00
5.990207422508830426e+00
5.989819432630175022e+00
5.989360099717015551e+00
5.988835776059861615e+00
5.988241405396695249e+00
5.987592192723389495e+00
5.986886583774325032e+00
5.986137270390029741e+00
5.985338949917789364e+00
5.984498042746420055e+00
5.983620451821917818e+00
5.982707896589273489e+00
5.981767596139544452e+00
5.980807186945312992e+00
5.979827387987606713e+00
5.978827232926123614e+00
5.977803686468833533e+00
5.976765619053479028e+00
5.975716439022655813e+00
5.974662995322581160e+00
5.973604394554134167e+00
5.972546846776244145e+00
5.971490146427390400e+00
5.970429262801048687e+00
5.969371664061185356e+00
5.968313709630606034e+00
5.967265776379940156e+00
5.966232667623994068e+00
5.965212907626268546e+00
5.964210347219347064e+00
5.963216119690775585e+00
5.962240761204601114e+00
5.961289278476477271e+00
5.960358635543824057e+00
5.959452486320376607e+00
5.958569390310883840e+00
5.957712571381570399e+00
5.956884083061457780e+00
5.956074020474198427e+00
5.955281999616863331e+00
5.954506706728579069e+00
5.953737591191173628e+00
5.952987997665047715e+00
5.952253289281366655e+00
5.951546895860670539e+00
5.950862540661332467e+00
