0.000000000000000000e+00
0.000000000000000000e+00
-1.474031159887091088e-06
-7.729507196927444028e-06
-1.977893654839135937e-05
-3.498266116366722259e-05
-4.973106333636677942e-05
-2.737033661105667948e-05
4.512949235504516970e-06
9.544975342578256483e-05
2.803654338640627084e-04
5.800444747728761155e-04
9.951745461148674490e-04
1.615544531814521465e-03
2.393882397882408399e-03
3.382288415305084815e-03
4.593787465564673836e-03
6.087113295070594593e-03
7.838973377220099722e-03
9.853544358484213339e-03
1.220207658814615771e-02
1.499520269440836676e-02
1.817412403630442805e-02
2.172639397191233543e-02
2.573017058180995104e-02
3.007511017131037773e-02
3.484437939929194150e-02
4.015169021891779738e-02
4.581380901145166301e-02
5.195682225035853224e-02
5.853749272631830758e-02
6.557541248606865714e-02
7.312827048110191741e-02
8.110824820803826107e-02
8.950672981547540263e-02
9.827590880202477508e-02
1.074234926443023014e-01
1.169609153013152214e-01
1.269135904054564390e-01
1.372521483640593565e-01
1.481321084241789821e-01
1.593184447030943640e-01
1.709754705171507572e-01
1.829514479379576453e-01
1.953382527570647065e-01
2.080927288274687648e-01
2.211636388044280199e-01
2.345806669931334576e-01
2.483810722570341523e-01
2.625110602121275005e-01
2.769590103368681500e-01
2.917790996770781020e-01
3.068398093919676439e-01
3.222149514894409039e-01
3.378373098115844408e-01
3.537446522455138798e-01
3.699520349244995732e-01
3.863810407857819484e-01
4.030634700994416564e-01
4.199798869829103332e-01
4.371332955102845697e-01
4.545825552682801751e-01
4.722076570730133760e-01
4.901537346582336419e-01
5.082781171541137510e-01
5.267171609144134514e-01
5.453989803533477732e-01
5.643261801938934674e-01
5.835486364107055346e-01
6.030212914686124970e-01
6.227816068868559096e-01
6.427927863340300307e-01
6.631385361890714814e-01
6.837204968671719563e-01
7.045878970365444527e-01
7.256763255338589680e-01
7.470217764120021808e-01
7.686013543348231281e-01
7.903593742589869464e-01
8.123003136854092254e-01
8.344124996404568284e-01
8.566274249296108589e-01
8.789757263402857568e-01
9.014291989545740735e-01
9.239362609128873860e-01
9.464899193982998504e-01
9.690680873136441331e-01
9.917089163999476265e-01
1.014409149859420101e+00
1.037113486502638793e+00
1.059819227431288979e+00
1.082492219183913917e+00
1.105175229285232374e+00
1.127830222819320438e+00
1.150470625136367220e+00
1.173038419459334625e+00
1.195545483801833342e+00
1.217938395712844235e+00
1.240220757697097387e+00
1.262443522189132361e+00
1.284583569739333742e+00
1.306662834856979094e+00
1.328637412760726555e+00
1.350526200507156327e+00
1.372275370333663869e+00
1.393854056570998923e+00
1.415334426138870283e+00
1.436653946612350463e+00
1.457863022063247804e+00
1.478892902110092500e+00
1.499763683054916585e+00
1.520482424471847782e+00
1.541029809687606944e+00
1.561365770075790582e+00
1.581529957030288758e+00
1.601559041712753428e+00
1.621385474179260378e+00
1.641096760008804223e+00
1.660623345349304225e+00
1.680044954989425632e+00
1.699254171822540460e+00
1.718284723732940833e+00
1.737147667382232807e+00
1.755867632601730621e+00
1.774394339297287182e+00
1.792818417523376562e+00
1.811071779702178919e+00
1.829231477950088447e+00
1.847192230198852370e+00
1.864983321402541971e+00
1.882611877892486518e+00
1.900098910305969335e+00
1.917395641777984716e+00
1.934584360096924138e+00
1.951601726983063223e+00
1.968476135704987140e+00
1.985206713650696342e+00
2.001804500792496277e+00
2.018221557114593612e+00
2.034531147454254008e+00
2.050790245507231990e+00
2.066984391186706294e+00
2.083236730072967724e+00
2.099473068688385347e+00
2.115782525513640877e+00
2.132088454936019506e+00
2.148426407549850037e+00
2.164903547738067591e+00
2.181426522706024773e+00
2.198084651206009266e+00
2.214790372822754705e+00
2.231583209012024671e+00
2.248559474919312073e+00
2.265619798872940738e+00
2.282854601119034932e+00
2.300174143288605588e+00
2.317656999800675077e+00
2.335256178353302570e+00
2.353003014300339313e+00
2.370871303055755774e+00
2.388884516928665658e+00
2.407017714951507958e+00
2.425238065693848366e+00
2.443465422366135176e+00
2.461707794640534352e+00
2.479887264941208702e+00
2.498048806164734792e+00
2.516259793017380453e+00
2.534529218647949556e+00
2.552877873156539579e+00
2.571256183360091985e+00
2.589723802779189565e+00
2.608229205582610621e+00
2.626812621329299269e+00
2.645368173096648956e+00
2.663956984255782867e+00
2.682516592715255221e+00
2.701103931639663447e+00
2.719651869509688957e+00
2.738211462471954238e+00
2.756701042626373166e+00
2.775141497824661130e+00
2.793527884457580601e+00
2.811876031134597831e+00
2.830167504523269706e+00
2.848365415308944382e+00
2.866476802800170365e+00
2.884471439097396672e+00
2.902360234234802494e+00
2.920119764779083305e+00
2.937711329434387508e+00
2.955208713982574675e+00
2.972559227917664249e+00
2.989811718438141863e+00
3.006876882288926023e+00
3.023789454672806354e+00
3.040476487849228082e+00
3.056986392710677958e+00
3.073253575537674198e+00
3.089331662629120068e+00
3.105101282570831067e+00
3.120579760048858287e+00
3.135608597968093658e+00
3.150237581704131706e+00
3.164480146143905159e+00
3.178374292824737157e+00
3.191863863442413241e+00
3.205024900410644584e+00
3.217819077942840611e+00
3.230263767216675408e+00
3.242367974493973293e+00
3.254186289284698663e+00
3.265693592999450612e+00
3.276926087115279884e+00
3.287774748776428169e+00
3.298317054484359634e+00
3.308660106633178444e+00
3.318794920418731476e+00
3.328672302935592686e+00
3.338382180903427088e+00
3.348015418622963146e+00
3.357549268577568746e+00
3.367104714487069383e+00
3.376696270678513745e+00
3.386400471899980058e+00
3.396060051296228455e+00
3.405818565462106928e+00
3.415733522747034456e+00
3.425838944290156007e+00
3.436217549417490691e+00
3.446850410078043936e+00
3.457731649253840356e+00
3.468988658760065569e+00
3.480552020643228772e+00
3.492385249708170214e+00
3.504583969686502432e+00
3.517057501647943507e+00
3.529887002084726166e+00
3.543134137962334673e+00
3.556662521932595578e+00
3.570530187461847138e+00
3.584632880065912630e+00
3.599088029239649433e+00
3.613823639724726533e+00
3.628827518795008977e+00
3.644101365182872421e+00
3.659658440921779832e+00
3.675399498317715175e+00
3.691395834062572767e+00
3.707585954044339438e+00
3.723944403503415490e+00
3.740467557285306111e+00
3.757156180713649984e+00
3.773941926334377861e+00
3.790860220764157074e+00
3.807872735832210864e+00
3.824956129167553343e+00
3.842103596303936719e+00
3.859305291746136124e+00
3.876524594400402535e+00
3.893787849519725786e+00
3.911097547386165996e+00
3.928432988498684608e+00
3.945776867244717323e+00
3.963111770723338978e+00
3.980439367864605504e+00
3.997716961477276065e+00
4.014964886281963352e+00
4.032138099048609980e+00
4.049219202373500082e+00
4.066214637134547338e+00
4.083078139398570450e+00
4.099795497034068426e+00
4.116348832223887477e+00
4.132721095655437438e+00
4.148897868965145008e+00
4.164895035598751072e+00
4.180683841083521202e+00
4.196366787527079367e+00
4.211895478342051469e+00
4.227315871093745514e+00
4.242554094169611822e+00
4.257666644428248048e+00
4.272590660427088238e+00
4.287340458009714084e+00
4.301985990379327163e+00
4.316514410350793085e+00
4.330938647363655747e+00
4.345177232597344563e+00
4.359271457765572677e+00
4.373241515729898055e+00
4.387082009885782341e+00
4.400815703247063837e+00
4.414395361516946892e+00
4.427837361667626759e+00
4.441184359167092310e+00
4.454436413619989210e+00
4.467589301441186045e+00
4.480578933332435732e+00
4.493423722360603279e+00
4.506164681289664742e+00
4.518804723594656458e+00
4.531326256368627625e+00
4.543749064777363955e+00
4.556101707790364941e+00
4.568358275268544766e+00
4.580502284143437741e+00
4.592513805006016803e+00
4.604431683395374897e+00
4.616269249294270516e+00
4.628018534753789659e+00
4.639648210380544313e+00
4.651125478122700940e+00
4.662479532335271237e+00
4.673692392681111585e+00
4.684765930746069174e+00
4.695694236133566513e+00
4.706472309206000126e+00
4.717144440982810494e+00
4.727691068027488619e+00
4.738098571870795972e+00
4.748409377906790851e+00
4.758642465446462744e+00
4.768816302392950846e+00
4.778916196201316247e+00
4.788908367727271909e+00
4.798816419218055351e+00
4.808649907682410962e+00
4.818416513178817695e+00
4.828097423289291257e+00
4.837657995794288013e+00
4.847139887187949192e+00
4.856545929882995161e+00
4.865879504058829852e+00
4.875107456419936369e+00
4.884238149497978299e+00
4.893303782914152578e+00
4.902295675847998524e+00
4.911213503454199270e+00
4.920016596291532984e+00
4.928744608138075023e+00
4.937392503593435400e+00
4.945939792368879040e+00
4.954420635674466666e+00
4.962787485096922246e+00
4.971061609957686755e+00
4.979243350599280582e+00
4.987338305089942025e+00
4.995343733404151720e+00
5.003265217516891461e+00
5.011086196277610760e+00
5.018795778725616330e+00
5.026404983375541313e+00
5.033905602071754082e+00
5.041309633229247744e+00
5.048596358273498730e+00
5.055780237887375073e+00
5.062857053850166267e+00
5.069809009407036271e+00
5.076652874920837277e+00
5.083375015829079580e+00
5.089939395759575547e+00
5.096358194325439683e+00
5.102642209504120174e+00
5.108789787862770382e+00
5.114815820429794435e+00
5.120664149497024198e+00
5.126374456260673007e+00
5.131945872281066023e+00
5.137376957509986575e+00
5.142684158061019417e+00
5.147814581368438169e+00
5.152810007904044198e+00
5.157672098253241799e+00
5.162427021537295602e+00
5.167068091307155164e+00
5.171540861700050229e+00
5.175884186301700218e+00
5.180099893186561388e+00
5.184213321481220049e+00
5.188220455024711519e+00
5.192075099919311931e+00
5.195813129816524878e+00
5.199442310605519424e+00
5.202976710174554320e+00
5.206424025271409128e+00
5.209785097513670138e+00
5.213042052362436785e+00
5.216206091914648013e+00
5.219295000408166629e+00
5.222303507004254719e+00
5.225263629827970213e+00
5.228148830209248921e+00
5.230976666186326618e+00
5.233746759865755216e+00
5.236446130547995459e+00
5.239086587403293471e+00
5.241662487063881493e+00
5.244182386074540680e+00
5.246639250342129301e+00
5.249014533881424249e+00
5.251321034703730462e+00
5.253554395262478138e+00
5.255725275550363840e+00
5.257828157220362009e+00
5.259863423977374275e+00
5.261828753922462631e+00
5.263715495292425217e+00
5.265534124646663372e+00
5.267279255215406408e+00
5.268952475313424699e+00
5.270553459648370520e+00
5.272092325959682135e+00
5.273564072672605185e+00
5.274959156040427644e+00
5.276278465960500874e+00
5.277521484170435428e+00
5.278700174663542022e+00
5.279811289508222316e+00
5.280862939108490473e+00
5.281842746112824116e+00
5.282758778605938232e+00
5.283605046246528936e+00
5.284388280783177017e+00
5.285101977411986951e+00
5.285721589636388273e+00
5.286258427884759747e+00
5.286709918428542210e+00
5.287085137117984779e+00
5.287380077645512877e+00
5.287591314513565344e+00
5.287712050743728298e+00
5.287736135860765962e+00
5.287672575632903715e+00
5.287517941766281204e+00
5.287269330811548151e+00
5.286920759570645778e+00
5.286491678249883641e+00
5.285970170278894820e+00
5.285348834399926865e+00
5.284623635415782061e+00
5.283787090186824464e+00
5.282862828154912371e+00
5.281839233864894290e+00
5.280711356256952982e+00
5.279478306402316079e+00
5.278137121130576759e+00
5.276711980481497477e+00
5.275196548332325541e+00
5.273588001360051791e+00
5.271890616793983853e+00
5.270125732649915129e+00
5.268285122592799574e+00
5.266384389628521845e+00
5.264435926903836993e+00
5.262449016650074363e+00
5.260442658741825817e+00
5.258404568065755846e+00
5.256364237447135324e+00
5.254316792567125027e+00
5.252294093002431552e+00
5.250305179734580108e+00
5.248347989995830076e+00
5.246445133765093694e+00
5.244589320053211878e+00
5.242822145302645787e+00
5.241131158103100596e+00
5.239520184625737542e+00
5.238009186764113423e+00
5.236586124678008325e+00
5.235281391967884446e+00
5.234139380757563131e+00
5.233096740995399010e+00
5.232199298818462019e+00
5.231391398166171491e+00
5.230734184984914492e+00
5.230238482397846056e+00
5.229867537212423478e+00
5.229620398809068149e+00
5.229491659519130309e+00
5.229499004430121722e+00
5.229637169570645838e+00
5.229868296788058757e+00
5.230198243440112194e+00
5.230614729070087954e+00
5.231120950945635784e+00
5.231712421060523255e+00
5.232354198352417107e+00
5.233052607730944494e+00
5.233789807737787569e+00
5.234565016509017177e+00
5.235364684120736634e+00
5.236190058470688413e+00
5.237042958394609649e+00
5.237895552397690224e+00
5.238749341697416462e+00
5.239595006511530428e+00
5.240431900353154759e+00
5.241263829425892418e+00
5.242063505829295700e+00
5.242843823836168760e+00
5.243587433502994166e+00
5.244301063523612250e+00
5.244998265610061772e+00
5.245666474283658509e+00
5.246309640885316483e+00
5.246919335455619837e+00
5.247494230450119090e+00
5.248012512096192239e+00
5.248462204963888489e+00
5.248838482306327435e+00
5.249137944498087016e+00
5.249362672300064148e+00
5.249486948012360266e+00
5.249506986553766907e+00
5.249414116277344888e+00
5.249212925157496379e+00
5.248909813503721544e+00
5.248479304763475461e+00
5.247931441443958178e+00
5.247259071993627622e+00
5.246475869270959436e+00
5.245545121881165507e+00
5.244509028720654165e+00
5.243343002873458225e+00
5.242074017303981925e+00
5.240712369310657870e+00
5.239270584362546224e+00
5.237738411056797716e+00
5.236121310817996033e+00
5.234423714208404022e+00
5.232667133587399100e+00
5.230872637110748791e+00
5.229042878824272655e+00
5.227182526516713779e+00
5.225301720875302536e+00
5.223411637174883992e+00
5.221529565679827734e+00
5.219662997799912496e+00
5.217800311970512972e+00
5.215961365777056713e+00
5.214141398596565224e+00
5.212374651211302279e+00
5.210655148106615897e+00
5.208989481705229352e+00
5.207380022036830702e+00
5.205831172245542149e+00
5.204380901533166792e+00
5.203006322759191171e+00
5.201717233884135538e+00
5.200510200339357070e+00
5.199389709237019375e+00
5.198379675078192541e+00
5.197485348361531976e+00
5.196687534230748362e+00
5.196035305934946003e+00
5.195467850345174554e+00
5.195031668062310537e+00
5.194719558062952380e+00
5.194508375584135251e+00
5.194422287999640453e+00
5.194401546600729169e+00
5.194474738622539611e+00
5.194631843669794691e+00
5.194855343560211836e+00
5.195157804852804873e+00
5.195500234989902211e+00
5.195900923228345292e+00
5.196353871217451292e+00
5.196847957326553136e+00
5.197383843651495638e+00
5.197952267593227482e+00
5.198557242891275187e+00
5.199189596092782750e+00
5.199841168961011562e+00
5.200510298898898931e+00
5.201195210582100437e+00
5.201894082120142926e+00
5.202605214780650300e+00
5.203312300881825614e+00
5.204005840635382185e+00
5.204692048570596086e+00
5.205361902853930189e+00
5.206019911831701208e+00
5.206648419267023264e+00
5.207244520886326278e+00
5.207805018118108364e+00
5.208323421506667827e+00
5.208806042774104306e+00
5.209246318890238037e+00
5.209634500584091832e+00
5.209952301821197729e+00
5.210204967121120134e+00
5.210380210066671403e+00
5.210477378154631189e+00
5.210485063273685213e+00
5.210390839133635765e+00
5.210211483206824035e+00
5.209934888467417480e+00
5.209571811728404889e+00
5.209089035116361011e+00
5.208491272986159437e+00
5.207781270429716614e+00
5.206965969488249968e+00
5.206046536773669686e+00
5.205014524817692667e+00
5.203843305692303467e+00
5.202565961167444186e+00
5.201169316604961956e+00
5.199692221418252380e+00
5.198111360505451195e+00
5.196439185872901767e+00
5.194685688600171325e+00
5.192857995316614073e+00
5.190985224232306905e+00
5.189069302812448825e+00
5.187127935275665180e+00
5.185165957793822500e+00
5.183201135978331209e+00
5.181239361748326999e+00
5.179304683938849685e+00
5.177397997066607083e+00
5.175536648020376163e+00
5.173736530825723712e+00
5.172003343686689902e+00
5.170356847033135139e+00
5.168804217115275712e+00
5.167337449923389059e+00
5.165997455105415526e+00
5.164775917738905875e+00
5.163685738355151322e+00
5.162763459444277281e+00
5.161955665856829967e+00
5.161302429050436125e+00
5.160756484627952112e+00
5.160377365820337126e+00
5.160159354940284437e+00
5.160083632403281051e+00
5.160147305963788789e+00
5.160374248152826304e+00
5.160766403762852228e+00
5.161296717053509120e+00
5.161945696747159751e+00
5.162703158160900863e+00
5.163585526099657486e+00
5.164566744020437916e+00
5.165660053616617731e+00
5.166843680342886991e+00
5.168110145380949483e+00
5.169451821645950851e+00
5.170855291089271333e+00
5.172318127503845453e+00
5.173836514702292888e+00
5.175389763167354218e+00
5.176982698342058598e+00
5.178600995442124599e+00
5.180245766988250011e+00
5.181908733150216051e+00
5.183582068434210655e+00
5.185257539054602738e+00
5.186930842003076414e+00
5.188593799075335689e+00
5.190241650095432924e+00
5.191864218911380391e+00
5.193458363911361175e+00
5.195028129270523820e+00
5.196552425673454323e+00
5.198028293749540119e+00
5.199441277584281984e+00
5.200791516056506580e+00
5.202087899347988653e+00
5.203305435380188193e+00
5.204448158493486964e+00
5.205505057623831533e+00
5.206479097655265065e+00
5.207383548891394653e+00
5.208203269442766903e+00
5.208939690938442446e+00
5.209571896618454545e+00
5.210103997675924248e+00
5.210550972646324830e+00
5.210898189110904077e+00
5.211149324266463267e+00
5.211308450954257765e+00
5.211355172520725887e+00
5.211301802759281898e+00
5.211134942406080661e+00
5.210880955261401937e+00
5.210518912178687678e+00
5.210021190931311885e+00
5.209403480132332120e+00
5.208651279126515377e+00
5.207800794159282987e+00
5.206834222217310959e+00
5.205760603313555279e+00
5.204559704502333517e+00
5.203231904943693920e+00
5.201818994720687428e+00
5.200311457653750580e+00
5.198718612929095428e+00
5.197028843303431067e+00
5.195249773551930517e+00
5.193415310372818006e+00
5.191524522592533941e+00
5.189589526196232150e+00
5.187615667869558855e+00
5.185612015565149058e+00
5.183594923903457996e+00
5.181568909426442104e+00
5.179538717706911655e+00
5.177508718063347892e+00
5.175495757897606630e+00
5.173494037677756729e+00
5.171524464925043141e+00
5.169583540101758246e+00
5.167685819854251683e+00
5.165851561566108252e+00
5.164088760604376382e+00
5.162394390543216360e+00
5.160778460790628408e+00
5.159237838824505928e+00
5.157822277684922518e+00
5.156506613929982663e+00
5.155309225385304117e+00
5.154203054373379445e+00
5.153211816315765859e+00
5.152382505973096549e+00
5.151670099263304436e+00
5.151096701164956215e+00
5.150663590458447239e+00
5.150360759617054640e+00
5.150203265239709616e+00
5.150185259591547826e+00
5.150288927566019304e+00
5.150549177761880593e+00
5.150928353715447550e+00
5.151466594125834852e+00
5.152144234489409058e+00
5.152940018187966764e+00
5.153842928271499702e+00
5.154841485853997263e+00
5.155936078961697255e+00
5.157132447745409465e+00
5.158405429657306307e+00
5.159736319567764795e+00
5.161115365709864733e+00
5.162534463789069328e+00
5.163985287632550047e+00
5.165453487124051613e+00
5.166940247799959529e+00
5.168437261070813804e+00
5.169931585129108775e+00
5.171418019767608953e+00
5.172887411352005138e+00
5.174336257215347956e+00
5.175769529130068491e+00
5.177171244855728993e+00
5.178531816687194755e+00
5.179843823995202712e+00
5.181102599587052104e+00
5.182317137356609038e+00
5.183473080407591027e+00
5.184585282068463918e+00
5.185639396916839949e+00
5.186628487642620300e+00
5.187564730655168432e+00
5.188431860219453462e+00
5.189249091755365306e+00
5.190002583425256333e+00
5.190702799867603190e+00
5.191350226413223190e+00
5.191923488277707222e+00
5.192442139249059174e+00
5.192890913758192895e+00
5.193270184036109072e+00
5.193602538566802096e+00
5.193858436282489777e+00
5.194054356172446596e+00
5.194173903634537126e+00
5.194215882124145978e+00
5.194207403980428239e+00
5.194137907325522718e+00
5.194026233255164549e+00
5.193841193299041592e+00
5.193572470507816341e+00
5.193246509320333715e+00
5.192849797643021681e+00
5.192403062767581901e+00
5.191872356719569481e+00
5.191258037499384415e+00
5.190571249908999540e+00
5.189803567788795924e+00
5.188980546406702921e+00
5.188074315375880374e+00
5.187090565524296260e+00
5.186042853406862996e+00
5.184928733370500531e+00
5.183771526924567219e+00
5.182555862403707359e+00
5.181291099525289212e+00
5.179990346170263216e+00
5.178658945149973825e+00
5.177312446720198302e+00
5.175954477674560295e+00
5.174597483909922246e+00
5.173245034403402443e+00
5.171905027366477725e+00
5.170581905580359461e+00
5.169286125636892493e+00
5.168042243085102960e+00
5.166835740766721585e+00
5.165699667147594099e+00
5.164604268334109349e+00
5.163585537559586491e+00
5.162667004204588572e+00
5.161814545057014314e+00
5.161070761121109740e+00
5.160413475445703391e+00
5.159861732944146517e+00
5.159413671492830034e+00
5.159058311916188799e+00
5.158809498417424422e+00
5.158666814080672403e+00
5.158632627142826443e+00
5.158698863060447337e+00
5.158852365239757987e+00
5.159100840687056433e+00
5.159440961367686818e+00
5.159877766407332089e+00
5.160386929101549391e+00
5.160979905127784484e+00
5.161632881312867127e+00
5.162345845847625903e+00
5.163113312944072497e+00
5.163915012180106956e+00
5.164745970814722753e+00
5.165596809312003934e+00
5.166461068242091059e+00
5.167333448677558394e+00
5.168201925306816769e+00
5.169049384593267682e+00
5.169877863898178383e+00
5.170672474875352087e+00
5.171434500812789992e+00
5.172144376560351198e+00
5.172787668182752263e+00
5.173379789962671005e+00
5.173904387987457554e+00
5.174360264874301230e+00
5.174750804900430268e+00
5.175074275358818809e+00
5.175318669154547635e+00
5.175490530374697862e+00
5.175577953531644404e+00
5.175585170111624222e+00
5.175513396563943935e+00
5.175350485428238834e+00
5.175120481180960574e+00
5.174792114089243888e+00
5.174388976882213775e+00
5.173893111537211986e+00
5.173328834104353291e+00
5.172678382548505205e+00
5.171917422118598395e+00
5.171078178140336767e+00
5.170147687721066809e+00
5.169153065684253257e+00
5.168082101496870528e+00
5.166922220888549688e+00
5.165706534835513786e+00
5.164429134282286782e+00
5.163112395706590085e+00
5.161744132342751534e+00
5.160328803065236336e+00
5.158889798822815287e+00
5.157429377290422501e+00
5.155960529151376370e+00
5.154487621637995787e+00
5.153016402426178644e+00
5.151563021841461421e+00
5.150130720737392309e+00
5.148718614432032048e+00
5.147345779093916107e+00
5.146013119819576431e+00
5.144734251949007131e+00
5.143521713542754448e+00
5.142363459619694765e+00
5.141277930441312982e+00
5.140288608971053108e+00
5.139376367929392231e+00
5.138585066798143863e+00
5.137899608465843926e+00
5.137309395859950278e+00
5.136832062530332976e+00
5.136468809771352895e+00
5.136237750857138629e+00
5.136102454581299881e+00
5.136089351760924515e+00
5.136197835846572524e+00
5.136424187353580528e+00
5.136780527985425060e+00
5.137227858870061503e+00
5.137782923585505479e+00
5.138444443425865593e+00
5.139199292964071297e+00
5.140053499123781400e+00
5.140973210043042307e+00
5.141970709568590259e+00
5.143027982569068790e+00
5.144160108125537256e+00
5.145361787310569923e+00
5.146602530411212406e+00
5.147888471266952592e+00
5.149204732856478728e+00
5.150561486563410618e+00
5.151953101238931687e+00
5.153360134592976927e+00
5.154787582686869207e+00
5.156226243159500733e+00
5.157686071327653998e+00
5.159162335327592608e+00
5.160648982307639798e+00
5.162144212058511705e+00
5.163637790611711686e+00
5.165136759212939133e+00
5.166638953617540331e+00
5.168142149231162108e+00
5.169646643928015983e+00
5.171142130723917596e+00
5.172626000127517720e+00
5.174100219539127465e+00
5.175553415349445352e+00
5.176978543332539040e+00
5.178369348576984166e+00
5.179725374809224903e+00
5.181034992567023600e+00
5.182289237460813602e+00
5.183493992096505742e+00
5.184616933620295853e+00
5.185690334743580543e+00
5.186683794117294077e+00
5.187612354687176186e+00
5.188471378392300437e+00
5.189216090223512268e+00
5.189891968673786771e+00
5.190460206164739354e+00
5.190943365252336683e+00
5.191336062109788152e+00
5.191591309110392238e+00
5.191766138623227000e+00
5.191820560369399651e+00
5.191782534927354753e+00
5.191648660818339422e+00
5.191400203606338692e+00
5.191068525364847197e+00
5.190610416395815108e+00
5.190077854780705380e+00
5.189434464959653326e+00
5.188675076229724681e+00
5.187837615175398653e+00
5.186893209604772181e+00
5.185887409089358080e+00
5.184799975766094526e+00
5.183647194592508001e+00
5.182450305534751500e+00
5.181202104328423985e+00
5.179919338016061303e+00
5.178589039234665847e+00
5.177221072254925005e+00
5.175833680866508857e+00
5.174424336640386812e+00
5.173002753643541674e+00
5.171570133058576602e+00
5.170136651633529645e+00
5.168713061152248045e+00
5.167298559932260282e+00
5.165895152924804279e+00
5.164510033218412843e+00
5.163159969685821693e+00
5.161843183128386414e+00
5.160582346556931377e+00
5.159351945160179476e+00
5.158180012492685762e+00
5.157087741358427735e+00
5.156039855642465142e+00
5.155070888860373124e+00
5.154164382605104677e+00
5.153334372503903360e+00
5.152602053744938182e+00
5.151947273550774753e+00
5.151387154622222297e+00
5.150950737683321456e+00
5.150596528550829944e+00
5.150361088583466085e+00
5.150210739582997910e+00
5.150146942934242134e+00
5.150188615042006646e+00
5.150298023558444349e+00
5.150503350979872330e+00
5.150760554000028080e+00
5.151096114813573656e+00
5.151507365628369861e+00
5.151979805416652347e+00
5.152508454955408546e+00
5.153086296021233359e+00
5.153704604245016974e+00
5.154361712000558704e+00
5.155046080089400462e+00
5.155747961960027936e+00
5.156461215651821028e+00
5.157181064597557985e+00
5.157894970513177135e+00
5.158599316514325572e+00
5.159276507160855729e+00
5.159925985670878568e+00
5.160541819147063336e+00
5.161090223043455438e+00
5.161585786081149152e+00
5.162000531963303551e+00
5.162335937544002107e+00
5.162596047315045844e+00
5.162740840529322028e+00
5.162778255519687498e+00
5.162702789617933163e+00
5.162524802437283178e+00
5.162234136289217012e+00
5.161779480627038730e+00
5.161183660527923323e+00
5.160449793910839134e+00
5.159596090516306965e+00
5.158620663782813587e+00
5.157509217983343497e+00
5.156248215412952973e+00
5.154856099313356310e+00
5.153361817276335799e+00
5.151771140074586697e+00
5.150083765810585135e+00
5.148312679207181830e+00
5.146462543880796936e+00
5.144554932242490608e+00
5.142598047530509753e+00
5.140600508129454127e+00
5.138570924079274960e+00
5.136528076505516793e+00
5.134487301832294293e+00
5.132459721541262176e+00
5.130455156093693958e+00
5.128490941947557502e+00
5.126594631200888763e+00
5.124767571514704301e+00
5.123020773506024028e+00
5.121358963376143159e+00
5.119811751073457984e+00
5.118387817865469813e+00
5.117118412530281546e+00
5.115969619503477617e+00
5.115018833851676661e+00
5.114242424195866832e+00
5.113627107938985894e+00
5.113204147866229121e+00
5.112924997093390544e+00
5.112876321877586783e+00
5.112984338625568448e+00
5.113295134901304273e+00
5.113824494480391891e+00
5.114516147746941854e+00
5.115398015453717306e+00
5.116488009318015173e+00
5.117722997366686677e+00
5.119168104230661598e+00
5.120764585136671876e+00
5.122516316323777019e+00
5.124417610763807751e+00
5.126438473760385861e+00
5.128606314807435673e+00
5.130871896445056812e+00
5.133265976011059273e+00
5.135765854715606871e+00
5.138339504896898724e+00
5.140993900298377106e+00
5.143699113725920924e+00
5.146471021472714291e+00
5.149297294914028100e+00
5.152166832088728832e+00
5.155076387821932116e+00
5.158002893924018117e+00
5.160947888492843028e+00
5.163902529775401540e+00
5.166860676705141486e+00
5.169821709393760401e+00
5.172782414554855102e+00
5.175740612148545416e+00
5.178694871067307304e+00
5.181631307899257521e+00
5.184551247059603796e+00
5.187453265189430063e+00
5.190336829721233336e+00
5.193205937146446516e+00
5.196051841675541461e+00
5.198875959514878353e+00
5.201673867105745863e+00
5.204441239535117170e+00
5.207180796562933978e+00
5.209871848224900681e+00
5.212520350515148948e+00
5.215125609039567678e+00
5.217683486937785275e+00
5.220199315547252361e+00
5.222666971235775613e+00
5.225084680467152687e+00
5.227447072862887012e+00
5.229747706800006668e+00
5.231992012559675942e+00
5.234176580160164960e+00
5.236299791931415371e+00
5.238373636006618206e+00
5.240378560870194491e+00
5.242314868270661066e+00
5.244179807751680578e+00
5.245959938912894138e+00
5.247681933491731066e+00
5.249325820057892500e+00
5.250870993583701463e+00
5.252321349828742214e+00
5.253664506524109434e+00
5.254934800266529038e+00
5.256110649182702765e+00
5.257186400591636222e+00
5.258168281688595513e+00
5.259043185561203870e+00
5.259823563545249492e+00
5.260505168660782438e+00
5.261071634627184856e+00
5.261531594581208893e+00
5.261870111263594829e+00
5.262103136702677375e+00
5.262228789943507401e+00
5.262259024061965107e+00
5.262175218962836354e+00
5.261975601517368872e+00
5.261646405921091230e+00
5.261211569622863848e+00
5.260655927003136334e+00
5.259977214575520144e+00
5.259153339729418342e+00
5.258202347547522137e+00
5.257120785356273807e+00
5.255890028939356640e+00
5.254534166768898729e+00
5.253041978047003902e+00
5.251413740680328068e+00
5.249641066358200270e+00
5.247740847782006668e+00
5.245727325693477994e+00
5.243602796361556351e+00
5.241374474183430721e+00
5.239063530430901672e+00
5.236670380697359128e+00
5.234205633268463664e+00
5.231696904764282507e+00
5.229156962499726724e+00
5.226602670714965093e+00
5.224046575591673403e+00
5.221511396036256691e+00
5.219010465905775220e+00
5.216562704608548984e+00
5.214177770779241605e+00
5.211869602218976105e+00
5.209640286729444902e+00
5.207515979126800865e+00
5.205501092538943553e+00
5.203621451423277477e+00
5.201846446410526070e+00
5.200205893383134992e+00
5.198689016566386378e+00
5.197330327645650172e+00
5.196112481669296734e+00
5.195033289358724993e+00
5.194150431022753089e+00
5.193393688441026335e+00
5.192788454198050907e+00
5.192314909488667141e+00
5.191969378829707438e+00
5.191773407847394495e+00
5.191691604886908173e+00
5.191741239933070240e+00
5.191961741467712166e+00
5.192298658845720283e+00
5.192750216370223271e+00
5.193286334706245455e+00
5.193910414857564994e+00
5.194641487730441654e+00
5.195429136810599147e+00
5.196287220848499366e+00
5.197190893200933637e+00
5.198130014223753648e+00
5.199101676104366021e+00
5.200087562260923058e+00
5.201080880446133925e+00
5.202076558081208724e+00
5.203060368729531149e+00
5.204012668860852564e+00
5.204930314330161067e+00
5.205794851762949982e+00
5.206629032773672172e+00
5.207407437098919623e+00
5.208113196773230591e+00
5.208757519630491828e+00
5.209317625483274483e+00
5.209830873405337570e+00
5.210268530791400288e+00
5.210635754449067569e+00
5.210930348021684644e+00
5.211121462752817735e+00
5.211253551572337273e+00
5.211292820714190199e+00
5.211247906868123003e+00
5.211118778527492168e+00
5.210914918758683179e+00
5.210623657793514774e+00
5.210238531508259996e+00
5.209754374862424875e+00
5.209191987977138893e+00
5.208548534826149989e+00
5.207831553608885500e+00
5.207036333621253732e+00
5.206177905590048560e+00
5.205257898808232753e+00
5.204272836983911965e+00
5.203227562174908449e+00
5.202121206463090175e+00
5.200967574209681032e+00
5.199769688413251600e+00
5.198537180662859747e+00
5.197267410696256640e+00
5.195958935857522221e+00
5.194620634407509208e+00
5.193255262166966979e+00
5.191871131450644050e+00
5.190470379681102031e+00
5.189058422983397811e+00
5.187644875437726455e+00
5.186226899713983762e+00
5.184808227062931429e+00
5.183396170974484463e+00
5.181992200554123684e+00
5.180611530036440371e+00
5.179254285783280842e+00
5.177926343769539308e+00
5.176643878609646698e+00
5.175397386044967796e+00
5.174204798281897055e+00
5.173067173898924231e+00
5.171989085689893351e+00
5.170983518303145843e+00
5.170056850851286079e+00
5.169204854161250751e+00
5.168451463148701741e+00
5.167790250421274045e+00
5.167228142671989488e+00
5.166769060768890753e+00
5.166403417453873992e+00
5.166161387559731644e+00
5.166036615322117775e+00
5.166044208545245375e+00
5.166146498236813045e+00
5.166369782377043585e+00
5.166705133829274210e+00
5.167141597222545180e+00
5.167699696969249246e+00
5.168338951941588988e+00
5.169066174875953656e+00
5.169865474205471934e+00
5.170728746008134813e+00
5.171660902749752431e+00
5.172635493751621460e+00
5.173656657140707438e+00
5.174711656894539047e+00
5.175797973599291169e+00
5.176909383784986218e+00
5.178041102465249956e+00
5.179188616078355345e+00
5.180336599674084219e+00
5.181485148992397427e+00
5.182625022482135968e+00
5.183754212956884544e+00
5.184873407434681170e+00
5.185967687021949324e+00
5.187034157168129767e+00
5.188058585252621313e+00
5.189039935346699828e+00
5.189983948048209506e+00
5.190870631884790143e+00
5.191716047402478829e+00
5.192491356980063699e+00
5.193191762816169010e+00
5.193827517878271571e+00
5.194372728157795827e+00
5.194854745406665586e+00
5.195239231649796174e+00
5.195546830788263293e+00
5.195771136887380237e+00
5.195876836681748934e+00
5.195898860809871067e+00
5.195795410643809120e+00
5.195619668490730980e+00
5.195330638583296690e+00
5.194906363669329785e+00
5.194392706524125991e+00
5.193756868537061422e+00
5.193052752013795015e+00
5.192248845170728266e+00
5.191342294435493443e+00
5.190351561676255443e+00
5.189272047277084354e+00
5.188131846930375879e+00
5.186924464921942146e+00
5.185658578644980921e+00
5.184337116997231654e+00
5.182957483302343960e+00
5.181531542311896388e+00
5.180063919048297549e+00
5.178558895062197465e+00
5.177029382805812929e+00
5.175472009401310025e+00
5.173896484147299191e+00
5.172308208714712308e+00
5.170717150341261004e+00
5.169133720170248303e+00
5.167559100757826762e+00
5.165999455373277982e+00
5.164461064409008983e+00
5.162962048720114439e+00
5.161499611209623417e+00
5.160101342718593997e+00
5.158762247930757994e+00
5.157483359794610145e+00
5.156288801501982988e+00
5.155163009758585879e+00
5.154152809749836806e+00
5.153222469236249381e+00
5.152407033960813898e+00
5.151701542060370009e+00
5.151113343681688050e+00
5.150693754661374690e+00
5.150418775096081703e+00
5.150286804954999020e+00
5.150281446957857057e+00
5.150444077411563626e+00
5.150750027215005744e+00
5.151210933616282794e+00
5.151785669280114277e+00
5.152490913970295239e+00
5.153323217211189800e+00
5.154290514392677380e+00
5.155383247537438152e+00
5.156560938460651222e+00
5.157827914608541953e+00
5.159177385670963289e+00
5.160610692156378576e+00
5.162102471692388228e+00
5.163649032963339103e+00
5.165238887919011646e+00
5.166862022085014772e+00
5.168511829776588407e+00
5.170169984204592062e+00
5.171835684580625703e+00
5.173493364108623815e+00
5.175139419687808662e+00
5.176763984663308449e+00
5.178357883496105707e+00
5.179920716388047630e+00
5.181429458362877050e+00
5.182874856693566734e+00
5.184258042676271216e+00
5.185573912216248083e+00
5.186824446571887570e+00
5.187985145999014946e+00
5.189056379077853443e+00
5.190046512586892646e+00
5.190957228643716448e+00
5.191775949625194286e+00
5.192531756935538922e+00
5.193192574856700716e+00
5.193758506877245829e+00
5.194231013832511401e+00
5.194593519894303846e+00
5.194881365047666399e+00
5.195058847172083993e+00
5.195153998192298062e+00
5.195142836272614417e+00
5.195001789359274369e+00
5.194772124746714681e+00
5.194414137871835813e+00
5.193959714667771621e+00
5.193384138131413863e+00
5.192663955325160785e+00
5.191846086466584964e+00
5.190890737408672351e+00
5.189834462487969979e+00
5.188656820142541370e+00
5.187365636909280653e+00
5.185969472611223097e+00
5.184450423056160773e+00
5.182849501902138556e+00
5.181159488344467157e+00
5.179409309709344988e+00
5.177592111164603494e+00
5.175704811597141131e+00
5.173773490274221842e+00
5.171799884671242076e+00
5.169802204305202764e+00
5.167785815382273107e+00
5.165766504490643563e+00
5.163758819633990527e+00
5.161763006681473698e+00
5.159791107559474455e+00
5.157851210469278413e+00
5.155957619184525775e+00
5.154119547689230529e+00
5.152333564543993383e+00
5.150610921615632165e+00
5.148948741936954399e+00
5.147394199753078325e+00
5.145922978455099717e+00
5.144553565913711601e+00
5.143263664329325024e+00
5.142075286144291546e+00
5.141032121488724904e+00
5.140092039564525095e+00
5.139273847201739187e+00
5.138577660107884526e+00
5.137994264298948899e+00
5.137534985216232641e+00
5.137192685240777656e+00
5.136950257522883589e+00
5.136835102140802078e+00
5.136830062433046074e+00
5.136922635841083107e+00
5.137147815595279887e+00
5.137447490240346859e+00
5.137852169754815179e+00
5.138326262230886066e+00
5.138874180647444945e+00
5.139503167006085782e+00
5.140174205335687141e+00
5.140896176355790104e+00
5.141649695890854410e+00
5.142429118710469815e+00
5.143227421152304579e+00
5.144033452751946456e+00
5.144842585506749444e+00
5.145652025001954399e+00
5.146451452257942982e+00
5.147232848438334507e+00
5.148001678469491971e+00
5.148735981690597541e+00
5.149443122553538643e+00
5.150105921062541725e+00
5.150725480276060253e+00
5.151298214825702715e+00
5.151817828151298961e+00
5.152295443075611381e+00
5.152710360209360907e+00
5.153066858719006937e+00
5.153363354108199346e+00
5.153595529752686311e+00
5.153777908715322376e+00
5.153906660242840054e+00
5.153975746147237302e+00
5.153978408613959949e+00
5.153909159499938220e+00
5.153783049221868140e+00
5.153598477721001991e+00
5.153350454430814409e+00
5.153048357955898773e+00
5.152679062254514442e+00
5.152249819330657843e+00
5.151759567476596580e+00
5.151198163844432187e+00
5.150581359296825035e+00
5.149912956759120419e+00
5.149182860731866818e+00
5.148409329086330644e+00
5.147577184170271991e+00
5.146702228069091056e+00
5.145793401479507700e+00
5.144848655417349370e+00
5.143881361067083269e+00
5.142891391768839249e+00
5.141887681588318770e+00
5.140883831783916946e+00
5.139881897598291616e+00
5.138884658619547352e+00
5.137905377402687712e+00
5.136943774923468098e+00
5.136018250018143938e+00
5.135126038297796569e+00
5.134281081884885189e+00
5.133503678768660095e+00
5.132763339534188063e+00
5.132092926159287138e+00
5.131488964624489668e+00
5.130958420589352365e+00
5.130510536834382407e+00
5.130125697061204804e+00
5.129834014858835722e+00
5.129621915213548711e+00
5.129494307741306436e+00
5.129459528307680038e+00
5.129517642291512303e+00
5.129658274570728871e+00
5.129890292337413449e+00
5.130191550156350644e+00
5.130586177272971504e+00
5.131047647794957811e+00
5.131583287170405683e+00
5.132177740758534057e+00
5.132825787714000221e+00
5.133514980649825254e+00
5.134238369142887670e+00
5.134989401078103199e+00
5.135763123309491363e+00
5.136555734327314937e+00
5.137357618337748733e+00
5.138155047199010284e+00
5.138943735337137220e+00
5.139715263372539589e+00
5.140468950322150121e+00
5.141182179799555385e+00
5.141847103065132707e+00
5.142468773326159592e+00
5.143041722303511420e+00
5.143570909811439051e+00
5.144035560725512823e+00
5.144420135109010417e+00
5.144747248826805119e+00
5.145003163343552011e+00
5.145207593361172727e+00
5.145339294107889039e+00
5.145401001106275629e+00
5.145402918425007854e+00
5.145325737986333081e+00
5.145190790602556241e+00
5.144974412573120937e+00
5.144681456619493609e+00
5.144324284502856059e+00
5.143886051149657135e+00
5.143390179732432621e+00
5.142817681477954928e+00
5.142177132488778390e+00
5.141482217507055807e+00
5.140735064269593479e+00
5.139943504901220983e+00
5.139090270371725389e+00
5.138182334573556886e+00
5.137231583492448905e+00
5.136241599144032222e+00
5.135219959811857748e+00
5.134159054355315277e+00
5.133068174765996972e+00
5.131958340825133469e+00
5.130836027906829244e+00
5.129708322332794168e+00
5.128581260265405284e+00
5.127468006582554416e+00
5.126370707572994512e+00
5.125291901724037480e+00
5.124235086710747566e+00
5.123208488942680106e+00
5.122231661649045087e+00
5.121288932533557769e+00
5.120398925067479290e+00
5.119550242693717834e+00
5.118766083838042213e+00
5.118046176628765487e+00
5.117386355148253685e+00
5.116789456987378415e+00
5.116253818394241648e+00
5.115792407141625198e+00
5.115430749440192493e+00
5.115135026303677890e+00
5.114930866555867262e+00
5.114808578677100925e+00
5.114774762549994414e+00
5.114830666049008379e+00
5.114968282631223495e+00
5.115203023827260331e+00
5.115531078702395540e+00
5.115937810255772433e+00
5.116415910101121511e+00
5.116976270465737109e+00
5.117598458020572672e+00
5.118299775733236245e+00
5.119059380380992508e+00
5.119864082946065764e+00
5.120718101202133887e+00
5.121608688621405392e+00
5.122541812075854573e+00
5.123498441143514270e+00
5.124479961408854756e+00
5.125479490100027569e+00
5.126490285037638373e+00
5.127504418282392784e+00
5.128515352992895515e+00
5.129519307626966729e+00
5.130512042059186761e+00
5.131498143537526424e+00
5.132451527877335273e+00
5.133375304578428278e+00
5.134258731542711729e+00
5.135101533024196918e+00
5.135910467891579678e+00
5.136655154614334862e+00
5.137351242615467051e+00
5.137985310940628381e+00
5.138559943413918418e+00
5.139083685292487935e+00
5.139516061483508480e+00
5.139881387105769583e+00
5.140163637040740419e+00
5.140369393932259001e+00
5.140509587688928406e+00
5.140562386107256465e+00
5.140537377160132593e+00
5.140411986077294770e+00
5.140214664863512084e+00
5.139926873540595409e+00
5.139536854533568899e+00
5.139064430764034519e+00
5.138495611159220822e+00
5.137860371379272095e+00
5.137148746011868994e+00
5.136357630400076424e+00
5.135507031811490819e+00
5.134604209942833286e+00
5.133659805936829024e+00
5.132668222097769295e+00
5.131632738469257049e+00
5.130564182905568593e+00
5.129470099492086987e+00
5.128359825892461643e+00
5.127234754620207724e+00
5.126104044748557520e+00
5.124983007295142556e+00
5.123870054168712329e+00
5.122782023755920733e+00
5.121712672470224881e+00
5.120694625584496507e+00
5.119734787030232326e+00
5.118833409978164717e+00
5.118008235005749640e+00
5.117246629802598257e+00
5.116564974619163486e+00
5.115958896299911629e+00
5.115452914854597743e+00
5.115035414567302041e+00
5.114712173251518834e+00
5.114491734022358571e+00
5.114359308222392819e+00
5.114338468813422800e+00
5.114413847790184597e+00
5.114591537376020014e+00
5.114857438017700986e+00
5.115257666667078595e+00
5.115756682341073613e+00
5.116357953284953908e+00
5.117055710886693198e+00
5.117825514112687380e+00
5.118699175749993557e+00
5.119646923055029220e+00
5.120667673979974133e+00
5.121743907739496393e+00
5.122877019678330868e+00
5.124080475454307226e+00
5.125329772119499694e+00
5.126618410383440683e+00
5.127936773036696927e+00
5.129281715934255637e+00
5.130655257587413587e+00
5.132045851831417593e+00
5.133453224484902044e+00
5.134869139676076166e+00
5.136279414479714589e+00
5.137676521574241484e+00
5.139058602337819970e+00
5.140414213125688470e+00
5.141747727577669735e+00
5.143043425415737779e+00
5.144302036051734639e+00
5.145526868512019014e+00
5.146691105623825813e+00
5.147806158323868786e+00
5.148852320720537890e+00
5.149832109098419153e+00
5.150753293966039870e+00
5.151588634436115477e+00
5.152343560268266565e+00
5.153016295765621813e+00
5.153598278609200278e+00
5.154116291326566568e+00
5.154545744841082744e+00
5.154875090939087912e+00
5.155125565470291882e+00
5.155273608860654555e+00
5.155364807757643497e+00
5.155370473443390722e+00
5.155296883798063945e+00
5.155144420779170567e+00
5.154905722989560068e+00
5.154607459372700262e+00
5.154215455531001133e+00
5.153739708318233248e+00
5.153182381233988529e+00
5.152539130366263542e+00
5.151837483784972527e+00
5.151048959857642551e+00
5.150185974827825142e+00
5.149253782919465117e+00
5.148262704676805690e+00
5.147219328573761743e+00
5.146136667645392571e+00
5.145006598672686948e+00
5.143838978997289146e+00
5.142648141226588976e+00
5.141440399131596450e+00
5.140224613687812472e+00
5.139009387410104601e+00
5.137799688792645370e+00
5.136611744156898141e+00
5.135447541317761377e+00
5.134308501547992343e+00
5.133217814928710432e+00
5.132169542304098719e+00
5.131185187241852574e+00
5.130251212707579889e+00
5.129389874479592493e+00
5.128622403285326037e+00
5.127951962417783172e+00
5.127371521993401515e+00
5.126887834659638266e+00
5.126524690455617872e+00
5.126271913229348165e+00
5.126123202266962053e+00
5.126097483666006482e+00
5.126159003175187578e+00
5.126356823820012565e+00
5.126668168197709541e+00
5.127074750329692066e+00
5.127611224952478786e+00
5.128217226791519145e+00
5.128923673185844301e+00
5.129685653674740387e+00
5.130527558031817037e+00
5.131454572382708079e+00
5.132422706487913544e+00
5.133441398146887380e+00
5.134486072960634750e+00
5.135562631714482684e+00
5.136663322228332440e+00
5.137772266942401522e+00
5.138886421176930064e+00
5.140001343417306856e+00
5.141112321990868317e+00
5.142210720706128058e+00
5.143298987823865964e+00
5.144357959109685297e+00
5.145396665114304824e+00
5.146398000198743716e+00
5.147351802441618496e+00
5.148271039131425475e+00
5.149142309132359152e+00
5.149977262023234026e+00
5.150743943604969566e+00
5.151428268480442441e+00
5.152052128578863410e+00
5.152599817033253871e+00
5.153090056817375419e+00
5.153484616543494212e+00
5.153772502432904190e+00
5.153984298150382060e+00
5.154105800542374993e+00
5.154160532819433094e+00
5.154131755687622274e+00
5.154008715998707579e+00
5.153790115293442220e+00
5.153471228991030273e+00
5.153082886997935930e+00
5.152614518430410406e+00
5.152063078608690283e+00
5.151446486588894480e+00
5.150748858999787849e+00
5.149993264999565667e+00
5.149171735819753515e+00
5.148295627933319629e+00
5.147366038885292205e+00
5.146371058252032782e+00
5.145329806235012349e+00
5.144238450479088343e+00
5.143110159810957427e+00
5.141948660265980742e+00
5.140756967392145604e+00
5.139550473641930850e+00
5.138331820544183692e+00
5.137106237884939475e+00
5.135874408137381053e+00
5.134651775088489245e+00
5.133436980571925545e+00
5.132248062443315995e+00
5.131079225194036475e+00
5.129944231015025835e+00
5.128866669487535113e+00
5.127822698977172244e+00
5.126843921047030683e+00
5.125911972325621235e+00
5.125049498927173985e+00
5.124276897114095952e+00
5.123576924752770267e+00
5.122968551095900658e+00
5.122453804303286340e+00
5.122030199606297352e+00
5.121716026652930687e+00
5.121502336923359877e+00
5.121401333257882271e+00
5.121401750705181222e+00
5.121494771231875021e+00
5.121721616470233052e+00
5.122022935458438120e+00
5.122435042382195824e+00
5.122919606314018104e+00
5.123488094666019066e+00
5.124154011615529747e+00
5.124869317793264933e+00
5.125649854847207365e+00
5.126470087551488142e+00
5.127332073756468489e+00
5.128232534387123565e+00
5.129156457417619386e+00
5.130096016758095345e+00
5.131046954699765905e+00
5.132001345985544027e+00
5.132953551867020181e+00
5.133898041927229983e+00
5.134826161795269961e+00
5.135739692830455283e+00
5.136630765431535295e+00
5.137492317938221476e+00
5.138333714761746940e+00
5.139138858624710871e+00
5.139911928855790180e+00
5.140640543260587059e+00
5.141312635102283757e+00
5.141946965762388189e+00
5.142522196144771129e+00
5.143062966511559253e+00
5.143544390172671399e+00
5.143944821589599314e+00
5.144289984301635421e+00
5.144551298924692873e+00
5.144764236462274098e+00
5.144898601555238038e+00
5.144932980219805607e+00
5.144901437674621825e+00
5.144778324066634489e+00
5.144602764992947996e+00
5.144346149767722309e+00
5.144001163150156763e+00
5.143595751243616121e+00
5.143099645319368030e+00
5.142551082762861547e+00
5.141922578829311696e+00
5.141236361431859692e+00
5.140477783176088167e+00
5.139640608969116009e+00
5.138750816452288817e+00
5.137785470726871750e+00
5.136769562679315726e+00
5.135696115958476859e+00
5.134567523243809717e+00
5.133405863734866514e+00
5.132210007774616223e+00
5.130990499573731434e+00
5.129745237099909261e+00
5.128481111395143621e+00
5.127205978202604264e+00
5.125923300105118763e+00
5.124636861103557983e+00
5.123350681382203398e+00
5.122074237781548689e+00
5.120812461989903142e+00
5.119577669518971419e+00
5.118363235014463442e+00
5.117179293724681166e+00
5.116041901948834791e+00
5.114948424565580076e+00
5.113913383427052040e+00
5.112938745188502665e+00
5.112027535754231522e+00
5.111217620017914243e+00
5.110469001474766237e+00
5.109826535600213049e+00
5.109261061231582524e+00
5.108796815964370630e+00
5.108459541889815547e+00
5.108224777000932804e+00
5.108130376589460120e+00
5.108197102210461082e+00
5.108374958242266395e+00
5.108689961451081452e+00
5.109135599042263998e+00
5.109730426388768620e+00
5.110450635793593932e+00
5.111285927387860362e+00
5.112220903429176566e+00
5.113276649880196700e+00
5.114454122724915841e+00
5.115712104382896364e+00
5.117061562779332107e+00
5.118482174667502882e+00
5.119981297495747263e+00
5.121543911638642754e+00
5.123159094247008660e+00
5.124822816046857632e+00
5.126514488550806270e+00
5.128230575713302208e+00
5.129961770716096048e+00
5.131698502692366937e+00
5.133436211290741902e+00
5.135163163932942254e+00
5.136869350763940467e+00
5.138536729755782240e+00
5.140158772709749080e+00
5.141746237966201782e+00
5.143289026561164157e+00
5.144797271284245355e+00
5.146243616434716728e+00
5.147614824268007538e+00
5.148930608573341061e+00
5.150177011954568229e+00
5.151371871995709562e+00
5.152481223884008976e+00
5.153511372524285150e+00
5.154471773150349101e+00
5.155340460929059176e+00
5.156141246872924633e+00
5.156831413227103589e+00
5.157421846854470360e+00
5.157925353999219809e+00
5.158343213143728789e+00
5.158680796491883491e+00
5.158883608224770434e+00
5.158965259286543592e+00
5.158940587615563622e+00
5.158813835442034978e+00
5.158592036481914889e+00
5.158218204680798280e+00
5.157738806795296505e+00
5.157134471651135144e+00
5.156420671682774071e+00
5.155615986701071130e+00
5.154699654396592834e+00
5.153704055216132396e+00
5.152594849210202277e+00
5.151400689225614116e+00
5.150128117095648328e+00
5.148771214526115969e+00
5.147360883694112488e+00
5.145893715660990075e+00
5.144384464215459474e+00
5.142842807214679013e+00
5.141268577914657634e+00
5.139678428363027685e+00
5.138078867386997928e+00
5.136485289823234268e+00
5.134915411811292074e+00
5.133369109075486492e+00
5.131860744845092803e+00
5.130387464057624136e+00
5.128979889791428270e+00
5.127652757208763568e+00
5.126392893534123196e+00
5.125214392434775945e+00
5.124113968428193999e+00
5.123129956614194569e+00
5.122253410186586642e+00
5.121500522907791897e+00
5.120843548741160767e+00
5.120305052738605589e+00
5.119890487570284421e+00
5.119620862495121827e+00
5.119473591981424043e+00
5.119479369853706885e+00
5.119613670648160308e+00
5.119862249639900220e+00
5.120237939429553187e+00
5.120713991743595983e+00
5.121313508932563430e+00
5.121994235103104032e+00
5.122775950540873424e+00
5.123658635874362766e+00
