0.000000000000000000e+00
0.000000000000000000e+00
-1.352735807813587863e-08
-8.188100991901589493e-08
-2.574226914475730621e-07
-5.731665464736580256e-07
-1.093798675810830731e-06
-1.488452182911714916e-06
-1.791108354609605285e-06
-1.392356082305923244e-06
2.394229318269943187e-07
3.571997783637926732e-06
9.381766701608283923e-06
1.939788487788973644e-05
3.478011492688893761e-05
5.728906163994907877e-05
8.863437831450939075e-05
1.299073538189077269e-04
1.875266656657004379e-04
2.664408497889780673e-04
3.705175258596682050e-04
5.028229523827576096e-04
6.646646503736517754e-04
8.625849280883808937e-04
1.098556904159977022e-03
1.384131511711075022e-03
1.721246590875579862e-03
2.119418581985428249e-03
2.585659859739735267e-03
3.130036419295265278e-03
3.756180083416892773e-03
4.487114897035552989e-03
5.322655415200187520e-03
6.280470242761565861e-03
7.369876256250335218e-03
8.603275543116522747e-03
9.985284334086370200e-03
1.152586263980765607e-02
1.323514593210120723e-02
1.513148975934882831e-02
1.722223830785651888e-02
1.950828922357459791e-02
2.200019208159346984e-02
2.469816831316848024e-02
2.762903956141371867e-02
3.078517464365859019e-02
3.415019956793684253e-02
3.776091066565412380e-02
4.159889725413219719e-02
4.565681544508830292e-02
4.994112727608576718e-02
5.445212868418589786e-02
5.914747861590282513e-02
6.404551265206234745e-02
6.912047443356411636e-02
7.440889654126063568e-02
7.988755104508296623e-02
8.554256019558803548e-02
9.136574206318753832e-02
9.735965785946743001e-02
1.035335331913461027e-01
1.098928981777657909e-01
1.163945495840539301e-01
1.230640518423547214e-01
1.298958658930291221e-01
1.369130682703484370e-01
1.441143196579445784e-01
1.514859568830956293e-01
1.590419155117501204e-01
1.668220674749840426e-01
1.748236649986732727e-01
1.830733895060051297e-01
1.915663254019249195e-01
2.002745437380301641e-01
2.092414754387366405e-01
2.184443527218329351e-01
2.279416090008246076e-01
2.377059548851477300e-01
2.477281206604468045e-01
2.580158167835699401e-01
2.685705822464453663e-01
2.793348186966406743e-01
2.903510230537879044e-01
3.015800326820837762e-01
3.129929846283423522e-01
3.245786386486517183e-01
3.363361721989142072e-01
3.482803243156897266e-01
3.604293650146948580e-01
3.727465206142890342e-01
3.852601545807348704e-01
3.979492908474431823e-01
4.108645444866644292e-01
4.239911299702153746e-01
4.372981315609440478e-01
4.507631522175297722e-01
4.644046717640385458e-01
4.782079583164677850e-01
4.922114723679050785e-01
5.063762420174107159e-01
5.207501679417120277e-01
5.353227418419348460e-01
5.501206654068456769e-01
5.651168411728368923e-01
5.803375655170904812e-01
5.957839876171576732e-01
6.113904148098455726e-01
6.271890550610051962e-01
6.431562536713109068e-01
6.593201285358891717e-01
6.756680017467959765e-01
6.921839064117893958e-01
7.088757401463017249e-01
7.257633739468081213e-01
7.428212254997714759e-01
7.601057022568209476e-01
7.775964730736238950e-01
7.952411311623079904e-01
8.130567985531312880e-01
8.310051423069461096e-01
8.491153913494571270e-01
8.673794251438602387e-01
8.857835596558079061e-01
9.043269616123661425e-01
9.230099898334965802e-01
9.418095975872500247e-01
9.607534450050814190e-01
9.798216777798158805e-01
9.990406077858431377e-01
1.018413888787887966e+00
1.037932116365097635e+00
1.057600578641556544e+00
1.077416319226883745e+00
1.097363617992066498e+00
1.117466273879670347e+00
1.137710979556702862e+00
1.158096821880006067e+00
1.178638418292664802e+00
1.199332967376374404e+00
1.220171425914430063e+00
1.241191440200471341e+00
1.262383692836427151e+00
1.283752048587464722e+00
1.305284543609284809e+00
1.327004492854737761e+00
1.348891029929780494e+00
1.370956481074952382e+00
1.393183827972077626e+00
1.415544298267030099e+00
1.438046076869630152e+00
1.460663996314667701e+00
1.483400569533967150e+00
1.506237054443025025e+00
1.529148915385865726e+00
1.552136879539155689e+00
1.575180914973878465e+00
1.598278165435456755e+00
1.621411293124818354e+00
1.644566891765260053e+00
1.667734819030427529e+00
1.690901635265016134e+00
1.714053567027711500e+00
1.737176535701417723e+00
1.760269647216462952e+00
1.783325167274141254e+00
1.806345825767183388e+00
1.829321010684633375e+00
1.852245631789827263e+00
1.875105252837800940e+00
1.897892575835847584e+00
1.920599952315949821e+00
1.943215318298005423e+00
1.965731137370728687e+00
1.988134313201569636e+00
2.010421190833710625e+00
2.032588189220093433e+00
2.054624872779510891e+00
2.076529303168915153e+00
2.098290384387634155e+00
2.119906397437713252e+00
2.141371772861144329e+00
2.162690289592406501e+00
2.183841086005827936e+00
2.204829846000334825e+00
2.225638292407653207e+00
2.246272478675506168e+00
2.266736941909453851e+00
2.287033906554839291e+00
2.307162771796843703e+00
2.327123400544783838e+00
2.346911740874907615e+00
2.366513250445982930e+00
2.385927171086928755e+00
2.405141277885100237e+00
2.424165970658919367e+00
2.443001294707915161e+00
2.461654819821974538e+00
2.480123456096312573e+00
2.498412949418685081e+00
2.516518662547728713e+00
2.534445498561522570e+00
2.552207209443709157e+00
2.569842361783644336e+00
2.587346985911986419e+00
2.604718916988036259e+00
2.621954023217818452e+00
2.639052967404982741e+00
2.656015271520277832e+00
2.672841264581343523e+00
2.689531384086271792e+00
2.706084110116621755e+00
2.722492970800062917e+00
2.738765254592558485e+00
2.754894794797560387e+00
2.770906463241240569e+00
2.786800929879805544e+00
2.802574251269957628e+00
2.818229808187147967e+00
2.833786770677229505e+00
2.849235745048185997e+00
2.864591308211942966e+00
2.879841760968825159e+00
2.894986639594695266e+00
2.910035660838744764e+00
2.924996132230422319e+00
2.939861170625349907e+00
2.954646930074355193e+00
2.969358924007079015e+00
2.983988594388625071e+00
2.998534186458251316e+00
3.013002911185882038e+00
3.027389613961837256e+00
3.041703812455794687e+00
3.055935073470733343e+00
3.070081532573364136e+00
3.084152215098999061e+00
3.098137404298446640e+00
3.112030343389175169e+00
3.125841484641692869e+00
3.139565392112396491e+00
3.153197295045517379e+00
3.166735964393279978e+00
3.180183623408935123e+00
3.193533748960158292e+00
3.206793652152678309e+00
3.219961169337889562e+00
3.233035898780485695e+00
3.246024721240660327e+00
3.258927618837019757e+00
3.271744231557508709e+00
3.284483340358396841e+00
3.297144917821547061e+00
3.309729575490614195e+00
3.322247285222669877e+00
3.334695753430982901e+00
3.347078136777540180e+00
3.359401950215955779e+00
3.371667079305311621e+00
3.383874247645994426e+00
3.396033466434140724e+00
3.408139269923825765e+00
3.420189360952038626e+00
3.432185034131665091e+00
3.444124088859219501e+00
3.456003869151730523e+00
3.467819219207425085e+00
3.479565399264950898e+00
3.491249931430477904e+00
3.502865534400601000e+00
3.514412206983227094e+00
3.525892010306972413e+00
3.537300023412365046e+00
3.548650758838314268e+00
3.559939108466762203e+00
3.571176537847178700e+00
3.582362366294520317e+00
3.593511517619746076e+00
3.604619347428934972e+00
3.615691220140116791e+00
3.626719972467081998e+00
3.637705878591197095e+00
3.648652502870219028e+00
3.659560261344569021e+00
3.670432310676233989e+00
3.681267382478373484e+00
3.692061833715098551e+00
3.702813659286158465e+00
3.713516994094507861e+00
3.724177237128870832e+00
3.734796833371775371e+00
3.745374464368479650e+00
3.755908116674082642e+00
3.766391475772516984e+00
3.776830899095195093e+00
3.787221972322124319e+00
3.797565465545314822e+00
3.807855414724010235e+00
3.818090780353206259e+00
3.828273345803875127e+00
3.838400723313945662e+00
3.848475287532466815e+00
3.858491874313014769e+00
3.868450460409778469e+00
3.878346121883052611e+00
3.888173163509029084e+00
3.897926746582645041e+00
3.907611779546397379e+00
3.917225937819140746e+00
3.926767014836924918e+00
3.936227405047076910e+00
3.945606444453853445e+00
3.954906907057422760e+00
3.964130213832515626e+00
3.973277453755992727e+00
3.982347402548449988e+00
3.991347367739337404e+00
4.000277089452403345e+00
4.009143246984140596e+00
4.017939701652186280e+00
4.026667351102488190e+00
4.035333761548654863e+00
4.043933415388718977e+00
4.052465828632966449e+00
4.060925760841027632e+00
4.069313114261285058e+00
4.077630903696671361e+00
4.085875138616218649e+00
4.094046745276107124e+00
4.102141355251921695e+00
4.110160657143248741e+00
4.118109272694243650e+00
4.125983731126440901e+00
4.133782314037932615e+00
4.141502986526145236e+00
4.149149093007697076e+00
4.156720511889113290e+00
4.164214740967405959e+00
4.171630395626677590e+00
4.178966445302619626e+00
4.186226513361587465e+00
4.193407854413642610e+00
4.200506733631744538e+00
4.207527343606606074e+00
4.214462938880576992e+00
4.221319497203483984e+00
4.228096240138664363e+00
4.234788263415947718e+00
4.241398532366409846e+00
4.247923530912056655e+00
4.254366782283439896e+00
4.260725592350617319e+00
4.266996436690940975e+00
4.273184015130653712e+00
4.279285256838455176e+00
4.285304561233177267e+00
4.291239169811859711e+00
4.297085759615555389e+00
4.302844918346061753e+00
4.308514956807746543e+00
4.314101775860443411e+00
4.319602931713714788e+00
4.325022917961730329e+00
4.330365471815718514e+00
4.335630906796111184e+00
4.340823304032934260e+00
4.345943981384886357e+00
4.350995235418928964e+00
4.355983061170234372e+00
4.360907043790473558e+00
4.365771394943847028e+00
4.370578208839550172e+00
4.375329735552921484e+00
4.380031357979430773e+00
4.384684051251068304e+00
4.389291320418968745e+00
4.393853995179787475e+00
4.398374615585462166e+00
4.402858232831613705e+00
4.407307325279371746e+00
4.411724763190405518e+00
4.416112488186019647e+00
4.420472621297496296e+00
4.424809289252418232e+00
4.429126174425737972e+00
4.433425377881186513e+00
4.437709904586927934e+00
4.441981047069686106e+00
4.446242175078052306e+00
4.450498390173572183e+00
4.454751193499225437e+00
4.459004791354793440e+00
4.463259869789737877e+00
4.467514330124515709e+00
4.471770194148677824e+00
4.476026510870116937e+00
4.480285999154704157e+00
4.484548387801306824e+00
4.488810775851863610e+00
4.493074630176681517e+00
4.497338599836485429e+00
4.501605111336366427e+00
4.505873661017075982e+00
4.510141249572889421e+00
4.514409189796107391e+00
4.518676080977575893e+00
4.522944101071017187e+00
4.527212822413104298e+00
4.531479238843576951e+00
4.535744620835440166e+00
4.540007609402793243e+00
4.544270355081217794e+00
4.548532468056337486e+00
4.552790660535946721e+00
4.557046411311283407e+00
4.561298412060394547e+00
4.565548777556077020e+00
4.569797139441623912e+00
4.574040195619716975e+00
4.578279438590660888e+00
4.582513203000678992e+00
4.586743990158692164e+00
4.590971107160703113e+00
4.595191652154580808e+00
4.599406736170903898e+00
4.603615168904917176e+00
4.607819340204851954e+00
4.612018364047663965e+00
4.616209471797603214e+00
4.620393675839562064e+00
4.624569864248891271e+00
4.628739985799451340e+00
4.632903570210594957e+00
4.637057923054354269e+00
4.641203920220989154e+00
4.645340546643394575e+00
4.649469619369167361e+00
4.653590621328015153e+00
4.657700678980011944e+00
4.661801095282693375e+00
4.665890900766513028e+00
4.669971702372690991e+00
4.674042889153620983e+00
4.678101716315409497e+00
4.682149389361998537e+00
4.686184986805579378e+00
4.690209978794714907e+00
4.694223728155753506e+00
4.698223501121661094e+00
4.702210493957659665e+00
4.706183776235243421e+00
4.710144744193217825e+00
4.714092493033072095e+00
4.718024461245198253e+00
4.721942029869217627e+00
4.725843695377964337e+00
4.729731931066174511e+00
4.733605637228148311e+00
4.737462002014773077e+00
4.741302539086001744e+00
4.745125456130164565e+00
4.748933500325339452e+00
4.752724827205794256e+00
4.756497907316342477e+00
4.760253488099232655e+00
4.763990811383381541e+00
4.767712454175606851e+00
4.771416071331159969e+00
4.775100165283339138e+00
4.778765296017782660e+00
4.782410655593531956e+00
4.786038055395740898e+00
4.789647355651517557e+00
4.793235084688325820e+00
4.796802884316106130e+00
4.800348994111677037e+00
4.803876157676835845e+00
4.807383229410311820e+00
4.810867853140494255e+00
4.814330283677241695e+00
4.817770273959299132e+00
4.821189191615244063e+00
4.824585458314081698e+00
4.827957117235323281e+00
4.831304568028112811e+00
4.834627738570829614e+00
4.837927725886960850e+00
4.841202973103184704e+00
4.844451954042574116e+00
4.847675021266600659e+00
4.850872072255274503e+00
4.854044234728476681e+00
4.857192033803126030e+00
4.860316838299890918e+00
4.863417587852141288e+00
4.866492907976768478e+00
4.869543429588936156e+00
4.872569378590248412e+00
4.875571738159321100e+00
4.878549132322929083e+00
4.881500034010074707e+00
4.884425560509821018e+00
4.887325341379304966e+00
4.890200231945178722e+00
4.893049104189536536e+00
4.895870463525913152e+00
4.898662521516941482e+00
4.901423652743957859e+00
4.904152381097935276e+00
4.906846326267384484e+00
4.909506590342187060e+00
4.912132458662650691e+00
4.914723598634860302e+00
4.917279047941824466e+00
4.919796953773161619e+00
4.922278853183647662e+00
4.924724094694514775e+00
4.927132635688444395e+00
4.929503432339092051e+00
4.931834773248096937e+00
4.934128304993769198e+00
4.936385005092285283e+00
4.938605093782804545e+00
4.940786536460778144e+00
4.942928551113268121e+00
4.945031470036170163e+00
4.947097554033658362e+00
4.949127426570316679e+00
4.951120462095399688e+00
4.953075492506880728e+00
4.954993135755916711e+00
4.956875362223049031e+00
4.958723271762988105e+00
4.960536317205093582e+00
4.962313989972733097e+00
4.964055822914504645e+00
4.965765604650641762e+00
4.967443303888703809e+00
4.969090221798087903e+00
4.970705364471341703e+00
4.972287941401863698e+00
4.973841531848574249e+00
4.975365980094337282e+00
4.976863052373791341e+00
4.978330704992676381e+00
4.979769799387121054e+00
4.981182750886343769e+00
4.982570965414902631e+00
4.983936061834951303e+00
4.985275494879146230e+00
4.986589889204164017e+00
4.987881537949701460e+00
4.989151853447814311e+00
4.990401445155997706e+00
4.991629548421164131e+00
4.992835379963775466e+00
4.994023630147833792e+00
4.995193295231123543e+00
4.996346107175607010e+00
4.997481120949645472e+00
4.998597410744090475e+00
4.999699062978884001e+00
5.000785599997302100e+00
5.001858105486292949e+00
5.002915640225668703e+00
5.003957303067704032e+00
5.004986855959555392e+00
5.006004605269094299e+00
5.007011204933782267e+00
5.008005793293971664e+00
5.008987426584619485e+00
5.009959423741360496e+00
5.010922910546919518e+00
5.011878233676812400e+00
5.012824533259532700e+00
5.013760820305011023e+00
5.014690372845193700e+00
5.015614552026650408e+00
5.016533425128123724e+00
5.017446189573071536e+00
5.018351648276708765e+00
5.019250936558507625e+00
5.020146856134795499e+00
5.021038427179717267e+00
5.021926867043638332e+00
5.022810252508186579e+00
5.023689038580320343e+00
5.024560779010913691e+00
5.025423115169665778e+00
5.026275249024887870e+00
5.027113122915883636e+00
5.027934189191123338e+00
5.028733692368527741e+00
5.029510106345674636e+00
5.030263476198576278e+00
5.030995135655664363e+00
5.031705626746677318e+00
5.032392704462670174e+00
5.033056306069755514e+00
5.033696282630823582e+00
5.034313202848695212e+00
5.034906510761045340e+00
5.035474474294147740e+00
5.036015400750598836e+00
5.036529878316483355e+00
5.037017800597509698e+00
5.037480567483267890e+00
5.037916920943222188e+00
5.038325853286346856e+00
5.038708150958679077e+00
5.039064164062999396e+00
5.039395576952062861e+00
5.039701811647080198e+00
5.039981178356372382e+00
5.040235140876882625e+00
5.040463496627324957e+00
5.040668808588797845e+00
5.040850312368982955e+00
5.041007002623789646e+00
5.041140705741979033e+00
5.041250463727900311e+00
5.041339462552258510e+00
5.041406627231317827e+00
5.041451069739687263e+00
5.041474329667671839e+00
5.041476356907788947e+00
5.041459866580827232e+00
5.041424822740064648e+00
5.041369372101307533e+00
5.041296242114893467e+00
5.041204948576903710e+00
5.041097915938860474e+00
5.040975818720450974e+00
5.040835648507615119e+00
5.040679957925145338e+00
5.040507487322008373e+00
5.040321933331703974e+00
5.040123007281487766e+00
5.039908709007119292e+00
5.039680656793331437e+00
5.039439115750407261e+00
5.039186454250281777e+00
5.038922280094390693e+00
5.038644628285235072e+00
5.038355154062426955e+00
5.038053860592460964e+00
5.037742879132544260e+00
5.037422478015338712e+00
5.037092543209707785e+00
5.036757472718869977e+00
5.036419792438660892e+00
5.036080762038741554e+00
5.035740862230571935e+00
5.035400065223488042e+00
5.035059969576808570e+00
5.034724051619680729e+00
5.034391133117289030e+00
5.034062640781312936e+00
5.033736253495126434e+00
5.033412109839527915e+00
5.033092915865390538e+00
5.032776814962534928e+00
5.032464816740511715e+00
5.032154299041984302e+00
5.031845214797911581e+00
5.031540035552141354e+00
5.031236855427530408e+00
5.030936610235628770e+00
5.030636693763342215e+00
5.030337096660193907e+00
5.030040232131983480e+00
5.029744264281148958e+00
5.029450050539130856e+00
5.029155066407079211e+00
5.028859353347474581e+00
5.028565254698301068e+00
5.028272432706112127e+00
5.027983841973151513e+00
5.027699822339024571e+00
5.027418191025759597e+00
5.027141099872793895e+00
5.026867960749920705e+00
5.026601641273853005e+00
5.026342469512281141e+00
5.026088180321064414e+00
5.025840901399758032e+00
5.025599925762769260e+00
5.025368141813930656e+00
5.025145896135626344e+00
5.024931798635779323e+00
5.024724283500372479e+00
5.024521367403476546e+00
5.024326416219381919e+00
5.024141341375915282e+00
5.023966555020568769e+00
5.023801857217010891e+00
5.023646155058201224e+00
5.023502488837372937e+00
5.023371743208525864e+00
5.023252525471878727e+00
5.023142469928394860e+00
5.023038113613407241e+00
5.022940888388808034e+00
5.022850477232393196e+00
5.022764558319729566e+00
5.022680097141099864e+00
5.022593410976958772e+00
5.022505725978670732e+00
5.022416217227264390e+00
5.022322533757225038e+00
5.022221281493814082e+00
5.022109226689472905e+00
5.021987456905454117e+00
5.021854434854149396e+00
5.021707972532868602e+00
5.021544287617117241e+00
5.021360510664790056e+00
5.021157585403680734e+00
5.020934611747772003e+00
5.020689669514805331e+00
5.020424848369121840e+00
5.020140415227770880e+00
5.019840740284681857e+00
5.019525778054058307e+00
5.019195467254876419e+00
5.018851682117937862e+00
5.018495923711714823e+00
5.018132594174502970e+00
5.017761727816223427e+00
5.017383078655957007e+00
5.016999487600087626e+00
5.016611377692580476e+00
5.016222796163321007e+00
5.015834991394341635e+00
5.015446806124211676e+00
5.015061903840662083e+00
5.014680198414981582e+00
5.014306367545187548e+00
5.013941773271919367e+00
5.013584824002148110e+00
5.013238905279695956e+00
5.012904049179315535e+00
5.012584709397315486e+00
5.012282972114889823e+00
5.011996796189604808e+00
5.011729642546533192e+00
5.011481140537917156e+00
5.011255919172226569e+00
5.011055685917645164e+00
5.010877649581790827e+00
5.010726334613548438e+00
5.010600907572346330e+00
5.010506121481571817e+00
5.010443804262009415e+00
5.010410581140583020e+00
5.010411331730626472e+00
5.010443901987942539e+00
5.010514532351130867e+00
5.010625115982452193e+00
5.010771559947364118e+00
5.010958612081787500e+00
5.011186129902681863e+00
5.011454754253109378e+00
5.011760962144663267e+00
5.012099690796067541e+00
5.012473402903606434e+00
5.012880590358007815e+00
5.013320642509687453e+00
5.013789443993199590e+00
5.014281972632934625e+00
5.014799354882170768e+00
5.015341086485614497e+00
5.015905823135008212e+00
5.016489419699837526e+00
5.017087255031992932e+00
5.017700687968362772e+00
5.018328283974159199e+00
5.018969059908021002e+00
5.019620306664334564e+00
5.020279263579475959e+00
5.020948750623690948e+00
5.021629338585960944e+00
5.022320697778093646e+00
5.023021333092080987e+00
5.023729691081870286e+00
5.024443508782614032e+00
5.025159960785139823e+00
5.025876301177968131e+00
5.026589531102407804e+00
5.027296756678450329e+00
5.027994762533533724e+00
5.028681070008505394e+00
5.029357516565550412e+00
5.030024552592266218e+00
5.030681300708280901e+00
5.031326082595812821e+00
5.031957561546194668e+00
5.032578259841727686e+00
5.033189126500118071e+00
5.033789650523293524e+00
5.034378373236586768e+00
5.034954019026090855e+00
5.035519306236138526e+00
5.036075174459448078e+00
5.036621168130268167e+00
5.037156395712125700e+00
5.037679397151996419e+00
5.038192898207535464e+00
5.038697742806007795e+00
5.039193529435623375e+00
5.039679466397691598e+00
5.040153636210787269e+00
5.040619516545164380e+00
5.041077419729161235e+00
5.041527587496864804e+00
5.041969110877441373e+00
5.042399908327685587e+00
5.042823388450966782e+00
5.043240192295241009e+00
5.043650029511379529e+00
5.044051716835427079e+00
5.044443779164182295e+00
5.044829203025624764e+00
5.045209060632811493e+00
5.045582895376908183e+00
5.045949504994975854e+00
5.046307408646868886e+00
5.046659542047607694e+00
5.047006960199404979e+00
5.047349249520530101e+00
5.047685162075985943e+00
5.048013108768691026e+00
5.048333624401321273e+00
5.048645757832755265e+00
5.048951593754073208e+00
5.049250947539885459e+00
5.049542018850525338e+00
5.049826818988850441e+00
5.050105177262059541e+00
5.050379946888615912e+00
5.050651349169393178e+00
5.050917713479329940e+00
5.051181369968881008e+00
5.051442133099962817e+00
5.051703016632427712e+00
5.051964407642563160e+00
5.052224528850247864e+00
5.052485689525684442e+00
5.052747602542122962e+00
5.053013327405979638e+00
5.053283394412328100e+00
5.053555830088633627e+00
5.053833094374466484e+00
5.054114728463072304e+00
5.054403917943317559e+00
5.054701285218079931e+00
5.055004682657500581e+00
5.055316732158146920e+00
5.055636655842146610e+00
5.055967964683851790e+00
5.056311164018890913e+00
5.056664201026043415e+00
5.057029447523138543e+00
5.057406513658545322e+00
5.057798951422057598e+00
5.058207313385985948e+00
5.058629422490679595e+00
5.059067815211795605e+00
5.059521981594347295e+00
5.059995383364342736e+00
5.060488862809919830e+00
5.061000276175521506e+00
5.061531086904190069e+00
5.062078484972199810e+00
5.062642609332880461e+00
5.063225839254640093e+00
5.063824637984119192e+00
5.064438490984222163e+00
5.065062158373377699e+00
5.065693453145406977e+00
5.066332501736663829e+00
5.066974722189090841e+00
5.067618244630478053e+00
5.068257568744204633e+00
5.068890214157485197e+00
5.069515543249628386e+00
5.070129100387177346e+00
5.070729169962188365e+00
5.071315970947226859e+00
5.071890979302307478e+00
5.072455366109689834e+00
5.073007074599345856e+00
5.073545394172152889e+00
5.074071016390999667e+00
5.074585854453227185e+00
5.075091686067366048e+00
5.075586367701374613e+00
5.076069153887416086e+00
5.076541309547806691e+00
5.077004598756517773e+00
5.077460921337094035e+00
5.077908046473945447e+00
5.078345264909052581e+00
5.078773736884080847e+00
5.079195254375420632e+00
5.079611831573032532e+00
5.080021122996888572e+00
5.080422478509328599e+00
5.080816977177939897e+00
5.081206279848896834e+00
5.081592607726538091e+00
5.081973524582767077e+00
5.082348472220085789e+00
5.082718488541624779e+00
5.083085278985283395e+00
5.083451097426196164e+00
5.083813493182142373e+00
5.084171979618449910e+00
5.084527559061726265e+00
5.084881938290974013e+00
5.085237444755811964e+00
5.085591690396149112e+00
5.085944010918218794e+00
5.086295425933976766e+00
5.086647686367113508e+00
5.087003194471079404e+00
5.087359632668275289e+00
5.087716334243495453e+00
5.088072336917002225e+00
5.088426051479954637e+00
5.088776031700152025e+00
5.089120485452193421e+00
5.089457554896552161e+00
5.089785421309252378e+00
5.090102066514272217e+00
5.090405986854064757e+00
5.090696297628063860e+00
5.090972980377453716e+00
5.091236790702867943e+00
5.091487965178864705e+00
5.091728016738968243e+00
5.091957541820780975e+00
5.092177945566552566e+00
5.092390310676027099e+00
5.092595511940496422e+00
5.092795431954042940e+00
5.092990938243643129e+00
5.093183558215574003e+00
5.093374463678524755e+00
5.093564698142185598e+00
5.093755964567139749e+00
5.093949302830920622e+00
5.094146140129493183e+00
5.094347649687157364e+00
5.094555124012008385e+00
5.094769947049394787e+00
5.094993390389904953e+00
5.095226780758427942e+00
5.095471429811048836e+00
5.095728677460181544e+00
5.095999891017752859e+00
5.096286389664935079e+00
5.096589647461848394e+00
5.096910966974869339e+00
5.097251815316454326e+00
5.097614413504676811e+00
5.097994585451859351e+00
5.098390033994991022e+00
5.098799558025974399e+00
5.099222903852540512e+00
5.099660816532749941e+00
5.100108240177114283e+00
5.100562357311327233e+00
5.101021675323327287e+00
5.101485587773103347e+00
5.101954226163406325e+00
5.102422482413430771e+00
5.102887462754924996e+00
5.103347630691906112e+00
5.103802486998221255e+00
5.104251562212785309e+00
5.104690232020995921e+00
5.105115262014051858e+00
5.105525675122818186e+00
5.105921141472835600e+00
5.106300719869514282e+00
5.106663473402341502e+00
5.107006917153676717e+00
5.107329810825367744e+00
5.107634481606263321e+00
5.107920900569488332e+00
5.108188334261258845e+00
5.108435674165566986e+00
5.108660874706884236e+00
5.108866919004547924e+00
5.109053634726632431e+00
5.109220155370611138e+00
5.109365219059589514e+00
5.109486950622129875e+00
5.109588162810733358e+00
5.109668413573136725e+00
5.109727401505415934e+00
5.109763473845278625e+00
5.109775355237262673e+00
5.109765268169768504e+00
5.109733523644001352e+00
5.109679056817158838e+00
5.109600286848335671e+00
5.109496206372469373e+00
5.109368964379147116e+00
5.109218939003958404e+00
5.109045195525004246e+00
5.108845960201188419e+00
5.108620511834933708e+00
5.108370813579722558e+00
5.108097501975907839e+00
5.107799570133401801e+00
5.107475020756437445e+00
5.107123781313612554e+00
5.106747560744597791e+00
5.106348193307830741e+00
5.105928848741069892e+00
5.105490535070613234e+00
5.105037003403021245e+00
5.104570946005595466e+00
5.104094463979316210e+00
5.103609138337385609e+00
5.103115525638175498e+00
5.102615645622325502e+00
5.102111693938685022e+00
5.101605935042214490e+00
5.101100817379965235e+00
5.100598449578001237e+00
5.100101349969818010e+00
5.099612403606487376e+00
5.099134214316917380e+00
5.098669752461327143e+00
5.098221382704985594e+00
5.097792494801295149e+00
5.097386563477527943e+00
5.097000865546477577e+00
5.096634829585862114e+00
5.096288398337972758e+00
5.095963493531061594e+00
5.095662326106292994e+00
5.095381311645222233e+00
5.095119257179510086e+00
5.094876219165931808e+00
5.094653021117160563e+00
5.094451479112217740e+00
5.094268142302940561e+00
5.094101693035522516e+00
5.093952196772628227e+00
5.093820193848991984e+00
5.093708063104608108e+00
5.093611459249117956e+00
5.093529909757385177e+00
5.093461812242353837e+00
5.093408526383760737e+00
5.093372674317985016e+00
5.093350206999061491e+00
5.093340559653192656e+00
5.093342436941934892e+00
5.093357911114478220e+00
5.093388542116050743e+00
5.093430705915567458e+00
5.093483910385880442e+00
5.093546386205021648e+00
5.093616552862700431e+00
5.093693467660236784e+00
5.093775010064605091e+00
5.093860379226867963e+00
5.093948058897992404e+00
5.094036609700311580e+00
5.094124779219169064e+00
5.094215316681550476e+00
5.094309726462127763e+00
5.094412056545155387e+00
5.094524606440575809e+00
5.094646624692143355e+00
5.094782323886068554e+00
5.094932745892913672e+00
5.095102914862693844e+00
5.095295425180704996e+00
5.095509259395659463e+00
5.095749356404305708e+00
5.096016869612396860e+00
5.096311912138375533e+00
5.096632476013513546e+00
5.096974558506521369e+00
5.097340768065665273e+00
5.097731307533000411e+00
5.098145793278132665e+00
5.098581899714089261e+00
5.099035484765089166e+00
5.099508627105868719e+00
5.100001303900397076e+00
5.100512733210242011e+00
5.101040837627268232e+00
5.101581139687813682e+00
5.102136110637702338e+00
5.102704779405511815e+00
5.103285365078962244e+00
5.103874496009566109e+00
5.104467681620635133e+00
5.105065550331391755e+00
5.105666770536817722e+00
5.106269100468970201e+00
5.106868773598588263e+00
5.107461326543607072e+00
5.108047612991550857e+00
5.108626180898765412e+00
5.109194560323278012e+00
5.109748848241190800e+00
5.110285418864705775e+00
5.110804752495506698e+00
5.111304989021638434e+00
5.111783703465381912e+00
5.112236941319326711e+00
5.112661957230787202e+00
5.113059060212592932e+00
5.113427716356138575e+00
5.113769103523710946e+00
5.114083158422627839e+00
5.114372544225672002e+00
5.114640358865628400e+00
5.114887443922827792e+00
5.115116033081332780e+00
5.115326397132494485e+00
5.115520872149981635e+00
5.115701037675505880e+00
5.115864357401049389e+00
5.116009906243895955e+00
5.116138026856249965e+00
5.116249603649964506e+00
5.116345277123516944e+00
5.116421756504466956e+00
5.116477687724299450e+00
5.116513012777912373e+00
5.116528562717038930e+00
5.116524657340096205e+00
5.116498121971571500e+00
5.116447421361999481e+00
5.116372729612822745e+00
5.116274678584497693e+00
5.116153522132274034e+00
5.116005977539654914e+00
5.115830861458865009e+00
5.115628189517495095e+00
5.115398297271070760e+00
5.115142133625535159e+00
5.114858747793672222e+00
5.114547831973371039e+00
5.114211620649633083e+00
5.113850935360725991e+00
5.113469668103692634e+00
5.113068966901240131e+00
5.112649179211197215e+00
5.112213901279805128e+00
5.111765200531420916e+00
5.111307029312786909e+00
5.110841961911258835e+00
5.110369626542863308e+00
5.109891040062842116e+00
5.109407535082040042e+00
5.108920385277209597e+00
5.108431615678904691e+00
5.107937165720700001e+00
5.107435329294143678e+00
5.106925158573626611e+00
5.106407415455518795e+00
5.105882513670561451e+00
5.105346624290881152e+00
5.104797057433363427e+00
5.104233597552712887e+00
5.103656103050645321e+00
5.103065254798467620e+00
5.102456640227075013e+00
5.101828269062870902e+00
5.101180080248350457e+00
5.100511166451806133e+00
5.099821626765960403e+00
5.099107252953881009e+00
5.098366054965490335e+00
5.097597590906851828e+00
5.096801711840861948e+00
5.095979246048564448e+00
5.095131391434306600e+00
5.094259065984124923e+00
5.093363725243443163e+00
5.092446921019189610e+00
5.091510307116739575e+00
5.090555352343551831e+00
5.089584054498306642e+00
5.088597862271898364e+00
5.087598748578065155e+00
5.086588421387904013e+00
5.085568210332029437e+00
5.084540463982456515e+00
5.083506464435094685e+00
5.082468404321306643e+00
5.081427544800871665e+00
5.080385456754201279e+00
5.079344018770688862e+00
5.078304546250337559e+00
5.077269005252355250e+00
5.076238720787997316e+00
5.075215271039243525e+00
5.074200267641184148e+00
5.073195214344498716e+00
5.072201658113238310e+00
5.071221149040695764e+00
5.070255175678370918e+00
5.069305258391737290e+00
5.068373159466624145e+00
5.067459927348733295e+00
5.066567398010135115e+00
5.065696911512255873e+00
5.064850016979814740e+00
5.064028015433193808e+00
5.063232762737514214e+00
5.062467392606975203e+00
5.061727592049481750e+00
5.061010553984286453e+00
5.060315346641782064e+00
5.059641667304877188e+00
5.058991133196596657e+00
5.058358293546679540e+00
5.057740269488039786e+00
5.057135697527172624e+00
5.056543971373083757e+00
5.055966053901555846e+00
5.055396478956881268e+00
5.054832368305270052e+00
5.054272042846625013e+00
5.053715238308852165e+00
5.053162397554462615e+00
5.052608089370971278e+00
5.052049477061575367e+00
5.051484853437488987e+00
5.050913965626007140e+00
5.050336514747088223e+00
5.049747846683803942e+00
5.049145041851642368e+00
5.048526286444010580e+00
5.047891690543234056e+00
5.047240525966822489e+00
5.046572172081410734e+00
5.045885152107418392e+00
5.045178454255998091e+00
5.044455913788021384e+00
5.043718014469683375e+00
5.042965142017543201e+00
5.042196548095286168e+00
5.041411486378252427e+00
5.040613692587555761e+00
5.039804949572625148e+00
5.038985054603162261e+00
5.038154356142821477e+00
5.037311840465608093e+00
5.036461153140608715e+00
5.035604066511932153e+00
5.034740422999803400e+00
5.033870486950819512e+00
5.032993151879256111e+00
5.032112149855439753e+00
5.031228735110108374e+00
5.030343697106783196e+00
5.029456617197339163e+00
5.028566268494671476e+00
5.027676881885474458e+00
5.026789802497569681e+00
5.025905540323202025e+00
5.025023641920035367e+00
5.024142723566239255e+00
5.023266951477472375e+00
5.022397853693311376e+00
5.021535987666195133e+00
5.020680881848878840e+00
5.019830936676211053e+00
5.018990071824140031e+00
5.018160193672724034e+00
5.017341891115850494e+00
5.016534647083227938e+00
5.015736637896244687e+00
5.014951816087906522e+00
5.014182137137596307e+00
5.013427945858185630e+00
5.012689098751488714e+00
5.011963514423313448e+00
5.011255174985469907e+00
5.010566082110941899e+00
5.009896539783419200e+00
5.009246474167645680e+00
5.008613209983648673e+00
5.008001278488280583e+00
5.007412705717923629e+00
5.006847648693564246e+00
5.006306134833338639e+00
5.005785129292252833e+00
5.005289330741706344e+00
5.004820417015198863e+00
5.004378968103174508e+00
5.003965135028902722e+00
5.003575514218156606e+00
5.003215003980641562e+00
5.002884840218668749e+00
5.002586352115815593e+00
5.002319639901019244e+00
5.002081382422096212e+00
5.001876040118134803e+00
5.001704859694784844e+00
5.001568123072704708e+00
5.001464815855344526e+00
5.001391110325550393e+00
5.001350444111359650e+00
5.001344161360377960e+00
5.001371894565730614e+00
5.001432238438487943e+00
5.001522410822422771e+00
5.001640109907225629e+00
5.001781691362471527e+00
5.001948369716616050e+00
5.002136089218170767e+00
5.002344935139030113e+00
5.002571120647102632e+00
5.002814044257015702e+00
5.003076617078244581e+00
5.003356101599843342e+00
5.003653342270614424e+00
5.003965192933889305e+00
5.004291552913698204e+00
5.004635547635469806e+00
5.004994648260389312e+00
5.005370149736618757e+00
5.005758555283164490e+00
5.006159896639501561e+00
5.006577278313552704e+00
5.007008216803289002e+00
5.007454087448634183e+00
5.007911375512695606e+00
5.008380453338241445e+00
5.008863876288151218e+00
5.009359591056917971e+00
5.009868606341396635e+00
5.010387485375021654e+00
5.010916360033069950e+00
5.011458028679107279e+00
5.012010570367190887e+00
5.012574776870523330e+00
5.013148078334842772e+00
5.013730256867920509e+00
5.014324133892869462e+00
5.014927166638291745e+00
5.015540087496257016e+00
5.016159659822797323e+00
5.016785286565637492e+00
5.017419265036798137e+00
5.018058942978598225e+00
5.018704836120225998e+00
5.019353732963421244e+00
5.020005008404472058e+00
5.020660633792499716e+00
5.021318088596085971e+00
5.021977796380740600e+00
5.022636665826065716e+00
5.023294196774584996e+00
5.023952210893256165e+00
5.024608355959279571e+00
5.025262959053142353e+00
5.025913037409408979e+00
5.026558263202531407e+00
5.027200401028020238e+00
5.027839126189572738e+00
5.028477433820587983e+00
5.029115775053723425e+00
5.029752449964506766e+00
5.030389885058029087e+00
5.031027977441771881e+00
5.031670056258663593e+00
5.032316854943855944e+00
5.032966632296665743e+00
5.033620992725118093e+00
5.034278197040183755e+00
5.034939616148693453e+00
5.035603665088636660e+00
5.036266149332149666e+00
5.036926976566535430e+00
5.037583398943167978e+00
5.038235900749785223e+00
5.038882060771209481e+00
5.039517861505371954e+00
5.040142705974501425e+00
5.040754030694586163e+00
5.041351931740861936e+00
5.041933842164798563e+00
5.042496742469592341e+00
5.043040581991299121e+00
5.043564098601565071e+00
5.044068337840363014e+00
5.044551784296855246e+00
5.045012339813040647e+00
5.045450371255504329e+00
5.045864713204431418e+00
5.046256917131470843e+00
5.046625391071068556e+00
5.046968258482741554e+00
5.047285619725811578e+00
5.047577132110822262e+00
5.047844607246446458e+00
5.048085929316805220e+00
5.048299322122113075e+00
5.048484520105048112e+00
5.048641359352840752e+00
5.048771444478406423e+00
5.048873721317722385e+00
5.048945614028126805e+00
5.048988003077320208e+00
5.049000663261031363e+00
5.048984853243090321e+00
5.048939323210723806e+00
5.048861316195324633e+00
5.048751609543904451e+00
5.048609051382736190e+00
5.048437006431266916e+00
5.048232690370276998e+00
5.047995100686895498e+00
5.047723456448511392e+00
5.047418295326279392e+00
5.047082340339766660e+00
5.046712299505816901e+00
5.046307058888123365e+00
5.045866743991719972e+00
5.045390602531479196e+00
5.044880039500640123e+00
5.044333476493701340e+00
5.043748765359270081e+00
5.043127027446971944e+00
5.042467453698264102e+00
5.041770763466702832e+00
5.041037702704417534e+00
5.040268912459360706e+00
5.039468295047628388e+00
5.038639298821437684e+00
5.037785490001191135e+00
5.036907234857429749e+00
5.036006402666320270e+00
5.035086397672643876e+00
5.034151312033285919e+00
5.033205099026313967e+00
5.032247679228536441e+00
5.031281188050858333e+00
5.030308701763502199e+00
5.029334260369291876e+00
5.028362331161847720e+00
5.027392680639973577e+00
5.026426912988178231e+00
5.025468128020517788e+00
5.024519988516918723e+00
5.023587621519915558e+00
5.022670390153877840e+00
5.021769549618118944e+00
5.020888186539166576e+00
5.020029377038233598e+00
5.019198188180678422e+00
5.018392421970719219e+00
5.017611860031836457e+00
5.016857992852681747e+00
5.016132579217308596e+00
5.015439895982496843e+00
5.014777434239737985e+00
5.014144610683076486e+00
5.013542622099272705e+00
5.012972934539072334e+00
5.012439932184868496e+00
5.011940952981465358e+00
5.011475017214768179e+00
5.011043523135237265e+00
5.010647954600504050e+00
5.010292993145635698e+00
5.009976079905977819e+00
5.009696143041004746e+00
5.009453906747151741e+00
5.009251467152136428e+00
5.009093187017935378e+00
5.008976709902856150e+00
5.008901105383049668e+00
5.008866904042300838e+00
5.008876126643375670e+00
5.008933675374940719e+00
5.009036691460864610e+00
5.009184986233818471e+00
5.009378003824608960e+00
5.009616354752438383e+00
5.009903593149143575e+00
5.010234158050374198e+00
5.010605471704260516e+00
5.011015262317018326e+00
5.011463239316003460e+00
5.011950938079611895e+00
5.012472008478001229e+00
5.013024229157823086e+00
5.013604903642195687e+00
5.014213406492131320e+00
5.014850907076256803e+00
5.015511567864672671e+00
5.016192529548065160e+00
5.016891345057742591e+00
5.017607494566695081e+00
5.018341777596727837e+00
5.019088596079602560e+00
5.019844745371594641e+00
5.020608816865934187e+00
5.021379833344473909e+00
5.022158331994071467e+00
5.022938734788551685e+00
5.023718168411508422e+00
5.024495083663717665e+00
5.025268805820600093e+00
5.026039142433659457e+00
5.026801069948927392e+00
5.027551741127030738e+00
5.028290000159399753e+00
5.029015181038634985e+00
5.029726875398414343e+00
5.030420005146519991e+00
5.031091972190992578e+00
5.031741956818952310e+00
5.032369592983380713e+00
5.032975379873172450e+00
5.033559110585704488e+00
5.034121732313289854e+00
5.034664749812439943e+00
5.035189301047580557e+00
5.035696908470350230e+00
5.036188198115783443e+00
5.036663523104149220e+00
5.037123651664811241e+00
5.037570197742539335e+00
5.038004648547725672e+00
5.038428994428471697e+00
5.038843747984723009e+00
5.039248268727318347e+00
5.039644164268032078e+00
5.040032524142518788e+00
5.040415437903359219e+00
5.040793455217136732e+00
5.041165608923985353e+00
5.041533656727625434e+00
5.041898340594126005e+00
5.042262014310909812e+00
5.042625329580260995e+00
5.042987017009509465e+00
5.043349419769000974e+00
5.043712602976810899e+00
5.044079217884790189e+00
5.044450043339383960e+00
5.044823527384650674e+00
5.045202174682271057e+00
5.045585836965692295e+00
5.045977434937012340e+00
5.046377873245728729e+00
5.046785333242369553e+00
5.047202493745936991e+00
5.047629022013499167e+00
5.048068303849650107e+00
5.048521146785570402e+00
5.048985619444502859e+00
5.049463471744311427e+00
5.049952525507760193e+00
5.050453987542640633e+00
5.050966007460010232e+00
5.051483999576521278e+00
5.052007465895365534e+00
5.052533176403592563e+00
5.053061112661014320e+00
5.053588654149423043e+00
5.054110963467608464e+00
5.054627018768440117e+00
5.055133630868147598e+00
5.055630440648745783e+00
5.056114624004910851e+00
5.056581371549617288e+00
5.057029600229212996e+00
5.057456393998213784e+00
5.057862391818413350e+00
5.058249347929010042e+00
5.058616503935407849e+00
5.058964944344114478e+00
5.059293544899771788e+00
5.059603647712717311e+00
5.059897777561198851e+00
5.060175771240244202e+00
5.060438720762829412e+00
5.060685887459765553e+00
5.060918684724817318e+00
5.061139951042930463e+00
5.061349389005550314e+00
5.061548387363650647e+00
5.061735985774644675e+00
5.061913447130569566e+00
5.062083864893862639e+00
5.062246798753836430e+00
5.062403849598119621e+00
5.062553884016449679e+00
5.062698064029317102e+00
5.062839649163287881e+00
5.062977988051351019e+00
5.063114852478827643e+00
5.063249026781047490e+00
5.063381515678117673e+00
5.063515791904279695e+00
5.063651056720042121e+00
5.063789219224923421e+00
5.063928988838665823e+00
5.064071131751039623e+00
5.064219375934549738e+00
5.064372765544900901e+00
5.064533327177266564e+00
5.064699808519434576e+00
5.064872703693906963e+00
5.065056025788287286e+00
5.065248655445973469e+00
5.065452727612207440e+00
5.065666688840935628e+00
5.065891205176809464e+00
5.066130575399942160e+00
5.066383113592960008e+00
5.066651647660976643e+00
5.066934477437382789e+00
5.067232107680386122e+00
5.067549031015581740e+00
5.067883540775723006e+00
5.068238591600305654e+00
5.068612305868513523e+00
5.069005166303463206e+00
5.069421636585243363e+00
5.069860325802214795e+00
5.070324186023420943e+00
5.070811126094406873e+00
5.071322253283208070e+00
5.071858708422726458e+00
5.072420507680719837e+00
5.073008035618908451e+00
5.073620913189001769e+00
5.074258551757879765e+00
5.074921259518809791e+00
5.075608197983452641e+00
5.076319559898326617e+00
5.077053903501579590e+00
5.077810572173546255e+00
5.078589898806164626e+00
5.079387653555820670e+00
5.080205605786392908e+00
5.081040966373034706e+00
5.081895715829082505e+00
5.082768598135658955e+00
5.083655584391303606e+00
5.084557477694101379e+00
5.085471504565425072e+00
5.086399484288043560e+00
5.087339918401188044e+00
5.088288920458502673e+00
5.089247173976249705e+00
5.090212446909495370e+00
5.091185500633069516e+00
5.092165577348421124e+00
5.093148575361916564e+00
5.094135086100647136e+00
5.095123127263138763e+00
5.096113496732066928e+00
5.097105252754043470e+00
5.098094544496487579e+00
5.099082132216642194e+00
5.100065850924800692e+00
5.101046423550793740e+00
5.102022876676270080e+00
5.102991610925742272e+00
5.103953206550427169e+00
5.104905494164772684e+00
5.105849052678891553e+00
5.106783138822860835e+00
5.107708178769895468e+00
5.108622992348023750e+00
5.109524172928282759e+00
5.110411291506240516e+00
5.111283540960500638e+00
5.112140816610405203e+00
5.112981594290683773e+00
5.113802594926306178e+00
5.114603524368355636e+00
5.115383096125076356e+00
5.116140995483945630e+00
5.116875729274103612e+00
5.117584341552206872e+00
5.118266403164812850e+00
5.118920959320017339e+00
5.119547551434584065e+00
5.120145290132709803e+00
5.120713597770880199e+00
5.121252012264083220e+00
5.121761212956260856e+00
5.122240934234213228e+00
5.122691358376394888e+00
5.123113647040080210e+00
5.123507620330999934e+00
5.123874832067738083e+00
5.124215257998654849e+00
5.124529713478038317e+00
5.124818969696859128e+00
5.125083487697046358e+00
5.125324478775363346e+00
5.125542064469409631e+00
5.125737092599373490e+00
5.125910356037420179e+00
5.126062343606826666e+00
5.126194181779500703e+00
5.126306143544716143e+00
5.126398974156107791e+00
5.126473475901510035e+00
5.126530270019645563e+00
5.126570174602892216e+00
5.126593824054214821e+00
5.126602145573341041e+00
5.126595943069184536e+00
5.126575761313649338e+00
5.126542461209098178e+00
5.126496606215002139e+00
5.126439410156670817e+00
5.126371473751132335e+00
5.126293775315496681e+00
5.126207147060993563e+00
5.126112062770042499e+00
5.126009863658907761e+00
5.125901073847997758e+00
5.125786672595056714e+00
5.125667266721936066e+00
5.125543882927955153e+00
5.125417679396556458e+00
5.125289495053797495e+00
5.125159900521025769e+00
5.125029850329370085e+00
5.124900252238944631e+00
5.124771835419446475e+00
5.124645579780549021e+00
5.124517192716806058e+00
5.124383778187542759e+00
5.124244235388100144e+00
5.124097674989238627e+00
5.123943487170250499e+00
5.123776690389127531e+00
5.123593935544699995e+00
5.123393663956881561e+00
5.123174998748213582e+00
5.122937649215669964e+00
5.122681432671011947e+00
5.122407076663435532e+00
5.122114844831735958e+00
5.121805926288575783e+00
5.121480683784096932e+00
5.121139485339729625e+00
5.120784044887034092e+00
5.120414708766248602e+00
5.120033092412259457e+00
5.119639525103477418e+00
5.119234767320659962e+00
5.118820118966605826e+00
5.118395965236333112e+00
5.117964069309738129e+00
5.117524720008580275e+00
5.117078693348078744e+00
5.116627298842280958e+00
5.116171236584991178e+00
5.115711699041634475e+00
5.115249045665472671e+00
5.114784084062187652e+00
5.114318095470875569e+00
5.113851772534757423e+00
5.113386232580154456e+00
5.112921889039784062e+00
5.112459547097890855e+00
5.112000358278959489e+00
5.111545031356722113e+00
5.111094556550592749e+00
5.110649626354784480e+00
5.110211011718124752e+00
5.109779672573417919e+00
5.109356347869248971e+00
5.108942000630410263e+00
5.108537365707666922e+00
5.108143227945179277e+00
5.107760771575481584e+00
5.107390578600675468e+00
5.107033631677836638e+00
5.106690683688134058e+00
5.106362627583652447e+00
5.106051162711441549e+00
5.105751775472522347e+00
5.105462681769490807e+00
5.105183539471686238e+00
5.104915028798490795e+00
5.104659186962156703e+00
5.104411945647657767e+00
5.104171980663299912e+00
5.103938939782888262e+00
5.103713615226657119e+00
5.103497950273664152e+00
5.103287981662065320e+00
5.103082384510994274e+00
5.102880870874136221e+00
5.102684331189005995e+00
5.102494458655923104e+00
5.102307422074585652e+00
5.102121820326058987e+00
5.101937468282043753e+00
5.101755176491200139e+00
5.101576543978511680e+00
5.101397947340368333e+00
5.101217901080011607e+00
5.101036334919839099e+00
5.100854025303482864e+00
5.100672370313764858e+00
5.100487895297915131e+00
5.100299119564800421e+00
5.100105975872933683e+00
5.099909221778720081e+00
5.099710111699163662e+00
5.099505250032156489e+00
5.099293110284119024e+00
5.099073758653460686e+00
5.098847931387930466e+00
5.098616758815108341e+00
5.098376784480270985e+00
5.098126655562874809e+00
5.097866383033900384e+00
5.097596902481376091e+00
5.097319144017159687e+00
5.097029668695388871e+00
5.096727254043428523e+00
5.096412042218355865e+00
5.096085002782849926e+00
5.095747257459073865e+00
5.095397378380506659e+00
5.095033054190784227e+00
5.094655259053319618e+00
5.094263308297008130e+00
5.093858823540717395e+00
5.093440882551580451e+00
5.093009346152752137e+00
5.092566927212386574e+00
5.092115369352607779e+00
5.091654484595268926e+00
5.091183105024605027e+00
5.090700860235005010e+00
5.090210353198558302e+00
5.089713571730166919e+00
5.089209896165043823e+00
5.088698137949317690e+00
5.088177859137863024e+00
5.087651660020559241e+00
5.087121611560791123e+00
5.086587072896866957e+00
5.086046871270148984e+00
5.085500420804231148e+00
5.084950429487138379e+00
5.084398939075976287e+00
5.083846983562320787e+00
5.083295994314462440e+00
5.082747912767440646e+00
5.082198782513946078e+00
5.081647013637333288e+00
5.081091700631289676e+00
5.080532973098663696e+00
5.079971175740568334e+00
5.079401787879971764e+00
5.078822536381987440e+00
5.078232289317158532e+00
5.077630718636420681e+00
5.077017741265800410e+00
5.076388810562995069e+00
5.075741450178529846e+00
5.075074575605895255e+00
5.074388029712345372e+00
5.073681448238994030e+00
5.072951951461934783e+00
5.072197665932677069e+00
5.071415938722989125e+00
5.070605426046155273e+00
5.069766980770133102e+00
5.068898602861067637e+00
5.068000181826850969e+00
5.067074661987922113e+00
5.066123802798889741e+00
5.065151176515124476e+00
5.064156538012526632e+00
5.063140546667478148e+00
5.062106418597601021e+00
5.061057477432393092e+00
5.059997726368807847e+00
5.058927913966678069e+00
5.057847560259603803e+00
5.056760842117570931e+00
5.055670174273751982e+00
5.054580635043883774e+00
5.053492094936872014e+00
5.052405129733586797e+00
5.051323250147604860e+00
5.050250129836701518e+00
5.049189782279633221e+00
5.048141897681259316e+00
5.047108357685708313e+00
5.046086926001215112e+00
5.045077261763714738e+00
5.044082021775746050e+00
5.043098607647323206e+00
5.042128267723226642e+00
5.041167924243116438e+00
5.040216395842932684e+00
5.039275729569697049e+00
5.038348317730330983e+00
5.037439143943689857e+00
5.036546954128050757e+00
5.035672432619238137e+00
5.034818657401108233e+00
5.033988401058220319e+00
5.033187865826391771e+00
5.032415743458174440e+00
5.031672577920460299e+00
5.030960785511038758e+00
5.030283901977441019e+00
5.029648065480492924e+00
5.029051930519841562e+00
5.028496337558231666e+00
5.027984942185780959e+00
5.027515410806141283e+00
5.027088766421281107e+00
5.026702635984026557e+00
5.026355868193410181e+00
5.026050279575489554e+00
5.025782852551990310e+00
5.025553725591950460e+00
5.025360420166604669e+00
5.025200480601839992e+00
5.025076866910882067e+00
5.024986523387112491e+00
5.024929130088627183e+00
5.024902354986030772e+00
5.024903836435902882e+00
5.024936252817777671e+00
5.024995658811447719e+00
5.025083072394399331e+00
5.025196174284708661e+00
5.025332715748143109e+00
5.025495122554046290e+00
5.025679719442766924e+00
5.025887371314955665e+00
5.026115758544101197e+00
5.026362128773972593e+00
5.026630099894748405e+00
5.026916279638454554e+00
5.027221205620363342e+00
5.027541618733003759e+00
5.027876572063461502e+00
5.028223432911828716e+00
5.028580614490704370e+00
5.028949089659648486e+00
5.029331105513767497e+00
5.029729898548023215e+00
5.030143756358223861e+00
5.030573291829125715e+00
5.031014455570177013e+00
5.031466198167102277e+00
5.031929711154000451e+00
5.032401550090210840e+00
5.032880933000046575e+00
5.033363152234155535e+00
5.033846546275812628e+00
5.034331737173993737e+00
5.034814990511436328e+00
5.035295215746660169e+00
5.035767917795379134e+00
5.036231291530926413e+00
5.036685479743679750e+00
5.037126783741911140e+00
5.037554033747216664e+00
5.037963624684413944e+00
5.038355705714128163e+00
5.038731198622189211e+00
5.039089097133181205e+00
5.039429747438332718e+00
5.039751648394665828e+00
5.040055339703609860e+00
5.040343173848738090e+00
5.040613879313966095e+00
5.040867957188090109e+00
5.041103978226233906e+00
5.041322641777147950e+00
5.041526274061104651e+00
5.041713447230209866e+00
5.041885156011482572e+00
5.042039849147474939e+00
