0.000000000000000000e+00
0.000000000000000000e+00
-1.352735807813587863e-08
-8.188100991901589493e-08
-2.574226914475730621e-07
-5.731665464736580256e-07
-1.093798675810830731e-06
-1.488452182911714916e-06
-1.791108354609605285e-06
-1.392356082305923244e-06
2.394229318269943187e-07
3.571997783637926732e-06
9.381766701608283923e-06
1.939788487788973644e-05
3.478011492688893761e-05
5.728906163994907877e-05
8.863437831450939075e-05
1.299073538189077269e-04
1.875266656657004379e-04
2.664408497889780673e-04
3.705175258596682050e-04
5.028229523827576096e-04
6.646646503736517754e-04
8.625849280883808937e-04
1.098556904159977022e-03
1.384131511711075022e-03
1.721246590875579862e-03
2.119418581985428249e-03
2.585659859739735267e-03
3.130036419295265278e-03
3.756180083416892773e-03
4.487114897035552989e-03
5.322655415200187520e-03
6.280470242761565861e-03
7.369876256250335218e-03
8.603275543116522747e-03
9.985284334086370200e-03
1.152586263980765607e-02
1.323514593210120723e-02
1.513148975934882831e-02
1.722223830785651888e-02
1.950828922357459791e-02
2.200019208159346984e-02
2.469816831316848024e-02
2.762903956141371867e-02
3.078517464365859019e-02
3.415019956793684253e-02
3.776091066565412380e-02
4.159889725413219719e-02
4.565681544508830292e-02
4.994112727608576718e-02
5.445212868418589786e-02
5.914747861590282513e-02
6.404551265206234745e-02
6.912047443356411636e-02
7.440889654126063568e-02
7.988755104508296623e-02
8.554256019558803548e-02
9.136574206318753832e-02
9.735965785946743001e-02
1.035335331913461027e-01
1.098928981777657909e-01
1.163945495840539301e-01
1.230640518423547214e-01
1.298958658930291221e-01
1.369130682703484370e-01
1.441143196579445784e-01
1.514859568830956293e-01
1.590419155117501204e-01
1.668220674749840426e-01
1.748236649986732727e-01
1.830733895060051297e-01
1.915663254019249195e-01
2.002745437380301641e-01
2.092414754387366405e-01
2.184443527218329351e-01
2.279416090008246076e-01
2.377059548851477300e-01
2.477281206604468045e-01
2.580158167835699401e-01
2.685705822464453663e-01
2.793348186966406743e-01
2.903510230537879044e-01
3.015800326820837762e-01
3.129929846283423522e-01
3.245786386486517183e-01
3.363361721989142072e-01
3.482803243156897266e-01
3.604293650146948580e-01
3.727465206142890342e-01
3.852601545807348704e-01
3.979492908474431823e-01
4.108645444866644292e-01
4.239911299702153746e-01
4.372981315609440478e-01
4.507631522175297722e-01
4.644046717640385458e-01
4.782079583164677850e-01
4.922114723679050785e-01
5.063762420174107159e-01
5.207501679417120277e-01
5.353227418419348460e-01
5.501206654068456769e-01
5.651168411728368923e-01
5.803375655170904812e-01
5.957839876171576732e-01
6.113904148098455726e-01
6.271890550610051962e-01
6.431562536713109068e-01
6.593201285358891717e-01
6.756680017467959765e-01
6.921839064117893958e-01
7.088757401463017249e-01
7.257633739468081213e-01
7.428212254997714759e-01
7.601057022568209476e-01
7.775964730736238950e-01
7.952411311623079904e-01
8.130567985531312880e-01
8.310051423069461096e-01
8.491153913494571270e-01
8.673794251438602387e-01
8.857835596558079061e-01
9.043269616123661425e-01
9.230099898334965802e-01
9.418095975872500247e-01
9.607534450050814190e-01
9.798216777798158805e-01
9.990406077858431377e-01
1.018413888787887966e+00
1.037932116365097635e+00
1.057600578641556544e+00
1.077416319226883745e+00
1.097363617992066498e+00
1.117466273879670347e+00
1.137710979556702862e+00
1.158096821880006067e+00
1.178638418292664802e+00
1.199332967376374404e+00
1.220171425914430063e+00
1.241191440200471341e+00
1.262383692836427151e+00
1.283752048587464722e+00
1.305284543609284809e+00
1.327004492854737761e+00
1.348891029929780494e+00
1.370956481074952382e+00
1.393183827972077626e+00
1.415544298267030099e+00
1.438046076869630152e+00
1.460663996314667701e+00
1.483400569533967150e+00
1.506237054443025025e+00
1.529148915385865726e+00
1.552136879539155689e+00
1.575180914973878465e+00
1.598278165435456755e+00
1.621411293124818354e+00
1.644566891765260053e+00
1.667734819030427529e+00
1.690901635265016134e+00
1.714053567027711500e+00
1.737176535701417723e+00
1.760269647216462952e+00
1.783325167274141254e+00
1.806345825767183388e+00
1.829321010684633375e+00
1.852245631789827263e+00
1.875105252837800940e+00
1.897892575835847584e+00
1.920599952315949821e+00
1.943215318298005423e+00
1.965731137370728687e+00
1.988134313201569636e+00
2.010421190833710625e+00
2.032588189220093433e+00
2.054624872779510891e+00
2.076529303168915153e+00
2.098290384387634155e+00
2.119906397437713252e+00
2.141371772861144329e+00
2.162690289592406501e+00
2.183841086005827936e+00
2.204829846000334825e+00
2.225638292407653207e+00
2.246272478675506168e+00
2.266736941909453851e+00
2.287033906554839291e+00
2.307162771796843703e+00
2.327123400544783838e+00
2.346911740874907615e+00
2.366513250445982930e+00
2.385927171086928755e+00
2.405141277885100237e+00
2.424165970658919367e+00
2.443001294707915161e+00
2.461654819821974538e+00
2.480123456096312573e+00
2.498412949418685081e+00
2.516518662547728713e+00
2.534445498561522570e+00
2.552207209443709157e+00
2.569842361783644336e+00
2.587346985911986419e+00
2.604718916988036259e+00
2.621954023217818452e+00
2.639052967404982741e+00
2.656015271520277832e+00
2.672841264581343523e+00
2.689531384086271792e+00
2.706084110116621755e+00
2.722492970800062917e+00
2.738765254592558485e+00
2.754894543265959950e+00
2.770905238961836936e+00
2.786797762488982588e+00
2.802567946290633660e+00
2.818219022130629803e+00
2.833770037269256026e+00
2.849211645698211282e+00
2.864558059548995672e+00
2.879797744130752069e+00
2.894930028295180424e+00
2.909964336728712908e+00
2.924907448863646398e+00
2.939753391122481574e+00
2.954517998075148810e+00
2.969215759610793537e+00
2.983832785462996906e+00
2.998366803502700240e+00
3.012825300073287416e+00
3.027203146791121124e+00
3.041509776687285171e+00
3.055735164260527270e+00
3.069877559518477739e+00
3.083947232341429867e+00
3.097935500716827217e+00
3.111837068175933751e+00
3.125662966346404392e+00
3.139408420896193874e+00
3.153069997405669511e+00
3.166646931743285265e+00
3.180142281627317935e+00
3.193549967384000876e+00
3.206877693509718519e+00
3.220124579047819680e+00
3.233290889835020554e+00
3.246382219171187078e+00
3.259400303935668042e+00
3.272345376586577537e+00
3.285225450372359912e+00
3.298040859079025555e+00
3.310793064212463666e+00
3.323490243529938049e+00
3.336131902312897690e+00
3.348721026754045038e+00
3.361264615630768393e+00
3.373763893222473165e+00
3.386217955922745215e+00
3.398628942346237025e+00
3.410987574433944847e+00
3.423291457271240734e+00
3.435536475753448560e+00
3.447719637727402198e+00
3.459849776601456206e+00
3.471923585509919086e+00
3.483945924615525325e+00
3.495916007136964154e+00
3.507829326963090022e+00
3.519680693721436882e+00
3.531461214399003179e+00
3.543175556039475094e+00
3.554827236508988353e+00
3.566415211534165408e+00
3.577942638969086708e+00
3.589408919191025671e+00
3.600814875936173554e+00
3.612170518016480703e+00
3.623466674661302012e+00
3.634707285737656779e+00
3.645880073880814365e+00
3.656984198665283792e+00
3.668018488263748544e+00
3.678981657600067567e+00
3.689873629188202386e+00
3.700693977450989713e+00
3.711444993590973684e+00
3.722121506309174155e+00
3.732720341062210512e+00
3.743248555040024517e+00
3.753702984428070710e+00
3.764087861156128145e+00
3.774395832395218253e+00
3.784630648469589520e+00
3.794787852143905571e+00
3.804865401363036970e+00
3.814869884824417134e+00
3.824798993444106898e+00
3.834657372212074478e+00
3.844442766284607238e+00
3.854157769655846000e+00
3.863787991976402658e+00
3.873334107970856088e+00
3.882797991609237886e+00
3.892184768890999180e+00
3.901494107222221785e+00
3.910720579599999081e+00
3.919860690807961401e+00
3.928915560817383579e+00
3.937883373474740267e+00
3.946765589689874343e+00
3.955551826929712078e+00
3.964241692399644634e+00
3.972838234281205860e+00
3.981341299986505433e+00
3.989753364896440058e+00
3.998077455138826064e+00
4.006315032219553096e+00
4.014462721919679566e+00
4.022523383474015723e+00
4.030495992278718020e+00
4.038385760759973131e+00
4.046196507787370500e+00
4.053926978683136895e+00
4.061573523854875134e+00
4.069135297512674221e+00
4.076617306446695288e+00
4.084020696258210847e+00
4.091347267007493294e+00
4.098595359301233643e+00
4.105765928601885051e+00
4.112860064482355860e+00
4.119872925853396595e+00
4.126805556392336705e+00
4.133657060837412800e+00
4.140432630753184462e+00
4.147136790728236377e+00
4.153762884115840492e+00
4.160314061617519599e+00
4.166790237998630353e+00
4.173195937847758330e+00
4.179533988809252421e+00
4.185802962755824197e+00
4.192009362554217411e+00
4.198153759812976560e+00
4.204233169531490510e+00
4.210251312827733017e+00
4.216207171654369645e+00
4.222104924893048228e+00
4.227946669435169724e+00
4.233730756020214869e+00
4.239460532045034036e+00
4.245136609053281163e+00
4.250760328149464584e+00
4.256334623074199186e+00
4.261858873939181613e+00
4.267335901236202211e+00
4.272766815995838741e+00
4.278153051709796983e+00
4.283497647022868726e+00
4.288800806975031854e+00
4.294063038801813725e+00
4.299286317801142232e+00
4.304470119452143528e+00
4.309613087749147198e+00
4.314713541245126294e+00
4.319771262979172910e+00
4.324785244440697340e+00
4.329753365492486239e+00
4.334674522852563605e+00
4.339549448465966464e+00
4.344377963816785204e+00
4.349158790981435985e+00
4.353893500840329445e+00
4.358582808649205553e+00
4.363229527449273171e+00
4.367835696315430560e+00
4.372400170540474029e+00
4.376924895620011746e+00
4.381410974537992331e+00
4.385861392295027805e+00
4.390278296446467721e+00
4.394661690270567966e+00
4.399013227498197232e+00
4.403334433114194368e+00
4.407627714848184830e+00
4.411895513510369682e+00
4.416138258850240028e+00
4.420355716025495596e+00
4.424547969078683529e+00
4.428715911483430467e+00
4.432860392307901520e+00
4.436980941271449375e+00
4.441074095642234099e+00
4.445138519084121498e+00
4.449174070334103170e+00
4.453180937742854617e+00
4.457157947694923017e+00
4.461101513778830352e+00
4.465010580992364808e+00
4.468885059332515119e+00
4.472725469147826871e+00
4.476532421981956666e+00
4.480305570935871451e+00
4.484046831106809350e+00
4.487759296869901604e+00
4.491444668745664615e+00
4.495103490030436966e+00
4.498735600387721689e+00
4.502342189526228999e+00
4.505926750278145043e+00
4.509491173004776421e+00
4.513035984611184048e+00
4.516561220264106780e+00
4.520067383920818749e+00
4.523558236336380212e+00
4.527035589491993584e+00
4.530500037943989255e+00
4.533951257145076852e+00
4.537389082586437361e+00
4.540815724110274232e+00
4.544230692362456914e+00
4.547632418548731792e+00
4.551022318279413170e+00
4.554400297677187126e+00
4.557768846428063014e+00
4.561127739822532945e+00
4.564475329792168523e+00
4.567813217615751320e+00
4.571141241168645841e+00
4.574462151801255594e+00
4.577775706624652940e+00
4.581080073690082521e+00
4.584376917159225684e+00
4.587665930366185307e+00
4.590949761545327412e+00
4.594228779649403016e+00
4.597500931596425033e+00
4.600767891978886581e+00
4.604029232835439522e+00
4.607287660216956127e+00
4.610543563937811840e+00
4.613794552957682704e+00
4.617042833542495117e+00
4.620287639176515526e+00
4.623532030558257233e+00
4.626776093816427959e+00
4.630017544304994459e+00
4.633254754817156318e+00
4.636486421799330238e+00
4.639711341535715405e+00
4.642927951490548821e+00
4.646130003010896736e+00
4.649313138103154941e+00
4.652474428987172672e+00
4.655611756121784239e+00
4.658723244046837131e+00
4.661807508444458570e+00
4.664863772070080294e+00
4.667891114031941235e+00
4.670889119481714147e+00
4.673856701230677757e+00
4.676793792223605806e+00
4.679699512993964916e+00
4.682572417235049578e+00
4.685413764989051266e+00
4.688221926366958670e+00
4.690997298037681063e+00
4.693738971924456216e+00
4.696445387279660544e+00
4.699118787026077548e+00
4.701758471405177886e+00
4.704366578137546107e+00
4.706944088613658650e+00
4.709491410529285993e+00
4.712012545740277503e+00
4.714507964974315790e+00
4.716980472927960300e+00
4.719431662833366126e+00
4.721863207494887860e+00
4.724277973448905321e+00
4.726676977699670879e+00
4.729063025688800437e+00
4.731437888568315486e+00
4.733803395753775511e+00
4.736162217980299793e+00
4.738516093617353597e+00
4.740867479121361860e+00
4.743217810815249180e+00
4.745569069957409347e+00
4.747923812395010934e+00
4.750283943986569390e+00
4.752651856815491627e+00
4.755029261684094344e+00
4.757418271129998821e+00
4.759821445768746884e+00
4.762240437841090746e+00
4.764677052771720156e+00
4.767132524078760092e+00
4.769607735401067750e+00
4.772104275947484098e+00
4.774623222475917750e+00
4.777165989404590363e+00
4.779733541434677768e+00
4.782326631968889075e+00
4.784948009675416891e+00
4.787593514150056961e+00
4.790263160890016358e+00
4.792952033108147880e+00
4.795657964175614296e+00
4.798382797664078936e+00
4.801122242039117971e+00
4.803875697976025982e+00
4.806638137226972418e+00
4.809407767778310472e+00
4.812185690229806134e+00
4.814967975145254542e+00
4.817753488248261995e+00
4.820537824755581902e+00
4.823319361930760607e+00
4.826098522668751833e+00
4.828871784633072650e+00
4.831637766784103505e+00
4.834392358487519026e+00
4.837134193902882906e+00
4.839863157099161484e+00
4.842576060121926318e+00
4.845271170860203647e+00
4.847944674020680189e+00
4.850595709210308470e+00
4.853223627334507739e+00
4.855825774198446076e+00
4.858400144999895254e+00
4.860943075841340999e+00
4.863454515462788841e+00
4.865933346575173957e+00
4.868377883112106730e+00
4.870786498611841431e+00
4.873156364386949768e+00
4.875488866990481007e+00
4.877784203117762729e+00
4.880042591368829896e+00
4.882262797182476355e+00
4.884442789232409154e+00
4.886583972847140522e+00
4.888687730407392351e+00
4.890755057906782000e+00
4.892785399979031169e+00
4.894777074879086420e+00
4.896731493299877336e+00
4.898650370812093868e+00
4.900534804439223180e+00
4.902384425675546886e+00
4.904197902953301380e+00
4.905976056879433500e+00
4.907721019363078696e+00
4.909433785503777514e+00
4.911114069795283754e+00
4.912760811572941755e+00
4.914374463832053230e+00
4.915957692241342158e+00
4.917511458223732923e+00
4.919035331731708816e+00
4.920528423463972345e+00
4.921990718072327908e+00
4.923425231998834306e+00
4.924832777803811901e+00
4.926213455474052871e+00
4.927566448425922729e+00
4.928891284739646217e+00
4.930191223299178915e+00
4.931467016613159338e+00
4.932718811905060896e+00
4.933945644473705983e+00
4.935147434076344375e+00
4.936327541446363654e+00
4.937486597647940734e+00
4.938624733289754154e+00
4.939741000136410598e+00
4.940835064774429242e+00
4.941910081630623175e+00
4.942967403581416619e+00
4.944006700864114201e+00
4.945027648558893318e+00
4.946029642721691211e+00
4.947015757089534560e+00
4.947987325763382849e+00
4.948944068973935906e+00
4.949885540282404683e+00
4.950811058258687503e+00
4.951723769804512898e+00
4.952624810909901143e+00
4.953514285435948850e+00
4.954391432082330127e+00
4.955255050262485028e+00
4.956104899695191968e+00
4.956941702565227814e+00
4.957766577577268130e+00
4.958580338036691515e+00
4.959379708221231198e+00
4.960163365056788010e+00
4.960931221148048742e+00
4.961683949654971393e+00
4.962421931451235224e+00
4.963141341259751371e+00
4.963840924477252337e+00
4.964520515849861759e+00
4.965180874889763452e+00
4.965822157761128786e+00
4.966440364731522727e+00
4.967034567458602723e+00
4.967604575058492955e+00
4.968151245838078545e+00
4.968675564391586974e+00
4.969178866980646703e+00
4.969663077456925926e+00
4.970130515074406397e+00
4.970583207136068715e+00
4.971023042177829865e+00
4.971452090827796155e+00
4.971873065171810602e+00
4.972287981113466593e+00
4.972699112234684193e+00
4.973108795670839299e+00
4.973518879240426571e+00
4.973932032747241827e+00
4.974350350512239061e+00
4.974776197945746326e+00
4.975211872806820423e+00
4.975659500112804778e+00
4.976121777905199828e+00
4.976600789291832250e+00
4.977099255112978682e+00
4.977619199728642307e+00
4.978163127800498522e+00
4.978734956322285576e+00
4.979331136209938613e+00
4.979950736066373729e+00
4.980593338584574425e+00
4.981259884512098779e+00
4.981952684423002431e+00
4.982667630663190295e+00
4.983402880108030786e+00
4.984157957559498975e+00
4.984933305731090947e+00
4.985731128877075591e+00
4.986546881994279978e+00
4.987378730451736963e+00
4.988226216485772468e+00
4.989089762618813317e+00
4.989971360316547866e+00
4.990866604795726857e+00
4.991773781156214618e+00
4.992692230170638901e+00
4.993622383153110356e+00
4.994566012820274459e+00
4.995518894618421690e+00
4.996479211872486559e+00
4.997446431716947579e+00
4.998421014895706449e+00
4.999404430514245767e+00
5.000392671948344692e+00
5.001383855020673508e+00
5.002377591481478092e+00
5.003374259447724626e+00
5.004375143697531669e+00
5.005376397719653703e+00
5.006376046141657099e+00
5.007373944422276679e+00
5.008370468517812313e+00
5.009366682371171109e+00
5.010358831858308548e+00
5.011344973197252806e+00
5.012325046708853371e+00
5.013299431627664227e+00
5.014269090568693521e+00
5.015230293324263400e+00
5.016181292956740201e+00
5.017122013693720461e+00
5.018052916949660158e+00
5.018974688475997148e+00
5.019883741041690328e+00
5.020778461596043130e+00
5.021658822050364179e+00
5.022525413608224021e+00
5.023378759151370332e+00
5.024215319206984276e+00
5.025033600231679110e+00
5.025833719125065713e+00
5.026616285195622424e+00
5.027381673505577631e+00
5.028126437118325853e+00
5.028849377011928468e+00
5.029550232043537683e+00
5.030229849344166837e+00
5.030888453772339730e+00
5.031522676622543599e+00
5.032131540900145694e+00
5.032714674821172629e+00
5.033273105746185472e+00
5.033807349404369802e+00
5.034315753033435037e+00
5.034796558519875731e+00
5.035249813212132608e+00
5.035675555145418869e+00
5.036074576204693898e+00
5.036445639370060512e+00
5.036787297291732024e+00
5.037099799973939973e+00
5.037383350165609563e+00
5.037638942463372516e+00
5.037866443352822188e+00
5.038067573098513385e+00
5.038244917796972366e+00
5.038402108432772586e+00
5.038542165061507205e+00
5.038664625933443553e+00
5.038770455731128806e+00
5.038860390190084360e+00
5.038934996169109226e+00
5.038994540850680437e+00
5.039039378644947220e+00
5.039069545922383320e+00
5.039085533744936285e+00
5.039087397990504869e+00
5.039075439342985518e+00
5.039049872906169014e+00
5.039010385527496361e+00
5.038957617647235487e+00
5.038891444477472170e+00
5.038812091053682884e+00
5.038719444434377692e+00
5.038613791941884301e+00
5.038495481238919993e+00
5.038364944570917103e+00
5.038222188997300677e+00
5.038066965426537536e+00
5.037899508505346624e+00
5.037720148760112870e+00
5.037529274254324285e+00
5.037326445012572762e+00
5.037112578741495206e+00
5.036886768724057717e+00
5.036649897500161011e+00
5.036402186724576957e+00
5.036143178913030205e+00
5.035873560897292656e+00
5.035592659852686559e+00
5.035301143667880730e+00
5.034999110914054832e+00
5.034686535663191798e+00
5.034363484709744263e+00
5.034030032447760483e+00
5.033686236544732573e+00
5.033332433208113521e+00
5.032968505836313611e+00
5.032594604819304429e+00
5.032210736229307813e+00
5.031817074447163307e+00
5.031413787557967865e+00
5.031000939264185234e+00
5.030578643075413581e+00
5.030147041744776004e+00
5.029706240362711966e+00
5.029256281956323349e+00
5.028797558016368185e+00
5.028332104674764658e+00
5.027862861371823477e+00
5.027393426477201999e+00
5.026922837673909683e+00
5.026452058396524869e+00
5.025983608207888587e+00
5.025520685195215442e+00
5.025067580520398813e+00
5.024623332984036850e+00
5.024188760212844329e+00
5.023766458175367156e+00
5.023359532348102618e+00
5.022972769207543209e+00
5.022605090803688555e+00
5.022257949887996453e+00
5.021929867780988488e+00
5.021624324592983690e+00
5.021342251609301144e+00
5.021082481957262367e+00
5.020843061684852060e+00
5.020620622216944717e+00
5.020417814376984644e+00
5.020235769572888529e+00
5.020073530647193749e+00
5.019929275644232192e+00
5.019799971842427766e+00
5.019688221217353252e+00
5.019595323550734456e+00
5.019520021990160785e+00
5.019460511381026002e+00
5.019413989578594304e+00
5.019382925479427549e+00
5.019368754620651352e+00
5.019369905239133622e+00
5.019384934105607599e+00
5.019410800558677721e+00
5.019449398601124379e+00
5.019502470320719389e+00
5.019568363614077988e+00
5.019645820762658417e+00
5.019731842148745571e+00
5.019828698569604342e+00
5.019937659389966278e+00
5.020057502602853994e+00
5.020186112755604668e+00
5.020321074854276588e+00
5.020464789447999898e+00
5.020618410259179321e+00
5.020781074855171333e+00
5.020951182730192031e+00
5.021127208433741274e+00
5.021311744991386661e+00
5.021506683323228692e+00
5.021711689922653932e+00
5.021925581097297808e+00
5.022146528586439729e+00
5.022377860638938429e+00
5.022621306627683246e+00
5.022876743636719432e+00
5.023143238592587601e+00
5.023418594766103418e+00
5.023706333376161126e+00
5.024008101168713658e+00
5.024323891866646186e+00
5.024652739520808709e+00
5.024992356355925338e+00
5.025346370804747664e+00
5.025716275330327498e+00
5.026102156694672196e+00
5.026503018270870093e+00
5.026916495691675202e+00
5.027346202376919315e+00
5.027793637532429472e+00
5.028258833605484313e+00
5.028740969057816201e+00
5.029237579870659225e+00
5.029752236324983805e+00
5.030286462064522901e+00
5.030840250830788563e+00
5.031412896457751138e+00
5.032001623864910123e+00
5.032610262650689670e+00
5.033240372035346688e+00
5.033891835305534634e+00
5.034564069304308553e+00
5.035254116747220898e+00
5.035965839717229997e+00
5.036700500566204219e+00
5.037458391356905096e+00
5.038239042106708254e+00
5.039039224479040513e+00
5.039862819481333744e+00
5.040711123142083139e+00
5.041584461722216304e+00
5.042482106703958245e+00
5.043401346075973457e+00
5.044345936048469703e+00
5.045317331570825736e+00
5.046315745059094304e+00
5.047340422291002326e+00
5.048389145228704855e+00
5.049463767576655826e+00
5.050563153568348618e+00
5.051681774127920299e+00
5.052819836605031867e+00
5.053973657656152696e+00
5.055143690202078766e+00
5.056327671724996975e+00
5.057519968542896649e+00
5.058720021117173005e+00
5.059924251828037178e+00
5.061132369432292499e+00
5.062341907638750804e+00
5.063547605070911395e+00
5.064748298395119086e+00
5.065940541047297074e+00
5.067123953420362703e+00
5.068295738342843748e+00
5.069450518805227013e+00
5.070587301943143999e+00
5.071702461335500622e+00
5.072795886415680577e+00
5.073863797504147399e+00
5.074901792946896251e+00
5.075907803270659713e+00
5.076879812795363378e+00
5.077818492371283909e+00
5.078724577147209374e+00
5.079597282875027098e+00
5.080436688828910086e+00
5.081242624837602584e+00
5.082015973496878836e+00
5.082759921792590951e+00
5.083472638223017093e+00
5.084156391489948135e+00
5.084809780288184200e+00
5.085432626958633406e+00
5.086025354992294467e+00
5.086589631903612130e+00
5.087125062625549532e+00
5.087628841083191134e+00
5.088098373729429191e+00
5.088534867297552111e+00
5.088937734532795076e+00
5.089306056778571730e+00
5.089636637512288786e+00
5.089927807133340920e+00
5.090179423186622643e+00
5.090391637012058546e+00
5.090565624348515783e+00
5.090702623724634002e+00
5.090803184313395846e+00
5.090868559251235048e+00
5.090901269500305304e+00
5.090903824816619405e+00
5.090879514992399990e+00
5.090829895522607451e+00
5.090755351052781208e+00
5.090655786187550547e+00
5.090532340805208555e+00
5.090388411625450971e+00
5.090226458839302914e+00
5.090046549781388485e+00
5.089849606814956573e+00
5.089635888139880215e+00
5.089409642803645717e+00
5.089173177319740837e+00
5.088927214077835437e+00
5.088672040130173713e+00
5.088407627499824670e+00
5.088138427219516480e+00
5.087866905207907742e+00
5.087593915040766746e+00
5.087319805703288012e+00
5.087044444295740320e+00
5.086771989005780981e+00
5.086505095946764143e+00
5.086244752395128188e+00
5.085991355094289013e+00
5.085744332230811793e+00
5.085508037048553476e+00
5.085285416009997839e+00
5.085077351208006746e+00
5.084884292340998257e+00
5.084705272528504238e+00
5.084544841877346677e+00
5.084406067679797303e+00
5.084289986553763185e+00
5.084197132035320088e+00
5.084126059955147880e+00
5.084081490116354907e+00
5.084066659592485493e+00
5.084082697499238357e+00
5.084130127597295434e+00
5.084207126768001572e+00
5.084318563555994430e+00
5.084467924162441754e+00
5.084656337815963489e+00
5.084884489942037789e+00
5.085151024572247103e+00
5.085457148104603142e+00
5.085808352604204607e+00
5.086202867813104156e+00
5.086644137873942206e+00
5.087129139043087278e+00
5.087658255621485992e+00
5.088236537538164406e+00
5.088861633650654248e+00
5.089537058956617344e+00
5.090259528867596472e+00
5.091031452007288571e+00
5.091851776055689172e+00
5.092714062370058414e+00
5.093618500567671958e+00
5.094560665972230673e+00
5.095540907345412762e+00
5.096557339243291018e+00
5.097602942101358003e+00
5.098677590898869738e+00
5.099776278175113475e+00
5.100898762754796145e+00
5.102042745090721532e+00
5.103201849795578227e+00
5.104375115222928194e+00
5.105558337233661703e+00
5.106751204468010563e+00
5.107950714491007460e+00
5.109151305965779599e+00
5.110351728163359475e+00
5.111548305488822663e+00
5.112740458286998191e+00
5.113924927375909313e+00
5.115096834115383295e+00
5.116254679150578966e+00
5.117395404688712901e+00
5.118518086559769031e+00
5.119619242138858439e+00
5.120694688819046547e+00
5.121742591075297391e+00
5.122760497741099428e+00
5.123747119567985564e+00
5.124699209294909963e+00
5.125614650509948689e+00
5.126493423171037733e+00
5.127335890717501066e+00
5.128143162466280991e+00
5.128914512060279485e+00
5.129649366847868208e+00
5.130348978452081710e+00
5.131014252118462515e+00
5.131647358350152288e+00
5.132247945330733252e+00
5.132815357148343693e+00
5.133351237959856483e+00
5.133856258429283947e+00
5.134332989491220189e+00
5.134781084581907962e+00
5.135200236849185806e+00
5.135592226199504395e+00
5.135957342572209150e+00
5.136298376619514272e+00
5.136614991090890037e+00
5.136906715649808497e+00
5.137175466622855957e+00
5.137421366274055323e+00
5.137647576834704743e+00
5.137854161951389997e+00
5.138039816058872056e+00
5.138206958565560534e+00
5.138355392655057585e+00
5.138488617120009927e+00
5.138606412186917716e+00
5.138708131499288179e+00
5.138796284906265832e+00
5.138870327914764502e+00
5.138933943179134545e+00
5.138986961221951866e+00
5.139028575974214696e+00
5.139061018030322892e+00
5.139084351972838860e+00
5.139102296612388265e+00
5.139114764093818621e+00
5.139120714345763119e+00
5.139122457766344354e+00
5.139119877682670534e+00
5.139116363147762101e+00
5.139112795764370745e+00
5.139107039797957910e+00
5.139102034037491329e+00
5.139097895966691532e+00
5.139097639849038224e+00
5.139102137974965068e+00
5.139109949902901597e+00
5.139119954643807553e+00
5.139132279564198491e+00
5.139147041744124067e+00
5.139164985330115343e+00
5.139181797111213257e+00
5.139194353897163836e+00
5.139201543827348395e+00
5.139202656853432138e+00
5.139197921452415052e+00
5.139187787994578649e+00
5.139172779942001057e+00
5.139153880864451907e+00
5.139132016877248077e+00
5.139108310959838555e+00
5.139083828610439220e+00
5.139059699553602201e+00
5.139037077006490151e+00
5.139017167560362864e+00
5.139001120264715894e+00
5.138990120045915155e+00
5.138985336965549600e+00
5.138987958701461523e+00
5.138999061591590589e+00
5.139019866522999358e+00
5.139051575088074308e+00
5.139095229627695716e+00
5.139152032812257076e+00
5.139222657708582886e+00
5.139308231715243203e+00
5.139409599630291758e+00
5.139527584007139716e+00
5.139662929866592123e+00
5.139816513378302254e+00
5.139989354927222642e+00
5.140182111915330587e+00
5.140395635645965910e+00
5.140630614441017876e+00
5.140888001490513837e+00
5.141168748103210007e+00
5.141473391354211664e+00
5.141804114468524034e+00
5.142156427838036947e+00
5.142529305555054719e+00
5.142919032946357660e+00
5.143327387832233200e+00
5.143754329122731228e+00
5.144197406172881237e+00
5.144653747417161860e+00
5.145118677131961249e+00
5.145593396462628810e+00
5.146076607220003929e+00
5.146565856374928138e+00
5.147057607174047256e+00
5.147547536529729406e+00
5.148036626540251959e+00
5.148523214757569910e+00
5.149004862904675406e+00
5.149477864354974344e+00
5.149938393607861542e+00
5.150387279912957084e+00
5.150822277180976627e+00
5.151240932047493004e+00
5.151639324016994870e+00
5.152014053538567673e+00
5.152365454658990984e+00
5.152692063935226940e+00
5.152992295865095329e+00
5.153267126064872805e+00
5.153516756966834755e+00
5.153743868582076004e+00
5.153948696423446663e+00
5.154130062684541436e+00
5.154291129801547910e+00
5.154431336280084430e+00
5.154555138871200093e+00
5.154662178652487547e+00
5.154752302924297425e+00
5.154827788495586205e+00
5.154888954046309202e+00
5.154940030318812205e+00
5.154981288924011196e+00
5.155011289201340219e+00
5.155032452501020046e+00
5.155044977659255956e+00
5.155052499242720465e+00
5.155056399914156096e+00
5.155054407347471113e+00
5.155049789081513900e+00
5.155042513332283249e+00
5.155036184255568976e+00
5.155032121322130401e+00
5.155028010167428398e+00
5.155027089486305947e+00
5.155028789074335371e+00
5.155037333450803061e+00
5.155054023646572503e+00
5.155076439081513584e+00
5.155107836307781355e+00
5.155147574850181158e+00
5.155199862186620408e+00
5.155265781841063877e+00
5.155343189708711193e+00
5.155435386694790623e+00
5.155541585454539444e+00
5.155666005167931942e+00
5.155809829061674066e+00
5.155970719097004107e+00
5.156152024654493182e+00
5.156352824842379334e+00
5.156577362300650336e+00
5.156826829345718899e+00
5.157100108017965923e+00
5.157395308105094500e+00
5.157710792397900867e+00
5.158044844357116077e+00
5.158395077375514504e+00
5.158759632086201030e+00
5.159136127171858988e+00
5.159522633788927948e+00
5.159917124112889830e+00
5.160317326722488218e+00
5.160721069996998089e+00
5.161126126324579566e+00
5.161530321178779523e+00
5.161931715545998500e+00
5.162327933696852611e+00
5.162716914875256080e+00
5.163096522701727586e+00
5.163464692694890168e+00
5.163819399637925578e+00
5.164158931089390059e+00
5.164483645049680050e+00
5.164794892271805438e+00
5.165094345392484243e+00
5.165379707714366830e+00
5.165650916596697506e+00
5.165909247634756341e+00
5.166156694939184391e+00
5.166395567538040190e+00
5.166623812721866216e+00
5.166841424697833141e+00
5.167048998413429572e+00
5.167247559645966604e+00
5.167438034837889660e+00
5.167616811258543663e+00
5.167782263526519593e+00
5.167933935656971123e+00
5.168072053048586412e+00
5.168196845384141369e+00
5.168304350165477956e+00
5.168392784999510603e+00
5.168461513983844569e+00
5.168510512857524830e+00
5.168539744351352105e+00
5.168545216516418961e+00
5.168524929095353215e+00
5.168478247901718170e+00
5.168405727475243516e+00
5.168306916217613178e+00
5.168177685589822268e+00
5.168015675508710771e+00
5.167820293830069467e+00
5.167592469529543209e+00
5.167330597081515542e+00
5.167032554858659310e+00
5.166694239788984788e+00
5.166317132302856052e+00
5.165902138875162919e+00
5.165448861458635577e+00
5.164959884659683809e+00
5.164435390495992095e+00
5.163877469116188834e+00
5.163290459254123554e+00
5.162672710010148158e+00
5.162028919198847987e+00
5.161359543987847687e+00
5.160667491072156388e+00
5.159955579602457654e+00
5.159224052542186634e+00
5.158475921117997132e+00
5.157713247874116114e+00
5.156938512065743829e+00
5.156154079326723760e+00
5.155361552872990138e+00
5.154562201016878120e+00
5.153758035936689019e+00
5.152950714641547414e+00
5.152143081614111608e+00
5.151337116846178787e+00
5.150530606323217242e+00
5.149725793862078405e+00
5.148919678741429529e+00
5.148114566170906237e+00
5.147308423408602174e+00
5.146496396773791560e+00
5.145678682067729603e+00
5.144851756804921905e+00
5.144016371705867563e+00
5.143170702421404172e+00
5.142315250077582611e+00
5.141453209483362485e+00
5.140583781116939477e+00
5.139708969557024609e+00
5.138827712872363840e+00
5.137941408270338073e+00
5.137050014102199746e+00
5.136152602174619552e+00
5.135247558170298099e+00
5.134333309867717965e+00
5.133412653842307272e+00
5.132486928963400530e+00
5.131559593939519992e+00
5.130630572402216316e+00
5.129702310526109699e+00
5.128774192744232963e+00
5.127842951231933455e+00
5.126909098663665176e+00
5.125970613845921342e+00
5.125028492548800330e+00
5.124080992826557157e+00
5.123124445268248728e+00
5.122158804276323529e+00
5.121182009169196192e+00
5.120194619932506797e+00
5.119195075371597348e+00
5.118183133938643437e+00
5.117159554251762721e+00
5.116125631817909358e+00
5.115082845726343308e+00
5.114033088275523831e+00
5.112978508212895790e+00
5.111921292581888210e+00
5.110863839277357101e+00
5.109808362313838614e+00
5.108757262566419932e+00
5.107713183650107958e+00
5.106678101086349564e+00
5.105653892570468422e+00
5.104641884529324436e+00
5.103643696123096873e+00
5.102660917976234778e+00
5.101694745608900128e+00
5.100746704452966185e+00
5.099817689025139877e+00
5.098909490817523427e+00
5.098023907357193352e+00
5.097156543472148194e+00
5.096305015125609295e+00
5.095468028524256177e+00
5.094644996562339045e+00
5.093836078756786456e+00
5.093036133014893885e+00
5.092242132612800454e+00
5.091452416890597910e+00
5.090666047894693236e+00
5.089882933237886320e+00
5.089097583853935625e+00
5.088307110631203223e+00
5.087509478741620406e+00
5.086704063603017190e+00
5.085890291520689388e+00
5.085064791553948638e+00
5.084226475396488532e+00
5.083371782862875499e+00
5.082500342839690433e+00
5.081613042989106432e+00
5.080707844459742439e+00
5.079784345814316815e+00
5.078839896732300296e+00
5.077874504217238183e+00
5.076889176779718404e+00
5.075882188269228656e+00
5.074853015207976270e+00
5.073799267673225089e+00
5.072721019798250630e+00
5.071619268619747878e+00
5.070492501073808889e+00
5.069340334051581465e+00
5.068160220199558808e+00
5.066952496358487323e+00
5.065719130226703726e+00
5.064463597574563991e+00
5.063188962676855809e+00
5.061894615927072572e+00
5.060582263210149812e+00
5.059254678079221357e+00
5.057915982791516107e+00
5.056570133307310755e+00
5.055216585734221724e+00
5.053857256510588591e+00
5.052494322249028613e+00
5.051132396349045983e+00
5.049775479027363900e+00
5.048423332014414733e+00
5.047077404448125471e+00
5.045740556010339439e+00
5.044416271933648943e+00
5.043109548726413038e+00
5.041819762924049542e+00
5.040548383185005754e+00
5.039298218527173745e+00
5.038072762453292164e+00
5.036877680086825571e+00
5.035711988323662069e+00
5.034577109926673621e+00
5.033475987130137774e+00
5.032412059643598390e+00
5.031391746663780751e+00
5.030413878971070396e+00
5.029480587357014088e+00
5.028591297232835267e+00
5.027750553750722773e+00
5.026963128486007015e+00
5.026229205020992907e+00
5.025549997576801431e+00
5.024924727418747850e+00
5.024351838008789706e+00
5.023831762374668664e+00
5.023360926994413056e+00
5.022938585394352451e+00
5.022562453897029933e+00
5.022228837871283602e+00
5.021938221455843454e+00
5.021686723345250236e+00
5.021474157424004048e+00
5.021296654624224587e+00
5.021151642428069550e+00
5.021038022424384906e+00
5.020952447914807770e+00
5.020894279769911428e+00
5.020860191892191793e+00
5.020847795973589101e+00
5.020855625614697892e+00
5.020881145264196377e+00
5.020922474668535251e+00
5.020977095633918807e+00
5.021042663909669024e+00
5.021117222116503243e+00
5.021198204954329114e+00
5.021283946003006982e+00
5.021371930840598630e+00
5.021460073108957367e+00
5.021546215930195345e+00
5.021628146165223683e+00
5.021703788291835835e+00
5.021770870590755109e+00
5.021827322261579241e+00
5.021871009066872560e+00
5.021899816620335244e+00
5.021911662456751024e+00
5.021904439657866703e+00
5.021876028698810224e+00
5.021824384659469231e+00
5.021747432529866551e+00
5.021643305608943564e+00
5.021509924206823960e+00
5.021345255739928959e+00
5.021148074317664189e+00
5.020917770147264036e+00
5.020652138452917690e+00
5.020349431756823577e+00
5.020006739620058944e+00
5.019624167989879204e+00
5.019202926840574008e+00
5.018745861213594672e+00
5.018254541058031926e+00
5.017728242065696342e+00
5.017168478194562908e+00
5.016577358405976739e+00
5.015958385664908370e+00
5.015313992027133239e+00
5.014643638480395182e+00
5.013948782134742821e+00
5.013231848154158676e+00
5.012496256504149095e+00
5.011744988311024329e+00
5.010977470848650306e+00
5.010194886151643878e+00
5.009400006283017959e+00
5.008596090499254139e+00
5.007787099007459553e+00
5.006972402084562290e+00
5.006153084311576684e+00
5.005332037631363917e+00
5.004512458715529633e+00
5.003698916334600177e+00
5.002890583027095772e+00
5.002089010450931461e+00
5.001294349927397853e+00
5.000511650044413337e+00
4.999744576785656314e+00
4.998994711089821408e+00
4.998263264123291805e+00
4.997550122860761057e+00
4.996855610210391596e+00
4.996178556207509835e+00
4.995523214388581046e+00
4.994892692316265759e+00
4.994287696231098472e+00
4.993708352718442711e+00
4.993153845939725777e+00
4.992623190257639898e+00
4.992115547481866145e+00
4.991629139605850973e+00
4.991162287268729791e+00
4.990713375221880632e+00
4.990280232515128311e+00
4.989861297916562854e+00
4.989454395297856060e+00
4.989057584602326401e+00
4.988669059250444349e+00
4.988286795403749529e+00
4.987908689353557357e+00
4.987537495020720968e+00
4.987173578489516146e+00
4.986820550348554981e+00
4.986478383701241412e+00
4.986149311598336631e+00
4.985839127778953106e+00
4.985547996081359123e+00
4.985280613817221429e+00
4.985038335408963128e+00
4.984817156430280782e+00
4.984619604527897430e+00
4.984443007811850457e+00
4.984290624067134523e+00
4.984162182372010363e+00
4.984053279582358442e+00
4.983965964291193096e+00
4.983897037717461842e+00
4.983849611209654640e+00
4.983823145590205783e+00
4.983813177594631050e+00
4.983821130995705673e+00
4.983844454188433915e+00
4.983886198352625030e+00
4.983945455423159920e+00
4.984017975663369349e+00
4.984105146292198363e+00
4.984205106233778437e+00
4.984319938344480505e+00
4.984448985604168492e+00
4.984588185984241804e+00
4.984738858190898902e+00
4.984899259617153078e+00
4.985071269290121343e+00
4.985254143381091296e+00
4.985443955154690521e+00
4.985641885323051525e+00
4.985846129038902674e+00
4.986058149652156324e+00
4.986277691403004475e+00
4.986501285357001656e+00
4.986729222291680585e+00
4.986959931140364510e+00
4.987194788192928385e+00
4.987433381544023270e+00
4.987672032488108087e+00
4.987911500537365761e+00
4.988150022791297822e+00
4.988389284031063298e+00
4.988628207480132914e+00
4.988863702022999114e+00
4.989095956271111909e+00
4.989323627126931449e+00
4.989548030307113358e+00
4.989768428371816000e+00
4.989981046801029052e+00
4.990186944694785964e+00
4.990384740864455715e+00
4.990575324965237591e+00
4.990757767108798149e+00
4.990928508394926411e+00
4.991088429575381902e+00
4.991235988678005775e+00
4.991372501764042013e+00
4.991496536058899203e+00
4.991605396119473070e+00
4.991699326911536616e+00
4.991776998008197630e+00
4.991839576882837193e+00
4.991885575552065468e+00
4.991912363143697462e+00
4.991920211594610635e+00
4.991908034371503433e+00
4.991876907105383232e+00
4.991826436909671649e+00
4.991758655862708061e+00
4.991676658926357035e+00
4.991579792214382749e+00
4.991469054700633734e+00
4.991342803820793428e+00
4.991201758621087059e+00
4.991048511037431190e+00
4.990881692407480585e+00
4.990701944282106339e+00
4.990507269067517626e+00
4.990298196928403485e+00
4.990077225765041646e+00
4.989842905284664454e+00
4.989596180798312908e+00
4.989334496775468253e+00
4.989058393047948847e+00
4.988770410971542724e+00
4.988469116272232107e+00
4.988155456142328248e+00
4.987826884979210895e+00
4.987483965562486077e+00
4.987129223378203413e+00
4.986761827761134747e+00
4.986383477518161911e+00
4.985992776000699678e+00
4.985591644527220367e+00
4.985183420175514968e+00
4.984767998451195226e+00
4.984347709225319001e+00
4.983921604709529163e+00
4.983491738693619055e+00
4.983062075631524479e+00
4.982632592165673557e+00
4.982205898606980377e+00
4.981781175726855970e+00
4.981360234761440964e+00
4.980944612951780037e+00
4.980534543575549478e+00
4.980130506673657642e+00
4.979732186006212480e+00
4.979339372919702633e+00
4.978952208863400841e+00
4.978569988490841425e+00
4.978192377680739966e+00
4.977818682486018886e+00
4.977448338003656936e+00
4.977081154094835647e+00
4.976716331237753366e+00
4.976353479059238971e+00
4.975991841586132836e+00
4.975630860695441804e+00
4.975270197758277391e+00
4.974909060628911917e+00
4.974546955706379059e+00
4.974183167585930043e+00
4.973817092733285428e+00
4.973448222422799603e+00
4.973075937250455603e+00
4.972699643404981273e+00
4.972318731950421622e+00
4.971932689355512025e+00
4.971540805170138633e+00
4.971142527194520433e+00
4.970737210096618952e+00
4.970324245573779720e+00
4.969902932228349002e+00
4.969472785251043412e+00
4.969033073739907991e+00
4.968583327116272486e+00
4.968122900867663283e+00
4.967651026615702570e+00
4.967168192745946342e+00
4.966678380885920951e+00
4.966184760251841190e+00
4.965688973920247662e+00
4.965192074658177468e+00
4.964694649087092237e+00
4.964201703475615624e+00
4.963716967360875643e+00
4.963242571087381094e+00
4.962779737854204676e+00
4.962328369052909416e+00
4.961893891090356057e+00
4.961479775415562621e+00
4.961088312746786855e+00
4.960720874139869174e+00
4.960377646343611779e+00
4.960058750802480709e+00
4.959763510091059757e+00
4.959491605268619985e+00
4.959243118999354216e+00
4.959016139650544552e+00
4.958810669103464797e+00
4.958625209083608709e+00
4.958459107553412792e+00
4.958312419991766973e+00
4.958182640824293941e+00
4.958069926932281213e+00
4.957971928011452256e+00
4.957888870475639642e+00
4.957820194427681848e+00
4.957764146424655571e+00
4.957720914444710303e+00
4.957688084078309743e+00
4.957665846316430702e+00
4.957653553914331823e+00
4.957649624797976884e+00
4.957654059792165668e+00
4.957664607278765345e+00
4.957681290518721084e+00
4.957703391925658565e+00
4.957729429213555861e+00
4.957758759590557673e+00
4.957790104967767064e+00
4.957823223895152509e+00
4.957857172584385630e+00
4.957890419470835752e+00
4.957922156247999368e+00
4.957950956630278405e+00
4.957976496491804497e+00
4.957997309544347253e+00
4.958012562325214923e+00
4.958020821789154375e+00
4.958021292560054860e+00
4.958013596575376880e+00
4.957995975476126027e+00
4.957967424874562212e+00
4.957926352193949171e+00
4.957872546890189192e+00
4.957805155112777307e+00
4.957728757590424529e+00
4.957645213652771332e+00
4.957557167748357863e+00
4.957464406529810574e+00
4.957367807507883306e+00
4.957272414390366144e+00
4.957180647656690198e+00
4.957095184477415373e+00
4.957015832720694348e+00
4.956943897281211875e+00
4.956879668983069642e+00
4.956822250944000530e+00
4.956771491744924596e+00
4.956726778128553335e+00
4.956687321218100628e+00
4.956652760954943560e+00
4.956621831653077237e+00
4.956599097037591051e+00
4.956587339917799540e+00
4.956588106919128656e+00
4.956602640794637971e+00
4.956629574762239088e+00
4.956675046316861177e+00
4.956741844762631466e+00
4.956831937024883672e+00
4.956947226591922551e+00
4.957085680526264859e+00
4.957252431672581672e+00
4.957445233978847732e+00
4.957669451602320976e+00
4.957925649371515142e+00
4.958208395217131859e+00
4.958521197449933915e+00
4.958860128608117535e+00
4.959229838971565663e+00
4.959629095655451181e+00
4.960053758223127218e+00
4.960506907191645887e+00
4.960984227110218470e+00
4.961490169179212373e+00
4.962023318309854325e+00
4.962579637740325289e+00
4.963161077064048854e+00
4.963764853414666334e+00
4.964395147871742964e+00
4.965050388884315602e+00
4.965726646718152892e+00
4.966425729256639165e+00
4.967144947212704942e+00
4.967888105225333639e+00
4.968653841924437486e+00
4.969438395660885632e+00
4.970243536767133818e+00
4.971066695761450660e+00
4.971911553379663395e+00
4.972776827972898772e+00
4.973658870172273261e+00
4.974559343692433799e+00
4.975475831639539770e+00
4.976411112558614569e+00
4.977364848938356623e+00
4.978333428960810103e+00
4.979318350416193972e+00
4.980317345198761458e+00
4.981332994115123647e+00
4.982364801701675283e+00
4.983409295242797299e+00
4.984466607656846904e+00
4.985532262784014179e+00
4.986604244944223829e+00
4.987683263134726097e+00
4.988769498628147225e+00
4.989863161083825993e+00
4.990963961270221461e+00
4.992071883690125667e+00
4.993182595160373438e+00
4.994295000073083912e+00
4.995404818069705932e+00
4.996510509413251810e+00
4.997612706583510089e+00
4.998710019823680462e+00
4.999804226320753386e+00
5.000894784864555298e+00
5.001978924509654867e+00
5.003058044847618291e+00
5.004131118592392014e+00
5.005200078424583587e+00
5.006264545407663746e+00
5.007321835022938039e+00
5.008373423975478467e+00
5.009418207716715088e+00
5.010458520439040164e+00
5.011493927624594669e+00
5.012521692451607613e+00
5.013543277320039238e+00
5.014557557043206160e+00
5.015566875573767014e+00
5.016570692446601143e+00
5.017566629138364043e+00
5.018556047838700351e+00
5.019537784394395352e+00
5.020514114436280373e+00
5.021484458085668123e+00
5.022446430039179788e+00
5.023401250552905317e+00
5.024348228585494347e+00
5.025289181706082964e+00
5.026223737236630740e+00
5.027149498399865912e+00
5.028067615863454520e+00
5.028977374520671617e+00
5.029880626734863469e+00
5.030776886579166884e+00
5.031663822319877077e+00
5.032542601835501728e+00
5.033412452426326844e+00
5.034275326516998383e+00
5.035130654585135979e+00
5.035976650577557834e+00
5.036813168984425992e+00
5.037641303774489820e+00
5.038462770965470128e+00
5.039279554646980408e+00
5.040088908460508499e+00
5.040890378740201072e+00
5.041684820514688248e+00
5.042473848175773377e+00
5.043259424802432278e+00
5.044038550269375420e+00
5.044810804214844957e+00
5.045576977070936664e+00
5.046338658940562993e+00
5.047097821023831976e+00
5.047851422887811523e+00
5.048599242579707713e+00
5.049341656577357895e+00
5.050080285680064840e+00
5.050817168143161062e+00
5.051549237829216388e+00
5.052276270028716709e+00
5.052998619016772608e+00
5.053718068313365563e+00
5.054436365303164536e+00
5.055150455024606693e+00
5.055860135641461639e+00
5.056565768655903348e+00
5.057269139823086235e+00
5.057972047117121228e+00
5.058671604704627178e+00
5.059367163342007423e+00
5.060057267260321012e+00
5.060744671162731301e+00
5.061430706095463528e+00
5.062114530366426557e+00
5.062795111921196245e+00
5.063470402669673298e+00
5.064141186710959808e+00
5.064808864903217689e+00
5.065470655944710465e+00
5.066125394490128997e+00
5.066768723141915842e+00
5.067399124440319369e+00
5.068016206820077585e+00
5.068616214965052436e+00
5.069196622718639134e+00
5.069752934214241336e+00
5.070283028606838549e+00
5.070785861660309202e+00
5.071257283997304910e+00
5.071695333060390887e+00
5.072096638281412773e+00
5.072461710956463143e+00
5.072790656623014094e+00
5.073083116852261654e+00
5.073339790899821011e+00
5.073558671989061075e+00
5.073741616208621075e+00
5.073889100870632163e+00
5.074001557857313216e+00
5.074079482334250102e+00
5.074122909137563475e+00
5.074132562048084161e+00
5.074110588390663423e+00
5.074057247844808494e+00
5.073972823276468702e+00
5.073857216901429545e+00
5.073710986255950850e+00
5.073536387636608858e+00
5.073332542061157469e+00
5.073101798883921099e+00
5.072842366910820466e+00
5.072556361343062648e+00
5.072244421477713594e+00
5.071907061125436655e+00
5.071546020369330776e+00
5.071159214164414841e+00
5.070748422640661168e+00
5.070315497043827335e+00
5.069859380360045797e+00
5.069380935888089468e+00
5.068879297162689923e+00
5.068355946141579693e+00
5.067812923352517984e+00
5.067249347205557086e+00
5.066666208516157788e+00
5.066062302935220529e+00
5.065438713143862515e+00
5.064798150967157575e+00
5.064143489460742664e+00
5.063477890353000888e+00
5.062800466205274574e+00
5.062112043063437206e+00
5.061415046985541899e+00
5.060712395842466904e+00
5.060007645572815349e+00
5.059299736182485852e+00
5.058589285399114566e+00
5.057878609682713744e+00
5.057170602317248687e+00
5.056469128589426099e+00
5.055772897015606837e+00
5.055082354705130676e+00
5.054399736087119344e+00
5.053727860163247598e+00
5.053070908124841054e+00
5.052427467341816580e+00
5.051797628860271949e+00
5.051183718527950894e+00
5.050588401790060189e+00
5.050016143630541521e+00
5.049465404647683897e+00
5.048935911963974732e+00
5.048429921801481868e+00
5.047950011576805451e+00
5.047500691647921478e+00
5.047080679136608516e+00
5.046689560833668153e+00
5.046329445216154674e+00
5.046002903665697481e+00
5.045714283372556785e+00
5.045461565173512852e+00
5.045243214267586929e+00
5.045060859165434231e+00
5.044916345152352655e+00
5.044813706652541363e+00
5.044750488974434788e+00
5.044725105959272149e+00
5.044738905854805111e+00
5.044793587877696162e+00
5.044893460004872487e+00
5.045035689073897878e+00
5.045219893540538791e+00
5.045445457856453153e+00
5.045711507994032452e+00
5.046016997910387047e+00
5.046360540009386497e+00
5.046741018436200932e+00
5.047156709238239003e+00
5.047606004468448759e+00
5.048087487473435608e+00
5.048599230303711494e+00
5.049140267252273162e+00
5.049708476617284170e+00
5.050302066273338220e+00
5.050919720336146668e+00
5.051559544830864112e+00
5.052220133348649611e+00
5.052899193047826643e+00
5.053594902931992650e+00
5.054306002511923523e+00
5.055030509858672083e+00
5.055766999974194320e+00
5.056513414710106957e+00
5.057267489536943827e+00
5.058028195678534900e+00
5.058793248786868091e+00
5.059561164780796538e+00
5.060329906224549035e+00
5.061097364082277394e+00
5.061862257301152468e+00
5.062622472672999585e+00
5.063376347973287395e+00
5.064121986135185161e+00
5.064857528462351155e+00
5.065581336125077883e+00
5.066291457592787317e+00
5.066986112102211948e+00
5.067663489609302907e+00
5.068321752875389663e+00
5.068959151759089288e+00
5.069573858185949078e+00
5.070164109646620787e+00
5.070728146239462220e+00
5.071264079763833088e+00
5.071770068622473815e+00
5.072244479275588525e+00
5.072685582108142910e+00
5.073091865732613392e+00
5.073461212097946316e+00
5.073793363563063430e+00
5.074090309079084093e+00
5.074352745126282649e+00
5.074582958138829092e+00
5.074779875195865486e+00
5.074942795607541690e+00
5.075073858137522542e+00
5.075173398546223069e+00
5.075243710047844914e+00
5.075283675120490834e+00
5.075293053010290656e+00
5.075273228922205782e+00
5.075224429225827727e+00
5.075149097346049132e+00
5.075046257624682866e+00
5.074915983496515182e+00
5.074760384509621858e+00
5.074580268623589241e+00
5.074378894163577236e+00
5.074156349065063409e+00
5.073913330199478544e+00
5.073651768105386317e+00
5.073372566798982852e+00
5.073079301385488904e+00
5.072772714110371339e+00
