0.000000000000000000e+00
0.000000000000000000e+00
-1.474031159887091088e-06
-7.729507196927444028e-06
-1.977893654839135937e-05
-3.498266116366722259e-05
-4.973106333636677942e-05
-2.737033661105667948e-05
4.512949235504516970e-06
9.544975342578256483e-05
2.803654338640627084e-04
5.800444747728761155e-04
9.951745461148674490e-04
1.615544531814521465e-03
2.393882397882408399e-03
3.382288415305084815e-03
4.593787465564673836e-03
6.087113295070594593e-03
7.838973377220099722e-03
9.853544358484213339e-03
1.220207658814615771e-02
1.499520269440836676e-02
1.817412403630442805e-02
2.172639397191233543e-02
2.573017058180995104e-02
3.007511017131037773e-02
3.484437939929194150e-02
4.015169021891779738e-02
4.581380901145166301e-02
5.195682225035853224e-02
5.853749272631830758e-02
6.557541248606865714e-02
7.312827048110191741e-02
8.110824820803826107e-02
8.950672981547540263e-02
9.827590880202477508e-02
1.074234926443023014e-01
1.169609153013152214e-01
1.269135904054564390e-01
1.372521483640593565e-01
1.481321084241789821e-01
1.593184447030943640e-01
1.709754705171507572e-01
1.829514479379576453e-01
1.953382527570647065e-01
2.080927288274687648e-01
2.211666285734099069e-01
2.345297860841673576e-01
2.481956839303892104e-01
2.621758889894407196e-01
2.764035093526761577e-01
2.909221172075192596e-01
3.057574879865567752e-01
3.209048425893704093e-01
3.364226591329494975e-01
3.523352503518979439e-01
3.685561418275753454e-01
3.851331794004360098e-01
4.019980311136165385e-01
4.192460942010799441e-01
4.367744040231624769e-01
4.547535359601895255e-01
4.730428826551357213e-01
4.917875790338436248e-01
5.109161579351344518e-01
5.304261564950860652e-01
5.502873158197321146e-01
5.705752062539973801e-01
5.911398672799984544e-01
6.120680117349546201e-01
6.333237647752685273e-01
6.548829388360900561e-01
6.767387938241881118e-01
6.989369153718871797e-01
7.213683962564393370e-01
7.440699505548402648e-01
7.670083045701906466e-01
7.901603126268311739e-01
8.134563636522217367e-01
8.369146609048766505e-01
8.605027508478088061e-01
8.841955494623108258e-01
9.079690336923524896e-01
9.318281340341494356e-01
9.557265043001100802e-01
9.796888613443299754e-01
1.003687000248901562e+00
1.027719387982361177e+00
1.051770229313843119e+00
1.075851578686706445e+00
1.099929900143615580e+00
1.124022777054778821e+00
1.148108680222503786e+00
1.172191581700317453e+00
1.196252152894012433e+00
1.220300464604370472e+00
1.244313249562255974e+00
1.268303878281586083e+00
1.292252852890960924e+00
1.316163468335144415e+00
1.340007514927856747e+00
1.363779547188751495e+00
1.387466213677398752e+00
1.411066539261810693e+00
1.434591367218964075e+00
1.458035731289856418e+00
1.481414175007813139e+00
1.504704575512878728e+00
1.527914810154907377e+00
1.551033425305359037e+00
1.574063878033630681e+00
1.597017919991486012e+00
1.619895942185394677e+00
1.642691528771393017e+00
1.665408096287720019e+00
1.688040461514465740e+00
1.710577201817505388e+00
1.733006782505982057e+00
1.755337688897125936e+00
1.777584481213562606e+00
1.799748759243958274e+00
1.821839864228241845e+00
1.843837382767670618e+00
1.865757837269776509e+00
1.887603373501771209e+00
1.909367966626160706e+00
1.931058664296143812e+00
1.952652456734651043e+00
1.974179232094758651e+00
1.995621955368989564e+00
2.016989574406617525e+00
2.038314812157624889e+00
2.059571480725282733e+00
2.080767288182252983e+00
2.101906597588533820e+00
2.122985119793886710e+00
2.144021818612093178e+00
2.165003237698549743e+00
2.185936732266420712e+00
2.206833095524782795e+00
2.227676029179568307e+00
2.248473362896914463e+00
2.269243991349215506e+00
2.289978523228640039e+00
2.310670115921968470e+00
2.331325528595918239e+00
2.351941068146699898e+00
2.372525200818055957e+00
2.393081948731416553e+00
2.413615231488221990e+00
2.434133429501527779e+00
2.454629809830660037e+00
2.475104680035585147e+00
2.495567600701325883e+00
2.516018714879030060e+00
2.536464569542879133e+00
2.556932716343873757e+00
2.577412557576173491e+00
2.597895488713258150e+00
2.618373863671296320e+00
2.638847484562866885e+00
2.659343633625977255e+00
2.679848420594209024e+00
2.700358052227967764e+00
2.720864040825837993e+00
2.741359107468599010e+00
2.761871635888094367e+00
2.782382941220278294e+00
2.802894215558047186e+00
2.823394932721132733e+00
2.843884019825930309e+00
2.864390351746553876e+00
2.884886753533358217e+00
2.905377242539400662e+00
2.925847637627596587e+00
2.946299030755038295e+00
2.966761631939883515e+00
2.987216665719027553e+00
3.007655990097994891e+00
3.028066995118136262e+00
3.048444979165072066e+00
3.068812222455019167e+00
3.089146857235903099e+00
3.109440209839815061e+00
3.129690632794374761e+00
3.149887509320253631e+00
3.170009996865267077e+00
3.190071046326631965e+00
3.210036185954088239e+00
3.229934358571047159e+00
3.249709032748217208e+00
3.269358038876528205e+00
3.288908764098162241e+00
3.308342484210009093e+00
3.327700934384340670e+00
3.346950755093569096e+00
3.366102186415666608e+00
3.385118964884752391e+00
3.403999221299165878e+00
3.422745257590288137e+00
3.441344722483628882e+00
3.459766957734101922e+00
3.478032013152116075e+00
3.496160072062485469e+00
3.514158141587250483e+00
3.532004357550614593e+00
3.549703861449235553e+00
3.567245148394578624e+00
3.584629003975861927e+00
3.601825122807496005e+00
3.618894752238266843e+00
3.635797609065049230e+00
3.652561976883881290e+00
3.669141948197358172e+00
3.685525877449983057e+00
3.701688770030015618e+00
3.717661019537919387e+00
3.733452321265214202e+00
3.749063942406647421e+00
3.764476716492645814e+00
3.779699375603668532e+00
3.794685835812561248e+00
3.809490977499954134e+00
3.824070531104080128e+00
3.838490400288574467e+00
3.852703199360840269e+00
3.866744154665939792e+00
3.880576913331025057e+00
3.894163362954132790e+00
3.907581282828323843e+00
3.920787323687545900e+00
3.933822455380431737e+00
3.946655961249343925e+00
3.959295535061828186e+00
3.971770209048263389e+00
3.984035649273864887e+00
3.996134629223815793e+00
4.008039314721099977e+00
4.019757891867630661e+00
4.031322078679077769e+00
4.042691651556960863e+00
4.053908811781875343e+00
4.064953399870865347e+00
4.075831809018127139e+00
4.086567256424896044e+00
4.097184655640594642e+00
4.107655824397079769e+00
4.118013058875076737e+00
4.128264828894607774e+00
4.138431084130278492e+00
4.148486926529875163e+00
4.158409557912817078e+00
4.168250369403830646e+00
4.177985328410140475e+00
4.187628118370047225e+00
4.197209674690237868e+00
4.206700687978736752e+00
4.216117076251975071e+00
4.225488541696539535e+00
4.234798549387922328e+00
4.244067268345824040e+00
4.253323491785994115e+00
4.262572009537689333e+00
4.271813951108923924e+00
4.281035242650978567e+00
4.290241110299103156e+00
4.299441480014794870e+00
4.308614556167596810e+00
4.317773504231447568e+00
4.326931180928225373e+00
4.336090077732080772e+00
4.345249358985895149e+00
4.354424151752466443e+00
4.363612165425296396e+00
4.372811944458957711e+00
4.382025135133739369e+00
4.391261082265850213e+00
4.400543467376705209e+00
4.409858875248906074e+00
4.419202175114629760e+00
4.428570120904921303e+00
4.437963221643447476e+00
4.447401888940810899e+00
4.456886842225074474e+00
4.466396521304130118e+00
4.475934351060867122e+00
4.485484940979956647e+00
4.495072184179304209e+00
4.504681513283728123e+00
4.514292510126112212e+00
4.523901314113617289e+00
4.533507050250053183e+00
4.543097442362784122e+00
4.552655460808753496e+00
4.562178657625197253e+00
4.571653012011527295e+00
4.581096736166953676e+00
4.590488933299063490e+00
4.599814993713376765e+00
4.609086901519773960e+00
4.618286828969000446e+00
4.627444375727652215e+00
4.636536773417471835e+00
4.645574946377752923e+00
4.654529789064405065e+00
4.663383852217672931e+00
4.672178031180380664e+00
4.680888490651129885e+00
4.689532636378287656e+00
4.698083828065872325e+00
4.706551737759591347e+00
4.714944118831635222e+00
4.723255664680481303e+00
4.731487530444145939e+00
4.739633687112808857e+00
4.747695119951249154e+00
4.755685852740289654e+00
4.763611401889803254e+00
4.771485567663193983e+00
4.779308572385790654e+00
4.787072875473979749e+00
4.794786179039958185e+00
4.802449231122019491e+00
4.810070973608973510e+00
4.817653300736428612e+00
4.825193290684699932e+00
4.832700622652053468e+00
4.840183092329978898e+00
4.847641818497659294e+00
4.855082066033364008e+00
4.862506121967316908e+00
4.869940053794861612e+00
4.877386814926148340e+00
4.884836875174523030e+00
4.892294588063241356e+00
4.899754798386575239e+00
4.907245592449189786e+00
4.914758836601259340e+00
4.922294560049058632e+00
4.929863818858146729e+00
4.937473273847579058e+00
4.945128692958830285e+00
4.952824009631155988e+00
4.960543143723486814e+00
4.968295377467153884e+00
4.976086521122931039e+00
4.983919798110007626e+00
4.991797992561339825e+00
4.999696730349540097e+00
5.007622233603476580e+00
5.015578725908278912e+00
5.023569561813354234e+00
5.031597748373030754e+00
5.039638316009520835e+00
5.047698289726257670e+00
5.055766460273742879e+00
5.063858772490500648e+00
5.071954636548041684e+00
5.080048924062728233e+00
5.088128740761756141e+00
5.096191909287451693e+00
5.104238880846976301e+00
5.112244456384657632e+00
5.120195092533110781e+00
5.128085104797362348e+00
5.135916879747388641e+00
5.143674969647405781e+00
5.151343833182332688e+00
5.158933572147367919e+00
5.166431027029036116e+00
5.173849325750349060e+00
5.181173602912901188e+00
5.188376806352613890e+00
5.195463554833409603e+00
5.202434995148656149e+00
5.209318344567296144e+00
5.216105751965519843e+00
5.222797632191655381e+00
5.229379082892415376e+00
5.235857408020970993e+00
5.242241413567541031e+00
5.248540518854139414e+00
5.254749309990881301e+00
5.260858426068304894e+00
5.266875553701400037e+00
5.272794810507773100e+00
5.278633347127913211e+00
5.284383138988493656e+00
5.290031988595007562e+00
5.295603395078657627e+00
5.301086543772695947e+00
5.306478814456937698e+00
5.311805326316830111e+00
5.317052637312888130e+00
5.322238110278129319e+00
5.327353669975280148e+00
5.332400111530303022e+00
5.337413364027022489e+00
5.342372949991701425e+00
5.347278242085455879e+00
5.352135541115283779e+00
5.356939409647464068e+00
5.361719413373945642e+00
5.366464115653514000e+00
5.371177547250269413e+00
5.375884644065378914e+00
5.380585948799132545e+00
5.385292025480746148e+00
5.389986512039183886e+00
5.394683909390447063e+00
5.399393764112469185e+00
5.404124868486400501e+00
5.408881980751033325e+00
5.413647967849249731e+00
5.418434540901656327e+00
5.423251087937827286e+00
5.428109863970752791e+00
5.433021193716999875e+00
5.437957189653393364e+00
5.442936623964783394e+00
5.447959079418655648e+00
5.453030687842841395e+00
5.458159501824851212e+00
5.463314701591009737e+00
5.468516276154988809e+00
5.473764047894948526e+00
5.479047929320805643e+00
5.484373464260571929e+00
5.489732551250928516e+00
5.495141212020391741e+00
5.500594597135060937e+00
5.506085095081799885e+00
5.511616333995335459e+00
5.517183630738728972e+00
5.522795047436230398e+00
5.528467380080694049e+00
5.534176956091398480e+00
5.539942697558873697e+00
5.545750129495137237e+00
5.551605826888555306e+00
5.557514568243498765e+00
5.563444836411949090e+00
5.569408942733284462e+00
5.575383645568367186e+00
5.581389302883621895e+00
5.587423360023973551e+00
5.593455646906375200e+00
5.599496398840426714e+00
5.605526401672839221e+00
5.611557795081615119e+00
5.617584681187152817e+00
5.623597918425081943e+00
5.629588720474719032e+00
5.635551239524363432e+00
5.641475727830409959e+00
5.647366652760982042e+00
5.653197748933314948e+00
5.658964453015803642e+00
5.664676327381610754e+00
5.670320619020937869e+00
5.675912061605928649e+00
5.681427429590700129e+00
5.686878195677278036e+00
5.692266771469590481e+00
5.697572025928971051e+00
5.702811538253304668e+00
5.707960825238702185e+00
5.713033859405991954e+00
5.718034728441712566e+00
5.722957276378151548e+00
5.727805796537873029e+00
5.732549625013348304e+00
5.737203735683437777e+00
5.741772482071396233e+00
5.746259431515213123e+00
5.750640744243140645e+00
5.754959365997787124e+00
5.759186431143756835e+00
5.763339996312137004e+00
5.767409276638503002e+00
5.771372314069743048e+00
5.775273936961169419e+00
5.779089369450088221e+00
5.782852466378685108e+00
5.786538207803245015e+00
5.790123225424762765e+00
5.793648715887543155e+00
5.797092943463798775e+00
5.800480885777946405e+00
5.803822773371215327e+00
5.807108793828960280e+00
5.810354116831297766e+00
5.813535512063975119e+00
5.816671882544035554e+00
5.819775105689044992e+00
5.822846106563087432e+00
5.825907836530681116e+00
5.828933113489624951e+00
5.831931057546611896e+00
5.834913024280544036e+00
5.837875493441100794e+00
5.840841312382694994e+00
5.843780602190967954e+00
5.846698276672836592e+00
5.849607610378739331e+00
5.852504602346893847e+00
5.855413593624112067e+00
5.858316600893017423e+00
5.861210896049018793e+00
5.864111444030281284e+00
5.867005151782509031e+00
5.869895287726397903e+00
5.872773039315219101e+00
5.875638402376647029e+00
5.878490662549013201e+00
5.881334520254607234e+00
5.884177783105846160e+00
5.887021067414756281e+00
5.889863812897678130e+00
5.892702803287978242e+00
5.895536547873492239e+00
5.898367835853570718e+00
5.901195138965123377e+00
5.904017367635243652e+00
5.906832011614317146e+00
5.909641221139904310e+00
5.912451174829478795e+00
5.915237264607423384e+00
5.918007469449514169e+00
5.920772574816221656e+00
5.923528539512629365e+00
5.926275974486346243e+00
5.928986141357893480e+00
5.931661871943944675e+00
5.934299575660700654e+00
5.936896707389826666e+00
5.939458616946216907e+00
5.941960099313732258e+00
5.944409251783367765e+00
5.946807425592418817e+00
5.949154357139343929e+00
5.951458546046490383e+00
5.953708794389243053e+00
5.955907691840405249e+00
5.958052534286256474e+00
5.960140782866950815e+00
5.962180475119825296e+00
5.964162929032322147e+00
5.966091262672422069e+00
5.967968403075214923e+00
5.969793872062441942e+00
5.971576089386221753e+00
5.973295688007351778e+00
5.974963997576711705e+00
5.976584114406582771e+00
5.978158363674161535e+00
5.979703896019932685e+00
5.981216916565176511e+00
5.982694806579824665e+00
5.984128998343225092e+00
5.985516398672337424e+00
5.986872729931350889e+00
5.988193151180025708e+00
5.989474891547439839e+00
5.990710197139858195e+00
5.991899342585683463e+00
5.993059423316597467e+00
5.994189273391247852e+00
5.995292112578034960e+00
5.996364849184034895e+00
5.997408946130751595e+00
5.998433943588614703e+00
5.999439111922264978e+00
6.000432644758701528e+00
6.001421522844910150e+00
6.002403868113040275e+00
6.003383516270995202e+00
6.004359829698085349e+00
6.005332777921437604e+00
6.006305284027336988e+00
6.007273395035742425e+00
6.008240324158547807e+00
6.009206672583101927e+00
6.010174451891657554e+00
6.011151835371134844e+00
6.012128792528390164e+00
6.013105369035481651e+00
6.014081655193447951e+00
6.015059918288470087e+00
6.016052009586572602e+00
6.017054980669499287e+00
6.018072911922217827e+00
6.019103013400317614e+00
6.020144751642228620e+00
6.021207485545755134e+00
6.022286987576962680e+00
6.023385626126410486e+00
6.024502336729646856e+00
6.025642073799253318e+00
6.026809405584216961e+00
6.027995564241290793e+00
6.029201717723490006e+00
6.030429468054653519e+00
6.031682192731977921e+00
6.032934053588988377e+00
6.034197485346677325e+00
6.035468830962065212e+00
6.036758950699452342e+00
6.038065899957303806e+00
6.039362946499472251e+00
6.040661017943507183e+00
6.041942786474114868e+00
6.043224261451846324e+00
6.044510368902569653e+00
6.045785204518919542e+00
6.047054641146545784e+00
6.048303241405967867e+00
6.049542729679826536e+00
6.050770499680521830e+00
6.051975891638877947e+00
6.053163785461666890e+00
6.054329540629271200e+00
6.055461326066736483e+00
6.056558656517747607e+00
6.057596349690440363e+00
6.058572213624003666e+00
6.059504860688330830e+00
6.060368768845082244e+00
6.061174677361131913e+00
6.061898898978117067e+00
6.062550457019689532e+00
6.063136210974637841e+00
6.063667474959378190e+00
6.064129429471080357e+00
6.064514960397366927e+00
6.064820977144275815e+00
6.065060551513320242e+00
6.065249425314700460e+00
6.065380227279251635e+00
6.065448342442845586e+00
6.065457081812069440e+00
6.065422881085991591e+00
6.065360142578005487e+00
6.065274629554345154e+00
6.065171457751287853e+00
6.065055484500347482e+00
6.064938238019688121e+00
6.064813008865907129e+00
6.064692397656485490e+00
6.064570134196996420e+00
6.064461538399203100e+00
6.064366809314681639e+00
6.064269897694333444e+00
6.064180999443500752e+00
6.064091260077998591e+00
6.064016606447855118e+00
6.063958452398525267e+00
6.063904957509234528e+00
6.063861103880785919e+00
6.063814268506699356e+00
6.063780203856163453e+00
6.063761246846857134e+00
6.063745928454314260e+00
6.063741068051473171e+00
6.063747326475146693e+00
6.063780945189806815e+00
6.063827411573889492e+00
6.063882211939940703e+00
6.063953357208098360e+00
6.064036300889725339e+00
6.064143433961594276e+00
6.064282111702064881e+00
6.064433845514010102e+00
6.064602609863084304e+00
6.064782882863235969e+00
6.064986831163566627e+00
6.065223102690231016e+00
6.065472424933265216e+00
6.065747263384562160e+00
6.066036849384706109e+00
6.066349232969383110e+00
6.066691755866209235e+00
6.067044904073276790e+00
6.067422208739022160e+00
6.067815978517333342e+00
6.068224412081340446e+00
6.068657559779980559e+00
6.069115724479355656e+00
6.069587152888574977e+00
6.070066465129651867e+00
6.070549472746947117e+00
6.071034792465664687e+00
6.071522893113590058e+00
6.072007746574975329e+00
6.072496740920044545e+00
6.072981343296862455e+00
6.073458962393498695e+00
6.073926367936230086e+00
6.074382029240524616e+00
6.074833481823599612e+00
6.075275328149593257e+00
6.075712411915456634e+00
6.076132170809005473e+00
6.076533019383941969e+00
6.076920733293091459e+00
6.077292466116642977e+00
6.077652564448809969e+00
6.077992781614459439e+00
6.078314991956150770e+00
6.078618899667210584e+00
6.078900917628354605e+00
6.079163397540844116e+00
6.079398299539037431e+00
6.079609555592337067e+00
6.079802531702021007e+00
6.079975131758997620e+00
6.080123999556104053e+00
6.080237874369646356e+00
6.080320773217404273e+00
6.080379215334117404e+00
6.080412322901696420e+00
6.080418324836802668e+00
6.080390698277198247e+00
6.080338164312572680e+00
6.080268967729801410e+00
6.080184932575369849e+00
6.080089862468462059e+00
6.079979888229440910e+00
6.079854683504249735e+00
6.079718045974892071e+00
6.079570513321828074e+00
6.079415033497657106e+00
6.079251426887506859e+00
6.079080609195673723e+00
6.078910436724121347e+00
6.078736129180335901e+00
6.078557358887785256e+00
6.078374404647195028e+00
6.078204120361054841e+00
6.078047627583885948e+00
6.077894256814190932e+00
6.077749453895534337e+00
6.077608574471245362e+00
6.077479854198912790e+00
6.077363017723705241e+00
6.077255136390025569e+00
6.077155068983133290e+00
6.077056783447782884e+00
6.076964704646538706e+00
6.076880059960107161e+00
6.076801157501336093e+00
6.076730219270844557e+00
6.076665673983093541e+00
6.076605214314346526e+00
6.076547523737695577e+00
6.076490191589849488e+00
6.076436007107416160e+00
6.076384030297206529e+00
6.076334852693410227e+00
6.076289368179433659e+00
6.076243197224841630e+00
6.076203310569556315e+00
6.076166113457451168e+00
6.076143248654711115e+00
6.076136885383908393e+00
6.076145267908737324e+00
6.076170031778325153e+00
6.076211276255357951e+00
6.076252849833849723e+00
6.076301386436258056e+00
6.076361328815851337e+00
6.076436239295449404e+00
6.076533707036446685e+00
6.076639726982262069e+00
6.076773446519667665e+00
6.076926608896623172e+00
6.077118532816689012e+00
6.077344322866570003e+00
6.077577166492860172e+00
6.077824702868978690e+00
6.078071667990458060e+00
6.078332385076952171e+00
6.078597537531329031e+00
6.078850387680155620e+00
6.079103312390667924e+00
6.079345569229496427e+00
6.079590925919634792e+00
6.079834113801640960e+00
6.080067093550038493e+00
6.080296096104007120e+00
6.080509158550572835e+00
6.080717206383867257e+00
6.080916882893814268e+00
6.081102147652579504e+00
6.081277622050418330e+00
6.081443541115894469e+00
6.081598733496664799e+00
6.081743905787170057e+00
6.081867656634003083e+00
6.081975996783748784e+00
6.082070777491480840e+00
6.082154841852188909e+00
6.082233275716007803e+00
6.082288553035631651e+00
6.082324375985935561e+00
6.082342174951500091e+00
6.082344986571860623e+00
6.082339185205801080e+00
6.082311033904134412e+00
6.082266899183904840e+00
6.082208029068588040e+00
6.082137172417296789e+00
6.082059622280812761e+00
6.081958358571446510e+00
6.081837591747336624e+00
6.081699931579224838e+00
6.081550283203416285e+00
6.081396620585166168e+00
6.081235297857366717e+00
6.081064387089155865e+00
6.080884085888556001e+00
6.080700303851208410e+00
6.080518951746217482e+00
6.080341352573179314e+00
6.080170129066847728e+00
6.079998636669062151e+00
6.079844196536160261e+00
6.079699884126474885e+00
6.079581147026781984e+00
6.079491185950625542e+00
6.079432631283577138e+00
6.079414935027759981e+00
6.079426969396463321e+00
6.079478909335612080e+00
6.079561426536692181e+00
6.079689978248951299e+00
6.079864431842741723e+00
6.080068173948256494e+00
6.080309219620703587e+00
6.080577764696955434e+00
6.080890715829610826e+00
6.081242206580519394e+00
6.081629030778586298e+00
6.082053424231290251e+00
6.082501769214450071e+00
6.082990986778915143e+00
6.083514045215725474e+00
6.084069183468401754e+00
6.084654564521789766e+00
6.085270406975925361e+00
6.085923705324114863e+00
6.086612979545773960e+00
6.087326286285700938e+00
6.088057723193945669e+00
6.088802825435580601e+00
6.089571486338558159e+00
6.090356350317181366e+00
6.091147410273135776e+00
6.091949388533413945e+00
6.092748540415943381e+00
6.093552606924951931e+00
6.094353445544421710e+00
6.095140348597944069e+00
6.095909280180513257e+00
6.096646554618655678e+00
6.097343280613003458e+00
6.097995645403443632e+00
6.098606083392677846e+00
6.099171615987597050e+00
6.099693490638910198e+00
6.100155234969732554e+00
6.100568596459505777e+00
6.100908362865030021e+00
6.101167703289121391e+00
6.101358938235372342e+00
6.101462483871310738e+00
6.101499410126872469e+00
6.101447093262851062e+00
6.101301441192208408e+00
6.101081190872519322e+00
6.100768823101698324e+00
6.100389117300091257e+00
6.099924174807545896e+00
6.099389300979253470e+00
6.098788050040181652e+00
6.098101281374272098e+00
6.097351064085538397e+00
6.096520726307804061e+00
6.095625729560429029e+00
6.094670816659505164e+00
6.093654933869416368e+00
6.092587427049454440e+00
6.091447741090831869e+00
6.090248776524839869e+00
6.088994896113455013e+00
6.087687375247060828e+00
6.086336320787252063e+00
6.084925490468324760e+00
6.083468157648624697e+00
6.081971420049251620e+00
6.080442371666015866e+00
6.078895575999799128e+00
6.077329157292427730e+00
6.075747520923197698e+00
6.074152473210872039e+00
6.072549974172889442e+00
6.070942213683902189e+00
6.069337022155105288e+00
6.067732923626481423e+00
6.066147946416914571e+00
6.064587831347762581e+00
6.063040982186375771e+00
6.061520426719963162e+00
6.060018093287526497e+00
6.058556254058657942e+00
6.057135544865904109e+00
6.055738302021798525e+00
6.054389275312002994e+00
6.053074050992307775e+00
6.051820432692346152e+00
6.050633849724708746e+00
6.049497772901831993e+00
6.048427569493233236e+00
6.047397451623855780e+00
6.046432145162998317e+00
6.045533944442449403e+00
6.044686089604675239e+00
6.043893157317816289e+00
6.043149273097097485e+00
6.042461965307176719e+00
6.041844756118535997e+00
6.041274457759738148e+00
6.040745759605943732e+00
6.040252676680266219e+00
6.039801222979604312e+00
6.039399336166262344e+00
6.039024140461861201e+00
6.038682641908108550e+00
6.038364168740391058e+00
6.038070713318467675e+00
6.037802281435161511e+00
6.037545858118263276e+00
6.037302950229074483e+00
6.037066297214056299e+00
6.036846862677061054e+00
6.036631960589014412e+00
6.036414933818897488e+00
6.036189628224393644e+00
6.035955210160038220e+00
6.035717987156979270e+00
6.035467163025908022e+00
6.035205979570322121e+00
6.034916897639206468e+00
6.034602698385288733e+00
6.034256058111359344e+00
6.033884196169247538e+00
6.033470200337042399e+00
6.033011653422883036e+00
6.032515806220046350e+00
6.031976817957631631e+00
6.031399744264357210e+00
6.030786297991447498e+00
6.030136168375187289e+00
6.029445079490117543e+00
6.028700352459721579e+00
6.027912048846058468e+00
6.027079836502246657e+00
6.026206511109642783e+00
6.025294404699973683e+00
6.024342484548263599e+00
6.023357366770081711e+00
6.022334069311193971e+00
6.021272442414931980e+00
6.020175058990292705e+00
6.019041051938704534e+00
6.017879709153941548e+00
6.016695136948993827e+00
6.015484463199546106e+00
6.014246165304949265e+00
6.012976157813835876e+00
6.011684001534749910e+00
6.010373599081805018e+00
6.009043450802138864e+00
6.007697058319620531e+00
6.006331358849577029e+00
6.004954637288621555e+00
6.003571235537104478e+00
6.002174482047133885e+00
6.000767342000774995e+00
5.999345478862099235e+00
5.997926043718630140e+00
5.996507527976804752e+00
5.995101306885057824e+00
5.993711044936949506e+00
5.992325849830682394e+00
5.990956284701402623e+00
5.989592714011247487e+00
5.988246582597072099e+00
5.986919633745725555e+00
5.985605942457492112e+00
5.984308589994484784e+00
5.983025031983429720e+00
5.981759811043315445e+00
5.980518271326594970e+00
5.979309213980607218e+00
5.978129222392611908e+00
5.976970337330870464e+00
5.975837208479218177e+00
5.974734574704937629e+00
5.973665967732242343e+00
5.972642681225708294e+00
5.971648725494316245e+00
5.970685904472639471e+00
5.969757692217399381e+00
5.968867813497353403e+00
5.968030773400831990e+00
5.967221200614740262e+00
5.966463150903154933e+00
5.965750576853324105e+00
5.965096684023309948e+00
5.964503780565726387e+00
5.963940110839474507e+00
5.963423739708530569e+00
5.962949198968279241e+00
5.962528745717870393e+00
5.962157650291490363e+00
5.961819072737861269e+00
5.961521191130895403e+00
5.961256952881385907e+00
5.961036589033474442e+00
5.960854332278985979e+00
5.960695026963522380e+00
5.960564867183140159e+00
5.960455218944272993e+00
5.960376110737717781e+00
5.960323812970466761e+00
5.960295374490828024e+00
5.960293079553242279e+00
5.960314694928540824e+00
5.960362634883798805e+00
5.960431806474527860e+00
5.960515714633813467e+00
5.960611171677312470e+00
5.960716021192796532e+00
5.960828403170758349e+00
5.960952686668910872e+00
5.961081705923730212e+00
5.961208429589473390e+00
5.961333946484677959e+00
5.961454123502202940e+00
5.961571141324544243e+00
5.961675187490487637e+00
5.961765847263464480e+00
5.961849534950757423e+00
5.961919320804605960e+00
5.961971900427321280e+00
5.962005705862845062e+00
5.962020123876006217e+00
5.962023578562671844e+00
5.962012812963817687e+00
5.961988774282523273e+00
5.961945251417943403e+00
5.961877804445701479e+00
5.961795318592938209e+00
5.961694167638797559e+00
5.961576293223204814e+00
5.961441765148791205e+00
5.961288672118114640e+00
5.961120266253727706e+00
5.960929777036088062e+00
5.960717798555867475e+00
5.960486445269214784e+00
5.960234630471695105e+00
5.959970607692974376e+00
5.959690874303357866e+00
5.959389468292371816e+00
5.959066595594064708e+00
5.958719826611355685e+00
5.958358369256035125e+00
5.957979975389913641e+00
5.957585215913730359e+00
5.957175453426915013e+00
5.956742871003823936e+00
5.956294123912829086e+00
5.955826281617063067e+00
5.955340937311428107e+00
5.954839798780756865e+00
5.954319536323326112e+00
5.953785548555331708e+00
5.953241476165729296e+00
5.952692643041389786e+00
5.952140351730066392e+00
5.951589605929928695e+00
5.951047800193208559e+00
5.950519841323274051e+00
5.949997167783457108e+00
5.949482210511940039e+00
5.948965901258068456e+00
5.948464212613777669e+00
5.947970671738164405e+00
5.947487455616372820e+00
5.947013520533817044e+00
5.946536747078078555e+00
5.946071581217128532e+00
5.945610310631471940e+00
5.945154402377684555e+00
5.944710477302451501e+00
5.944265798414727797e+00
5.943834360512576076e+00
5.943407672318301138e+00
5.942994588474412865e+00
5.942596036615450217e+00
5.942195443595428728e+00
5.941805844316859542e+00
5.941419427628298777e+00
5.941045968840500180e+00
5.940689224908729749e+00
5.940336158285519197e+00
5.939994797120472292e+00
5.939655173207303740e+00
5.939325757558129304e+00
5.939011638509713364e+00
5.938700228250258562e+00
5.938401741451255766e+00
5.938111690087846561e+00
5.937833175520083273e+00
5.937568565281708288e+00
5.937304127654660313e+00
5.937050652905034198e+00
5.936804656154142990e+00
5.936571759181695995e+00
5.936359884823338540e+00
5.936149616400377305e+00
5.935948550990449490e+00
5.935753115518616063e+00
5.935568816839385420e+00
5.935404334078211441e+00
5.935241920957942341e+00
5.935096673602838102e+00
5.934959819941449055e+00
5.934832888311373900e+00
5.934723189026716028e+00
5.934613914648670274e+00
5.934521653084684267e+00
5.934436606458056929e+00
5.934371056277905510e+00
5.934324752712290874e+00
5.934287941090897078e+00
5.934255296162464610e+00
5.934214591866494359e+00
5.934163796820810965e+00
5.934088124370335393e+00
5.933989445844797039e+00
5.933846448080746683e+00
5.933663855621723826e+00
5.933438849968968754e+00
5.933160126971213089e+00
5.932840075584260298e+00
5.932456340098885228e+00
5.932028384672610066e+00
5.931540455052761729e+00
5.930989116856959953e+00
5.930393778735903787e+00
5.929746248105673523e+00
5.929059920886662560e+00
5.928324750492480533e+00
5.927528597170618418e+00
5.926694988662508656e+00
5.925808047035840964e+00
5.924876739958433447e+00
5.923890836740046240e+00
5.922839351201563574e+00
5.921748574802785825e+00
5.920605358014015884e+00
5.919419902393728172e+00
5.918185801932720480e+00
5.916906284520535131e+00
5.915600893328099019e+00
5.914258093217520162e+00
5.912888915816452595e+00
5.911484772244597785e+00
5.910042284408712376e+00
5.908576520064973359e+00
5.907076452950144052e+00
5.905550096908712909e+00
5.903992394486570205e+00
5.902403473982715809e+00
5.900797654071950227e+00
5.899173287430905077e+00
5.897540003636978057e+00
5.895895536521576830e+00
5.894239725301170019e+00
5.892582804093265736e+00
5.890926585177087560e+00
5.889277637878561400e+00
5.887638547847174664e+00
5.886031665632628140e+00
5.884455173144243822e+00
5.882910868505142332e+00
5.881402175704144142e+00
5.879940381476781219e+00
5.878542631546161523e+00
5.877220825383566272e+00
5.875953786352775765e+00
5.874757577756547278e+00
5.873636879900598018e+00
5.872601522708439603e+00
5.871662118265533969e+00
5.870800944620872208e+00
5.870041277090215281e+00
5.869368974844121567e+00
5.868797060677909627e+00
5.868326615559064763e+00
5.867949886189901321e+00
5.867688505591951653e+00
5.867507831769191995e+00
5.867421512834855690e+00
5.867387525386305036e+00
5.867435606488153432e+00
5.867548898303077465e+00
5.867740940594239341e+00
5.868006901529742692e+00
5.868324274544728603e+00
5.868689312500070976e+00
5.869101813224268049e+00
5.869559246202123326e+00
5.870065684330773692e+00
5.870604229022872822e+00
5.871164450955701497e+00
5.871735352252735574e+00
5.872314245824827417e+00
5.872888422844124712e+00
5.873443542842878173e+00
5.873976323169781466e+00
5.874480242629660509e+00
5.874954851840747949e+00
5.875390225363089414e+00
5.875791589518202684e+00
5.876153868970585670e+00
5.876464110196693014e+00
5.876725320194973179e+00
5.876928686195179274e+00
5.877083108139349754e+00
5.877185871995179056e+00
5.877240562404630886e+00
5.877244409520362645e+00
5.877178416240211867e+00
5.877048249428343141e+00
5.876864006628465198e+00
5.876626371813188143e+00
5.876329020408164183e+00
5.875972014700243662e+00
5.875555095185706733e+00
5.875086683740088134e+00
5.874566651170321840e+00
5.873988494646915193e+00
5.873351445716986419e+00
5.872665892464289605e+00
5.871928117645152767e+00
5.871133599651225055e+00
5.870299079192050407e+00
5.869414637831220638e+00
5.868485387561092281e+00
5.867507191148766843e+00
5.866481227350602623e+00
5.865423344222078228e+00
5.864327661988505191e+00
5.863204941523441072e+00
5.862048917186625907e+00
5.860867762637504086e+00
5.859674656314023622e+00
5.858470100459820529e+00
5.857259729129439485e+00
5.856032425013547815e+00
5.854797162559990831e+00
5.853562895280486345e+00
5.852335768041379005e+00
5.851125221622353045e+00
5.849939047840600814e+00
5.848775260669357046e+00
5.847630453554160113e+00
5.846510144096978223e+00
5.845426200625665203e+00
5.844382448193796264e+00
5.843391193744906786e+00
5.842430043068893575e+00
5.841513702419766751e+00
5.840643003878363437e+00
5.839817932692537461e+00
5.839044455659757382e+00
5.838300976005564635e+00
5.837599313703549342e+00
5.836933664974940150e+00
5.836320690398288491e+00
5.835755666566265987e+00
5.835216544193401411e+00
5.834710026567056396e+00
5.834230822880936529e+00
5.833796957989406451e+00
5.833399205875766214e+00
5.833028851744900933e+00
5.832683756348858495e+00
5.832355368991563260e+00
5.832060738687585122e+00
5.831788824421535011e+00
5.831533422150831036e+00
5.831289855891088614e+00
5.831061818839232025e+00
5.830839072854439031e+00
5.830623738204310236e+00
5.830413899754354645e+00
5.830215165463457083e+00
5.830028949768464308e+00
5.829841858667503374e+00
5.829666179490456734e+00
5.829495525376122700e+00
5.829335923732441138e+00
5.829177681912852016e+00
5.829013357904923254e+00
5.828842299224059609e+00
5.828667192847650114e+00
5.828477665816614639e+00
5.828266609066346859e+00
5.828028971512982714e+00
5.827763411008935357e+00
5.827479447235536014e+00
5.827163050693641821e+00
5.826813091037045922e+00
5.826428450231621703e+00
5.826010350247096348e+00
5.825571625788879437e+00
5.825107053292167159e+00
5.824615497661005392e+00
5.824090176520119400e+00
5.823530161564420382e+00
5.822948287685584035e+00
5.822339679335425622e+00
5.821704645340512130e+00
5.821043867801495963e+00
5.820355850939820108e+00
5.819647283141681449e+00
5.818910750036308421e+00
5.818145774712035312e+00
5.817353653644392608e+00
5.816535069381066236e+00
5.815701269616551095e+00
5.814846594144767344e+00
5.813964312036698168e+00
5.813052725528545572e+00
5.812112384398646192e+00
5.811153797392910825e+00
5.810173474063343946e+00
5.809167755802340238e+00
5.808135774989789724e+00
5.807085180913274414e+00
5.806021184359853038e+00
5.804949542616670399e+00
5.803870855604476020e+00
5.802788779174154143e+00
5.801717177962128602e+00
5.800647230555478373e+00
5.799594761689369271e+00
5.798558410962288079e+00
5.797544469868007866e+00
5.796568360735836478e+00
5.795627320964993778e+00
5.794732570310294761e+00
5.793900864903985592e+00
5.793132438917814930e+00
5.792439751883208032e+00
5.791812840213237834e+00
5.791264907864093203e+00
5.790796158497392376e+00
5.790437401530503791e+00
5.790195059904069019e+00
5.790060069064780990e+00
5.790039347621781296e+00
5.790149648233485102e+00
5.790396571873856146e+00
5.790753378502261128e+00
5.791277202299965232e+00
5.791903183392419052e+00
5.792684883929028139e+00
5.793590795925989134e+00
5.794619657254949097e+00
5.795812794051304451e+00
5.797102851054802386e+00
5.798530636361969748e+00
5.800064486942424935e+00
5.801698650649920630e+00
5.803446249596015960e+00
5.805285584113733854e+00
5.807237608364957282e+00
5.809284405938523577e+00
5.811398117027420263e+00
5.813572592816490747e+00
5.815792043737309847e+00
5.818061974427837235e+00
5.820360557816166569e+00
5.822693070403476057e+00
5.825044768980880860e+00
5.827405874810358100e+00
5.829769001535317408e+00
5.832116720012566091e+00
5.834447428367277588e+00
5.836748419485232375e+00
5.839007412574432010e+00
5.841218279979369932e+00
5.843382069996737371e+00
5.845492847345015619e+00
5.847540773979566175e+00
5.849511457315824003e+00
5.851398449919364531e+00
5.853204792372128651e+00
5.854936902008196498e+00
5.856595233163973013e+00
5.858168098113677225e+00
5.859660195789476056e+00
5.861066124073404993e+00
5.862395960620778723e+00
5.863649591735737410e+00
5.864819880954163622e+00
5.865914077020423889e+00
5.866930568224923981e+00
5.867882291308777809e+00
5.868769530809657020e+00
5.869602761498826204e+00
5.870382523617880821e+00
5.871105533099906459e+00
5.871765239692465776e+00
5.872374207235113275e+00
5.872947359091775787e+00
5.873489330194132663e+00
5.874005636244254980e+00
5.874499669603246765e+00
5.874985903470951953e+00
5.875466084039944192e+00
5.875949041440327036e+00
5.876446042402823089e+00
5.876952236226935966e+00
5.877490476488311799e+00
5.878047190129001009e+00
5.878639819964010194e+00
5.879261268495757697e+00
5.879915220706899426e+00
5.880620383664210138e+00
5.881352822154004123e+00
5.882132038443524280e+00
5.882941023751337539e+00
5.883803959979851506e+00
5.884709191887814939e+00
5.885672765418132002e+00
5.886700707121928389e+00
5.887780282913882779e+00
5.888921264379461284e+00
5.890128624185165584e+00
5.891408080204567632e+00
5.892758748277268310e+00
5.894166747226557312e+00
5.895636785223326015e+00
5.897174106284220230e+00
5.898780963911851138e+00
5.900466388507921600e+00
5.902206823720772100e+00
5.903999826952059493e+00
5.905837847932416729e+00
5.907723257287579521e+00
5.909644617333251304e+00
5.911584345444278910e+00
5.913543283834295394e+00
5.915513733073311187e+00
5.917505058988171029e+00
5.919502018138008026e+00
5.921493695422246795e+00
5.923476766987874953e+00
5.925441601767375666e+00
5.927384218468502830e+00
5.929281229569747680e+00
5.931121254011228139e+00
5.932908240153624391e+00
5.934642672135663766e+00
5.936298912509513137e+00
5.937886457189153866e+00
5.939383600845170363e+00
5.940805670215916656e+00
5.942104653312993534e+00
5.943274749188852901e+00
5.944325544058514765e+00
5.945240636437370441e+00
5.946052654653025904e+00
5.946711111783219650e+00
5.947219200662506644e+00
5.947595521292818432e+00
5.947840280502271426e+00
5.947966608821581680e+00
5.947957920269974608e+00
5.947820412177525995e+00
5.947531092870914193e+00
5.947102077525043384e+00
5.946556375507198844e+00
5.945883768755876098e+00
5.945095782536945705e+00
5.944199740026078871e+00
5.943183519203148357e+00
5.942064723405919402e+00
5.940834429744563217e+00
5.939503052864155030e+00
5.938077542070230308e+00
5.936550158444722669e+00
5.934947707239469850e+00
5.933247506204924804e+00
5.931474547866666391e+00
5.929621591899478794e+00
5.927699405733429572e+00
5.925722356919131961e+00
5.923677275363289141e+00
5.921588900718771420e+00
5.919449823085152218e+00
5.917271942827785125e+00
5.915064175460422291e+00
5.912816171232545770e+00
5.910539553496921172e+00
5.908235305581177599e+00
5.905911343280163095e+00
5.903579515550223533e+00
5.901240455988732592e+00
5.898904311541405932e+00
5.896577423099365056e+00
5.894253674331989323e+00
5.891952580545034124e+00
5.889674815121973772e+00
5.887429551664675742e+00
5.885221069339598543e+00
5.883057131800736528e+00
5.880949034575309931e+00
5.878900443646993601e+00
5.876934552971210479e+00
5.875019777450646963e+00
5.873193839225854695e+00
5.871454139236297998e+00
5.869797436926451617e+00
5.868245934728470559e+00
5.866776687685336888e+00
5.865399529967392667e+00
5.864142957512226140e+00
5.862962162230101804e+00
5.861896421048728101e+00
5.860909006256548537e+00
5.860037915069547410e+00
5.859296618509975296e+00
5.858665177483049824e+00
5.858148291815010289e+00
5.857757343199041955e+00
5.857452619295504981e+00
5.857281083181438142e+00
5.857209529658717884e+00
5.857260837872450665e+00
5.857385011018191534e+00
5.857610027399783093e+00
5.857938427646581125e+00
5.858341567349556911e+00
5.858844979760172933e+00
5.859422829990211135e+00
5.860076424200954648e+00
5.860796166901412363e+00
5.861579191108169162e+00
5.862424098719778875e+00
5.863310934175672173e+00
5.864225177933396260e+00
5.865160458330931803e+00
5.866116442699850886e+00
5.867090718765677337e+00
5.868067618478955083e+00
5.869041116629661659e+00
5.870006984789791105e+00
5.870963852499547109e+00
5.871909954343856874e+00
5.872839514185608678e+00
5.873750569243849640e+00
5.874632841368140568e+00
5.875486829672873945e+00
5.876296616961181662e+00
5.877070859243095136e+00
5.877813571189462571e+00
5.878523221780477925e+00
5.879207474906861464e+00
5.879852437619983441e+00
5.880458193403601541e+00
5.881019969676555270e+00
5.881522528511405667e+00
5.881980311070501344e+00
5.882384714354692790e+00
5.882744841334343278e+00
5.883063784931719553e+00
5.883333146628856092e+00
5.883572429624317479e+00
5.883770875447361881e+00
5.883931228053688400e+00
5.884054823555916691e+00
5.884136261829108427e+00
5.884188092072427878e+00
5.884213439701991177e+00
5.884218231308032898e+00
5.884204606877164956e+00
5.884164979604528334e+00
5.884104172785288966e+00
5.884028081970743784e+00
5.883938644065044521e+00
5.883843023518553927e+00
5.883741623631201456e+00
5.883633726520918650e+00
5.883533699617244039e+00
5.883436871098808751e+00
5.883360322203941450e+00
5.883303045381314433e+00
5.883284298018540248e+00
5.883312294825435274e+00
5.883364955664136531e+00
5.883462062107853718e+00
5.883597640630312320e+00
5.883793200247444233e+00
5.884049305499053695e+00
5.884358634159420731e+00
5.884743514389250585e+00
5.885177276909803190e+00
5.885688296884750592e+00
5.886286556341206122e+00
5.886953816183363664e+00
5.887702180512701666e+00
5.888537932254825691e+00
5.889460342817459448e+00
5.890478208281551886e+00
5.891578314148341988e+00
5.892771178029929224e+00
5.894083122157011800e+00
5.895488792650853682e+00
5.896989354782259163e+00
5.898565562658465211e+00
5.900224982642091831e+00
5.901972914033091655e+00
5.903817532949602764e+00
5.905750212662375986e+00
5.907748854749359069e+00
5.909817822568572687e+00
5.911960901163972437e+00
5.914186297797120240e+00
5.916471883051550584e+00
5.918825091265594196e+00
5.921228459023392787e+00
5.923704074614205339e+00
5.926246780448116702e+00
5.928828965120472638e+00
5.931463946693100731e+00
5.934129168682256150e+00
5.936830291443028429e+00
5.939553981714404962e+00
5.942279076271213434e+00
5.945007303648150554e+00
5.947733175747550227e+00
5.950455987148441039e+00
5.953162680857339240e+00
5.955845815532363474e+00
5.958501109175839083e+00
5.961138140552200149e+00
5.963747944228806830e+00
5.966329103403248624e+00
5.968877510719456048e+00
5.971379454128899589e+00
5.973852123462120467e+00
5.976279944919505205e+00
5.978664754324118036e+00
5.981004806600967783e+00
5.983295266174235572e+00
5.985551398836532755e+00
5.987747616611876822e+00
5.989885850392736799e+00
5.991964536153234988e+00
5.993978287868656274e+00
5.995946333103335135e+00
5.997855722748195006e+00
5.999697378717815610e+00
6.001464461528217775e+00
6.003164711289560529e+00
6.004788994186079698e+00
6.006348068260110473e+00
6.007841347448981573e+00
6.009279471926844529e+00
6.010660560124074792e+00
6.011973064236795672e+00
6.013227903090869297e+00
6.014426510848558394e+00
6.015577804886258484e+00
6.016683535419858231e+00
6.017744701274192920e+00
6.018767579935945022e+00
6.019749992184795673e+00
6.020694927417197029e+00
6.021605968319335034e+00
6.022483413659491802e+00
6.023339587592044353e+00
6.024179267950811045e+00
6.025000983618653549e+00
6.025806259282386890e+00
6.026590773083722929e+00
6.027371115155971459e+00
6.028148293562686888e+00
6.028933226384675770e+00
6.029726950891769022e+00
6.030523111813223203e+00
6.031329360299265474e+00
6.032140789993560404e+00
6.032978343882119177e+00
6.033839780457769919e+00
6.034721625216757701e+00
6.035627605312025246e+00
6.036547915928518471e+00
6.037505485930001470e+00
6.038496407933984678e+00
6.039517880373153957e+00
6.040569178082500379e+00
6.041654377796207953e+00
6.042784976058161561e+00
6.043966605730807906e+00
6.045185929231799093e+00
6.046435700051940643e+00
6.047717047624744602e+00
6.049040012948669442e+00
6.050410207801022011e+00
6.051808348738111576e+00
6.053243925862469510e+00
6.054710420214094668e+00
6.056212924115815355e+00
6.057755476378359205e+00
6.059319549791969628e+00
6.060917249016917197e+00
6.062543244503892481e+00
6.064202171110070871e+00
6.065880873941340568e+00
6.067581750445524058e+00
6.069301438622633604e+00
6.071042800836723430e+00
6.072808759950558688e+00
6.074583980732122690e+00
6.076380868398110202e+00
6.078191259794394341e+00
6.080012194358269006e+00
6.081845363967576468e+00
6.083678140782275534e+00
6.085521413378874200e+00
6.087368905984321898e+00
6.089225311570325871e+00
6.091082912080445944e+00
6.092929326586881800e+00
6.094773895882525494e+00
6.096615378849664424e+00
6.098457515828767050e+00
6.100296367250837903e+00
6.102126276784100689e+00
6.103948710106768871e+00
6.105763190679706298e+00
6.107570265077509220e+00
6.109367643885769361e+00
6.111151102029242388e+00
6.112925152324595324e+00
6.114694790684143122e+00
6.116453446589865450e+00
6.118196925364889793e+00
6.119920066141046888e+00
6.121628045879758062e+00
6.123327558778679069e+00
6.125016746364986275e+00
6.126694566302454348e+00
6.128349273644840167e+00
6.129983658336556118e+00
6.131604501747047742e+00
6.133210372023737200e+00
6.134801195405875873e+00
6.136371423595106123e+00
6.137925406687413599e+00
6.139464488916549278e+00
6.140984893583212312e+00
6.142485356025848553e+00
6.143961335711631833e+00
6.145419037633094383e+00
6.146863943331395852e+00
6.148294013433611482e+00
6.149707246266757465e+00
6.151097474240218688e+00
6.152466369413291503e+00
6.153818782411967447e+00
6.155156882994329059e+00
6.156482485525761383e+00
6.157797783159169924e+00
6.159104912423048361e+00
6.160406256758127697e+00
6.161697890453491588e+00
6.162976818077716246e+00
6.164243993156107493e+00
6.165502222024354495e+00
6.166753593080196438e+00
6.167997761957797920e+00
6.169232368387731924e+00
6.170462287359391063e+00
6.171690720312748013e+00
6.172917649291907338e+00
6.174142602079069064e+00
6.175359228469885053e+00
6.176573808111704089e+00
6.177791139327442949e+00
6.179010984443581656e+00
6.180237863876380189e+00
6.181463060968078516e+00
6.182701065607823843e+00
6.183959922411001564e+00
6.185238388397253040e+00
6.186542835303104226e+00
6.187881074615276589e+00
6.189264276840245493e+00
6.190687745281016063e+00
6.192142874964033261e+00
6.193633379556691132e+00
6.195165372260367675e+00
6.196741288520848379e+00
6.198372349359548394e+00
6.200042224295891025e+00
6.201750369884527103e+00
6.203501670130052048e+00
6.205298110314168447e+00
6.207152889438430243e+00
6.209040675230779627e+00
6.210979207225598486e+00
6.212963981248893042e+00
6.214996314712323056e+00
6.217086348452130373e+00
6.219213447489300606e+00
6.221378021307746309e+00
6.223582426675120516e+00
6.225829843946256936e+00
6.228123611875333587e+00
6.230439410277165635e+00
6.232787340201891624e+00
6.235158556320227419e+00
6.237561446644820151e+00
6.239988416649855374e+00
6.242435405917920122e+00
6.244902205832755016e+00
6.247382487722194178e+00
6.249876475550688149e+00
6.252374623634375794e+00
6.254863413639822234e+00
6.257346837290087116e+00
6.259814175881901477e+00
6.262271742143192377e+00
6.264701656915703687e+00
6.267095437564410787e+00
6.269456242092410037e+00
6.271776604868929184e+00
6.274071036495726617e+00
6.276321765698950728e+00
6.278534269698422321e+00
6.280710089274209373e+00
6.282835864045183349e+00
6.284927190162700406e+00
6.286962727971834752e+00
6.288952352323097905e+00
6.290897832431359582e+00
6.292795011319681997e+00
6.294651835032269105e+00
6.296454526253504547e+00
6.298205918290180172e+00
6.299915015019935893e+00
6.301573541976971171e+00
6.303187022276683926e+00
6.304741820313497058e+00
6.306242037035985959e+00
6.307698216207787922e+00
6.309104408242271589e+00
6.310478157468603300e+00
6.311802260794209474e+00
6.313075894929932375e+00
6.314307827942537976e+00
6.315486326136159789e+00
6.316626829497980822e+00
6.317718192480969108e+00
6.318762927495406245e+00
6.319776093654797755e+00
6.320735331170724614e+00
6.321650954701470759e+00
6.322506035484838804e+00
6.323299187191295800e+00
6.324052924506831097e+00
6.324756699271965488e+00
6.325404342629480148e+00
6.325990969233680872e+00
6.326510241769721432e+00
6.326984776027967605e+00
6.327402413480450960e+00
6.327756226987114374e+00
6.328059161317072245e+00
6.328288818516305980e+00
6.328465108864476996e+00
6.328573205119467637e+00
6.328604196661618886e+00
6.328574623302557711e+00
6.328460244783202349e+00
6.328303079684269861e+00
6.328070957106543659e+00
6.327748343390418029e+00
6.327353148465050481e+00
6.326857298617256653e+00
6.326308393669320296e+00
6.325672250133945518e+00
6.324967310768560225e+00
6.324168356475428077e+00
6.323244506311612056e+00
6.322251418349342345e+00
6.321152739939289056e+00
6.319971776870088043e+00
6.318685770300227489e+00
6.317287256983118660e+00
6.315791066256362996e+00
6.314199154195386576e+00
6.312500382480221717e+00
6.310700087812739056e+00
6.308793467548684752e+00
6.306815628674820928e+00
6.304750350979164253e+00
6.302582221892671477e+00
6.300315602687197369e+00
6.297945099589425944e+00
6.295505930152733853e+00
6.292983566191988842e+00
6.290385091868238909e+00
6.287698312369184528e+00
6.284912986722782868e+00
6.282061919239357195e+00
6.279130675164059205e+00
6.276127471891240539e+00
6.273050660756424257e+00
6.269881474641159969e+00
6.266652469006376514e+00
6.263356971112088445e+00
6.260005178120927383e+00
6.256599831548527391e+00
6.253143901196317245e+00
6.249654175308540616e+00
6.246124090519740157e+00
6.242564388778997220e+00
6.238973832991910662e+00
6.235357680288147186e+00
6.231714158621619148e+00
6.228047854271721029e+00
6.224367666807960831e+00
6.220678465333771001e+00
6.216984960702252039e+00
6.213294333782981127e+00
6.209606339600872715e+00
6.205918151405644068e+00
6.202229576674294087e+00
6.198548157480548326e+00
6.194876780775378400e+00
6.191221770313571682e+00
6.187575018671344296e+00
6.183947291043590866e+00
6.180345550444913627e+00
6.176766371396375632e+00
6.173215145138097881e+00
6.169691551891159698e+00
6.166204794612717421e+00
6.162758381632158944e+00
6.159344396260568288e+00
6.155969899860211925e+00
6.152633846965619213e+00
6.149339497354813666e+00
6.146111978557893707e+00
6.142932856050321355e+00
6.139806801048108831e+00
6.136730783847163195e+00
6.133708909121345698e+00
6.130756571856332826e+00
6.127871526149109016e+00
6.125076339510276746e+00
6.122337202695206315e+00
6.119682634738281557e+00
6.117105518546893883e+00
6.114616474625663045e+00
6.112225856748417563e+00
6.109921027985408593e+00
6.107706884858206564e+00
6.105599188921050136e+00
6.103604057100610270e+00
6.101723444727258361e+00
6.099929558006123465e+00
6.098235751208856747e+00
6.096675744918182538e+00
6.095194071647718204e+00
6.093836849597290772e+00
6.092599860322669869e+00
6.091459244159058706e+00
6.090444449898795298e+00
