0.000000000000000000e+00
0.000000000000000000e+00
-1.352735807813587863e-08
-8.188100991901589493e-08
-2.574226914475730621e-07
-5.731665464736580256e-07
-1.093798675810830731e-06
-1.488452182911714916e-06
-1.791108354609605285e-06
-1.392356082305923244e-06
2.394229318269943187e-07
3.571997783637926732e-06
9.381766701608283923e-06
1.939788487788973644e-05
3.478011492688893761e-05
5.728906163994907877e-05
8.863437831450939075e-05
1.299073538189077269e-04
1.875266656657004379e-04
2.664408497889780673e-04
3.705175258596682050e-04
5.028229523827576096e-04
6.652826946606182033e-04
8.646465037395499121e-04
1.103266192637874718e-03
1.392912970893576095e-03
1.735879140012457642e-03
2.143682645671560975e-03
2.624917024784281447e-03
3.191562214904024915e-03
3.858399683647348571e-03
4.642533356361581640e-03
5.553897315674021125e-03
6.591722959690286820e-03
7.773048425131035694e-03
9.106761211567117667e-03
1.060722976367969687e-02
1.228115409057636484e-02
1.412469759028454029e-02
1.615720718544025672e-02
1.838011949699420999e-02
2.079138785045642548e-02
2.339447259347934155e-02
2.619592278640766117e-02
2.920400231521624868e-02
3.239289283197421820e-02
3.578054367940920744e-02
3.936168461483020159e-02
4.311565577428836532e-02
4.706610142629642779e-02
5.121141135137577405e-02
5.553999244611758368e-02
6.005553513210315497e-02
6.477095215957659469e-02
6.965233027380006436e-02
7.472141622941988470e-02
7.996138452928562568e-02
8.540581345003148139e-02
9.102861880701083874e-02
9.686049639623658947e-02
1.028795176688959145e-01
1.091068237964441245e-01
1.155272579137613109e-01
1.221728527490426874e-01
1.290324550811578763e-01
1.361003249828149908e-01
1.433856904451181746e-01
1.508558535520365673e-01
1.585298192445566967e-01
1.663772815410425876e-01
1.744293957893183478e-01
1.826887977067759850e-01
1.910996562187007031e-01
1.996901953164866572e-01
2.084371447507670783e-01
2.173757064286998275e-01
2.264937919322780047e-01
2.358156478349498764e-01
2.453313732091716992e-01
2.550116389934353189e-01
2.648663312141232296e-01
2.748925822917752115e-01
2.851002758685879379e-01
2.954954141322903571e-01
3.060923415366940681e-01
3.168680804912381577e-01
3.278071588222318256e-01
3.389279574100308445e-01
3.502310818378263635e-01
3.617436772529417088e-01
3.734391969386868793e-01
3.852968841735653904e-01
3.973111981097988687e-01
4.094804304782680981e-01
4.218437713329129535e-01
4.343738526050381910e-01
4.471039110366635816e-01
4.600156050864987467e-01
4.731251245681577511e-01
4.864237397853665712e-01
4.999312716666989842e-01
5.136140519325069764e-01
5.274955850784114331e-01
5.415590923969079151e-01
5.557907229606438015e-01
5.701924163047601413e-01
5.847434872333339140e-01
5.994608789626889589e-01
6.143474548999601215e-01
6.294069820586973840e-01
6.446423262302214408e-01
6.600642031375698604e-01
6.756676655952266186e-01
6.914620834533505844e-01
7.074445861522488110e-01
7.236230605785183290e-01
7.399985521976284453e-01
7.565747183505826534e-01
7.733525162879759662e-01
7.903365296069913004e-01
8.075199872199827489e-01
8.249425798599059334e-01
8.425926011745268340e-01
8.604955130760008064e-01
8.786327487174803164e-01
8.969843226615721310e-01
9.155488079730800255e-01
9.343163210098081040e-01
9.532884257976345088e-01
9.724601167384914202e-01
9.918658143226437574e-01
1.011487142438107112e+00
1.031348329180889589e+00
1.051429420108013435e+00
1.071747987860851570e+00
1.092312656039410079e+00
1.113119137877636611e+00
1.134162448043041893e+00
1.155428875083141849e+00
1.176906009310894952e+00
1.198575494879895009e+00
1.220421841735058299e+00
1.242426956290417106e+00
1.264567943209819800e+00
1.286826279753856328e+00
1.309179599875621491e+00
1.331608486766032939e+00
1.354091976279430121e+00
1.376607573622874892e+00
1.399133737677745515e+00
1.421648028487376925e+00
1.444133725756816533e+00
1.466577582949809777e+00
1.488967919940166418e+00
1.511284208888225455e+00
1.533513727778606395e+00
1.555646324748211073e+00
1.577673597926311677e+00
1.599588175410442403e+00
1.621384046668224332e+00
1.643053365344219197e+00
1.664589677447490645e+00
1.685984478587322144e+00
1.707232969397716404e+00
1.728322606677227036e+00
1.749249036902599252e+00
1.770004466170482793e+00
1.790582149619274421e+00
1.810970664614849346e+00
1.831165958041363284e+00
1.851183095568829318e+00
1.871015238160305572e+00
1.890648669594937159e+00
1.910105469817334090e+00
1.929372312421017588e+00
1.948448083991223490e+00
1.967331411236935779e+00
1.986028664702588431e+00
2.004528134459668376e+00
2.022835817927533419e+00
2.040940815800839747e+00
2.058849537963086895e+00
2.076559433335477767e+00
2.094070340985471734e+00
2.111383981103116980e+00
2.128489109868223039e+00
2.145388589495832221e+00
2.162081325644666485e+00
2.178587694758588267e+00
2.194906685942822566e+00
2.211058858031445418e+00
2.227034956807308674e+00
2.242858602399044443e+00
2.258521807784252378e+00
2.274043793076687248e+00
2.289419137829952877e+00
2.304664869898968238e+00
2.319776820534878770e+00
2.334752064341717670e+00
2.349587965602093931e+00
2.364283232087308395e+00
2.378838724488431478e+00
2.393253918284589332e+00
2.407526038283521519e+00
2.421656276578123101e+00
2.435645077819043713e+00
2.449490788573438049e+00
2.463190221184903717e+00
2.476740853184872915e+00
2.490144667023831637e+00
2.503396695250684090e+00
2.516492378110105399e+00
2.529425532216245998e+00
2.542213253373319937e+00
2.554851416939909470e+00
2.567335112685377840e+00
2.579659994239027476e+00
2.591820245379621745e+00
2.603833112115080173e+00
2.615694223040754718e+00
2.627398006314451528e+00
2.638963317269499065e+00
2.650382190341169508e+00
2.661667543048078954e+00
2.672812989348585688e+00
2.683813529605085790e+00
2.694679099911863496e+00
2.705405951136762521e+00
2.716003399485761971e+00
2.726486364001448059e+00
2.736848086709196881e+00
2.747097925538237284e+00
2.757247189873869520e+00
2.767304936045820618e+00
2.777280911201650770e+00
2.787185252899343713e+00
2.797026903623754723e+00
2.806815125340635930e+00
2.816559141868765881e+00
2.826268485182936718e+00
2.835952345723326662e+00
2.845620107645209451e+00
2.855280739063438045e+00
2.864945039147551942e+00
2.874618703121360141e+00
2.884307844037230950e+00
2.894023785585578157e+00
2.903769978875334612e+00
2.913550306553061464e+00
2.923377308839972599e+00
2.933252726191695636e+00
2.943187409633812202e+00
2.953189430231269785e+00
2.963252712482628226e+00
2.973385419840035571e+00
2.983593667740044086e+00
2.993878495687660735e+00
3.004240382904229012e+00
3.014674260610756829e+00
3.025184098476585870e+00
3.035770807260688819e+00
3.046421407455619512e+00
3.057137521499808219e+00
3.067916778320487037e+00
3.078752015823538191e+00
3.089634112114126641e+00
3.100547997945960255e+00
3.111490067238029233e+00
3.122453443998512768e+00
3.133428629631219042e+00
3.144404561514076768e+00
3.155370289081749657e+00
3.166319875711617549e+00
3.177244665617165342e+00
3.188134208912072332e+00
3.198976942295251202e+00
3.209766678804574003e+00
3.220495859378990744e+00
3.231152521366295716e+00
3.241725878709969422e+00
3.252201824182686440e+00
3.262576920980629680e+00
3.272844001049218132e+00
3.283002074951348437e+00
3.293044137949166394e+00
3.302957702273545237e+00
3.312728871101555672e+00
3.322349940532860924e+00
3.331821200246034120e+00
3.341129446024117655e+00
3.350285040730653030e+00
3.359273787731347216e+00
3.368105536097703467e+00
3.376763661498246361e+00
3.385252381557640966e+00
3.393565248841461823e+00
3.401705536240753780e+00
3.409664794201073601e+00
3.417441481346306986e+00
3.425045076007065870e+00
3.432482993001160221e+00
3.439760646218476214e+00
3.446882561439690740e+00
3.453849588627038170e+00
3.460672870868859441e+00
3.467363867754158946e+00
3.473919691437898027e+00
3.480350146884141349e+00
3.486652564996895798e+00
3.492838622326073672e+00
3.498918800348458369e+00
3.504902306789574595e+00
3.510797283047852435e+00
3.516613501900849315e+00
3.522357170576272178e+00
3.528036019200501361e+00
3.533665090197739556e+00
3.539253596061882945e+00
3.544811792368111281e+00
3.550349086517509800e+00
3.555875102276023991e+00
3.561399157041725161e+00
3.566933816069778551e+00
3.572491106385406567e+00
3.578082373136695971e+00
3.583718447679695274e+00
3.589408287400420949e+00
3.595164006942924040e+00
3.600993463391478411e+00
3.606905108088668044e+00
3.612920650834258396e+00
3.619041629428084050e+00
3.625281170601065472e+00
3.631642651552375423e+00
3.638135801548179504e+00
3.644773553008255007e+00
3.651558892125305267e+00
3.658494411701378013e+00
3.665579597944435442e+00
3.672814710730728738e+00
3.680211262697395291e+00
3.687757937306579414e+00
3.695451496237929678e+00
3.703290798062499611e+00
3.711250752801116715e+00
3.719322475785431514e+00
3.727486385697541316e+00
3.735733148450074204e+00
3.744047197097954971e+00
3.752407044762787969e+00
3.760798018569169177e+00
3.769198766941246781e+00
3.777598871583161433e+00
3.785984812969383828e+00
3.794344462150749830e+00
3.802661455864128293e+00
3.810920318359550141e+00
3.819115079039748117e+00
3.827232998603995018e+00
3.835264458650763597e+00
3.843193665737326459e+00
3.851008722776587234e+00
3.858707289690192166e+00
3.866279708141501903e+00
3.873730893129523789e+00
3.881048793787177154e+00
3.888236679429229348e+00
3.895288619989570211e+00
3.902204964155372213e+00
3.908979458803351736e+00
3.915613309735472836e+00
3.922096826428588034e+00
3.928437982196029132e+00
3.934624598616774716e+00
3.940660644764121479e+00
3.946541987652000039e+00
3.952272471183951641e+00
3.957841546529944132e+00
3.963259727949317135e+00
3.968515543336089468e+00
3.973613068455871034e+00
3.978552757496055303e+00
3.983336221570189739e+00
3.987949829692061243e+00
3.992409947807009640e+00
3.996698705548460850e+00
4.000808483952696726e+00
4.004754626447375010e+00
4.008526013786013920e+00
4.012132079297717091e+00
4.015558374518569451e+00
4.018807790273841718e+00
4.021890927249605951e+00
4.024798883790190018e+00
4.027536877090152068e+00
4.030112689131912340e+00
4.032519327545579735e+00
4.034761697793420865e+00
4.036847901040728992e+00
4.038782086217816314e+00
4.040575064713175735e+00
4.042234507048542369e+00
4.043764652753288225e+00
4.045183890158350337e+00
4.046500715309793605e+00
4.047724241906816012e+00
4.048863738322668659e+00
4.049935382152014540e+00
4.050956799009852283e+00
4.051935599291734746e+00
4.052883356431537187e+00
4.053820761734656664e+00
4.054746203566007345e+00
4.055678144911342820e+00
4.056611553275995874e+00
4.057564335236364172e+00
4.058544491747431593e+00
4.059556479970031440e+00
4.060609253043345745e+00
4.061717103192618694e+00
4.062879308829120184e+00
4.064110474133899586e+00
4.065415381485632196e+00
4.066806911224535526e+00
4.068294915849377524e+00
4.069890763158014124e+00
4.071601612115314239e+00
4.073424300247838303e+00
4.075370522135903784e+00
4.077441770726848880e+00
4.079658424103667080e+00
4.082020146543193562e+00
4.084525361949610911e+00
4.087187422806429993e+00
4.090007973009753606e+00
4.092975705260442076e+00
4.096109447175669160e+00
4.099403561050104727e+00
4.102852000290559964e+00
4.106469366544889255e+00
4.110248643154310599e+00
4.114201658064532197e+00
4.118334180707144299e+00
4.122636259192634434e+00
4.127119042271782057e+00
4.131773492390324876e+00
4.136610411101988127e+00
4.141633970433883150e+00
4.146826548868826734e+00
4.152213973099403432e+00
4.157783899599723831e+00
4.163548912698442628e+00
4.169512577945407195e+00
4.175678330952341533e+00
4.182051328713114025e+00
4.188647929722483454e+00
4.195443542892153488e+00
4.202442913347894660e+00
4.209622958594972708e+00
4.216966809326822663e+00
4.224473043972666986e+00
4.232110527450259951e+00
4.239877635533031430e+00
4.247742049390491381e+00
4.255696158105547688e+00
4.263712616259272892e+00
4.271774741107638995e+00
4.279861908251460179e+00
4.287956659490281375e+00
4.296035700136833668e+00
4.304083766633683084e+00
4.312079848939591287e+00
4.320005929762536390e+00
4.327845872933083982e+00
4.335578893119508059e+00
4.343193107539827125e+00
4.350674453670197117e+00
4.358010307246857451e+00
4.365191821748428680e+00
4.372206878358536386e+00
4.379042967254334506e+00
4.385694826537782198e+00
4.392148446137123408e+00
4.398393681937866617e+00
4.404426436120681743e+00
4.410239357644728742e+00
4.415826893741301440e+00
4.421180665785484187e+00
4.426313546592407278e+00
4.431214881235771230e+00
4.435878587657623662e+00
4.440313549036198459e+00
4.444513839179688119e+00
4.448466496462040176e+00
4.452183400088958187e+00
4.455654020601921061e+00
4.458870929474048950e+00
4.461843118364029692e+00
4.464587840432339583e+00
4.467099589103870727e+00
4.469398397201709727e+00
4.471491866404228688e+00
4.473391556734258145e+00
4.475112851256543678e+00
4.476673773670607481e+00
4.478093201661521583e+00
4.479373002940827853e+00
4.480541997099334317e+00
4.481597818279677625e+00
4.482555152395779174e+00
4.483435009265358318e+00
4.484244453156406962e+00
4.484993292683774335e+00
4.485701756695323894e+00
4.486381854409390968e+00
4.487041757846290224e+00
4.487708019161634532e+00
4.488387890080028697e+00
4.489097367966586205e+00
4.489851277092510529e+00
4.490663838231973237e+00
4.491541779780797938e+00
4.492508597517422153e+00
4.493559204632451731e+00
4.494721388513257310e+00
4.496001280540634859e+00
4.497418000543523142e+00
4.498976166093754614e+00
4.500688138002562511e+00
4.502550533557342582e+00
4.504584993416474781e+00
4.506790013456748234e+00
4.509160920375987480e+00
4.511711788767978071e+00
4.514440728420420434e+00
4.517345580155057938e+00
4.520450794691246443e+00
4.523742034429711012e+00
4.527226158672971401e+00
4.530891969794434537e+00
4.534751996988457989e+00
4.538811169559163972e+00
4.543077310914202194e+00
4.547530188852950239e+00
4.552189802223845838e+00
4.557030304068728555e+00
4.562063143843813506e+00
4.567273043984576120e+00
4.572653653616113978e+00
4.578196569079561407e+00
4.583891545528573808e+00
4.589719649547738811e+00
4.595644563430949070e+00
4.601659767026111680e+00
4.607739309662981952e+00
4.613870205277605940e+00
4.620036289090318604e+00
4.626225377911729275e+00
4.632418164009255435e+00
4.638606281871003212e+00
4.644772551650207859e+00
4.650904414052170033e+00
4.656987360710304280e+00
4.663008744711082620e+00
4.668957296604316909e+00
4.674817956084411641e+00
4.680580761427084902e+00
4.686230965251128033e+00
4.691758435959020979e+00
4.697158974999585901e+00
4.702426625484624978e+00
4.707559487814108934e+00
4.712554981702964163e+00
4.717407636636893997e+00
4.722115041906040034e+00
4.726673385793368709e+00
4.731079676145713897e+00
4.735330069059532576e+00
4.739420443469684940e+00
4.743347425753277058e+00
4.747109894448917622e+00
4.750703911179703809e+00
4.754123897844952928e+00
4.757371965343160092e+00
4.760436618918581608e+00
4.763320933574839877e+00
4.766020038718387752e+00
4.768529930705235564e+00
4.770845568472550369e+00
4.772968751931593090e+00
4.774895448977157564e+00
4.776634072804852416e+00
4.778184736663503962e+00
4.779547459477586635e+00
4.780734693551464076e+00
4.781755155766410859e+00
4.782600154126092740e+00
4.783294109771057734e+00
4.783854588264628838e+00
4.784275801921293869e+00
4.784576339921013499e+00
4.784764360817178819e+00
4.784843554100050689e+00
4.784837924483261951e+00
4.784746895003162415e+00
4.784581568668626161e+00
4.784353383145324656e+00
4.784070557746133545e+00
4.783745840395829951e+00
4.783395077231369363e+00
4.783023610691569338e+00
4.782654558139881829e+00
4.782296597975332908e+00
4.781961186396914698e+00
4.781659034545558740e+00
4.781404650620209473e+00
4.781208789012418414e+00
4.781085353157507711e+00
4.781039949635998987e+00
4.781078680813336312e+00
4.781210912115896328e+00
4.781425788518067321e+00
4.781740740541393642e+00
4.782155778374548305e+00
4.782687043812150485e+00
4.783346704658145043e+00
4.784123556878442152e+00
4.785031985308999758e+00
4.786070131551499074e+00
4.787254241298909641e+00
4.788587998788828237e+00
4.790084678571695953e+00
4.791744107048982571e+00
4.793585946451896618e+00
4.795609510581964052e+00
4.797801667045825447e+00
4.800166785758011478e+00
4.802701662223809898e+00
4.805407289307588314e+00
4.808270386796468898e+00
4.811304439645285314e+00
4.814492278140061643e+00
4.817836595218651929e+00
4.821319862943166612e+00
4.824933846931928727e+00
4.828666607778543174e+00
4.832489910464756733e+00
4.836393595080845209e+00
4.840354485254757755e+00
4.844358316402906262e+00
4.848384468000404901e+00
4.852417462807171233e+00
4.856437314193718713e+00
4.860429151397220870e+00
4.864375607114308053e+00
4.868259030323498493e+00
4.872064947824948256e+00
4.875777465444081749e+00
4.879381263297074334e+00
4.882860129814618588e+00
4.886205601733201398e+00
4.889397995512957174e+00
4.892429952066417620e+00
4.895287505727287325e+00
4.897960650663849336e+00
4.900439621549126379e+00
4.902728995721813199e+00
4.904816802334066139e+00
4.906703186821218310e+00
4.908387419175381794e+00
4.909864560406679956e+00
4.911128439199203832e+00
4.912184551473731453e+00
4.913021335791821542e+00
4.913639576178068680e+00
4.914036463167543722e+00
4.914207234535392210e+00
4.914163748350951266e+00
4.913897603516492296e+00
4.913417217721256947e+00
4.912730903987798214e+00
4.911845423867020166e+00
4.910767095153245165e+00
4.909504138593587363e+00
4.908064685826214912e+00
4.906456500505121276e+00
4.904694756780775045e+00
4.902786073450954518e+00
4.900751109038504971e+00
4.898605464910183116e+00
4.896364227746637710e+00
4.894047448997408623e+00
4.891670787845760593e+00
4.889249049638420885e+00
4.886805168752582418e+00
4.884352219765098368e+00
4.881904128705173207e+00
4.879484048550039255e+00
4.877106603597312962e+00
4.874783254628092699e+00
4.872528286193520408e+00
4.870352394347102987e+00
4.868267355327517976e+00
4.866282390569359961e+00
4.864401407008081435e+00
4.862633694921641769e+00
4.860982403670459639e+00
4.859456294690279954e+00
4.858059508566765494e+00
4.856802957420257805e+00
4.855687180151251781e+00
4.854725857068804551e+00
4.853919606794621977e+00
4.853279130076077585e+00
4.852810531322863774e+00
4.852523811467943204e+00
4.852432563229482909e+00
4.852539490469751193e+00
4.852849970449711670e+00
4.853377764512803338e+00
4.854128505800868965e+00
4.855104146664047882e+00
4.856302204717899862e+00
4.857715786536243030e+00
4.859340012957360955e+00
4.861164887239244337e+00
4.863195902098920165e+00
4.865415067662504534e+00
4.867806909819153205e+00
4.870366304655578737e+00
4.873070873160864735e+00
4.875910904844309890e+00
4.878861361582782052e+00
4.881899407942796643e+00
4.885009873350169229e+00
4.888180238147283418e+00
4.891401209075951328e+00
4.894649980206991380e+00
4.897914069731736042e+00
4.901170647283100479e+00
4.904401562054657049e+00
4.907587044973872992e+00
4.910707178254628325e+00
4.913745337565446292e+00
4.916686657507919556e+00
4.919519116123222346e+00
4.922234559793972508e+00
4.924829335053467538e+00
4.927290992577575857e+00
4.929612985988162777e+00
4.931791453500293798e+00
4.933817934681677286e+00
4.935683128376506801e+00
4.937388464947247257e+00
4.938921426375413759e+00
4.940280101885106134e+00
4.941452933539655312e+00
4.942433925931360328e+00
4.943218350623752144e+00
4.943797835175897326e+00
4.944181376238371506e+00
4.944359910254384260e+00
4.944340379822783405e+00
4.944120407037220666e+00
4.943703382581255745e+00
4.943093888766846966e+00
4.942305388308844805e+00
4.941341589621983665e+00
4.940211347199761072e+00
4.938918023712718153e+00
4.937472787953698372e+00
4.935890887833917162e+00
4.934182723916852531e+00
4.932361730642401909e+00
4.930435225076758243e+00
4.928411937810265542e+00
4.926306392110668675e+00
4.924128627933345825e+00
4.921890174753747793e+00
4.919601296342692720e+00
4.917272883809885364e+00
4.914916896082244691e+00
4.912543773956381088e+00
4.910163156546436980e+00
4.907787593908391699e+00
4.905427229858719151e+00
4.903095836944663333e+00
4.900804579712235487e+00
4.898566990799985810e+00
4.896393668807824895e+00
4.894300748713095395e+00
4.892296084768851472e+00
4.890395544476588086e+00
4.888606539077836821e+00
4.886949320591765122e+00
4.885434987552242703e+00
4.884075468934850228e+00
4.882872275568321818e+00
4.881842687956765126e+00
4.880998220078423877e+00
4.880347928784566136e+00
4.879898768000083820e+00
4.879668746430206205e+00
4.879652118425829244e+00
4.879875777814550730e+00
4.880327655565007028e+00
4.881005158092839302e+00
4.881935881193738780e+00
4.883104587163787258e+00
4.884515437748294886e+00
4.886175120439391506e+00
4.888064179983001800e+00
4.890180868472914888e+00
4.892494227852683508e+00
4.894999534156183607e+00
4.897683556940416238e+00
4.900527076985696340e+00
4.903512904014446505e+00
4.906619697179651851e+00
4.909826601114128941e+00
4.913110114898536551e+00
4.916454760398719870e+00
4.919844223227356039e+00
4.923262990977619324e+00
4.926694539155814567e+00
4.930122559335085697e+00
4.933532193567606861e+00
4.936913825836035663e+00
4.940259590711448823e+00
4.943560252156112611e+00
4.946806901659821065e+00
4.949984600510452637e+00
4.953082448508594915e+00
4.956089175608014763e+00
4.958990083601332977e+00
4.961782017614699392e+00
4.964460299279547684e+00
4.967021959986545276e+00
4.969462367858745289e+00
4.971779963638641497e+00
4.973968527283527230e+00
4.976034040566541528e+00
4.977965005453683922e+00
4.979757692333318886e+00
4.981406113471844144e+00
4.982897530462600422e+00
4.984235946353532398e+00
4.985418860804296415e+00
4.986448971372103856e+00
4.987322266515350044e+00
4.988037698682403764e+00
4.988587322313345673e+00
4.988968122940517169e+00
4.989184065949179292e+00
4.989230637377136013e+00
4.989107602540410191e+00
4.988811226584024539e+00
4.988339369095870168e+00
4.987700089611121435e+00
4.986897679813215412e+00
4.985934146367021924e+00
4.984827051185079405e+00
4.983579528279610038e+00
4.982200376786298790e+00
4.980702591337271556e+00
4.979095833547421357e+00
4.977392705924817307e+00
4.975602492935962573e+00
4.973736211158342968e+00
4.971806238241502029e+00
4.969824787624189000e+00
4.967804524697372770e+00
4.965758913107226391e+00
4.963700259424755679e+00
4.961639330334969955e+00
4.959586598671982038e+00
4.957551470942804350e+00
4.955543309994051349e+00
4.953570338882515856e+00
4.951641891993593170e+00
4.949771593458962116e+00
4.947966671533894356e+00
4.946238142646861569e+00
4.944591897822928850e+00
4.943039886303257191e+00
4.941585923232149291e+00
4.940241867549728383e+00
4.939012328855705292e+00
4.937909176446509285e+00
4.936933694429707309e+00
4.936098348148179049e+00
4.935407044239354946e+00
4.934867423646164042e+00
4.934493839018060157e+00
4.934291982486858075e+00
4.934267025246764860e+00
4.934425037979627504e+00
4.934766633763455701e+00
4.935305379919254776e+00
4.936037983811938368e+00
4.936966150991165314e+00
4.938097425393306317e+00
4.939421392820321444e+00
4.940930911741696185e+00
4.942614654145679687e+00
4.944457752696713726e+00
4.946448488972626123e+00
4.948569013766489277e+00
4.950802292070828337e+00
4.953131543539010195e+00
4.955537803165159794e+00
4.958004056803427595e+00
4.960510703317367209e+00
4.963044940225326940e+00
4.965589761726105777e+00
4.968125616006100920e+00
4.970638264707768705e+00
4.973111236981594629e+00
4.975529072723830382e+00
4.977878821484290839e+00
4.980148442528689934e+00
4.982324514977181984e+00
4.984399333588328318e+00
4.986359618447270492e+00
4.988195155702080719e+00
4.989897944621289660e+00
4.991458642176831439e+00
4.992863657317603732e+00
4.994112845576847981e+00
4.995192295230474144e+00
4.996094681910718371e+00
4.996811652995194031e+00
4.997344736411714727e+00
4.997678597263538691e+00
4.997812137474783256e+00
4.997737949217214037e+00
4.997443862563473616e+00
4.996941886997324112e+00
4.996220642557840819e+00
4.995282032868367139e+00
4.994136208078366224e+00
4.992785159131986283e+00
4.991234434178572599e+00
4.989499310037594171e+00
4.987586252173882961e+00
4.985507324418525954e+00
4.983271345576744338e+00
4.980884944579106133e+00
4.978362884006005906e+00
4.975717794379693970e+00
4.972964110455019515e+00
4.970117059728605291e+00
4.967190288683875465e+00
4.964197574338419905e+00
4.961154869875414875e+00
4.958077041587338307e+00
4.954983851096138814e+00
4.951889874717698703e+00
4.948813005170332069e+00
4.945769386968122738e+00
4.942776203832136339e+00
4.939850841543184323e+00
4.937008245667920292e+00
4.934262469193445355e+00
4.931629742166506070e+00
4.929119487187373139e+00
4.926743345639216898e+00
4.924508287242162830e+00
4.922427817067612565e+00
4.920503543695917692e+00
4.918749694308749199e+00
4.917168804785720049e+00
4.915773404023161319e+00
4.914562332785240351e+00
4.913550329735985045e+00
4.912746670326700205e+00
4.912156540534009075e+00
4.911789275786389908e+00
4.911646333296332934e+00
4.911731871633340241e+00
4.912045107974220670e+00
4.912589034965743728e+00
4.913361252850403815e+00
4.914378119117130517e+00
4.915630156552899699e+00
4.917108031815398128e+00
4.918819183564292707e+00
4.920750502503024038e+00
4.922906226074802660e+00
4.925287462031949559e+00
4.927870175397504937e+00
4.930655762410273368e+00
4.933636093890775953e+00
4.936803388452640107e+00
4.940141491150965791e+00
4.943623883283248865e+00
4.947243461167923684e+00
4.950983692264667724e+00
4.954831338679901442e+00
4.958766366398445591e+00
4.962763704514613572e+00
4.966811019933335736e+00
4.970891828096024589e+00
4.974995178139320906e+00
4.979106506264320942e+00
4.983210800445189825e+00
4.987286192035786492e+00
4.991314508473984723e+00
4.995275299704186267e+00
4.999148465252034157e+00
5.002914907193296123e+00
5.006555001890771628e+00
5.010057397639863908e+00
5.013411110496632794e+00
5.016609948730581081e+00
5.019639456427209545e+00
5.022500985717885946e+00
5.025186808860415688e+00
5.027699021852130024e+00
5.030033025896663013e+00
5.032201881265754295e+00
5.034198550588007137e+00
5.036026455319041695e+00
5.037682075357550637e+00
5.039172129786128274e+00
5.040491605556124632e+00
5.041644149130696029e+00
5.042622185504550103e+00
5.043426341495032439e+00
5.044056281900520133e+00
5.044511459662134989e+00
5.044788429370637317e+00
5.044889780372868060e+00
5.044812213039513438e+00
5.044555195743706477e+00
5.044127419429387693e+00
5.043530041860904589e+00
5.042763394104804675e+00
5.041835934507217232e+00
5.040750922920669730e+00
5.039509782853093256e+00
5.038124059649673470e+00
5.036596494080988862e+00
5.034941583337752213e+00
5.033166368665664692e+00
5.031283563437432882e+00
5.029303729596108496e+00
5.027239601823061399e+00
5.025100536855428679e+00
5.022896721723049573e+00
5.020640554639072661e+00
5.018346420737477054e+00
5.016026646705838310e+00
5.013691266539068714e+00
5.011359626712769355e+00
5.009040764036147841e+00
5.006748861136405715e+00
5.004498109283415097e+00
5.002300846042600391e+00
5.000171971979108676e+00
4.998131896021333453e+00
4.996183240177597185e+00
4.994345415147508405e+00
4.992619421246017097e+00
4.991026192816461204e+00
4.989572365792955821e+00
4.988258705052103892e+00
4.987097690614429091e+00
4.986100651609268297e+00
4.985256844075884430e+00
4.984584238516653443e+00
4.984081573399270049e+00
4.983761562692488489e+00
4.983627292436104028e+00
4.983673462091501527e+00
4.983903279459592994e+00
4.984321179619548126e+00
4.984941987624880610e+00
4.985749918899055722e+00
4.986758392086740876e+00
4.987963743141408557e+00
4.989351915648693847e+00
4.990925195297712058e+00
4.992660837552064912e+00
4.994565075418465838e+00
4.996625723174326517e+00
4.998844015082829273e+00
5.001204826614372934e+00
5.003694868168349075e+00
5.006298939070219056e+00
5.008999086400980794e+00
5.011781845769400334e+00
5.014640525958054873e+00
5.017553750059122741e+00
5.020514435550682997e+00
5.023500151416772752e+00
5.026500453433508930e+00
5.029498131355758517e+00
5.032475795230385351e+00
5.035417453727242254e+00
5.038308591625211719e+00
5.041132136365888528e+00
5.043873134634015543e+00
5.046518218895910124e+00
5.049052078804490584e+00
5.051463406911609333e+00
5.053735497078417183e+00
5.055859008661029996e+00
5.057828257462499089e+00
5.059637748977658056e+00
5.061278619101759801e+00
5.062753128340957254e+00
5.064052417954919783e+00
5.065172818905232077e+00
5.066112508854387464e+00
5.066867044276118115e+00
5.067432539543628600e+00
5.067803750565766485e+00
5.067979262682168695e+00
5.067961236760278432e+00
5.067748561669398910e+00
5.067341213394214172e+00
5.066740845535209203e+00
5.065947313998154122e+00
5.064962285477928816e+00
5.063796053100637629e+00
5.062451471556237870e+00
5.060931486655285916e+00
5.059244428295901486e+00
5.057396338600924857e+00
5.055397048611452782e+00
5.053259900678207295e+00
5.050993448663762209e+00
5.048611805457881019e+00
5.046123172063638584e+00
5.043544150311758401e+00
5.040893552024177993e+00
5.038178418595604668e+00
5.035415277201943596e+00
5.032617521602921862e+00
5.029800480325037348e+00
5.026973685641102918e+00
5.024157194216064326e+00
5.021360686738304047e+00
5.018597090263179794e+00
5.015884602386764257e+00
5.013232122380546940e+00
5.010653799195103453e+00
5.008155952263884103e+00
5.005751295555644020e+00
5.003445774931721601e+00
5.001251824517063405e+00
4.999174422193579659e+00
4.997225715834907156e+00
4.995413880516104577e+00
4.993751817215495770e+00
4.992241310049108982e+00
4.990894639510921493e+00
4.989711055178456256e+00
4.988699929807597577e+00
4.987861507404859118e+00
4.987195265013988354e+00
4.986715934705252984e+00
4.986420212649074202e+00
4.986320081576968377e+00
4.986421137275437232e+00
4.986724085817375141e+00
4.987229744876065851e+00
4.987932829493919584e+00
4.988835158804694636e+00
4.989930233368913726e+00
4.991228948841135882e+00
4.992714986512702069e+00
4.994392811218540729e+00
4.996253312239688604e+00
4.998272163281482605e+00
5.000438613901179608e+00
5.002731366167108895e+00
5.005145449051897621e+00
5.007661344716588303e+00
5.010254483828583183e+00
5.012911726543940460e+00
5.015611643204727521e+00
5.018343169102706725e+00
5.021084471354522627e+00
5.023825002322235278e+00
5.026546960780659212e+00
5.029237312088051581e+00
5.031882346878090218e+00
5.034468060741462025e+00
5.036983033428230172e+00
5.039413589248694869e+00
5.041748346844949324e+00
5.043976202318706470e+00
5.046086698929109104e+00
5.048064229497946975e+00
5.049903242001570369e+00
5.051588116446770194e+00
5.053111207047737530e+00
5.054462920287884131e+00
5.055637901062405071e+00
5.056626775497830018e+00
5.057434899965561392e+00
5.058053468289114285e+00
5.058480484346188355e+00
5.058716555731631814e+00
5.058758955183700223e+00
5.058599704574123557e+00
5.058241993296221928e+00
5.057692318107263496e+00
5.056949131335392700e+00
5.056021283488050244e+00
5.054905132497920839e+00
5.053609979744329905e+00
5.052144134338274917e+00
5.050514491196050670e+00
5.048730332698001533e+00
5.046802641744984719e+00
5.044741339083089748e+00
5.042556790705098990e+00
5.040260377968921013e+00
5.037863051290882410e+00
5.035375949587000299e+00
5.032812449480664974e+00
5.030183850969445203e+00
5.027504601623189018e+00
5.024788754130972812e+00
5.022048692251813939e+00
5.019294014419688033e+00
5.016535866107122210e+00
5.013783164466993902e+00
5.011045631612913276e+00
5.008329861606733324e+00
5.005646211649552590e+00
5.003000002349987874e+00
5.000401346232070665e+00
4.997855491186751209e+00
4.995372717674150032e+00
4.992960882778540110e+00
4.990621882523671005e+00
4.988365184958355236e+00
4.986193038369791886e+00
4.984116819198506576e+00
4.982139165695089744e+00
4.980268746312042083e+00
4.978512130226275367e+00
4.976878218348404381e+00
4.975369023676295299e+00
4.973998107160706894e+00
4.972774844835778474e+00
4.971703902478596504e+00
4.970792829687974645e+00
4.970041701044223714e+00
4.969455094668351336e+00
4.969035190935515267e+00
4.968782537817292955e+00
4.968701010612109670e+00
4.968790472070955033e+00
4.969052909272991592e+00
4.969498006473563656e+00
4.970118865627132010e+00
4.970909256595454906e+00
4.971876690867626181e+00
4.973012324902499337e+00
4.974318085494721764e+00
4.975792642864669268e+00
4.977426394853079472e+00
4.979208867135727523e+00
4.981126316818679456e+00
4.983163775685514274e+00
4.985303476783717436e+00
4.987527599665606992e+00
4.989820027086222964e+00
4.992159776273453531e+00
4.994530200991118996e+00
4.996912472876990918e+00
4.999287653300251044e+00
5.001637408468210921e+00
5.003944622907125606e+00
5.006191222551549025e+00
5.008360426458801307e+00
5.010435795965874739e+00
5.012402509632789993e+00
5.014246008280004219e+00
5.015950107011283521e+00
5.017506939354624329e+00
5.018909896048988628e+00
5.020154439690794668e+00
5.021228223326888340e+00
5.022136260080423575e+00
5.022865779954281962e+00
5.023414337593402834e+00
5.023778007584895455e+00
5.023953641704554052e+00
5.023929176887302894e+00
5.023706845583199687e+00
5.023287747593402131e+00
5.022670675197423051e+00
5.021857099288881798e+00
5.020859802866161736e+00
5.019681232923448810e+00
5.018332220369757124e+00
5.016816481554688956e+00
5.015147471332730866e+00
5.013334942513884229e+00
5.011392326855839130e+00
5.009330220127283795e+00
5.007161866927324567e+00
5.004899308288275783e+00
5.002556744569718994e+00
5.000146751457632099e+00
4.997680870199384451e+00
4.995170859897317683e+00
4.992628644013585415e+00
4.990070152783574464e+00
4.987508965635479186e+00
4.984961999559582857e+00
4.982444447481812588e+00
4.979969360286177427e+00
4.977550254368962257e+00
4.975197915935695825e+00
4.972924421632469283e+00
4.970740982198894820e+00
4.968658021593274299e+00
4.966686276847304349e+00
4.964841525310458081e+00
4.963126815164269345e+00
4.961554700488032488e+00
4.960131060385883472e+00
4.958863129222573107e+00
4.957754344248951561e+00
4.956817582750500328e+00
4.956050209680380014e+00
4.955462931709171848e+00
4.955070381739916208e+00
4.954875325949670284e+00
4.954885672270594732e+00
4.955096943243681551e+00
4.955513391956030134e+00
4.956148174195822875e+00
4.956994532435473388e+00
4.958055888801154332e+00
4.959332326888380216e+00
4.960805803924141166e+00
4.962471509515580692e+00
4.964327922105130853e+00
4.966359825521047711e+00
4.968553898721273399e+00
4.970892315446668874e+00
4.973356285481982830e+00
4.975929102390343139e+00
4.978591759591633803e+00
4.981325905411774002e+00
4.984112487524087420e+00
4.986933120577867307e+00
4.989769309251841811e+00
4.992602437525327730e+00
4.995416123955780385e+00
4.998195282905631309e+00
5.000926262527042532e+00
5.003595180004173137e+00
5.006188929765754025e+00
5.008701667278343095e+00
5.011125139533811002e+00
5.013456748216682080e+00
5.015691961585813097e+00
5.017829876779847709e+00
5.019864546745352207e+00
5.021800670414498846e+00
5.023631500392488292e+00
5.025356325446895589e+00
5.026975113540223639e+00
5.028486750065615851e+00
5.029884022414019107e+00
5.031173379957011527e+00
5.032346011041932243e+00
5.033403558521800214e+00
5.034341766103439753e+00
5.035154809817008470e+00
5.035846372708014052e+00
5.036411427348187253e+00
5.036850253581336645e+00
5.037155472520073118e+00
5.037323202467788086e+00
5.037353447594477451e+00
5.037245094145446522e+00
5.036998846514879169e+00
5.036618168636023185e+00
5.036103921144068352e+00
5.035457271917521460e+00
5.034687422572432958e+00
5.033798522039115042e+00
5.032795581727086187e+00
5.031686862840114571e+00
5.030482128097474082e+00
5.029189943953214836e+00
5.027823569162547024e+00
5.026388945563493138e+00
5.024897348119673701e+00
5.023362042142806239e+00
5.021789165719208192e+00
5.020193763955291821e+00
5.018583692892251591e+00
5.016974847896753076e+00
5.015376666619239643e+00
5.013802762760577458e+00
5.012264376564680823e+00
5.010774700029551276e+00
5.009342829420027954e+00
5.007983475013431551e+00
5.006704092307743714e+00
5.005519841744360043e+00
5.004437522723133469e+00
5.003471890969926505e+00
5.002630258857065471e+00
5.001926335825378267e+00
5.001375521107370048e+00
5.000987637958282050e+00
5.000773464537019208e+00
5.000738312842118560e+00
5.000889276981148157e+00
5.001245940185876648e+00
5.001804873615296465e+00
5.002580179989130293e+00
5.003564233898909031e+00
5.004763741537719746e+00
5.006189734831241189e+00
5.007838559195187500e+00
5.009712204232599220e+00
5.011802341833497820e+00
5.014101981118108675e+00
5.016619153216267613e+00
5.019334772422696211e+00
5.022244923904325198e+00
5.025325697853948448e+00
5.028556856706526190e+00
5.031933732822325034e+00
5.035431555703069328e+00
5.039036244645501483e+00
5.042724186673548381e+00
5.046474616423036963e+00
5.050272633328820149e+00
5.054101370468520038e+00
5.057946198478124877e+00
5.061791607334992449e+00
5.065624974861525409e+00
5.069432138696097212e+00
5.073199936643026930e+00
5.076915956035040089e+00
5.080568440750024450e+00
5.084144681587599024e+00
5.087632779970549635e+00
5.091023815765761462e+00
5.094304805591487906e+00
5.097466768517875835e+00
5.100500243797684519e+00
5.103396571770097090e+00
5.106143589809323480e+00
5.108737627461338526e+00
5.111166470840359466e+00
5.113423614695454589e+00
5.115500957712317387e+00
5.117388870015528113e+00
5.119077386155512777e+00
5.120566939756062474e+00
5.121842081442263606e+00
5.122901639535812457e+00
5.123739380955485423e+00
5.124350155636457238e+00
5.124728107608643946e+00
5.124875453298700201e+00
5.124780055617702779e+00
5.124439491478514519e+00
5.123864464534234386e+00
5.123050310237120542e+00
5.121999142763923984e+00
5.120718408969948676e+00
5.119216315595219058e+00
5.117496837375473007e+00
5.115578187254977038e+00
5.113467031119180106e+00
5.111172037122560852e+00
5.108709237573458850e+00
5.106089978514031458e+00
5.103332921860532778e+00
5.100453522799329953e+00
5.097467030284719591e+00
5.094395005402880372e+00
5.091244737205819604e+00
5.088038448391274393e+00
5.084791561661079484e+00
5.081516043541744132e+00
5.078228150902105220e+00
5.074948048589540406e+00
5.071682539580179672e+00
5.068451689181640241e+00
5.065269713101699267e+00
5.062148366866423110e+00
5.059103114006830992e+00
5.056148311195684641e+00
5.053299066422296981e+00
5.050567465720487981e+00
5.047966445384336254e+00
5.045502559242558860e+00
5.043194058088374732e+00
5.041044753787828014e+00
5.039061856714798004e+00
5.037249954638792104e+00
5.035622883138968220e+00
5.034175658819986410e+00
5.032918698636604127e+00
5.031859731821131554e+00
5.031001250071239106e+00
5.030341085193467343e+00
5.029889092294288488e+00
5.029642331933392718e+00
5.029598545308946456e+00
5.029754652034282181e+00
5.030115794453559275e+00
5.030674564640757573e+00
5.031429237078663519e+00
5.032385322104928171e+00
5.033532158013221292e+00
5.034878187354443035e+00
5.036416117127774150e+00
5.038142045464156560e+00
5.040041530754207244e+00
5.042096062477468443e+00
5.044292597200512596e+00
5.046619661476254848e+00
5.049056034412026328e+00
5.051584375526547710e+00
5.054190308477521931e+00
5.056866289105059309e+00
5.059593367304445977e+00
5.062355280544402092e+00
5.065135446514728024e+00
5.067920824911239741e+00
5.070700688686016200e+00
5.073458989884499282e+00
5.076181250538471801e+00
5.078847388651016814e+00
5.081441621508243855e+00
5.083948023047093479e+00
5.086348905589225922e+00
5.088625945027711595e+00
5.090767879809979135e+00
5.092764638539198252e+00
5.094605719025973478e+00
5.096279239233378000e+00
5.097790306087378376e+00
5.099124123032932054e+00
5.100285111840610064e+00
5.101272918458823469e+00
5.102083509143237272e+00
5.102708984117750646e+00
5.103157508250121488e+00
5.103410962827299002e+00
5.103471089743804256e+00
5.103334556196611693e+00
5.102993386995773761e+00
5.102460307565313435e+00
5.101728910219652136e+00
5.100806303632242411e+00
5.099705469918233369e+00
5.098427808743697831e+00
5.096973766845447784e+00
5.095361409795265750e+00
5.093591974836569669e+00
5.091678824436645989e+00
5.089634548288565874e+00
5.087467157256586603e+00
5.085187326383572071e+00
5.082808813762646594e+00
5.080348211538774805e+00
5.077820586872084263e+00
5.075240340542777062e+00
5.072619816970808770e+00
5.069974324417097833e+00
5.067317625892146182e+00
5.064663640868646510e+00
5.062025286269171254e+00
5.059415580344183816e+00
5.056848758470997574e+00
5.054339660418020408e+00
5.051896367084966144e+00
5.049526533943400786e+00
5.047244187754378331e+00
5.045055697870240330e+00
5.042972329121813146e+00
5.040997654360517721e+00
5.039135085505231260e+00
5.037397787582857944e+00
5.035789668124897922e+00
5.034321797502023799e+00
5.033000101309998087e+00
5.031827547413094237e+00
5.030809118089063503e+00
5.029950020623191520e+00
5.029252977383121603e+00
5.028722590629741696e+00
5.028371072162673094e+00
5.028195319075867253e+00
5.028191649687625109e+00
5.028370428157185934e+00
5.028726310950850653e+00
5.029264845696425290e+00
5.029989128706191082e+00
5.030893091556761121e+00
5.031970433366629969e+00
5.033218388480277916e+00
5.034619949382872939e+00
5.036160624248120499e+00
5.037824790102574113e+00
5.039597536099288178e+00
5.041469915432067239e+00
5.043418336284489989e+00
5.045422979516120954e+00
5.047465751242968146e+00
5.049529881847234947e+00
5.051599655521246568e+00
5.053658880812260890e+00
5.055692228448720904e+00
5.057684512210221861e+00
5.059620589834780802e+00
5.061485592794747745e+00
5.063264292401404632e+00
5.064948156547875335e+00
5.066527844441266026e+00
5.067997940850585969e+00
5.069350470525354702e+00
5.070575211492508672e+00
5.071670370322793886e+00
5.072629100752205744e+00
5.073449867141575531e+00
5.074126899835798454e+00
5.074659359638724609e+00
5.075040841584239182e+00
5.075263278034660708e+00
5.075325968421208422e+00
5.075222676281961220e+00
5.074952556171598239e+00
5.074518667400957916e+00
5.073922873006346812e+00
5.073168507308843722e+00
5.072260208518389213e+00
5.071201411427144201e+00
5.070002765596989924e+00
5.068670804144027819e+00
5.067211288900260513e+00
5.065636468769199041e+00
5.063954421074277512e+00
5.062177642823344925e+00
5.060316770614272208e+00
5.058383327366001048e+00
5.056389314771776888e+00
5.054348688365106312e+00
5.052275170774344737e+00
5.050183823050145016e+00
5.048086861909512280e+00
5.045999686510448612e+00
5.043935694188956376e+00
5.041905845196132496e+00
5.039921282769328492e+00
5.037991882951145861e+00
5.036126759142760534e+00
5.034334452838782781e+00
5.032623619974736506e+00
5.031001656294947111e+00
5.029478373021965432e+00
5.028059434087161605e+00
5.026754231394415129e+00
5.025570141689066794e+00
5.024513350815658974e+00
5.023600513280515933e+00
5.022831483350282511e+00
5.022216573261801820e+00
5.021753372156208428e+00
5.021442498152291378e+00
5.021295620740538368e+00
5.021308629179521255e+00
5.021490240117682191e+00
5.021846625751031468e+00
5.022377209982049173e+00
5.023080282529962304e+00
5.023960380649340252e+00
5.025005466735136928e+00
5.026207871085178525e+00
5.027548823302756986e+00
5.029020483290921106e+00
5.030611380284796041e+00
5.032300399935016877e+00
5.034077535813816340e+00
5.035924637561805639e+00
5.037831969952352829e+00
5.039785622155436684e+00
5.041766499078043751e+00
5.043762592321404448e+00
5.045758134817845963e+00
5.047741460448271766e+00
5.049698862975604108e+00
5.051618934070830846e+00
5.053489553874499052e+00
5.055298622494704297e+00
5.057036147361761991e+00
5.058691281324393607e+00
5.060258213078744127e+00
5.061731654649740619e+00
5.063108359521395485e+00
5.064381461089617176e+00
5.065552410056954891e+00
5.066614235064154315e+00
5.067567114850645815e+00
5.068406649327046765e+00
5.069123667722708504e+00
5.069720573445922973e+00
5.070189090056486769e+00
5.070529913662143784e+00
5.070738467762389234e+00
5.070812333428443175e+00
5.070751776366637209e+00
5.070561354856148562e+00
5.070242699000194975e+00
5.069797817829207354e+00
5.069226729187325198e+00
5.068533933523253765e+00
5.067727212223367417e+00
5.066812011140541472e+00
5.065791170957641754e+00
5.064674247863844236e+00
5.063467983144476214e+00
5.062181340444042554e+00
5.060822765070154716e+00
5.059400841730788301e+00
5.057927805322365522e+00
5.056414261299329027e+00
5.054870718556599307e+00
5.053308645027832391e+00
5.051737782347157868e+00
5.050169909286453596e+00
5.048614944207623800e+00
5.047079690384820516e+00
5.045575378078178019e+00
5.044110104131655170e+00
5.042695408451514538e+00
5.041338936823564154e+00
5.040054366874653802e+00
5.038848931926447783e+00
5.037734644699056297e+00
5.036721488076407738e+00
5.035823869544226561e+00
5.035044810834484963e+00
5.034396901193220586e+00
5.033882651875871694e+00
5.033509678046364400e+00
5.033284388638246121e+00
5.033210785102243179e+00
5.033296521708513716e+00
5.033548831503981802e+00
5.033969346482449758e+00
5.034548896003657070e+00
5.035301492188267503e+00
5.036219884131245550e+00
5.037305204097322076e+00
5.038566354040196593e+00
5.039992990318825861e+00
5.041569926712801575e+00
5.043287059787800786e+00
5.045128868941358036e+00
5.047094114247849816e+00
5.049160364244273502e+00
5.051308460209659401e+00
5.053522895399621184e+00
5.055788973841956135e+00
5.058094273779683014e+00
5.060425144706062639e+00
5.062768786374621577e+00
5.065111299131208611e+00
5.067434112999730900e+00
5.069722849998766101e+00
5.071963776473098484e+00
5.074143184397512663e+00
5.076249165807062091e+00
5.078271940473610080e+00
5.080196975592666142e+00
5.082018574748331297e+00
5.083724404845529676e+00
5.085306387070709810e+00
5.086750025574263034e+00
5.088059758965070678e+00
5.089219453085357614e+00
5.090222565356786077e+00
5.091064885977798937e+00
5.091739062417442341e+00
5.092228753838832667e+00
5.092539124537403872e+00
5.092652716368581522e+00
5.092564223401392809e+00
5.092276851695174855e+00
5.091784570414717770e+00
5.091082909826334379e+00
5.090188773919042120e+00
5.089098318416770184e+00
5.087822208453114392e+00
5.086370764870340899e+00
5.084754454393084266e+00
5.082982239175732886e+00
5.081062612135109013e+00
5.079008759159740372e+00
5.076830768335756083e+00
5.074544270534213197e+00
5.072161285329753966e+00
5.069693564970190636e+00
5.067154564160998298e+00
5.064556754131015026e+00
5.061915427941974244e+00
5.059244962830240055e+00
5.056559102434807329e+00
5.053871172268086909e+00
5.051191089350874464e+00
5.048529616791898711e+00
5.045897152323419732e+00
5.043302828271085225e+00
5.040757073361570306e+00
5.038271363575155704e+00
5.035849149573738082e+00
5.033498699266606202e+00
5.031222046513254220e+00
5.029025699246819414e+00
5.026910962212975953e+00
5.024883326042588472e+00
5.022948617238695235e+00
5.021115328867132632e+00
5.019389580536777196e+00
5.017779298473292293e+00
5.016299177605801241e+00
5.014951992977552564e+00
5.013746959392123337e+00
5.012685519132904943e+00
5.011776524905256380e+00
5.011019676003746426e+00
5.010422136832168860e+00
5.009989320349089503e+00
5.009717247478805646e+00
5.009611128971124039e+00
5.009677180994446033e+00
5.009914852317567835e+00
5.010323468160030380e+00
5.010901467289921030e+00
5.011644736167188086e+00
5.012558558743592130e+00
5.013630595144028312e+00
5.014853987928623802e+00
5.016227707799669311e+00
5.017731481727358833e+00
5.019349257137773357e+00
5.021066278603074196e+00
5.022868046697376521e+00
5.024745059844253348e+00
5.026675609734057026e+00
5.028641372855900293e+00
5.030626612093445971e+00
5.032616185929772001e+00
5.034595386918779170e+00
5.036544497545953014e+00
5.038446812119479645e+00
5.040287209984057881e+00
5.042054097738260410e+00
5.043734188612693181e+00
5.045317217346424243e+00
5.046790700938696084e+00
5.048144716706270962e+00
5.049368959080570818e+00
5.050455776166313804e+00
5.051392685782307268e+00
5.052175402578110486e+00
5.052793694969411220e+00
5.053240421462948717e+00
5.053504124015713472e+00
5.053591490417860932e+00
5.053491399327433520e+00
5.053209013195847810e+00
5.052739926019822470e+00
5.052079266870534546e+00
5.051241431871568821e+00
5.050222654754436213e+00
5.049026102686440254e+00
5.047668478900706468e+00
5.046154845470701922e+00
5.044500070477043963e+00
5.042709062362227712e+00
5.040788710678135054e+00
5.038752505296979933e+00
5.036611517930541737e+00
5.034377210402999125e+00
5.032061710620435946e+00
5.029674161786349629e+00
5.027227478588136123e+00
5.024735780621083947e+00
5.022211930716546036e+00
5.019670914972336639e+00
5.017126423681290248e+00
5.014590211177379686e+00
5.012073925698310894e+00
5.009587091917307333e+00
5.007140684092552085e+00
5.004742929751186509e+00
5.002403633112221470e+00
5.000131205583125293e+00
4.997935543621093046e+00
4.995822751933842731e+00
4.993804408872634326e+00
4.991886599028616978e+00
4.990077383184938320e+00
4.988391630763320705e+00
4.986832609141377937e+00
4.985411045367030169e+00
4.984127008432653660e+00
4.982986836323646251e+00
4.981988640839364990e+00
4.981134612897541558e+00
4.980436970705295785e+00
4.979894472399855943e+00
4.979514117764437309e+00
4.979302250502759541e+00
4.979258872966410898e+00
4.979384126455651760e+00
4.979679990128742517e+00
4.980144405231940574e+00
4.980776753814089020e+00
4.981583895550239838e+00
4.982556353525390058e+00
4.983694842473735953e+00
4.984994432197084713e+00
4.986436458394994276e+00
4.988014489875307156e+00
4.989710261390674972e+00
4.991517789975870478e+00
4.993424725101458961e+00
4.995411362365948627e+00
4.997466933594215455e+00
4.999574094728696849e+00
5.001723366991745579e+00
5.003900445417628795e+00
5.006087430880532985e+00
5.008272240624890514e+00
5.010439971254334601e+00
5.012579173312649239e+00
5.014677032099231546e+00
5.016721823529465496e+00
5.018701248631936451e+00
5.020608069763642156e+00
5.022436783180695308e+00
5.024183552430135258e+00
5.025843592302066121e+00
5.027418100700837833e+00
5.028901764915448602e+00
5.030291919575196502e+00
5.031587285564404155e+00
5.032783892543179149e+00
5.033871700183612852e+00
5.034849857852918831e+00
5.035706757844550019e+00
5.036441378534895819e+00
5.037042421528262537e+00
5.037505804875058502e+00
5.037833404407959570e+00
5.038020890482825642e+00
5.038073086568280345e+00
5.037988478929862346e+00
5.037768752758517543e+00
5.037423968647731343e+00
5.036954476495397515e+00
5.036370051612270693e+00
5.035673234124790731e+00
5.034869692285667497e+00
5.033970334042917827e+00
5.032982514237176908e+00
5.031916833107483278e+00
5.030778864433180786e+00
5.029573940520298159e+00
5.028314300810110105e+00
5.027007677142630193e+00
5.025666139607439575e+00
5.024298251156817052e+00
5.022910478149662517e+00
5.021512742226135195e+00
5.020114728246936942e+00
5.018727584515819906e+00
5.017363480066070913e+00
5.016028579210051852e+00
5.014732806270131960e+00
5.013485270400653171e+00
5.012296722863921694e+00
5.011182453443415952e+00
5.010148894597896252e+00
5.009208670740136427e+00
5.008366305043108646e+00
5.007631545548447249e+00
5.007009632249481257e+00
