0.000000000000000000e+00
0.000000000000000000e+00
-1.474031159887091088e-06
-7.729507196927444028e-06
-1.977893654839135937e-05
-3.498266116366722259e-05
-4.973106333636677942e-05
-2.737033661105667948e-05
4.512949235504516970e-06
9.544975342578256483e-05
2.803654338640627084e-04
5.800444747728761155e-04
9.951745461148674490e-04
1.615544531814521465e-03
2.393882397882408399e-03
3.382288415305084815e-03
4.593787465564673836e-03
6.087113295070594593e-03
7.838973377220099722e-03
9.853544358484213339e-03
1.220207658814615771e-02
1.499520269440836676e-02
1.817412403630442805e-02
2.172639397191233543e-02
2.573017058180995104e-02
3.007511017131037773e-02
3.484437939929194150e-02
4.015169021891779738e-02
4.581380901145166301e-02
5.195682225035853224e-02
5.853749272631830758e-02
6.557541248606865714e-02
7.312827048110191741e-02
8.110824820803826107e-02
8.950672981547540263e-02
9.827590880202477508e-02
1.074234926443023014e-01
1.169609153013152214e-01
1.269135904054564390e-01
1.372521483640593565e-01
1.481321084241789821e-01
1.593184447030943640e-01
1.709754705171507572e-01
1.829514479379576453e-01
1.953382527570647065e-01
2.080927288274687648e-01
2.212027597169798632e-01
2.345837425928038456e-01
2.482962190847319284e-01
2.622964489202421756e-01
2.765869152288358834e-01
2.911521088819425396e-01
3.060013890008848048e-01
3.211759054403225955e-01
3.366180288534085241e-01
3.524538552503505562e-01
3.686533570032039520e-01
3.851960491876521564e-01
4.020641708116450275e-01
4.192896425466454691e-01
4.368220901231681941e-01
4.546979748945152444e-01
4.728779577951347513e-01
4.914082252721702071e-01
5.103864967565451272e-01
5.296522378663931496e-01
5.493070721368703557e-01
5.692294871549519186e-01
5.895124661664876697e-01
6.101395308713826182e-01
6.310700547437581021e-01
6.522935831289204955e-01
6.738516032438190972e-01
6.956399619321734784e-01
7.176964914541155149e-01
7.399930941800983986e-01
7.624912941198263017e-01
7.851729833822165272e-01
8.080372130613242554e-01
8.310348713140404131e-01
8.541361868123924506e-01
8.773477399091640372e-01
9.006563889722744021e-01
9.240488373975674907e-01
9.475141489248197768e-01
9.710375654439848958e-01
9.945766055326384913e-01
1.018139365885726955e+00
1.041691325877182051e+00
1.065229874823562684e+00
1.088746577475540267e+00
1.112242022727005342e+00
1.135693312857620763e+00
1.159125846598618059e+00
1.182513064120285451e+00
1.205854543421737812e+00
1.229150072310440045e+00
1.252395838473312484e+00
1.275584028933517633e+00
1.298707419608108760e+00
1.321755551074020429e+00
1.344728964541427541e+00
1.367589055274002208e+00
1.390358570788376102e+00
1.413013757441513363e+00
1.435568438742630404e+00
1.458015910361282863e+00
1.480357736323349771e+00
1.502596110079758684e+00
1.524730664465897334e+00
1.546780918810837679e+00
1.568751608107559870e+00
1.590638004515640747e+00
1.612438448641769995e+00
1.634149786208145994e+00
1.655788294051163900e+00
1.677357565138810402e+00
1.698848508570664606e+00
1.720283611987107442e+00
1.741636658881180910e+00
1.762896815512650317e+00
1.784093025897019347e+00
1.805213512156479849e+00
1.826275674078934763e+00
1.847279862139695306e+00
1.868220268462174483e+00
1.889116803381913234e+00
1.909951068137162311e+00
1.930734204028123013e+00
1.951466833327286876e+00
1.972140117857926533e+00
1.992773662779801391e+00
2.013368843768113425e+00
2.033931158755296398e+00
2.054472550127977026e+00
2.074988807414048342e+00
2.095492781374924895e+00
2.115984615061753615e+00
2.136460012171738310e+00
2.156922956679337311e+00
2.177365852568618809e+00
2.197801707957260042e+00
2.218230634901992460e+00
2.238669866297714250e+00
2.259127391551010167e+00
2.279588340495101839e+00
2.300062168810836916e+00
2.320537711356155608e+00
2.341043735716812790e+00
2.361574057314865360e+00
2.382140079710953096e+00
2.402757362101547667e+00
2.423401352141373977e+00
2.444091755125993526e+00
2.464811581347460478e+00
2.485580948565477843e+00
2.506404317591662156e+00
2.527256263468737441e+00
2.548150190089220946e+00
2.569066394541735132e+00
2.590019651625627528e+00
2.611007591460221988e+00
2.632010797236436161e+00
2.653036533568375877e+00
2.674067162249558649e+00
2.695114954684250996e+00
2.716186295722001098e+00
2.737257970545762031e+00
2.758327749941819285e+00
2.779379800532334244e+00
2.800428186629288607e+00
2.821454824183457166e+00
2.842464436266892047e+00
2.863436130259507273e+00
2.884352306101792607e+00
2.905222500536912555e+00
2.926031175826066644e+00
2.946786645625108392e+00
2.967453287814134200e+00
2.988045753214830125e+00
3.008555406306260505e+00
3.028989757273667927e+00
3.049336224768632420e+00
3.069573160384171828e+00
3.089688180659287742e+00
3.109682433579438410e+00
3.129543527338974673e+00
3.149271683667175914e+00
3.168822452996246763e+00
3.188241735671036192e+00
3.207487910960189925e+00
3.226588168118468936e+00
3.245514689658156815e+00
3.264270178053847893e+00
3.282867557976714590e+00
3.301303179238310737e+00
3.319582394335737874e+00
3.337660059903136300e+00
3.355589513752928799e+00
3.373286412928572897e+00
3.390811079714766585e+00
3.408137128327361598e+00
3.425288976405135521e+00
3.442278691504470522e+00
3.459104710791579773e+00
3.475732065413466909e+00
3.492143594000808093e+00
3.508387708638182723e+00
3.524444903109542171e+00
3.540352287266723241e+00
3.556090508673660278e+00
3.571635471556655617e+00
3.587001428578369122e+00
3.602197051022522079e+00
3.617239516947738487e+00
3.632115781281462841e+00
3.646806982729903002e+00
3.661329336140624058e+00
3.675711826060286569e+00
3.689956119034758508e+00
3.704026148293486198e+00
3.717949852917662223e+00
3.731732406590452911e+00
3.745392357085219004e+00
3.758917137358656735e+00
3.772315443728438300e+00
3.785603625748625412e+00
3.798779860709181833e+00
3.811839386198989210e+00
3.824806458924284946e+00
3.837683914874068236e+00
3.850458478901854775e+00
3.863147295687666904e+00
3.875771057579985968e+00
3.888323031638137639e+00
3.900790808175079061e+00
3.913207426045409498e+00
3.925572185490600052e+00
3.937890478346816714e+00
3.950156384680740373e+00
3.962372961018554740e+00
3.974548262331955240e+00
3.986686211798661006e+00
3.998803307984344801e+00
4.010926495764725708e+00
4.023047432873719131e+00
4.035168952916138529e+00
4.047312241766922725e+00
4.059462380383483726e+00
4.071608576748840136e+00
4.083750171635619708e+00
4.095891115639678226e+00
4.108051670763961383e+00
4.120220489476196235e+00
4.132386598561279989e+00
4.144575250123016197e+00
4.156782774899474120e+00
4.169022358630173564e+00
4.181278196547501658e+00
4.193543877575867995e+00
4.205834059689515847e+00
4.218139381382937536e+00
4.230443232033726630e+00
4.242748663399694031e+00
4.255052381728170907e+00
4.267374244902610414e+00
4.279697540972710712e+00
4.292007063601495531e+00
4.304300082896232560e+00
4.316578469250679007e+00
4.328859522316933273e+00
4.341130208943367208e+00
4.353381258223532946e+00
4.365601059172630194e+00
4.377784368966103123e+00
4.389922075245858757e+00
4.401996371720315437e+00
4.414005266402246441e+00
4.425936590407372861e+00
4.437801567290307503e+00
4.449588592026711531e+00
4.461283949587823372e+00
4.472891414139748001e+00
4.484419018004417445e+00
4.495861970160484944e+00
4.507210298750877975e+00
4.518456785653115482e+00
4.529590240691185876e+00
4.540576878760338886e+00
4.551454851601602236e+00
4.562216541741372922e+00
4.572886483643532785e+00
4.583450864527703672e+00
4.593893114302637137e+00
4.604242765877725851e+00
4.614482148859979205e+00
4.624612506602288953e+00
4.634620790455818984e+00
4.644491708252908246e+00
4.654259163711549796e+00
4.663907632205964937e+00
4.673440597031595978e+00
4.682873063061716579e+00
4.692159752223970415e+00
4.701332366440774457e+00
4.710377286646843409e+00
4.719323777530671116e+00
4.728156705472946975e+00
4.736844667766571426e+00
4.745448933814048864e+00
4.753934286807060872e+00
4.762326746557237200e+00
4.770615686152459567e+00
4.778797456000329902e+00
4.786925338480951808e+00
4.794963512990953802e+00
4.802906888101580840e+00
4.810783989999774413e+00
4.818605298970226158e+00
4.826386069033627102e+00
4.834112380121236008e+00
4.841769140933041449e+00
4.849364750359541176e+00
4.856913627956395807e+00
4.864401649806982419e+00
4.871834198806769045e+00
4.879199844573027356e+00
4.886520848248489202e+00
4.893791300628668850e+00
4.901011054490095553e+00
4.908194888804442435e+00
4.915339071724898368e+00
4.922466973636634435e+00
4.929568198893555575e+00
4.936636924717912045e+00
4.943679016206750099e+00
4.950690806482324291e+00
4.957690543506632075e+00
4.964671292875300068e+00
4.971635876272211263e+00
4.978583816860207456e+00
4.985509361002931072e+00
4.992425223563202508e+00
4.999327062938699662e+00
5.006218425009736350e+00
5.013100324843415834e+00
5.019975824926385499e+00
5.026853106592186649e+00
5.033705537293441168e+00
5.040546327803618887e+00
5.047377459381110043e+00
5.054208579633719722e+00
5.061042544219977124e+00
5.067852075074203100e+00
5.074652903650290980e+00
5.081446828220375522e+00
5.088250149462706595e+00
5.095066596243865042e+00
5.101878424857146044e+00
5.108699905250556839e+00
5.115529008481987105e+00
5.122373968337067929e+00
5.129232205722816573e+00
5.136084399793632294e+00
5.142940759037025522e+00
5.149808858607298312e+00
5.156687216732985135e+00
5.163571170542723188e+00
5.170439695690161486e+00
5.177302011821753425e+00
5.184168357823378592e+00
5.191038020227439098e+00
5.197914067481047340e+00
5.204768980715758886e+00
5.211608108256346128e+00
5.218443313215262336e+00
5.225273205016143230e+00
5.232101658556945978e+00
5.238906760190018552e+00
5.245695905063638698e+00
5.252475187752733810e+00
5.259237419341096675e+00
5.265983008120546316e+00
5.272691117499361368e+00
5.279361011360178324e+00
5.286012221549043488e+00
5.292630689714440173e+00
5.299210178826339934e+00
5.305731897328385571e+00
5.312189304206857088e+00
5.318596838090905443e+00
5.324954707596787351e+00
5.331241651151664485e+00
5.337465444181449747e+00
5.343604084823615707e+00
5.349680719945914653e+00
5.355698793504720889e+00
5.361668271396642815e+00
5.367581047389990090e+00
5.373413137171750620e+00
5.379185072157865122e+00
5.384883832905775769e+00
5.390521668766028895e+00
5.396087180350311208e+00
5.401556635473258261e+00
5.406955643866545813e+00
5.412272663090712754e+00
5.417524750803000444e+00
5.422702562187200925e+00
5.427803675506598147e+00
5.432834889266974443e+00
5.437789179358966329e+00
5.442670137260442687e+00
5.447484374020581832e+00
5.452211065862661243e+00
5.456857376370912505e+00
5.461407756779675715e+00
5.465888589594845470e+00
5.470286289725784457e+00
5.474604563985352002e+00
5.478856748912814822e+00
5.483014268551352544e+00
5.487072627220633159e+00
5.491041089270594533e+00
5.494900052223685272e+00
5.498676715467455622e+00
5.502357415233136706e+00
5.505957418058396335e+00
5.509462889705181610e+00
5.512872441385269440e+00
5.516191973958491701e+00
5.519401601825236092e+00
5.522524940941808680e+00
5.525549100313659423e+00
5.528475947056288753e+00
5.531320089970106935e+00
5.534042009983533461e+00
5.536689474258892574e+00
5.539233997736447535e+00
5.541699559215777171e+00
5.544088178698293845e+00
5.546404736016264714e+00
5.548673479084245130e+00
5.550860615644923612e+00
5.552981256369818652e+00
5.555035779897441017e+00
5.557027179424036234e+00
5.558979550127257419e+00
5.560866354529132138e+00
5.562700127784480308e+00
5.564484407726991044e+00
5.566221288565861514e+00
5.567934336040485377e+00
5.569605344508159916e+00
5.571246828262080619e+00
5.572855624977817612e+00
5.574439765487183784e+00
5.576028252814282382e+00
5.577615136031377929e+00
5.579223258022536491e+00
5.580846087608803963e+00
5.582469022546282744e+00
5.584110695544950431e+00
5.585758614961378932e+00
5.587433014486305360e+00
5.589124169174902512e+00
5.590822007332317156e+00
5.592539019856921811e+00
5.594258836929074441e+00
5.595999546621314380e+00
5.597751734827034475e+00
5.599506030056946138e+00
5.601276700619928661e+00
5.603053913835756461e+00
5.604849568430654294e+00
5.606651583586209853e+00
5.608449440572732314e+00
5.610258837316506764e+00
5.612070592765086907e+00
5.613898248497720012e+00
5.615737331781859076e+00
5.617570581112380168e+00
5.619411329303260594e+00
5.621250101302142532e+00
5.623100037549013663e+00
5.624955810133689837e+00
5.626803287390942820e+00
5.628641526226275893e+00
5.630455412987942942e+00
5.632257256929153577e+00
5.634039678547853924e+00
5.635795010153525020e+00
5.637521013293737226e+00
5.639207777951234846e+00
5.640864908222432028e+00
5.642489445183749730e+00
5.644074401233668326e+00
5.645622499112362469e+00
5.647126155320878027e+00
5.648602263603683227e+00
5.650044295762056912e+00
5.651439039234396056e+00
5.652788331482883954e+00
5.654082759443995521e+00
5.655339990679499884e+00
5.656554232511994407e+00
5.657725543205019747e+00
5.658849873591537794e+00
5.659911525819772748e+00
5.660926725019091776e+00
5.661888593335026698e+00
5.662800482336754371e+00
5.663658586789245497e+00
5.664461012605900514e+00
5.665215809393997048e+00
5.665910279948586314e+00
5.666548113722677193e+00
5.667124260675485914e+00
5.667638729896719241e+00
5.668100148897941004e+00
5.668511530582184932e+00
5.668866385754521175e+00
5.669154859643753319e+00
5.669376218609834872e+00
5.669537958570148639e+00
5.669644924478930648e+00
5.669692282366892044e+00
5.669685659673274536e+00
5.669613994866819162e+00
5.669479666598349787e+00
5.669286554794966904e+00
5.669029631618618836e+00
5.668715683076739786e+00
5.668335226927162296e+00
5.667906104255676425e+00
5.667422519441901230e+00
5.666873902011871245e+00
5.666266038309990982e+00
5.665589156788050751e+00
5.664862591590940966e+00
5.664082215395032982e+00
5.663251765411555283e+00
5.662367989536582158e+00
5.661416306462347059e+00
5.660414932858407688e+00
5.659359492924273205e+00
5.658254367526831530e+00
5.657097863223615519e+00
5.655879054185214194e+00
5.654619035389485404e+00
5.653317589428486833e+00
5.651978538301051458e+00
5.650605090674222453e+00
5.649197196927130626e+00
5.647775166895449672e+00
5.646336221512616049e+00
5.644876844998657717e+00
5.643403146829664152e+00
5.641914018210232307e+00
5.640436554517805234e+00
5.638969482597170568e+00
5.637522716786919297e+00
5.636101331975518214e+00
5.634697680290994271e+00
5.633342564966735466e+00
5.632018196251449282e+00
5.630746430125293855e+00
5.629522153552828811e+00
5.628326924409924104e+00
5.627188617330251219e+00
5.626085194613992257e+00
5.625039734434544414e+00
5.624039175477087760e+00
5.623080141511021424e+00
5.622181566994845170e+00
5.621319727715311743e+00
5.620515734520017403e+00
5.619762098010835594e+00
5.619037255387958396e+00
5.618368015479500599e+00
5.617732173543628527e+00
5.617151590626892066e+00
5.616612695794757748e+00
5.616110533554312667e+00
5.615665878545697431e+00
5.615253540132399301e+00
5.614894010465797614e+00
5.614573851864991916e+00
5.614287031743881329e+00
5.614045165222343314e+00
5.613843146771396952e+00
5.613693880191276797e+00
5.613582253981585168e+00
5.613498260950874119e+00
5.613455942556466738e+00
5.613451962523833494e+00
5.613493375193067791e+00
5.613584181463084910e+00
5.613709625081829024e+00
5.613879613039753913e+00
5.614089674336574909e+00
5.614346948118618563e+00
5.614664348328223475e+00
5.615009850712230133e+00
5.615407347568979191e+00
5.615851081797591071e+00
5.616348328033199166e+00
5.616889546887685825e+00
5.617459791527797286e+00
5.618064467759539049e+00
5.618707662375379996e+00
5.619387160690237693e+00
5.620115216525007007e+00
5.620872937964011662e+00
5.621660205052902981e+00
5.622480278910805929e+00
5.623331045509985415e+00
5.624221838490774950e+00
5.625131640212348572e+00
5.626070281790306993e+00
5.627026906909158299e+00
5.628010406123213016e+00
5.629014403821638979e+00
5.630022176058702144e+00
5.631039093883446256e+00
5.632060334162524384e+00
5.633095138074567743e+00
5.634137426914383795e+00
5.635182690249491699e+00
5.636227633954693061e+00
5.637274809406806142e+00
5.638326071576882370e+00
5.639372517617155189e+00
5.640414435865093168e+00
5.641451532991337281e+00
5.642489782498884665e+00
5.643534506858991939e+00
5.644589264319942679e+00
5.645637024642632618e+00
5.646680466683315913e+00
5.647729407103467381e+00
5.648788097278881537e+00
5.649863093720483675e+00
5.650956589432167831e+00
5.652059224398541915e+00
5.653185972349453969e+00
5.654319074304511084e+00
5.655477685259391762e+00
5.656662094296624588e+00
5.657864492537192369e+00
5.659099927248171902e+00
5.660358324350528214e+00
5.661649723501615661e+00
5.662984617801123832e+00
5.664341808559114178e+00
5.665746874661857113e+00
5.667185133697206112e+00
5.668666733802969482e+00
5.670193639548236852e+00
5.671774754972870092e+00
5.673432819546873951e+00
5.675142145456488763e+00
5.676930550785477259e+00
5.678782079072411726e+00
5.680702118279155499e+00
5.682701727451500595e+00
5.684752981068310618e+00
5.686883805246767842e+00
5.689067533613857641e+00
5.691329321564849941e+00
5.693671994061883623e+00
5.696062570513901413e+00
5.698525864334519575e+00
5.701055912228042644e+00
5.703634275944646781e+00
5.706260422320779568e+00
5.708923474700863920e+00
5.711626644881184767e+00
5.714377519638951242e+00
5.717149935813363726e+00
5.719955438824113614e+00
5.722775851638730593e+00
5.725622585864480918e+00
5.728491248341020636e+00
5.731366841943677848e+00
5.734251267166551536e+00
5.737134272010740332e+00
5.740020347984250648e+00
5.742906220407899553e+00
5.745781757684168767e+00
5.748643998952327472e+00
5.751482268722473812e+00
5.754300115855155440e+00
5.757100548894820591e+00
5.759879674466071187e+00
5.762639358790335287e+00
5.765376458914693636e+00
5.768084417434153899e+00
5.770763808639465253e+00
5.773412428648888373e+00
5.776032454224049317e+00
5.778622506113468837e+00
5.781181011052547447e+00
5.783707551212726727e+00
5.786195426286875332e+00
5.788644654305397097e+00
5.791053916068491958e+00
5.793420993985352041e+00
5.795745474995788626e+00
5.798031832428393706e+00
5.800271476508794599e+00
5.802481524945912739e+00
5.804643085600553754e+00
5.806743507684885230e+00
5.808791507484137639e+00
5.810776402951895570e+00
5.812724038215101530e+00
5.814620994331062498e+00
5.816472063215195831e+00
5.818277823628604573e+00
5.820028420092285160e+00
5.821744899155318009e+00
5.823417771013200017e+00
5.825052337797106183e+00
5.826650721134364552e+00
5.828215657027184804e+00
5.829759040178476681e+00
5.831272452922284799e+00
5.832760777475060721e+00
5.834236125202597378e+00
5.835694500209512192e+00
5.837141209693373689e+00
5.838568669112147447e+00
5.839978423120202322e+00
5.841386958064259893e+00
5.842793434412898890e+00
5.844200667144479944e+00
5.845617175401869758e+00
5.847053689809265542e+00
5.848516213299455480e+00
5.850000662209214219e+00
5.851493409724654704e+00
5.853001001925887792e+00
5.854533794076862918e+00
5.856096519382419707e+00
5.857693004162729977e+00
5.859302550555884892e+00
5.860928328485905503e+00
5.862580284924924001e+00
5.864262982459485407e+00
5.865981867613016654e+00
5.867713726760566573e+00
5.869472335727633272e+00
5.871257819981993364e+00
5.873081586362541628e+00
5.874936804475009211e+00
5.876797638537108348e+00
5.878671065421522179e+00
5.880559056104837978e+00
5.882471945585429296e+00
5.884402671457944933e+00
5.886335448475298548e+00
5.888267250658688390e+00
5.890195082576689778e+00
5.892115431578575091e+00
5.894026668967424776e+00
5.895920095743356626e+00
5.897788537295280520e+00
5.899638090135273849e+00
5.901474148036656153e+00
5.903289140017447423e+00
5.905072993190703556e+00
5.906824599804100906e+00
5.908530480863269929e+00
5.910191541613754040e+00
5.911801461131987345e+00
5.913354739399371063e+00
5.914852204622445875e+00
5.916280077399430404e+00
5.917647228093562362e+00
5.918930381389079898e+00
5.920134592877446700e+00
5.921268089266239265e+00
5.922321872191249170e+00
5.923323640005409452e+00
5.924240355567753191e+00
5.925073267595589499e+00
5.925830163212240542e+00
5.926501729937018403e+00
5.927117308640600157e+00
5.927644960658373208e+00
5.928103601561607761e+00
5.928487125450494943e+00
5.928780935799451868e+00
5.929014003501954733e+00
5.929152601800608657e+00
5.929217632456432518e+00
5.929204093418531052e+00
5.929128054478652210e+00
5.928977215975039350e+00
5.928744450766108010e+00
5.928447776898257082e+00
5.928082810654751178e+00
5.927664826079718452e+00
5.927196689337008273e+00
5.926672931476943518e+00
5.926113149053864326e+00
5.925521788052729555e+00
5.924900511070601006e+00
5.924260323211067103e+00
5.923599786325805638e+00
5.922926931693666575e+00
5.922258027508370937e+00
5.921599585726373682e+00
5.920955224051588139e+00
5.920327730640285502e+00
5.919725577435904107e+00
5.919148983112984652e+00
5.918598192236834699e+00
5.918075804762059633e+00
5.917582579716557767e+00
5.917133846222871973e+00
5.916721246666724277e+00
5.916359142899031198e+00
5.916044374234492587e+00
5.915772096324230844e+00
5.915562072596962651e+00
5.915401584539080382e+00
5.915307992897445466e+00
5.915272804734279966e+00
5.915324090586957517e+00
5.915463928904365787e+00
5.915671205453556070e+00
5.915960383888315910e+00
5.916301782939565435e+00
5.916721336159837641e+00
5.917216921996307555e+00
5.917770684126748115e+00
5.918383684594168415e+00
5.919059492189421512e+00
5.919774322275056733e+00
5.920548567164674481e+00
5.921367004130020817e+00
5.922225533638135531e+00
5.923131371054783934e+00
5.924054080385699805e+00
5.925005338031783531e+00
5.925972198087706921e+00
5.926958879072204311e+00
5.927957355815902218e+00
5.928946809906497251e+00
5.929928332407012448e+00
5.930892051819696142e+00
5.931838717523946869e+00
5.932763538274897996e+00
5.933660702917708640e+00
5.934531801331772272e+00
5.935375403452648690e+00
5.936192241523398749e+00
5.936985982570782028e+00
5.937754646081461196e+00
5.938493509504927381e+00
5.939201886493695959e+00
5.939877633813752666e+00
5.940525769729151584e+00
5.941146659839882993e+00
5.941742531683281037e+00
5.942312604624764738e+00
5.942848369542497622e+00
5.943352447438972952e+00
5.943825545001763189e+00
5.944270550597448022e+00
5.944687652278680012e+00
5.945076015058893049e+00
5.945437161725002362e+00
5.945766137603659907e+00
5.946063857998688640e+00
5.946329890198994050e+00
5.946564079400139313e+00
5.946770098403084681e+00
5.946949331562954022e+00
5.947101881949218516e+00
5.947221666200075418e+00
5.947306613212440141e+00
5.947360372690472907e+00
5.947384337480633221e+00
5.947378618607052303e+00
5.947356321622372377e+00
5.947314102963299653e+00
5.947248091066012599e+00
5.947155021989474655e+00
5.947034753348434677e+00
5.946899712962785856e+00
5.946749124370270145e+00
5.946585930149757004e+00
5.946403664156550306e+00
5.946199418149645588e+00
5.945982287239039543e+00
5.945752698454762175e+00
5.945514984570199779e+00
5.945281861006971091e+00
5.945055161855872683e+00
5.944840890701616587e+00
5.944620024256164648e+00
5.944401561014110769e+00
5.944197319272661595e+00
5.944010679136717101e+00
5.943849022138619098e+00
5.943693111186601818e+00
5.943562092913069250e+00
5.943458726398401559e+00
5.943384481111294804e+00
5.943345746776772742e+00
5.943320948578635132e+00
5.943334501117219837e+00
5.943379842072476826e+00
5.943473093082880077e+00
5.943613282089804883e+00
5.943773094137882573e+00
5.943978610077625291e+00
5.944218052161611254e+00
5.944511315824216879e+00
5.944855691382414875e+00
5.945234902241952391e+00
5.945654360392815363e+00
5.946126020924872080e+00
5.946628417895858831e+00
5.947159712055450242e+00
5.947711005808537621e+00
5.948287745864814013e+00
5.948902544008321414e+00
5.949531842620797484e+00
5.950192813353366361e+00
5.950883559884257323e+00
5.951598841475076895e+00
5.952339170651264055e+00
5.953083315418785659e+00
5.953838218675678640e+00
5.954593278618281360e+00
5.955358278082436563e+00
5.956122416259474583e+00
5.956871660725898465e+00
5.957606278808540878e+00
5.958319417090838677e+00
5.959021481500690776e+00
5.959690208585684879e+00
5.960325008334343977e+00
5.960927551017827675e+00
5.961497137138374036e+00
5.962046789342291930e+00
5.962561696955687829e+00
5.963041574584073246e+00
5.963489535899584304e+00
5.963902836108331051e+00
5.964295326063160374e+00
5.964649478757505285e+00
5.964960885794583945e+00
5.965231734050187029e+00
5.965458113459619405e+00
5.965655916781844148e+00
5.965808009739713924e+00
5.965912725973622877e+00
5.965975576771171518e+00
5.965999842196916703e+00
5.965990275287632372e+00
5.965959227284048261e+00
5.965910411419909742e+00
5.965853689637597768e+00
5.965786334326121043e+00
5.965714223248514969e+00
5.965648345661911378e+00
5.965578479523401256e+00
5.965523484645974150e+00
5.965478146493997436e+00
5.965449594060054928e+00
5.965443923936553539e+00
5.965465486135663298e+00
5.965521188734428826e+00
5.965612050595090921e+00
5.965749617444680020e+00
5.965937673898742410e+00
5.966155839098944647e+00
5.966432654040261241e+00
5.966744112132444933e+00
5.967124532668248271e+00
5.967568345239713246e+00
5.968076204901886506e+00
5.968658050990058861e+00
5.969293654134823157e+00
5.970026769286347346e+00
5.970842831453634147e+00
5.971741288772177469e+00
5.972713055258941139e+00
5.973762297576616476e+00
5.974909668436596100e+00
5.976159840395996348e+00
5.977499974539825622e+00
5.978913766017505793e+00
5.980400861671516743e+00
5.981978266408989775e+00
5.983651367148707934e+00
5.985391619226286153e+00
5.987210955640623666e+00
5.989100390991517919e+00
5.991069478711435359e+00
5.993122715225764452e+00
5.995231844654627551e+00
5.997422517558880450e+00
5.999662093093939497e+00
6.001973538568566191e+00
6.004348306676695834e+00
6.006754124483415502e+00
6.009205115458319035e+00
6.011678469499894817e+00
6.014183332344838817e+00
6.016707023104974184e+00
6.019229251465150199e+00
6.021743891856023545e+00
6.024244886061497439e+00
6.026726260057040818e+00
6.029177444150992216e+00
6.031597157588549862e+00
6.033976117840357034e+00
6.036321129521675211e+00
6.038612932583637516e+00
6.040852968862601813e+00
6.043042262962408984e+00
6.045154349973747010e+00
6.047198267599889654e+00
6.049147998711415397e+00
6.050994828215189969e+00
6.052766922882146794e+00
6.054421828260966976e+00
6.055981620570966228e+00
6.057421103885717528e+00
6.058756631633587020e+00
6.059967726638860519e+00
6.061064021906203081e+00
6.062061561515872832e+00
6.062940666845386239e+00
6.063723211681786296e+00
6.064396501278820573e+00
6.064972849211040185e+00
6.065470122045221402e+00
6.065889724178557429e+00
6.066235650388842160e+00
6.066508797781859030e+00
6.066708750298563046e+00
6.066845809260699163e+00
6.066916409556139200e+00
6.066924601215137436e+00
6.066871487991152279e+00
6.066759786344332106e+00
6.066606806124759110e+00
6.066411381940555181e+00
6.066181116680813723e+00
6.065902643035365749e+00
6.065585389639451819e+00
6.065245899687722542e+00
6.064888049046709639e+00
6.064520299191787700e+00
6.064146675410881038e+00
6.063774487468615249e+00
6.063409442919507342e+00
6.063059682044402265e+00
6.062730592507139527e+00
6.062437573950008485e+00
6.062185067943499206e+00
6.061988369784518049e+00
6.061841532047106185e+00
6.061763864633827659e+00
6.061757127605229556e+00
6.061807197118030288e+00
6.061921756360531433e+00
6.062112404294163426e+00
6.062379740457831900e+00
6.062739676926136134e+00
6.063167597967983546e+00
6.063662280496061818e+00
6.064232049155832804e+00
6.064876757953167719e+00
6.065609970036744514e+00
6.066395745072364676e+00
6.067253071758747396e+00
6.068180716875791525e+00
6.069165682811140883e+00
6.070218592602610208e+00
6.071314660329221624e+00
6.072461227197051059e+00
6.073644639793634781e+00
6.074880791921018819e+00
6.076159165222049019e+00
6.077477135378718920e+00
6.078834948409200578e+00
6.080217230487467539e+00
6.081607367265822184e+00
6.083006982076765823e+00
6.084420339185597548e+00
6.085847447234989716e+00
6.087287323344351186e+00
6.088722536433340160e+00
6.090149375516774377e+00
6.091565378326776248e+00
6.092976371813419334e+00
6.094381948429944629e+00
6.095772773045900372e+00
6.097151298541430009e+00
6.098508654851320543e+00
6.099849671590927613e+00
6.101169801819922967e+00
6.102466666269900308e+00
6.103740111607910634e+00
6.104987075794339191e+00
6.106214884463549986e+00
6.107409339193106135e+00
6.108571499679087857e+00
6.109696742389201241e+00
6.110784384477733866e+00
6.111841118503211767e+00
6.112862001601456541e+00
6.113846672940848492e+00
6.114782423022985469e+00
6.115668039563894709e+00
6.116508173215986055e+00
6.117299425545931868e+00
6.118043621424438250e+00
6.118739410731792283e+00
6.119378936383723655e+00
6.119960169810652495e+00
6.120479030813871901e+00
6.120938042495249753e+00
6.121331745814381442e+00
6.121669113542734131e+00
6.121962140891550774e+00
6.122196151316016355e+00
6.122368056345581344e+00
6.122471241159216149e+00
6.122514587715119916e+00
6.122511390789147079e+00
6.122448962546619633e+00
6.122337197439479795e+00
6.122160448563952251e+00
6.121924062689503288e+00
6.121639653445889451e+00
6.121289511101057457e+00
6.120902648197223961e+00
6.120465611779799531e+00
6.119992361554612792e+00
6.119488246703257417e+00
6.118934746162702609e+00
6.118353496009221182e+00
6.117735515350214648e+00
6.117092837730161214e+00
6.116433555895201657e+00
6.115752908700816448e+00
6.115060804972163311e+00
6.114351015204301909e+00
6.113629673460236447e+00
6.112905492970457821e+00
6.112173298114647046e+00
6.111438984462727042e+00
6.110697591939676876e+00
6.109951506221402262e+00
6.109210519456970800e+00
6.108472017312157831e+00
6.107739869842041536e+00
6.107014950776208373e+00
6.106303727069605003e+00
6.105611611643540826e+00
6.104938164839255776e+00
6.104274470993983570e+00
6.103630995938288173e+00
6.103005632051933027e+00
6.102412760147560178e+00
6.101852584520090161e+00
6.101319859998036499e+00
6.100817612671959544e+00
6.100358028562474999e+00
6.099924899564792113e+00
6.099522123077619540e+00
6.099147475512432415e+00
6.098807814458117704e+00
6.098522788734839217e+00
6.098267161903635269e+00
6.098068179527030175e+00
6.097901818288223197e+00
6.097793261261389652e+00
6.097753319103936143e+00
6.097748477355196428e+00
6.097804417930162479e+00
6.097906990334011290e+00
6.098069935146339660e+00
6.098285814284898798e+00
6.098540544643618944e+00
6.098844975348182373e+00
6.099183072413869589e+00
6.099565007317432119e+00
6.099982623237737656e+00
6.100424602370330796e+00
6.100892739224801353e+00
6.101389564837881530e+00
6.101917593445250532e+00
6.102464545074472113e+00
6.103020459230610761e+00
6.103585189286240720e+00
6.104163161147005745e+00
6.104756231050557425e+00
6.105361425544685083e+00
6.105964398499195589e+00
6.106561123806600655e+00
6.107157300192478822e+00
6.107757216248276499e+00
6.108359887901309015e+00
6.108956061791244174e+00
6.109548767100634770e+00
6.110138428289058510e+00
6.110727597925427190e+00
6.111314119103910869e+00
6.111890650320413343e+00
6.112461367141071023e+00
6.113029158603015212e+00
6.113603221926454445e+00
6.114175184558693132e+00
6.114735212292139011e+00
6.115287780690556119e+00
6.115835016596680163e+00
6.116376493278508519e+00
6.116907095800703686e+00
6.117431284267074609e+00
6.117946591380603039e+00
6.118454263846941465e+00
6.118943507376677360e+00
6.119417916874953178e+00
6.119886169399686437e+00
6.120338861796625451e+00
6.120776896629101849e+00
6.121188058744736260e+00
6.121576545130080760e+00
6.121953729208179595e+00
6.122315902862319525e+00
6.122664957683154441e+00
6.122982918101915750e+00
6.123271539847920053e+00
6.123543750609824698e+00
6.123795687298843049e+00
6.124030240796128233e+00
6.124230595681439127e+00
6.124401835281024553e+00
6.124558427597950327e+00
6.124700079032773914e+00
6.124835215419152767e+00
6.124961207083979176e+00
6.125077580319340242e+00
6.125187157190959297e+00
6.125284523333978548e+00
6.125376094489912937e+00
6.125458012953024500e+00
6.125530312884222894e+00
6.125599624941680865e+00
6.125662239276428167e+00
6.125719277224126458e+00
6.125763748398605379e+00
6.125794228851884071e+00
6.125818975401201349e+00
6.125835344366354462e+00
6.125848451029600739e+00
6.125855008629590870e+00
6.125847304545899874e+00
6.125831472572031089e+00
6.125803930429833066e+00
6.125769955176951775e+00
6.125728079570547990e+00
6.125677131173292267e+00
6.125617323346527421e+00
6.125548402593563146e+00
6.125467044302355113e+00
6.125370800207463162e+00
6.125244235723373620e+00
6.125084569594918094e+00
6.124887873615233680e+00
6.124654481272308715e+00
6.124378170809802846e+00
6.124054633780477097e+00
6.123694187953232060e+00
6.123287894680259136e+00
6.122833020753322586e+00
6.122325985274372329e+00
6.121744633420465931e+00
6.121109143748043380e+00
6.120411754204985399e+00
6.119654277368542061e+00
6.118836760028358412e+00
6.117940587355848336e+00
6.116989955111499455e+00
6.115980646043178481e+00
6.114928689851519827e+00
6.113827210768220333e+00
6.112655307530519444e+00
6.111433241247294035e+00
6.110157524525283712e+00
6.108842837094425882e+00
6.107485313146472805e+00
6.106079445510270709e+00
6.104635877638222574e+00
6.103147635637880875e+00
6.101624552487494135e+00
6.100064200936915704e+00
6.098463347285154157e+00
6.096831910341145466e+00
6.095171696870686162e+00
6.093486093162658435e+00
6.091776274173620109e+00
6.090042139320734904e+00
6.088288539826037571e+00
6.086519101887109429e+00
6.084737810968521288e+00
6.082941615908504573e+00
6.081144417106272293e+00
6.079350359468819853e+00
6.077565829633834404e+00
6.075802135198476783e+00
6.074060840635661762e+00
6.072353545158271082e+00
6.070664398252133331e+00
6.069009251027468466e+00
6.067389768838052255e+00
6.065800863384371411e+00
6.064252630948193001e+00
6.062726064055330433e+00
6.061240022956496887e+00
6.059787817179328684e+00
6.058380626618034448e+00
6.057015144257911210e+00
6.055687716185220282e+00
6.054409300713904152e+00
6.053165790765648424e+00
6.051970859943990533e+00
6.050811640947226344e+00
6.049698944716814353e+00
6.048637213214400177e+00
6.047612024723651558e+00
6.046633581026556570e+00
6.045689401506546545e+00
6.044790390311839623e+00
6.043935291647078323e+00
6.043124145298364169e+00
6.042361592306855655e+00
6.041631427436236379e+00
6.040943205832603802e+00
6.040294791787031770e+00
6.039687685436668119e+00
6.039120935044350880e+00
6.038593330188754216e+00
6.038108873582546110e+00
6.037660046584073292e+00
6.037247738755408655e+00
6.036870896472696479e+00
6.036536949566666976e+00
6.036220908640986593e+00
6.035943736183559949e+00
6.035698362822746965e+00
6.035499085645294137e+00
6.035347677712431746e+00
6.035215524063548997e+00
6.035123052775032804e+00
6.035062032720176717e+00
6.035047440213253900e+00
6.035074629793976797e+00
6.035134706032565077e+00
6.035231570323102090e+00
6.035367199313929731e+00
6.035544833541951704e+00
6.035752315056614137e+00
6.035978818611345886e+00
6.036221664809725773e+00
6.036481600591084629e+00
6.036759728343328746e+00
6.037043530010720360e+00
6.037327814960022465e+00
6.037611779124577360e+00
6.037900134549577302e+00
6.038195655831237296e+00
6.038495600243199313e+00
6.038791037445057519e+00
6.039076525514114557e+00
6.039356449694474271e+00
6.039634985980678827e+00
6.039908695166098518e+00
6.040173605588363692e+00
6.040427176990644575e+00
6.040670159460143296e+00
6.040908882805244851e+00
6.041129706447110337e+00
6.041330711507336915e+00
6.041507945750939079e+00
6.041666770299063849e+00
6.041814860097230344e+00
6.041946024290385076e+00
6.042059944757359524e+00
6.042146846299159435e+00
6.042210346046934077e+00
6.042257125420595010e+00
6.042281008019211974e+00
6.042284477187653380e+00
6.042269238377788731e+00
6.042235359046476795e+00
6.042188705028834761e+00
6.042117268908637762e+00
6.042022474557030343e+00
6.041908051110673306e+00
6.041775153120849673e+00
6.041633000345769666e+00
6.041475139008703366e+00
6.041309763332697536e+00
6.041130240047219324e+00
6.040929899392518010e+00
6.040720448633523532e+00
6.040493488656225374e+00
6.040257850671056694e+00
6.040012263366823397e+00
6.039749663071575903e+00
6.039475198695305913e+00
6.039191894987467002e+00
6.038905006861184255e+00
6.038612599177155538e+00
6.038306539663915729e+00
6.037997415633742371e+00
6.037688315482681034e+00
6.037379335043823403e+00
6.037065017996227745e+00
6.036735116606450013e+00
6.036401225505269252e+00
6.036067273532844446e+00
6.035738657070196744e+00
6.035410720994568656e+00
6.035066823689139603e+00
6.034716243436433203e+00
6.034361842302478962e+00
6.034008818706372068e+00
6.033653190387288312e+00
6.033284064559140347e+00
6.032912798365452467e+00
6.032535471273462235e+00
6.032152891261379324e+00
6.031760814925532621e+00
6.031353917261460751e+00
6.030932195810476237e+00
6.030489152995744284e+00
6.030034268600741321e+00
6.029552198080220471e+00
6.029039666345216375e+00
6.028491013599433401e+00
6.027902426784732093e+00
6.027285786410667257e+00
6.026612626081205626e+00
6.025894947713113403e+00
6.025119644543027952e+00
6.024297820543741189e+00
6.023436885541176622e+00
6.022526750033594389e+00
6.021580407163000359e+00
6.020580786829686559e+00
6.019537459676957525e+00
6.018457025131081828e+00
6.017334095677231431e+00
6.016175043647979948e+00
6.014979684268927151e+00
6.013748677587008373e+00
6.012485448336101435e+00
6.011184176122640999e+00
6.009850737666582177e+00
6.008484813934064306e+00
6.007088946169114152e+00
6.005668071573472488e+00
6.004218789255118871e+00
6.002748089497781159e+00
6.001257900958753666e+00
5.999756008153653397e+00
5.998251268928741275e+00
5.996744193648790855e+00
5.995234105354045440e+00
5.993726871525739242e+00
5.992227394496892678e+00
5.990730954324696711e+00
5.989248088812326287e+00
5.987779647325967680e+00
5.986334350472185761e+00
5.984911014204714164e+00
5.983505745595190106e+00
5.982126227235290195e+00
5.980767437433692990e+00
5.979437265610192398e+00
5.978127806102728314e+00
5.976849416857457520e+00
5.975594042008615325e+00
5.974371802648403396e+00
5.973180099492767070e+00
5.972001975467303936e+00
5.970847391029694862e+00
5.969706745585302343e+00
5.968600163077810272e+00
5.967520650615790956e+00
5.966470608776310414e+00
5.965454989736775460e+00
5.964459244822958972e+00
5.963507328247525940e+00
5.962585445036986620e+00
5.961710971286394489e+00
5.960881914635993262e+00
5.960077213188505141e+00
5.959319534888363634e+00
5.958595781763889043e+00
5.957923724343874738e+00
5.957295766984919361e+00
5.956702775834004093e+00
5.956161739816765888e+00
5.955656522279481280e+00
5.955203034533064432e+00
5.954793208232025847e+00
5.954418115904430486e+00
5.954089631875852717e+00
5.953805451495449930e+00
5.953572016032289582e+00
5.953387134866666486e+00
5.953225769055884520e+00
5.953109889458741755e+00
5.953025745237122912e+00
5.952988311415413847e+00
5.952987981130666739e+00
5.953013436253479895e+00
5.953076791748702412e+00
5.953164677819533956e+00
5.953282192828430297e+00
5.953418017462192680e+00
5.953579366453288557e+00
5.953754422948060565e+00
5.953943194844126374e+00
5.954133286424280413e+00
5.954325928133280321e+00
5.954518766071945635e+00
5.954709804248362381e+00
5.954895141221880017e+00
5.955063765444157831e+00
5.955215410203038573e+00
5.955346937798259965e+00
5.955453679397997746e+00
5.955529012828430169e+00
5.955569717808923080e+00
5.955569049920905300e+00
5.955533958293981911e+00
5.955454802841432915e+00
5.955328665387368936e+00
5.955160647418832554e+00
5.954945072170829690e+00
5.954702419408148373e+00
5.954419645883625378e+00
5.954087383479362394e+00
5.953710632093733857e+00
5.953281010568623799e+00
5.952822141714876558e+00
5.952320330098752166e+00
5.951778519370142462e+00
5.951194543645267565e+00
5.950553246990327949e+00
5.949878359318262255e+00
5.949153195798881022e+00
5.948381728560216963e+00
5.947562908411510918e+00
5.946693358749635117e+00
5.945789809108264379e+00
5.944829030886776167e+00
5.943812838972097445e+00
5.942739464596396459e+00
5.941615803719050071e+00
5.940436584756260352e+00
5.939210108548884648e+00
5.937939632118229838e+00
5.936620577902083973e+00
5.935259813100581816e+00
5.933856689066176138e+00
5.932423617274049654e+00
5.930971012592796576e+00
5.929501362622264793e+00
5.928015494078877623e+00
5.926518300503971659e+00
5.925015624940874304e+00
5.923514536798479391e+00
5.922023087919238371e+00
5.920533382028820846e+00
5.919057915091993749e+00
5.917598516226292737e+00
5.916158542812349097e+00
5.914739686429978605e+00
5.913341686755896554e+00
5.911972704411031287e+00
5.910630786896230227e+00
5.909316707134724567e+00
5.908034072548630000e+00
5.906785321340443318e+00
5.905570305914165097e+00
5.904401669010998610e+00
5.903276993215563095e+00
5.902192807078840531e+00
5.901153926581624631e+00
5.900162111774567286e+00
5.899228861958270009e+00
5.898344493613129735e+00
5.897523783997184132e+00
5.896752965480573039e+00
5.896044956550485772e+00
5.895398983538634674e+00
5.894797116622812361e+00
5.894252414957172448e+00
5.893748751350228687e+00
5.893298146196190856e+00
5.892890574254577629e+00
5.892522934556488678e+00
5.892201249704246635e+00
5.891905349784081203e+00
5.891648698181395361e+00
5.891417224139455122e+00
5.891198402096065934e+00
5.890986254860195892e+00
5.890766022570910643e+00
5.890540757693830010e+00
5.890306533325944116e+00
5.890057568692150802e+00
5.889793412864688271e+00
5.889509723663810092e+00
5.889199525669696733e+00
5.888862042829874355e+00
5.888485476144138531e+00
5.888076828189676704e+00
5.887629518017655883e+00
5.887137661867326344e+00
5.886608579673356267e+00
5.886034118488913336e+00
5.885425152026599882e+00
5.884775533147639237e+00
5.884086946167534471e+00
5.883358417369908722e+00
5.882581654929107451e+00
5.881761587031668626e+00
5.880896068431919588e+00
5.879992036067433148e+00
5.879033314876742189e+00
5.878032849573082252e+00
5.876997003324810898e+00
5.875920858152690940e+00
5.874811153702919064e+00
5.873654690601413542e+00
5.872463790245835646e+00
5.871247386627381104e+00
5.870007586025184132e+00
5.868749129169172463e+00
5.867455674700922330e+00
5.866132790439313460e+00
5.864788935922569557e+00
5.863422141813225963e+00
5.862039882682748448e+00
5.860635849677511722e+00
5.859213060133644291e+00
5.857779136442132106e+00
5.856332667910046474e+00
5.854878607385343159e+00
5.853411651097720991e+00
5.851938232176488341e+00
5.850464624606555475e+00
5.848996945165580108e+00
5.847541981034463099e+00
5.846107790165131490e+00
5.844691386662905330e+00
5.843300428979580907e+00
5.841936496638242993e+00
5.840603199147170521e+00
5.839300272904818456e+00
5.838030735247319747e+00
5.836815013580506140e+00
5.835642863728589091e+00
5.834512116976565466e+00
5.833420017056649698e+00
5.832373940714186134e+00
5.831385158442443206e+00
5.830459557690208072e+00
5.829586823948210039e+00
5.828759272389596013e+00
5.827981300049012603e+00
5.827264702313130762e+00
5.826614311852043038e+00
5.826010416813676152e+00
5.825461922467236597e+00
5.824964122467225280e+00
5.824525545977538243e+00
5.824147988550846478e+00
5.823810720958297438e+00
5.823520744640860336e+00
5.823268198643360094e+00
5.823065994561198444e+00
5.822897094183150379e+00
5.822758827407392701e+00
5.822643312292653306e+00
5.822553268421922112e+00
5.822497821224402514e+00
5.822458558657688243e+00
5.822442197295621291e+00
5.822437922527913479e+00
5.822436099807253740e+00
5.822425817734781184e+00
5.822411686664432651e+00
5.822394530801554779e+00
5.822374625017851635e+00
5.822350467858353973e+00
5.822309661508056067e+00
5.822252236567887707e+00
5.822184263561370976e+00
5.822103076857033876e+00
5.822010602476525243e+00
5.821900926148970257e+00
5.821777492827255429e+00
5.821644391138558028e+00
5.821498362618018341e+00
5.821331397807676389e+00
5.821139063919414269e+00
5.820921764104147300e+00
5.820690026684184559e+00
5.820439449204582338e+00
5.820165021019506391e+00
5.819866494192260653e+00
5.819548289878744285e+00
5.819220539434332373e+00
5.818884785352724798e+00
5.818542792564707966e+00
5.818194024181444490e+00
5.817842676667947188e+00
5.817490272401351525e+00
5.817142210482139753e+00
5.816799241034765089e+00
5.816461774176438837e+00
5.816138129076440677e+00
5.815830665426780399e+00
5.815545026874621826e+00
5.815271342462380311e+00
5.815016335705746719e+00
5.814783962043453158e+00
5.814571851632077681e+00
5.814387612650620873e+00
5.814218645962406562e+00
5.814076111689661985e+00
5.813967921799500616e+00
5.813889285754863856e+00
5.813847199776660091e+00
5.813852498917707834e+00
5.813904543155672400e+00
5.813992574857414830e+00
5.814119330672415487e+00
5.814272199161217181e+00
5.814472304228559096e+00
5.814698566067830754e+00
5.814964382964984857e+00
5.815261799711601398e+00
5.815570893809066000e+00
5.815901474244760117e+00
5.816242595836387252e+00
5.816603024788067344e+00
5.816983274929092396e+00
5.817381665967271687e+00
5.817798415161536063e+00
5.818225022368000765e+00
5.818666914403307189e+00
5.819125138893590510e+00
5.819600671566890426e+00
5.820093099363016442e+00
5.820603281408416763e+00
5.821130085848141178e+00
5.821670001186299181e+00
5.822224473729598948e+00
5.822792326174544897e+00
5.823376046828794728e+00
5.823976467549670133e+00
5.824594201668967131e+00
5.825216520093251305e+00
5.825840112045277408e+00
5.826460742577779683e+00
5.827076918035615449e+00
5.827691156193482769e+00
5.828283999487627653e+00
5.828858718201388456e+00
5.829415633939077246e+00
5.829956689029804018e+00
5.830488199069967514e+00
5.830999819300940246e+00
5.831497149467339547e+00
5.831976051963738250e+00
5.832430440522601955e+00
5.832859428599348917e+00
5.833266637734940474e+00
5.833648708276322203e+00
5.834009381532539784e+00
5.834339531697205317e+00
5.834627240057907116e+00
5.834880791809281320e+00
5.835091404486319355e+00
5.835269222613296058e+00
5.835405217641836728e+00
5.835479101482651032e+00
5.835508790355978803e+00
5.835487898290029563e+00
5.835431443452707256e+00
5.835332790100819622e+00
5.835186906373001747e+00
5.835005020582920920e+00
5.834776419708377126e+00
5.834514282801992913e+00
5.834211361156650177e+00
5.833863850878424628e+00
5.833483381578572491e+00
5.833068869234868892e+00
5.832626931937285875e+00
5.832145095066974427e+00
5.831616779016205676e+00
5.831052670078225475e+00
5.830452419156081589e+00
5.829822967657693589e+00
5.829161895150194006e+00
5.828460009703287703e+00
5.827720731282481026e+00
5.826941973278174203e+00
5.826129419365773110e+00
5.825279895299921407e+00
5.824388226428877324e+00
5.823470774302136554e+00
5.822518240669619871e+00
5.821535908738027842e+00
5.820516194337854721e+00
5.819456409299622379e+00
5.818373757758983800e+00
5.817261496493467909e+00
5.816118789175400927e+00
5.814939136141787479e+00
5.813726241076240697e+00
5.812495608711492068e+00
5.811246837759266093e+00
5.809985956931360995e+00
5.808707478875168029e+00
5.807414490962274911e+00
5.806113801682243114e+00
5.804798771673689295e+00
5.803478386932861000e+00
5.802148521030198403e+00
5.800819252664100922e+00
5.799495290452490792e+00
5.798182203257334244e+00
5.796875898027670893e+00
5.795588442319881572e+00
5.794322102898608939e+00
5.793095024982345187e+00
5.791909289965284202e+00
5.790747487554203765e+00
5.789622953468810174e+00
5.788534099170814962e+00
5.787498086625586957e+00
5.786513618910563039e+00
5.785570063376678007e+00
5.784670050376904626e+00
5.783830037200701213e+00
5.783025991776834296e+00
5.782272730478892342e+00
5.781552798384675285e+00
5.780876066544899494e+00
5.780241870963819473e+00
5.779641948575027222e+00
5.779079470829911358e+00
5.778548698918767101e+00
5.778052816139407355e+00
5.777609477722891462e+00
5.777193764755375938e+00
5.776820654319474002e+00
5.776485477136323432e+00
5.776176806250462370e+00
5.775887734377631588e+00
5.775613373042891574e+00
5.775353167755405970e+00
5.775098161762456606e+00
5.774846569383393025e+00
5.774594681942710750e+00
5.774341456023850405e+00
5.774079746557274184e+00
5.773802661010869031e+00
5.773515905449038144e+00
5.773210837868845147e+00
5.772887595509980763e+00
5.772538649206850891e+00
5.772164351632688373e+00
5.771773456400130620e+00
5.771358097893986461e+00
5.770925022167954666e+00
5.770467950058969286e+00
5.769992686463386811e+00
5.769510269230099908e+00
5.769019463052840635e+00
5.768527106484266476e+00
5.768025774014982510e+00
5.767516974611077707e+00
5.767010068474207607e+00
5.766503384215626582e+00
5.766004015421363427e+00
5.765510062975677030e+00
5.765025525307151177e+00
5.764556360719594430e+00
5.764098073569925873e+00
5.763658285019786831e+00
5.763232166794927558e+00
5.762838953202459535e+00
5.762477125367018616e+00
5.762136013870928331e+00
5.761830381294582359e+00
5.761547616636250702e+00
5.761303301891182116e+00
5.761080587515476914e+00
5.760892123831307110e+00
5.760734576089179271e+00
5.760603553522249065e+00
5.760499610099811818e+00
5.760417065769305012e+00
5.760360938599204950e+00
5.760325895764271564e+00
5.760307114111364868e+00
5.760305766688999185e+00
5.760319748516069538e+00
5.760353588575838124e+00
5.760410190343265846e+00
5.760486237576572854e+00
5.760583329603417901e+00
5.760699188702150586e+00
5.760836711891338169e+00
5.760993540317162598e+00
5.761167619631035741e+00
5.761359460793777032e+00
5.761568450324576318e+00
5.761796149026942260e+00
5.762048474356872951e+00
5.762315994587136281e+00
5.762608289879155521e+00
5.762916515648705662e+00
5.763252006911081970e+00
5.763618031658574559e+00
5.764010785550222060e+00
5.764435109898791154e+00
5.764877228655263863e+00
5.765347725369379006e+00
5.765849994898185393e+00
5.766380337693140845e+00
5.766941198364243348e+00
5.767529288746760407e+00
5.768151075832889774e+00
5.768805712230846261e+00
5.769488392167134272e+00
5.770201706581159051e+00
5.770942058034582267e+00
5.771712345995349658e+00
5.772528204389257844e+00
5.773369764827533501e+00
5.774249127723617647e+00
5.775156482003969138e+00
5.776088139035148394e+00
5.777043894820256931e+00
5.778006394945425228e+00
5.778986162163657347e+00
5.779974939219992613e+00
5.780967538275163520e+00
5.781964645304124240e+00
5.782954176955263925e+00
5.783944526531140440e+00
5.784932564340869554e+00
5.785919265441934023e+00
5.786898672722617931e+00
5.787859171249309931e+00
5.788804876871744831e+00
5.789738663725892742e+00
5.790659675740042367e+00
5.791565400354900639e+00
5.792448758848349755e+00
5.793306553878228016e+00
5.794144825481216010e+00
5.794958888881246217e+00
5.795748636268417187e+00
5.796508115597406530e+00
5.797240508787671054e+00
5.797953889809885020e+00
5.798635435171760832e+00
5.799283984445371409e+00
5.799892080530861804e+00
5.800463739700952637e+00
5.801009192012588578e+00
5.801524636179546057e+00
5.802006078392603960e+00
5.802438869543711242e+00
5.802825300835412037e+00
5.803176108256321797e+00
5.803488104969601658e+00
