0.000000000000000000e+00
0.000000000000000000e+00
-1.474031159887091088e-06
-7.729507196927444028e-06
-1.977893654839135937e-05
-3.498266116366722259e-05
-4.973106333636677942e-05
-2.737033661105667948e-05
4.512949235504516970e-06
9.544975342578256483e-05
2.803654338640627084e-04
5.800444747728761155e-04
9.951745461148674490e-04
1.615544531814521465e-03
2.393882397882408399e-03
3.382288415305084815e-03
4.593787465564673836e-03
6.087113295070594593e-03
7.838973377220099722e-03
9.853544358484213339e-03
1.220207658814615771e-02
1.499520269440836676e-02
1.817412403630442805e-02
2.172639397191233543e-02
2.573017058180995104e-02
3.007511017131037773e-02
3.484437939929194150e-02
4.015169021891779738e-02
4.581380901145166301e-02
5.195682225035853224e-02
5.853749272631830758e-02
6.557541248606865714e-02
7.312827048110191741e-02
8.110824820803826107e-02
8.950672981547540263e-02
9.827590880202477508e-02
1.074234926443023014e-01
1.169609153013152214e-01
1.269135904054564390e-01
1.372521483640593565e-01
1.481321084241789821e-01
1.593184447030943640e-01
1.709754705171507572e-01
1.829514479379576453e-01
1.953382527570647065e-01
2.080927288274687648e-01
2.211636388044280199e-01
2.345806669931334576e-01
2.483810722570341523e-01
2.625110602121275005e-01
2.769590103368681500e-01
2.917790996770781020e-01
3.068398093919676439e-01
3.222149514894409039e-01
3.378373098115844408e-01
3.537446522455138798e-01
3.699520349244995732e-01
3.863810407857819484e-01
4.030634700994416564e-01
4.199798869829103332e-01
4.371332955102845697e-01
4.545825552682801751e-01
4.722076570730133760e-01
4.901537346582336419e-01
5.082781171541137510e-01
5.267171609144134514e-01
5.453989803533477732e-01
5.643261801938934674e-01
5.834835397939605039e-01
6.028706228475494422e-01
6.225425922613067042e-01
6.424677920083921023e-01
6.627440595369260556e-01
6.832704424600520854e-01
7.040354132394708309e-01
7.249826335649407483e-01
7.461267828683769698e-01
7.675141167383110474e-01
7.891612386445916449e-01
8.110087275247489513e-01
8.331159972886954534e-01
8.555301880578909390e-01
8.780769276361379827e-01
9.008429002504263483e-01
9.237498950700675504e-01
9.468646025400075938e-01
9.701666092615042203e-01
9.936141371469411343e-01
1.017234027359953830e+00
1.041066260312071501e+00
1.065097675297728363e+00
1.089411931012144841e+00
1.113883242581358735e+00
1.138610074494352808e+00
1.163560664628019659e+00
1.188713338349332904e+00
1.214046328042021283e+00
1.239558627579679939e+00
1.265287513707151978e+00
1.291158418629637206e+00
1.317237269852628900e+00
1.343491957161893735e+00
1.369931483242978754e+00
1.396599493000974190e+00
1.423400845501889833e+00
1.450420148346891258e+00
1.477657208416929269e+00
1.505091898415555907e+00
1.532715742562284156e+00
1.560517005894651366e+00
1.588500356648435696e+00
1.616676428292264767e+00
1.645106980774869943e+00
1.673795440171232052e+00
1.702660191033353865e+00
1.731767032120695049e+00
1.761040937874783996e+00
1.790535974476804126e+00
1.820202660534848693e+00
1.849976470444669507e+00
1.879907968018522224e+00
1.909951946709623094e+00
1.940050289605131040e+00
1.970279118988981448e+00
2.000570149395933583e+00
2.030973925564757643e+00
2.061430084679595431e+00
2.091901340458862446e+00
2.122451989624969393e+00
2.153039567444793523e+00
2.183708646271697695e+00
2.214408237908355392e+00
2.245192923520081152e+00
2.275984404061309974e+00
2.306754560444824520e+00
2.337560954068175434e+00
2.368355288479796705e+00
2.399207887623778568e+00
2.430050938103668123e+00
2.460926868889801611e+00
2.491800284359924955e+00
2.522692310784332648e+00
2.553540375206939661e+00
2.584426839325897340e+00
2.615282568905823002e+00
2.646157298062317587e+00
2.676969854805939075e+00
2.707734732602112171e+00
2.738461670849793084e+00
2.769176123116486643e+00
2.799869079564087926e+00
2.830559825871461044e+00
2.861213746045106365e+00
2.891848752472871098e+00
2.922387144539826842e+00
2.952943139050477228e+00
2.983433432553284970e+00
3.013964910481446768e+00
3.044450902913087287e+00
3.074969816182130167e+00
3.105467071507447496e+00
3.136010918591492835e+00
3.166518769238465314e+00
3.196989130948060254e+00
3.227392277691834455e+00
3.257730197880738476e+00
3.287988035653107932e+00
3.318168435070985023e+00
3.348262252781861292e+00
3.378270757172578076e+00
3.408192601178162917e+00
3.438026099179261497e+00
3.467771604035371436e+00
3.497379243348115896e+00
3.526917309735291717e+00
3.556328849766724698e+00
3.585678045723908358e+00
3.614860703919403839e+00
3.643978781674378276e+00
3.672932786915772407e+00
3.701781144116394806e+00
3.730502185795776970e+00
3.759143154595367964e+00
3.787645609353058607e+00
3.815978851292603835e+00
3.844223694775575240e+00
3.872365367386811474e+00
3.900362446282380269e+00
3.928180301163666677e+00
3.955792744133942218e+00
3.983288874600403151e+00
4.010659167740814546e+00
4.037866358731263539e+00
4.064918777916901149e+00
4.091778132889740682e+00
4.118557581875794682e+00
4.145233077977175107e+00
4.171745810482973660e+00
4.198094570610994225e+00
4.224236195061677357e+00
4.250282871697420362e+00
4.276219618294709868e+00
4.302002117608064502e+00
4.327736783001894239e+00
4.353403739903444425e+00
4.378936576817507031e+00
4.404466514561647728e+00
4.429889631245607973e+00
4.455183339093203188e+00
4.480368285153383923e+00
4.505390260193820495e+00
4.530348086331363433e+00
4.555228972409244292e+00
4.579981293652530816e+00
4.604731545422549921e+00
4.629387593243595056e+00
4.653927288029667153e+00
4.678350367520328845e+00
4.702614591095922059e+00
4.726820821736333222e+00
4.750961217854497320e+00
4.774999172661778424e+00
4.798943080876346912e+00
4.822736511204715804e+00
4.846363072369571867e+00
4.869844772789951648e+00
4.893171937439915631e+00
4.916365025017736201e+00
4.939384520028112568e+00
4.962243466351507593e+00
4.984983150933264717e+00
5.007580778573035296e+00
5.030026681397436583e+00
5.052346343968388886e+00
5.074531657670017459e+00
5.096603069279668219e+00
5.118532302353856700e+00
5.140304636929509563e+00
5.161940917942997586e+00
5.183435299370762195e+00
5.204787154171939711e+00
5.226022374604220921e+00
5.247206394646640959e+00
5.268317155812260566e+00
5.289323413346288305e+00
5.310209450695988487e+00
5.330988833878513411e+00
5.351651909325595646e+00
5.372176139328953326e+00
5.392603092167851386e+00
5.412908256028172715e+00
5.433098177884099655e+00
5.453164646599767629e+00
5.473083817933081185e+00
5.492887362215994607e+00
5.512639298413275490e+00
5.532306077454566484e+00
5.551913566563606572e+00
5.571433558438301681e+00
5.590863417361259913e+00
5.610174655888558348e+00
5.629352133248330503e+00
5.648435201619149026e+00
5.667405259583474297e+00
5.686268870804787490e+00
5.705021471951484457e+00
5.723660062525749659e+00
5.742203793499946585e+00
5.760706210110663861e+00
5.779134545300482095e+00
5.797510579798696995e+00
5.815807604763983285e+00
5.834020261738775304e+00
5.852131859038350647e+00
5.870133337948796992e+00
5.888060909483907146e+00
5.905882663701055080e+00
5.923584059451100892e+00
5.941200234864232321e+00
5.958715417359349509e+00
5.976157177660939901e+00
5.993508878920552618e+00
6.010758209202763602e+00
6.027926562998768389e+00
6.044992558930394111e+00
6.061964846823689079e+00
6.078864273999210255e+00
6.095660054657932037e+00
6.112366821740145895e+00
6.128961131546970975e+00
6.145447244618412519e+00
6.161855764363285637e+00
6.178174192879674287e+00
6.194362020466802399e+00
6.210420724127766690e+00
6.226377083037373694e+00
6.242260156844135821e+00
6.258051354859349047e+00
6.273781288836477010e+00
6.289456829998967713e+00
6.305067992184635983e+00
6.320562871668813365e+00
6.335959091160772161e+00
6.351277571890828533e+00
6.366525262568471177e+00
6.381697012160298499e+00
6.396746349308964241e+00
6.411701687548633011e+00
6.426572468255038473e+00
6.441371903393741327e+00
6.456092547152515237e+00
6.470717369292255050e+00
6.485245755885119756e+00
6.499707792971606501e+00
6.514122419331546787e+00
6.528465454552647707e+00
6.542741613362309749e+00
6.556953902218817021e+00
6.571096959088325029e+00
6.585222060654640330e+00
6.599288468335151592e+00
6.613284250472069026e+00
6.627216070864677455e+00
6.641063896391868226e+00
6.654877903435707509e+00
6.668601767991066964e+00
6.682266935084344439e+00
6.695824640963556895e+00
6.709263002846721058e+00
6.722595818017008007e+00
6.735769244406701439e+00
6.748842816327096372e+00
6.761764363024712843e+00
6.774531275008203401e+00
6.787165429566385022e+00
6.799659891102792564e+00
6.812028697703362390e+00
6.824214038823129158e+00
6.836246356938363355e+00
6.848111107323648028e+00
6.859838395092965335e+00
6.871406080697060936e+00
6.882783371184350685e+00
6.894053822730066727e+00
6.905138158772469836e+00
6.916073801491738671e+00
6.926843339179040271e+00
6.937475476239205463e+00
6.947948476050378019e+00
6.958190826151848363e+00
6.968293851588250654e+00
6.978195134375574149e+00
6.987938858840943901e+00
6.997520430658341617e+00
7.006917669151307315e+00
7.016180334065438728e+00
7.025284284923555056e+00
7.034237244103433540e+00
7.043032315347673489e+00
7.051648051116944593e+00
7.060130849454880675e+00
7.068459606144906537e+00
7.076643103931429479e+00
7.084706990097049406e+00
7.092603000972752092e+00
7.100368923519138065e+00
7.107985017869951960e+00
7.115447920535089565e+00
7.122829916451456356e+00
7.130073811386111515e+00
7.137214654658320612e+00
7.144257239077570709e+00
7.151162083719255769e+00
7.157972937200548280e+00
7.164649930570604397e+00
7.171202563617708137e+00
7.177682082031251909e+00
7.184077545974733248e+00
7.190399256322862698e+00
7.196598504159929632e+00
7.202679305646897845e+00
7.208681104157450115e+00
7.214583215091707302e+00
7.220379233930589891e+00
7.226130173180581373e+00
7.231785823677064684e+00
7.237360100720406919e+00
7.242829654787064975e+00
7.248183166954995649e+00
7.253481641982080674e+00
7.258673270318986681e+00
7.263750585291863793e+00
7.268729713235378753e+00
7.273590643678188528e+00
7.278389506314277391e+00
7.283069884453295728e+00
7.287651098940847838e+00
7.292122969899653029e+00
7.296457905445574710e+00
7.300714927289962297e+00
7.304831289027213792e+00
7.308832544360637229e+00
7.312707991574288080e+00
7.316435608540059476e+00
7.320069512997151584e+00
7.323544937644482999e+00
7.326886089418412240e+00
7.330088944707394027e+00
7.333177526269436086e+00
7.336141154740333903e+00
7.338926686022758439e+00
7.341574974332332637e+00
7.344083476338862937e+00
7.346478511069297390e+00
7.348751544479608100e+00
7.350882531974792578e+00
7.352882440064430369e+00
7.354745543871403335e+00
7.356497475181103418e+00
7.358130023304701339e+00
7.359626387182951923e+00
7.360999001089812310e+00
7.362263172690153290e+00
7.363417321790337589e+00
7.364476943213821514e+00
7.365406422738314696e+00
7.366236460481167647e+00
7.366967165667892559e+00
7.367594256673337227e+00
7.368131839085699575e+00
7.368545985978426138e+00
7.368866841022254199e+00
7.369096360665142953e+00
7.369236363277166468e+00
7.369300233495748920e+00
7.369278399220064557e+00
7.369198087977573586e+00
7.369052983943700674e+00
7.368833370909423586e+00
7.368536358133288999e+00
7.368173144229086091e+00
7.367762499779794361e+00
7.367276471473608090e+00
7.366746541589829889e+00
7.366143305965099586e+00
7.365470364459190122e+00
7.364744650192890596e+00
7.363934320204291950e+00
7.363074364208018530e+00
7.362134525470768409e+00
7.361137641065155002e+00
7.360086663060221746e+00
7.358942354910406713e+00
7.357741742126973072e+00
7.356451842777761208e+00
7.355098466568025017e+00
7.353684822611840310e+00
7.352192049764425974e+00
7.350642354034216730e+00
7.348996936969788507e+00
7.347282085262569318e+00
7.345499285601408523e+00
7.343630978755980365e+00
7.341701286726027398e+00
7.339692273132830458e+00
7.337615104459553450e+00
7.335465392910270666e+00
7.333224212967185629e+00
7.330916150056151714e+00
7.328524370782401931e+00
7.326061285131004297e+00
7.323542189590957818e+00
7.320935068719413685e+00
7.318258526616121529e+00
7.315494690828348467e+00
7.312647569470430930e+00
7.309736894063975754e+00
7.306752313070323801e+00
7.303700063817527344e+00
7.300571712844397432e+00
7.297352369420554652e+00
7.294033572964694123e+00
7.290626075856710742e+00
7.287116309397246638e+00
7.283507271103886183e+00
7.279818705015210334e+00
7.276026858978299927e+00
7.272137204401524002e+00
7.268136839263471316e+00
7.264027371399434330e+00
7.259831234209567441e+00
7.255524570636779913e+00
7.251117596321137171e+00
7.246601138703854694e+00
7.241979085497888491e+00
7.237274287633927550e+00
7.232467436485321421e+00
7.227604070298703220e+00
7.222650873057873788e+00
7.217614439122709058e+00
7.212503461234602398e+00
7.207281299226318438e+00
7.201994994871650846e+00
7.196607044928108543e+00
7.191125811927353340e+00
7.185561343424354597e+00
7.179879027597937835e+00
7.174128533594641866e+00
7.168276305787596669e+00
7.162353358857664887e+00
7.156354078047310274e+00
7.150259426825080311e+00
7.144098483912977748e+00
7.137828511588605984e+00
7.131483831994566813e+00
7.125036196105514641e+00
7.118491999499831913e+00
7.111864947073493148e+00
7.105154650800262317e+00
7.098369204394852083e+00
7.091471495621239463e+00
7.084465246193444088e+00
7.077364810102022119e+00
7.070170075886286654e+00
7.062890919439829496e+00
7.055517562620676308e+00
7.048030355565584770e+00
7.040437254302537085e+00
7.032721657745874211e+00
7.024918565743006660e+00
7.017008866660631838e+00
7.008974872224367658e+00
7.000852608673608479e+00
6.992607835524117910e+00
6.984269847862756286e+00
6.975817379348314695e+00
6.967230887405909456e+00
6.958550171248949923e+00
6.949741080396213633e+00
6.940858930938281546e+00
6.931865110390223350e+00
6.922732307307757793e+00
6.913500796549358007e+00
6.904134030931034616e+00
6.894688973419705214e+00
6.885127570025960431e+00
6.875449892275373287e+00
6.865678209655325048e+00
6.855769042365590593e+00
6.845777958028355314e+00
6.835665281407871774e+00
6.825432488315144042e+00
6.815103211991825560e+00
6.804661234014072413e+00
6.794142466180361772e+00
6.783501865260638475e+00
6.772738925807512800e+00
6.761876584880388563e+00
6.750899901979005691e+00
6.739844319217241697e+00
6.728691279284990223e+00
6.717424948804417539e+00
6.706060869090596732e+00
6.694582512967626187e+00
6.683023281686346628e+00
6.671366078250450471e+00
6.659597809903664789e+00
6.647755630605264976e+00
6.635810613029047289e+00
6.623787428729579041e+00
6.611667936437174653e+00
6.599439235322520858e+00
6.587137338511990237e+00
6.574737185828732677e+00
6.562280670993375864e+00
6.549740974299957941e+00
6.537100352637819078e+00
6.524389957778502946e+00
6.511586114757109023e+00
6.498727684609938215e+00
6.485791768424559400e+00
6.472769379012632385e+00
6.459689002625990106e+00
6.446536588065672646e+00
6.433329153649856025e+00
6.420057950608780040e+00
6.406716595284986937e+00
6.393336332433271707e+00
6.379912125461150829e+00
6.366462553136398306e+00
6.352985996596863139e+00
6.339484562270691015e+00
6.325970996015122694e+00
6.312454275481751864e+00
6.298937957875780036e+00
6.285436930053286630e+00
6.271964917771868819e+00
6.258520485751681406e+00
6.245124220244936630e+00
6.231759154193452943e+00
6.218455477349809080e+00
6.205233768813660511e+00
6.192079227559616150e+00
6.179012494676163314e+00
6.166016663901856099e+00
6.153135983340790816e+00
6.140374991290620699e+00
6.127729210250429936e+00
6.115228492610506272e+00
6.102846607558777947e+00
6.090618128173401757e+00
6.078554015748551365e+00
6.066634362332870900e+00
6.054868434064438532e+00
6.043278874747803897e+00
6.031891829364351310e+00
6.020663012855104412e+00
6.009631015651278219e+00
5.998805450789980398e+00
5.988161001794390259e+00
5.977708540551714300e+00
5.967427807443193899e+00
5.957363942258409928e+00
5.947450728409341636e+00
5.937774572365335679e+00
5.928289110057405331e+00
5.919016888134530419e+00
5.909920546405365904e+00
5.901027165048173373e+00
5.892328644983820141e+00
5.883847370140604660e+00
5.875549216859393020e+00
5.867425906651073220e+00
5.859494297497326087e+00
5.851734037988238768e+00
5.844157509200626599e+00
5.836736980073505165e+00
5.829465345733217951e+00
5.822326006882242666e+00
5.815350859158090913e+00
5.808545690171770026e+00
5.801879876248887236e+00
5.795346090190460764e+00
5.788928344242622259e+00
5.782659786932518031e+00
5.776515737764884584e+00
5.770499251477767544e+00
5.764614986770202343e+00
5.758865942947914540e+00
5.753243611447860673e+00
5.747717919938614806e+00
5.742295371882965682e+00
5.736980251066735370e+00
5.731760841004899021e+00
5.726622806780389041e+00
5.721570883386185358e+00
5.716602599911740690e+00
5.711723531775525053e+00
5.706918658011010947e+00
5.702165528230718650e+00
5.697472489469103785e+00
5.692817557148984520e+00
5.688211456232121321e+00
5.683647196285774861e+00
5.679122375242761755e+00
5.674639071219019115e+00
5.670180713229229674e+00
5.665753161602069987e+00
5.661344044797470332e+00
5.656964251391936926e+00
5.652605814926674022e+00
5.648250637047340206e+00
5.643904901735832702e+00
5.639558120362807792e+00
5.635216473631907697e+00
5.630870131545115065e+00
5.626505542986440567e+00
5.622129540436314521e+00
5.617732596688317592e+00
5.613314605050132577e+00
5.608863337330863175e+00
5.604374399178072785e+00
5.599844065897509715e+00
5.595268083505676060e+00
5.590647392861889386e+00
5.585972949855373848e+00
5.581248004727410006e+00
5.576471095972107328e+00
5.571642403893518392e+00
5.566765777759599132e+00
5.561847610764550254e+00
5.556884586803959358e+00
5.551871530406520705e+00
5.546807194345044323e+00
5.541695250861690347e+00
5.536543160073801317e+00
5.531349533193155033e+00
5.526112451546235427e+00
5.520833244316620814e+00
5.515520501725715619e+00
5.510182828300040470e+00
5.504822444908659129e+00
5.499446334235707390e+00
5.494055760495701435e+00
5.488658503286877099e+00
5.483257980339566018e+00
5.477856997244398229e+00
5.472460927956144694e+00
5.467076805226842140e+00
5.461713227622547961e+00
5.456379973881284151e+00
5.451075133674184059e+00
5.445798648588696445e+00
5.440559773438016222e+00
5.435366867773573141e+00
5.430221235148946946e+00
5.425145766727964336e+00
5.420123417370358965e+00
5.415168304436246416e+00
5.410288895361463624e+00
5.405483114116232279e+00
5.400766082994977957e+00
5.396139320128003902e+00
5.391593643419782644e+00
5.387160541110079137e+00
5.382827964417974620e+00
5.378604953877965222e+00
5.374490631215611991e+00
5.370473080270330435e+00
5.366588345758954048e+00
5.362794753901997780e+00
5.359141197197476281e+00
5.355600637488403315e+00
5.352189420752563542e+00
5.348901229195632823e+00
5.345717794590035155e+00
5.342675876610317509e+00
5.339753718071023059e+00
5.336945518546142964e+00
5.334238703243770807e+00
5.331633113615551700e+00
5.329168196164408400e+00
5.326816289715805119e+00
5.324568690054454656e+00
5.322412845336236487e+00
5.320348239831963255e+00
5.318389544181862050e+00
5.316544279001989004e+00
5.314796493195333760e+00
5.313129973553457397e+00
5.311543020896950296e+00
5.310047642283478808e+00
5.308648791604080763e+00
5.307316543005743625e+00
5.306063923679628758e+00
5.304881607286968226e+00
5.303772429369725927e+00
5.302740874953904004e+00
5.301758988641538828e+00
5.300837160639800594e+00
5.299954844333566228e+00
5.299134464852847337e+00
5.298370896570721023e+00
5.297637871943750021e+00
5.296941669427194910e+00
5.296266596086660172e+00
5.295627951689400703e+00
5.295017726935782321e+00
5.294427772194482351e+00
5.293855803713538144e+00
5.293287834517991897e+00
5.292729917869306355e+00
5.292177976623513302e+00
5.291626255393364175e+00
5.291074245304205448e+00
5.290517574243582821e+00
5.289949416175820041e+00
5.289366051547564673e+00
5.288762073397971442e+00
5.288139509104528457e+00
5.287494868927040237e+00
5.286824695088306214e+00
5.286127458356658870e+00
5.285391994186084297e+00
5.284620620973745631e+00
5.283809013955631073e+00
5.282952161275185965e+00
5.282048914052881017e+00
5.281103530519044575e+00
5.280112656794822890e+00
5.279066234223878773e+00
5.277955712072885497e+00
5.276778226934708549e+00
5.275543721311128920e+00
5.274248076074161240e+00
5.272898584597148997e+00
5.271473929427899385e+00
5.269964337788858089e+00
5.268383135490455338e+00
5.266724554144182946e+00
5.265000874989071100e+00
5.263194469504394846e+00
5.261295967243948546e+00
5.259323241256513626e+00
5.257259983413258730e+00
5.255147513144056148e+00
5.252965503774920997e+00
5.250723197602072290e+00
5.248422153734007445e+00
5.246047236763276445e+00
5.243631038360633490e+00
5.241158456795251830e+00
5.238638182871378390e+00
5.236073027544057013e+00
5.233461345129047260e+00
5.230819662206207532e+00
5.228146252625023749e+00
5.225448386960064973e+00
5.222731327407395874e+00
5.220008536272084498e+00
5.217285367243325034e+00
5.214572944932020171e+00
5.211877084069288735e+00
5.209190917305983604e+00
5.206540655486621816e+00
5.203913681201973063e+00
5.201336751275102088e+00
5.198809100382368875e+00
5.196332489543002531e+00
5.193942292772573133e+00
5.191602449111980988e+00
5.189353642307563241e+00
5.187190432094378245e+00
5.185115171216769347e+00
5.183153925977987520e+00
5.181284075074238160e+00
5.179528378390115151e+00
5.177938621335071545e+00
5.176461493514818102e+00
5.175113451026721378e+00
5.173864676200195412e+00
5.172732920267029577e+00
5.171763787709519278e+00
5.170910019718452766e+00
5.170178852223202171e+00
5.169541907005354986e+00
5.169013305299327676e+00
5.168637097955093296e+00
5.168344639756129233e+00
5.168180272776977446e+00
5.168112664355309249e+00
5.168153513825843426e+00
5.168309563936079876e+00
5.168541281667883958e+00
5.168846977164385237e+00
5.169221724530098427e+00
5.169652984996674583e+00
5.170138998885988713e+00
5.170671836954892520e+00
5.171233941686691260e+00
5.171816855294050441e+00
5.172412099873067604e+00
5.173012126830757396e+00
5.173612270501792842e+00
5.174195590128541689e+00
5.174750450847088956e+00
5.175274426450371834e+00
5.175757433844148991e+00
5.176195857894957619e+00
5.176574670297444669e+00
5.176890801151634136e+00
5.177142069896103038e+00
5.177299364895910472e+00
5.177384420984775915e+00
5.177374897939619913e+00
5.177294919179287191e+00
5.177112369412091297e+00
5.176809336231555037e+00
5.176422683992888629e+00
5.175936386608984918e+00
5.175379169122782841e+00
5.174727114351001411e+00
5.174003993035761084e+00
5.173210206465332917e+00
5.172340313927739075e+00
5.171405878128020994e+00
5.170376021699516933e+00
5.169275630326477966e+00
5.168106614635792795e+00
5.166881072433199940e+00
5.165595293553081113e+00
5.164218871952502177e+00
5.162761542709080054e+00
5.161242729933467999e+00
5.159663644941059779e+00
5.158036321909633237e+00
5.156341209174599705e+00
5.154579188735690209e+00
5.152766398997512987e+00
5.150904601128307725e+00
5.148996919454542187e+00
5.147029169858901021e+00
5.145015440942255935e+00
5.142954453737943687e+00
5.140863906504122838e+00
5.138760507018773183e+00
5.136648172052113992e+00
5.134534302563874775e+00
5.132427384169309548e+00
5.130345607609955394e+00
5.128292943896261669e+00
5.126273000003306102e+00
5.124291932643857628e+00
5.122362943948713720e+00
5.120515064062087340e+00
5.118725676299540339e+00
5.117024366767614296e+00
5.115385629297704462e+00
5.113852730752438625e+00
5.112449838878124098e+00
5.111133895428388918e+00
5.109938783036081844e+00
5.108855381296484310e+00
5.107903426648585210e+00
5.107075540335385355e+00
5.106361137913076220e+00
5.105759825469462498e+00
5.105297335819808602e+00
5.104983449713794030e+00
5.104798685187009966e+00
5.104761095860044229e+00
5.104831739024260351e+00
5.105030053679832314e+00
5.105337437440641501e+00
5.105771736775523983e+00
5.106338715118354799e+00
5.106998702672308710e+00
5.107765610006637758e+00
5.108625331831165184e+00
5.109592036467977216e+00
5.110650189829057943e+00
5.111795039189047429e+00
5.113026200545019329e+00
5.114317569446749090e+00
5.115671335023827204e+00
5.117077764880843205e+00
5.118537230503745761e+00
5.120027027291246924e+00
5.121547673356720232e+00
5.123081886482425240e+00
5.124616554987616368e+00
5.126142697048373442e+00
5.127650971722787610e+00
5.129133474987930263e+00
5.130568486613220180e+00
5.131964561951344983e+00
5.133291989278978562e+00
5.134559847426600321e+00
5.135766390797681602e+00
5.136921072390860488e+00
5.138017240998332902e+00
5.139017652508800715e+00
5.139943020802919982e+00
5.140790010628288442e+00
5.141572572303002353e+00
5.142283312243407067e+00
5.142902996961955964e+00
5.143436138418501002e+00
5.143874593910758186e+00
5.144235525553111366e+00
5.144509541069155034e+00
5.144677904781883804e+00
5.144747731604613072e+00
5.144735341131918105e+00
5.144637000518151204e+00
5.144438343918181999e+00
5.144119225083149338e+00
5.143687440132953093e+00
5.143162608085431131e+00
5.142542206248499781e+00
5.141813242262459838e+00
5.140959188690639614e+00
5.139991460567570947e+00
5.138932171514488445e+00
5.137781588187670501e+00
5.136553214987968907e+00
5.135210059335684640e+00
5.133767115375255763e+00
5.132239554574941742e+00
5.130628542801594527e+00
5.128931600203966212e+00
5.127153990766261771e+00
5.125313880196070038e+00
5.123412763079858046e+00
5.121449423780894961e+00
5.119425609311320180e+00
5.117349935075497847e+00
5.115234538814281251e+00
5.113086642375444413e+00
5.110911685129856608e+00
5.108716044029448788e+00
5.106505502214883307e+00
5.104281253567193311e+00
5.102054519256806309e+00
5.099824773570752257e+00
5.097612891694760506e+00
5.095423525622344130e+00
5.093259373804785106e+00
5.091123397102810699e+00
5.089019232442833385e+00
5.086972245922543934e+00
5.084976645311572341e+00
5.083033684542633601e+00
5.081142999878384359e+00
5.079309909990287863e+00
5.077554133435940642e+00
5.075891937365985207e+00
5.074297291388964126e+00
5.072790213128781645e+00
5.071368106803155307e+00
5.070044700851895847e+00
5.068835620036580281e+00
5.067708602225638792e+00
5.066686447909331648e+00
5.065741911953546506e+00
5.064928456446385674e+00
5.064230216643070825e+00
5.063639826787865061e+00
5.063199062435185027e+00
5.062839909395431270e+00
5.062604675790522535e+00
5.062462578438449157e+00
5.062431621595047559e+00
5.062519640668056375e+00
5.062694367251120653e+00
5.062980505290203048e+00
5.063342590356938899e+00
5.063794391962462171e+00
5.064336679304712874e+00
5.064952311428958076e+00
5.065663508536988324e+00
5.066440041350893431e+00
5.067287590416841070e+00
5.068200576814583691e+00
5.069176869156530429e+00
5.070220907914212205e+00
5.071326564389041280e+00
5.072484576317242144e+00
5.073690975519587809e+00
5.074943873497417712e+00
5.076245483818225601e+00
5.077576703938416536e+00
5.078932333054713588e+00
5.080309810402564352e+00
5.081708888175658245e+00
5.083124169322424279e+00
5.084549987676314942e+00
5.085978333267143547e+00
5.087408037843873743e+00
5.088835788878373734e+00
5.090252347799710364e+00
5.091661448987892413e+00
5.093053797247581116e+00
5.094433292659692469e+00
5.095803228231839732e+00
5.097153517815046442e+00
5.098482361200028734e+00
5.099779306861335293e+00
5.101045007022791289e+00
5.102286117809587296e+00
5.103486876400880945e+00
5.104661936449581106e+00
5.105795980828576219e+00
5.106882666262560377e+00
5.107933320837788393e+00
5.108927992122941575e+00
5.109882963585429039e+00
5.110785802888445417e+00
5.111641620534234320e+00
5.112457758399418850e+00
5.113204194145968273e+00
5.113899758147764985e+00
5.114530383857657014e+00
5.115103066551257349e+00
5.115627080934811666e+00
5.116086658227016137e+00
5.116490456337799309e+00
5.116818992147912581e+00
5.117078955049385591e+00
5.117280288289059342e+00
5.117406943428088439e+00
5.117469547630046911e+00
5.117466942615450876e+00
5.117391846960987145e+00
5.117250666859204600e+00
5.117024887091125684e+00
5.116725501938368836e+00
5.116353933362868034e+00
5.115903364083377092e+00
5.115383042095806410e+00
5.114777754543926136e+00
5.114100724084880589e+00
5.113357070683147043e+00
5.112544217927958101e+00
5.111681511996891025e+00
5.110749668924715827e+00
5.109771588294412581e+00
5.108744365646149532e+00
5.107665981202031524e+00
5.106555337830092967e+00
5.105398642792011721e+00
5.104211424736884162e+00
5.102996856941488524e+00
5.101758212669398773e+00
5.100508255957270976e+00
5.099248135237600899e+00
5.097985038607028230e+00
5.096722768245844470e+00
5.095468469856886173e+00
5.094220793469456332e+00
5.092978617324140700e+00
5.091745854540374872e+00
5.090524729712512908e+00
5.089329297988323120e+00
5.088148483409193901e+00
5.086995994596390069e+00
5.085869361235408448e+00
5.084765660016445921e+00
5.083694273828178289e+00
5.082651739193706497e+00
5.081650616003779319e+00
5.080683259515669903e+00
5.079749067573454901e+00
5.078861441387441999e+00
5.078014442099836323e+00
5.077217809631134671e+00
5.076483618019723920e+00
5.075790796725654808e+00
5.075171404852175883e+00
5.074608135892654026e+00
5.074104375055634719e+00
5.073670820965075379e+00
5.073283390364253798e+00
5.072977505120091379e+00
5.072718355151467406e+00
5.072537476456367322e+00
5.072455014044993327e+00
5.072423813756197220e+00
5.072469358857362387e+00
5.072556462784871378e+00
5.072710821687817173e+00
5.072935374457031799e+00
5.073211040556072859e+00
5.073551046013474952e+00
5.073923732883871551e+00
5.074346976190449610e+00
5.074822281285764625e+00
5.075336354992929344e+00
5.075891158491019794e+00
5.076478422343376984e+00
5.077104647516851088e+00
5.077762491538767797e+00
5.078451041713004876e+00
5.079163339867836413e+00
5.079900950699692608e+00
5.080659121036177339e+00
5.081436008646732283e+00
5.082226209699756581e+00
5.083025671600944762e+00
5.083830468192346963e+00
5.084628997280845830e+00
5.085416479617008712e+00
5.086198050588020436e+00
5.086967176034697502e+00
5.087728946789749962e+00
5.088471851408132629e+00
5.089181620016345775e+00
5.089868380337605913e+00
5.090520987718949897e+00
5.091150451659808951e+00
5.091741044506082225e+00
5.092288995481679237e+00
5.092803036071011036e+00
5.093257478311309150e+00
5.093674509063014000e+00
5.094032681755371605e+00
5.094342097643412615e+00
5.094594839106895812e+00
5.094788288738228310e+00
5.094942907396353249e+00
5.095034984977564463e+00
5.095076633797607890e+00
5.095058231431639051e+00
5.094978651687150695e+00
5.094859352934753893e+00
5.094691467977708221e+00
5.094477665017937973e+00
5.094202530629580394e+00
5.093864122874681932e+00
5.093484061643129834e+00
5.093054748087769923e+00
5.092580287180489051e+00
5.092047829128449443e+00
5.091460048578326791e+00
5.090838230050747981e+00
5.090179592243974760e+00
5.089491029925291343e+00
5.088770821191018534e+00
5.088022569290941099e+00
5.087257142685000844e+00
5.086472914985959548e+00
5.085676728210989594e+00
5.084865613452736355e+00
5.084053358979168991e+00
5.083243106998149408e+00
5.082444091759269256e+00
5.081657727308218853e+00
5.080875556937997750e+00
5.080119419268910086e+00
5.079380457423273043e+00
5.078678730003180597e+00
5.078009477577747788e+00
5.077384024209917968e+00
5.076804327949525408e+00
5.076246525816262789e+00
5.075724460765362878e+00
5.075233230612814062e+00
5.074780244439482502e+00
5.074366607501745285e+00
5.073972436509668782e+00
5.073610163576542931e+00
5.073281615510224718e+00
5.072981299668192001e+00
5.072719083580761179e+00
5.072476443297802895e+00
5.072270058955638206e+00
5.072097232456892257e+00
5.071967061435445068e+00
5.071882249092324990e+00
5.071829639867520001e+00
5.071811012205309055e+00
5.071837055320957077e+00
5.071902046851918477e+00
5.072021997362480050e+00
5.072170971861213573e+00
5.072368857773123629e+00
5.072619773937491416e+00
5.072912330372361112e+00
5.073262227630344512e+00
5.073644772214915832e+00
5.074082982359555238e+00
5.074558052277294173e+00
5.075086172415046448e+00
5.075670547528295273e+00
5.076296907035735551e+00
5.076973729400067192e+00
5.077676100326804942e+00
5.078416815443066668e+00
5.079191531507400548e+00
5.079994130997089741e+00
5.080826855791834795e+00
5.081679825229672431e+00
5.082558353586223987e+00
5.083451356930759779e+00
5.084345197944071693e+00
5.085239647669819618e+00
5.086132983086733894e+00
5.087030175296693102e+00
5.087922526864437245e+00
5.088806560082463015e+00
5.089670077381757807e+00
5.090514784870772580e+00
5.091343215374379838e+00
5.092147747321157603e+00
5.092928230209380125e+00
5.093672894505887783e+00
5.094387936635046188e+00
5.095076555876166147e+00
5.095727362079650824e+00
5.096350478572875708e+00
5.096927459059387822e+00
5.097467093920440284e+00
5.097972716136010440e+00
5.098435270121427720e+00
5.098867591178151137e+00
5.099262159509691195e+00
5.099622418029341020e+00
5.099946836760374858e+00
5.100222711755068694e+00
5.100463277386607430e+00
5.100661057723791636e+00
5.100820795768977511e+00
5.100942768180849463e+00
5.101018183935540407e+00
5.101061541481050732e+00
5.101069574981103472e+00
5.101050083500907384e+00
5.101012556018416966e+00
5.100949859429260158e+00
5.100867347061743828e+00
5.100762285847326716e+00
5.100642622407635329e+00
5.100516361050416947e+00
5.100384522188564418e+00
5.100248419862349891e+00
5.100113045169151427e+00
5.099981099875755319e+00
5.099855588466041034e+00
5.099740489671117594e+00
5.099637070099004355e+00
5.099547102466337023e+00
5.099476920413896330e+00
5.099433067735395397e+00
5.099408520065359163e+00
5.099400742200547398e+00
5.099412266739988375e+00
5.099449596491053782e+00
5.099519781039438371e+00
5.099611536271280166e+00
5.099732313414444107e+00
5.099877384349112752e+00
5.100048196620647012e+00
5.100249769359234797e+00
5.100470801934007703e+00
5.100719632177952434e+00
5.100987110405568181e+00
5.101289072229865162e+00
5.101624094366434825e+00
5.101977051950399300e+00
5.102356246716682975e+00
5.102753023772841345e+00
5.103184040009385747e+00
5.103643658093518276e+00
5.104128687053329116e+00
5.104635963744825311e+00
5.105162547535604389e+00
5.105711299448615570e+00
5.106271638169294746e+00
5.106835153482264467e+00
5.107403251125818500e+00
5.107969897321765984e+00
5.108536653190259180e+00
5.109099699861708643e+00
5.109646689488891447e+00
5.110176391831939391e+00
5.110683176263576044e+00
5.111159259460276161e+00
5.111590460098688560e+00
5.111976209438744867e+00
5.112292949154380040e+00
5.112543451737018074e+00
5.112726108848454132e+00
5.112825284448789809e+00
5.112852336536033881e+00
5.112796122436284563e+00
5.112638892163396065e+00
5.112393075530291320e+00
5.112054824014069077e+00
5.111641878043177378e+00
5.111150491614703029e+00
5.110569776487414728e+00
5.109915538248483102e+00
5.109201220390263920e+00
5.108430358064238064e+00
5.107612522584263459e+00
5.106743603167001488e+00
5.105822717365684937e+00
5.104857819569174282e+00
5.103851416972343458e+00
5.102811739263001911e+00
5.101738317203584394e+00
5.100636742976371707e+00
5.099517405149404325e+00
5.098382505145733212e+00
5.097234049332207029e+00
5.096071690139240218e+00
5.094905168232387815e+00
5.093737359014220090e+00
5.092577487570114414e+00
5.091423125308819131e+00
5.090287177306481503e+00
5.089172565010256832e+00
5.088080501970715375e+00
5.087015789118476405e+00
5.085966525566643526e+00
5.084947528731889044e+00
5.083960295584864397e+00
5.083005312871998527e+00
5.082082828772133354e+00
5.081193703305785903e+00
5.080350656178658220e+00
5.079549884539908078e+00
5.078790298667615666e+00
5.078071815562314129e+00
5.077396341604060837e+00
5.076770585444636552e+00
5.076212330651348914e+00
5.075699723628229521e+00
5.075249902424282311e+00
5.074855633606082606e+00
5.074517271374232585e+00
5.074252229132569347e+00
5.074036442064560504e+00
5.073889240077576801e+00
5.073789062411404593e+00
5.073763624122245908e+00
5.073823958611925811e+00
5.073939064456959969e+00
5.074128537601670708e+00
5.074368366054138768e+00
5.074689904800495199e+00
5.075090902349790767e+00
5.075565596013208669e+00
5.076124426848133808e+00
5.076758105284413070e+00
5.077478701895913105e+00
5.078273276886780430e+00
5.079132007188041698e+00
5.080060220635372659e+00
5.081043275049764496e+00
5.082089179581839034e+00
5.083184849447446751e+00
5.084323450452523652e+00
5.085498974225359348e+00
5.086717359400229732e+00
5.087978025055364562e+00
5.089264408475593804e+00
5.090571254319385730e+00
5.091892773336605060e+00
5.093232455379204993e+00
5.094589119977193548e+00
5.095957355177836767e+00
5.097327471948104538e+00
5.098691212660509287e+00
5.100047552711206578e+00
5.101399335539775315e+00
5.102738865292507420e+00
5.104065485424237991e+00
5.105372934616046798e+00
5.106651056385474341e+00
5.107904298133091991e+00
5.109120652875739133e+00
5.110307095995980653e+00
5.111454822695691291e+00
5.112563056922394544e+00
5.113634664914447292e+00
5.114648090428549843e+00
5.115615234426099889e+00
5.116522705755074618e+00
5.117372136167128716e+00
5.118166523701390247e+00
5.118900388306817817e+00
5.119576980746230355e+00
5.120174957080623201e+00
5.120696430853446834e+00
5.121143036163291029e+00
5.121511963955004632e+00
5.121808734848041667e+00
5.122012290167500481e+00
5.122128957020927409e+00
5.122162945119076660e+00
5.122115858506756325e+00
5.121995338995355418e+00
5.121802738096910446e+00
5.121527025152342816e+00
5.121169291448192773e+00
5.120731085587638454e+00
5.120219282146888595e+00
5.119637350526052622e+00
5.118976461600857064e+00
5.118241147633986188e+00
5.117445180800155313e+00
5.116585128840402952e+00
5.115673566397624050e+00
5.114700181197719075e+00
5.113686588194564564e+00
5.112633594062522491e+00
5.111543936517432662e+00
5.110414847892120527e+00
5.109234397646382320e+00
5.108020922255112950e+00
5.106778977003291864e+00
5.105511511799292634e+00
5.104217682715849413e+00
5.102899685439066246e+00
5.101567680772738811e+00
5.100225331124262240e+00
5.098871431287721911e+00
5.097504883494571537e+00
5.096131367769435982e+00
5.094759505775169117e+00
5.093397317465736762e+00
5.092048197772695239e+00
5.090705550100996568e+00
5.089374797281219998e+00
5.088061526205732932e+00
5.086772562649442442e+00
5.085515653428031690e+00
5.084277850922537922e+00
5.083083339792086264e+00
5.081929358106446415e+00
5.080813666072081958e+00
5.079746165659616786e+00
5.078710004624316987e+00
5.077738210346887548e+00
5.076826379385184218e+00
5.075974734139036215e+00
5.075181541826914611e+00
5.074450360026548701e+00
5.073799432229588291e+00
5.073242546107957551e+00
5.072750787411221651e+00
5.072341564905235245e+00
5.072007954392918627e+00
5.071757939860560782e+00
5.071602036945857428e+00
5.071509426564313472e+00
5.071497202822807360e+00
5.071541007058562478e+00
5.071678715450556929e+00
5.071912600388617243e+00
5.072207352360576849e+00
5.072595857223362259e+00
5.073036691238969276e+00
5.073557076779990460e+00
5.074142118943718138e+00
5.074782156152513934e+00
5.075492626456407308e+00
5.076239511472967258e+00
5.077037840438869409e+00
5.077872554538634731e+00
5.078742205826428879e+00
5.079649516669896059e+00
5.080581219671156390e+00
5.081544729871536603e+00
5.082527779592062700e+00
5.083526982618357337e+00
5.084540134919669718e+00
5.085559574095393387e+00
5.086580727575207739e+00
5.087597932172801762e+00
5.088602646617081504e+00
5.089587074918535237e+00
5.090555693460491860e+00
5.091497175944830644e+00
5.092414842424776822e+00
5.093300539208438948e+00
5.094154588235404013e+00
5.094983792779827603e+00
5.095766198066854713e+00
5.096508589787268839e+00
5.097200584588430949e+00
5.097844147039435114e+00
5.098449057815453322e+00
5.098994327289839923e+00
5.099491836791714583e+00
5.099932541055460788e+00
5.100320120407123348e+00
5.100666536046048805e+00
5.100949839232345795e+00
5.101184237440904212e+00
5.101363749904414213e+00
5.101495113512356738e+00
5.101591629199538680e+00
5.101647735778096049e+00
5.101667585905960145e+00
5.101642426682954756e+00
5.101577816956994305e+00
5.101485834771152916e+00
5.101363469359782243e+00
5.101221561094132717e+00
5.101054881007729414e+00
5.100861355007945797e+00
5.100644531135766435e+00
5.100398014203963548e+00
5.100131689065454665e+00
5.099841018149016136e+00
5.099526365564523545e+00
5.099196314827857179e+00
5.098845212624726564e+00
5.098480394722281872e+00
5.098093779252228508e+00
5.097683960290011917e+00
5.097257574216780718e+00
5.096803541534899118e+00
5.096331734375416644e+00
5.095838284136116059e+00
5.095326670349895615e+00
5.094805275478720752e+00
5.094273771287261887e+00
5.093738543556391996e+00
5.093197151848435134e+00
5.092650622406363681e+00
5.092105356396495530e+00
5.091563926690577446e+00
5.091029712797461748e+00
5.090505398416278915e+00
5.090001962871610885e+00
5.089517737866699143e+00
5.089053940379379526e+00
5.088609450550138469e+00
5.088189534933626135e+00
5.087811371290444029e+00
5.087462331780551850e+00
5.087163704929261954e+00
5.086894484048098519e+00
5.086675533724337228e+00
5.086505866998193959e+00
5.086382152081785790e+00
5.086318234850040199e+00
5.086291855107846871e+00
5.086315265353621662e+00
5.086382619468347244e+00
5.086503377221377242e+00
5.086673991978020837e+00
5.086892234850527217e+00
5.087164648342729301e+00
5.087480584066214284e+00
5.087848587799671307e+00
5.088265149872603921e+00
5.088729405794146565e+00
5.089246940892043547e+00
5.089818103033904251e+00
5.090437786709371970e+00
5.091108202691975393e+00
5.091818599756661179e+00
5.092571124043169917e+00
5.093365906532707932e+00
5.094189476948086437e+00
5.095059185977880212e+00
5.095956528540555475e+00
5.096888583730760480e+00
5.097842393871251154e+00
5.098810566793981813e+00
5.099792052786652263e+00
5.100778685938422541e+00
5.101769163738791413e+00
5.102759411092701924e+00
5.103741574790183755e+00
5.104715227093403307e+00
5.105686192791764277e+00
5.106641235556308445e+00
5.107578534539642945e+00
5.108487352933588355e+00
5.109366169925632306e+00
5.110226590093077448e+00
5.111050125490725904e+00
5.111841798405945880e+00
5.112590136658250906e+00
5.113294507991374083e+00
5.113971037100852435e+00
5.114611265044511690e+00
5.115215650740863040e+00
5.115766720604003837e+00
5.116261896956563859e+00
5.116720021907092075e+00
5.117132622841597644e+00
5.117503684032559619e+00
5.117817903477548391e+00
5.118078056406078602e+00
5.118296043798176598e+00
5.118474725335686593e+00
5.118609378021060863e+00
5.118705163234695377e+00
5.118750875582770199e+00
5.118753419845741170e+00
5.118714083206285181e+00
5.118627679428462862e+00
5.118500548076262646e+00
5.118323792159936048e+00
5.118115381278474985e+00
5.117869922757527945e+00
5.117577576596669786e+00
5.117243069555988733e+00
5.116857882287730419e+00
5.116442872468758729e+00
5.115987387519705720e+00
5.115500944253432714e+00
5.114974783916403034e+00
5.114403854754199230e+00
5.113802446943154223e+00
5.113160868879785603e+00
5.112488881048192546e+00
5.111780850734939818e+00
5.111041897308459703e+00
5.110281933170190527e+00
5.109488115307322609e+00
5.108666432794562340e+00
5.107812358137598707e+00
5.106931779604783728e+00
5.106035267409316347e+00
5.105115616616239471e+00
5.104177786108484938e+00
5.103223291483155677e+00
5.102260617610446580e+00
5.101300454508892912e+00
5.100345481779806178e+00
5.099400554594032187e+00
5.098464559685816688e+00
5.097549367916217378e+00
5.096651293035974639e+00
5.095785985436667609e+00
5.094945808198680481e+00
5.094140562560788510e+00
5.093376064520708901e+00
5.092656674828760721e+00
5.091999335360162249e+00
5.091385230493180813e+00
5.090826860551170618e+00
5.090329212729267638e+00
5.089895402636757993e+00
5.089534746218852490e+00
5.089266360436013770e+00
5.089062148981176037e+00
5.088938459974160722e+00
5.088886160367548150e+00
5.088901977606730576e+00
5.088997350235151096e+00
5.089146733910458131e+00
5.089362700127677996e+00
5.089625414454060248e+00
5.089952332072573249e+00
5.090343787961321809e+00
5.090776581980901661e+00
5.091258054629582475e+00
5.091773570284862771e+00
5.092335875102002696e+00
5.092937463887651006e+00
5.093576790534576126e+00
5.094251640879233989e+00
5.094949266531188847e+00
5.095674518712479895e+00
5.096424322419483843e+00
5.097202400036771941e+00
5.098006770305950397e+00
5.098829950832445945e+00
5.099668426655848741e+00
5.100526359297949952e+00
5.101401218765097667e+00
5.102294316433983568e+00
5.103196728595214893e+00
5.104100465022639810e+00
5.105005978935079014e+00
5.105915047892048975e+00
5.106825229667737887e+00
5.107734226726607041e+00
5.108638394095614821e+00
5.109528254263715041e+00
5.110408119626955070e+00
5.111269450925902902e+00
5.112118118771032726e+00
5.112946484752611376e+00
5.113751202069836133e+00
5.114540311389284888e+00
5.115295202948765940e+00
5.116026977219299887e+00
5.116722099923210365e+00
5.117378687553720162e+00
5.118006987639383887e+00
5.118597115047888835e+00
5.119160540879383881e+00
5.119674853526666070e+00
5.120136551105098022e+00
5.120556412667647272e+00
5.120924683504417985e+00
5.121256649934367466e+00
5.121540457059310825e+00
5.121762055040019135e+00
5.121931109011786276e+00
5.122045538092645955e+00
5.122113394120391128e+00
5.122131210750816344e+00
5.122077864337629904e+00
5.121961647033607790e+00
5.121781952477910238e+00
5.121547738019295082e+00
5.121257461108184472e+00
5.120890830479479128e+00
5.120473655298270366e+00
5.119993812538600864e+00
5.119455726243473670e+00
5.118857119776226483e+00
5.118176265977240291e+00
5.117441262252547141e+00
5.116641439221718990e+00
5.115790538139561860e+00
5.114873571567156496e+00
5.113884511016228096e+00
5.112840558685280534e+00
5.111745013914919866e+00
5.110608326069928431e+00
5.109429957665420297e+00
5.108199415825224854e+00
5.106925869308329702e+00
5.105610001407481668e+00
5.104257362954236932e+00
5.102868066005325609e+00
5.101449005924083124e+00
5.100012379906989857e+00
5.098560906968929274e+00
5.097098031513310978e+00
5.095621113203383956e+00
5.094141134790993952e+00
5.092666368506767682e+00
5.091200225822547054e+00
5.089746088705876303e+00
5.088311801873066642e+00
5.086900236032821709e+00
5.085523396454671108e+00
5.084175584189513764e+00
5.082852781437257050e+00
5.081564238987781756e+00
5.080311594925739804e+00
5.079108181320049376e+00
5.077937759406784046e+00
5.076813689045526878e+00
5.075742214642383843e+00
5.074720153011300638e+00
5.073760896272878185e+00
5.072844555847266790e+00
5.071986959673385087e+00
5.071184948407034376e+00
5.070458817802291129e+00
5.069800669722178910e+00
5.069206095211128194e+00
5.068688536159615232e+00
5.068236913703303870e+00
5.067850764229814509e+00
5.067530643813232594e+00
5.067280249040493345e+00
5.067093153487810753e+00
5.066987881049433540e+00
5.066938352472068807e+00
5.066943745463655446e+00
5.067005361462513235e+00
5.067117505720386994e+00
5.067294151498505705e+00
5.067508904574939521e+00
5.067778099285939142e+00
5.068085233750322161e+00
5.068425035546101576e+00
5.068800481366491972e+00
5.069206017027177325e+00
5.069638919713475467e+00
5.070085551063097995e+00
5.070536119485774762e+00
5.070986591833213097e+00
5.071444177510717743e+00
5.071899764756242490e+00
5.072352906162421959e+00
5.072793175647536401e+00
5.073209983813145918e+00
5.073607264118770388e+00
5.073982990900555379e+00
5.074336505415418586e+00
5.074667668225743000e+00
5.074968885941929742e+00
5.075246439273035648e+00
5.075498045640564726e+00
5.075723123712963414e+00
5.075923152523614590e+00
5.076092503848053106e+00
5.076240176572031970e+00
5.076367945656678593e+00
5.076475460691876052e+00
5.076568653364234684e+00
5.076646109837606780e+00
5.076717406888060502e+00
5.076787312188684176e+00
5.076852854815808946e+00
5.076914705843231346e+00
5.076966527918851391e+00
5.077020473507730891e+00
5.077078067701807029e+00
5.077140867565323568e+00
5.077210329826485236e+00
5.077285987510840926e+00
5.077378578688512611e+00
5.077482158131461532e+00
5.077600842434477180e+00
5.077740441867645949e+00
5.077899278616096801e+00
5.078080655121740783e+00
5.078281432305959520e+00
5.078493980625210291e+00
5.078732039862809522e+00
5.078983980742781235e+00
5.079261676827013794e+00
5.079555650325061400e+00
5.079870242671611358e+00
5.080210492619815277e+00
5.080562323079946374e+00
5.080934678548516992e+00
5.081319234938861840e+00
5.081721869380714907e+00
5.082145142713131669e+00
5.082585670882407314e+00
5.083046033391299012e+00
5.083515731887461087e+00
5.084000443266273983e+00
5.084502601036373193e+00
5.085020160497669472e+00
5.085554039710705965e+00
5.086104205706662107e+00
5.086668540434486019e+00
5.087252644272094670e+00
5.087847462007349719e+00
5.088446087622588543e+00
5.089047992797143039e+00
5.089651657947844576e+00
5.090258001694030199e+00
5.090863921911959800e+00
5.091466318042522587e+00
5.092059909561224451e+00
5.092642034524627270e+00
5.093206678786820873e+00
5.093759061516768938e+00
5.094291851231402823e+00
5.094808348612433591e+00
5.095308456169014732e+00
5.095774924763983194e+00
5.096218132236545628e+00
5.096624543489461701e+00
5.097002827273254155e+00
5.097352566169147892e+00
5.097663323515599032e+00
5.097945099202487285e+00
5.098182866023424964e+00
5.098379315612409535e+00
5.098538470668290579e+00
5.098642028923650038e+00
5.098711815955621063e+00
5.098727003135289593e+00
5.098689204554110788e+00
5.098604303046166741e+00
5.098451912791504448e+00
5.098259288032575220e+00
5.098005830773187697e+00
5.097696281370741822e+00
5.097340396714432842e+00
5.096923385185225364e+00
5.096470868435723389e+00
5.095969860103947369e+00
5.095434606817583756e+00
5.094870574136296959e+00
5.094264069532076888e+00
5.093631268401662915e+00
5.092965054322997176e+00
5.092275062759438420e+00
5.091572399248400771e+00
5.090855713148632056e+00
5.090131303851523015e+00
5.089394919683256191e+00
5.088647427518884214e+00
5.087903823290983674e+00
5.087166142647185474e+00
5.086436061968128364e+00
5.085716147606294868e+00
5.085008681972546185e+00
5.084328757707996083e+00
5.083678234626574977e+00
5.083053022434040003e+00
5.082460259829684190e+00
5.081901570518538414e+00
5.081388464194762200e+00
5.080947873328852005e+00
5.080560589429962803e+00
5.080234338675666095e+00
5.079967073236631769e+00
5.079769039374815165e+00
5.079678686090783657e+00
5.079648333545347505e+00
5.079720181119201428e+00
5.079906100709495220e+00
5.080182273317631392e+00
5.080569959622379450e+00
5.081045930687839274e+00
5.081616159979755132e+00
5.082300277282054246e+00
5.083075179610903938e+00
5.083953961287195789e+00
5.084956696037706614e+00
5.086047800411042097e+00
5.087224303637203349e+00
5.088466423530634941e+00
5.089774918336924081e+00
5.091156408567483638e+00
5.092581368316467127e+00
5.094041257877406359e+00
5.095522211719808681e+00
5.097023804713544770e+00
5.098549320925531703e+00
5.100079567064106811e+00
5.101615485329688227e+00
5.103141282130539302e+00
5.104650201876221871e+00
5.106140610952436099e+00
5.107613727678119275e+00
5.109065058161078809e+00
5.110472004343329822e+00
